0 0.37820344 0.43550707 0.29274418
100 0.30836809 0.38196514 5.12420322
200 0.25924563 0.43323856 9.93983317
300 0.39075988 0.32941164 4.61125696
400 0.30365498 0.40503758 4.84043100
500 0.34768618 0.35780546 3.62592088
600 0.36523445 0.38625572 1.35488154
700 0.33393046 0.41874567 2.20215012
800 0.28280746 0.34734011 9.88257503
900 0.33618258 0.42930701 2.04560704
1000 0.38144840 0.29237003 8.96743507
1100 0.33237678 0.41966656 2.30067263
1200 0.31472908 0.41178439 3.72289148
1300 0.34211670 0.38150527 2.62113383
1400 0.38855056 0.32377730 5.18856252
1500 0.35067697 0.39582549 1.64195661
1600 0.37204065 0.39578226 0.81770082
1700 0.37193737 0.30920932 7.09749601
1800 0.38376284 0.33513707 4.16949547
1900 0.33296736 0.39128224 2.81513101
2000 0.31778918 0.36466425 5.19951116
2100 0.32690161 0.38215331 3.58960698
2200 0.31146010 0.39871637 4.26507163
2300 0.34309075 0.39801813 1.98334202
2400 0.31744689 0.41307361 3.47862763
2500 0.31445022 0.36459009 5.48406155
2600 0.28774162 0.35569337 8.70267658
2700 0.29072346 0.41371811 6.03432122
2800 0.33218556 0.42543494 2.29949370
2900 0.31269320 0.34401235 7.09073843
3000 0.30205302 0.35424600 7.29986933
3100 0.32343031 0.29547313 11.32006449
3200 0.30123668 0.42853748 4.88335348
3300 0.37293570 0.37511898 1.61029656
3400 0.37759701 0.38670019 0.98438469
3500 0.37239768 0.32338887 5.54335551
3600 0.39632981 0.32393358 5.11394567
3700 0.33004079 0.39112387 3.02094192
3800 0.32382360 0.38200021 3.82591278
3900 0.30071543 0.44616076 5.15260204
4000 0.33811220 0.44204851 2.06037582
4100 0.31153446 0.35926237 6.07379402
4200 0.31016641 0.41863418 4.05529895
4300 0.30612728 0.38929718 5.04338977
4400 0.29128980 0.42658563 5.91021062
4500 0.33511704 0.41886185 2.12373778
4600 0.31911111 0.39536359 3.71066462
4700 0.27327616 0.38628460 8.77890721
4800 0.38250648 0.29627212 8.43844571
4900 0.32737733 0.39840813 2.99059016
5000 0.35180163 0.33325639 5.36998610
5100 0.35639281 0.34824072 3.89678705
5200 0.35058974 0.34625481 4.32108892
5300 0.31155949 0.37971778 4.93610145
5400 0.34580967 0.37870208 2.54004452
5500 0.33960889 0.33588471 5.79431125
5600 0.36442520 0.36338024 2.53128048
5700 0.32668284 0.35192485 5.35769234
5800 0.30556088 0.39425123 4.93211755
5900 0.29876913 0.37901690 6.18106690
6000 0.30101625 0.34591656 8.02598633
6100 0.30403309 0.34328861 7.94319973
6200 0.29479099 0.43179907 5.55758194
6300 0.36903983 0.36060034 2.55292417
6400 0.34643872 0.34854814 4.35684860
6500 0.29116909 0.40287654 6.16680686
6600 0.34900060 0.34297936 4.66416265
6700 0.30361551 0.39067573 5.23406299
6800 0.36074846 0.36244172 2.72711096
6900 0.28428227 0.44633817 6.92295492
7000 0.29613607 0.36814787 7.00994065
7100 0.31965040 0.40397552 3.44904321
7200 0.33304840 0.43337686 2.27634453
7300 0.34444177 0.39765224 1.91730826
7400 0.25399040 0.41200268 10.74386710
7500 0.32127163 0.41209718 3.18231942
7600 0.36972049 0.33670503 4.35642527
7700 0.32190870 0.27783059 13.87854367
7800 0.31679090 0.41132932 3.55532114
7900 0.28260629 0.38602902 7.65001052
8000 0.33333988 0.41137715 2.31457674
8100 0.29183239 0.39770194 6.22270807
8200 0.34901065 0.36198715 3.28526646
8300 0.33656775 0.31438254 8.12993660
8400 0.34371257 0.40429391 1.79850833
8500 0.33655887 0.35720611 4.31039406
8600 0.39998027 0.35243898 2.63255105
8700 0.27976819 0.37981957 8.24847922
8800 0.33973591 0.36589026 3.56286079
8900 0.30785754 0.42363365 4.24604951
9000 0.29775959 0.41591409 5.26782740
9100 0.31283713 0.41479350 3.85076897
9200 0.28554816 0.36266865 8.49221048
9300 0.30952883 0.42427969 4.09277584
9400 0.29832032 0.39667332 5.57057873
9500 0.34635557 0.37791708 2.54726306
9600 0.29094366 0.38210109 6.86680058
9700 0.37330062 0.29797693 8.42385845
9800 0.32962601 0.33972793 6.11191224
9900 0.33175950 0.31919788 7.92542706
10000 0.33603079 0.36622819 3.77309282
10100 0.27059055 0.40754116 8.52580793
10200 0.27322016 0.38158277 8.97909195
10300 0.34323928 0.37931502 2.65444825
10400 0.29284233 0.36789598 7.37181751
10500 0.30632071 0.42602682 4.38843188
10600 0.35583516 0.36599423 2.71610715
10700 0.30666673 0.31755593 10.12766452
10800 0.33713146 0.33544519 5.98625825
10900 0.36413074 0.34038253 4.22335990
11000 0.22841949 0.39591089 15.14302365
11100 0.29174759 0.43662030 5.92680780
11200 0.37938532 0.37486416 1.46928373
11300 0.30469192 0.33215957 8.85148708
11400 0.36606225 0.42222714 0.57972997
11500 0.29421872 0.39030654 6.19665769
11600 0.29714601 0.35078544 8.04337153
11700 0.34834542 0.35780060 3.59197756
11800 0.37148012 0.33649615 4.32315715
11900 0.32756402 0.35808821 4.86207941
12000 0.32976802 0.37693875 3.62120730
12100 0.40184994 0.28934045 9.20346729
12200 0.34339232 0.36665455 3.30431048
12300 0.38406079 0.31155678 6.56171105
12400 0.36347609 0.37775857 1.78287412
12500 0.26462032 0.40582231 9.34772081
12600 0.32190894 0.34122977 6.55783312
12700 0.29214517 0.41759296 5.84376434
12800 0.34560493 0.36990088 2.99736796
12900 0.31104461 0.35450382 6.44138617
13000 0.30978335 0.35425446 6.57198729
13100 0.32072207 0.40160293 3.41620684
13200 0.28887737 0.38631649 6.92232604
13300 0.30513356 0.39488899 4.95315701
13400 0.33770873 0.39054415 2.53370380
13500 0.32096434 0.39270596 3.64477031
13600 0.32670872 0.44613575 2.90916557
13700 0.34167898 0.39821544 2.05937682
13800 0.32257620 0.35987220 5.11803706
13900 0.29952284 0.42179315 5.05297142
14000 0.28840102 0.37116330 7.67636121
14100 0.31133380 0.37568414 5.14687417
14200 0.35584293 0.37686203 2.13355524
14300 0.40362588 0.31880115 5.64567154
14400 0.34729194 0.36683864 3.08044154
14500 0.34283151 0.38927293 2.27232976
14600 0.31763651 0.38712399 4.10916858
14700 0.32393254 0.41057774 2.99713042
14800 0.35162418 0.34618033 4.27638001
14900 0.34252066 0.36144565 3.67151515
15000 0.33095144 0.38732994 3.09336881
15100 0.30064670 0.39430753 5.40655259
15200 0.33766322 0.45119652 2.28606591
15300 0.30855311 0.37242470 5.56334809
15400 0.31967657 0.38990931 3.84160483
15500 0.28686627 0.37916530 7.45003038
15600 0.31547585 0.32874961 8.20423458
15700 0.33327259 0.39420468 2.70044960
15800 0.34956636 0.33891180 4.97736562
15900 0.36224785 0.36559671 2.47698792
16000 0.34900340 0.36924866 2.85443263
16100 0.37445695 0.40256733 0.57783606
16200 0.31843216 0.42208703 3.33089891
16300 0.36610124 0.31181198 6.98032652
16400 0.34517479 0.37945987 2.53985349
16500 0.34188020 0.40496650 1.88962615
16600 0.32639906 0.36599919 4.44909748
16700 0.37040534 0.37582219 1.64715026
16800 0.31748457 0.42361734 3.40535416
16900 0.32523797 0.35409154 5.30868507
17000 0.35352749 0.27643213 12.11605306
17100 0.28885144 0.37317040 7.52015468
17200 0.30124192 0.36554326 6.64413105
17300 0.28752246 0.45542899 6.78856021
17400 0.29454206 0.41018997 5.67035723
17500 0.30931982 0.38335827 4.97846451
17600 0.31285298 0.35700486 6.10897036
17700 0.34200880 0.37956035 2.71387042
17800 0.32246531 0.40301707 3.24743876
17900 0.32802068 0.37155295 4.01880467
18000 0.31023935 0.41258916 4.10550124
18100 0.33386217 0.40979441 2.30271151
18200 0.32116071 0.36867335 4.69416236
18300 0.35806111 0.28788036 10.28033271
18400 0.33801073 0.35807698 4.16067993
18500 0.28544381 0.44492345 6.76003292
18600 0.32681668 0.39963769 2.99952253
18700 0.37006919 0.34578366 3.58554083
18800 0.31608710 0.41813858 3.54422662
18900 0.33949184 0.43157689 1.85224645
19000 0.33127920 0.36978049 3.88587141
19100 0.29463893 0.41153181 5.64117376
19200 0.36087937 0.38382648 1.61284110
19300 0.28353989 0.39176374 7.33380334
19400 0.28227568 0.42792436 6.93378321
19500 0.33517095 0.40155045 2.37634315
19600 0.23232653 0.38771343 14.75233994
19700 0.35856430 0.35754689 3.13341926
19800 0.34496910 0.34519869 4.69832407
19900 0.35302998 0.31239511 7.44302166
20000 0.37965087 0.32438880 5.26834976
20100 0.33976417 0.40073033 2.10868590
20200 0.31373636 0.41561002 3.76479382
20300 0.39523171 0.37113516 1.46207888
20400 0.30515038 0.37854058 5.57746367
20500 0.34939330 0.39328797 1.78334580
20600 0.30914932 0.39313300 4.63467610
20700 0.31031893 0.37750581 5.14919628
20800 0.28981764 0.33770805 9.88001870
20900 0.31513858 0.37272245 4.96720150
21000 0.29699544 0.39028590 5.90750398
21100 0.33069529 0.39590109 2.82494453
21200 0.34055866 0.32136845 7.13638545
21300 0.30398001 0.39844170 4.96259121
21400 0.34161827 0.42623981 1.70498181
21500 0.33143267 0.34159458 5.82897124
21600 0.38656140 0.33788589 3.88473190
21700 0.28218298 0.40183670 7.20869484
21800 0.37199358 0.34528829 3.56915854
21900 0.30171312 0.40900800 4.95802776
22000 0.30350541 0.36844958 6.25457844
22100 0.34656925 0.41143456 1.51943298
22200 0.32108937 0.39995177 3.42715053
22300 0.30903574 0.39652096 4.54277614
22400 0.37917910 0.33267493 4.47871375
22500 0.37422030 0.31673325 6.19314094
22600 0.31257330 0.42398796 3.82222607
22700 0.28519541 0.46998804 7.60200923
22800 0.30811805 0.39068956 4.80974986
22900 0.34075192 0.43550420 1.81033649
23000 0.32928450 0.41925852 2.51682351
23100 0.36353450 0.34604126 3.78210758
23200 0.31161854 0.37161436 5.33065471
23300 0.38632818 0.38965242 0.71818499
23400 0.37162665 0.34988826 3.22340982
23500 0.36890893 0.38435232 1.30944405
23600 0.30779079 0.41489997 4.30227415
23700 0.32392272 0.36138181 4.91751304
23800 0.31803275 0.37643832 4.53843351
23900 0.32470393 0.41856742 2.85543828
24000 0.35239741 0.34870820 4.04322273
24100 0.32195446 0.43992753 3.15696830
24200 0.36553632 0.35607133 2.96945359
24300 0.30155021 0.40198091 5.11111970
24400 0.37474047 0.32436221 5.38300455
24500 0.36208467 0.35719059 3.01784440
24600 0.33043909 0.32298149 7.62324795
24700 0.35704270 0.38493337 1.72533224
24800 0.32154834 0.37237553 4.46199949
24900 0.38472644 0.33479412 4.18519125
25000 0.35474944 0.30665945 8.02604949
25100 0.31154701 0.38524487 4.70220064
25200 0.32665183 0.37233291 4.07688777
25300 0.31828149 0.35643410 5.68959895
25400 0.29594584 0.35933472 7.56959876
25500 0.32367320 0.33428788 7.02723481
25600 0.32936569 0.34302965 5.85417173
25700 0.35128197 0.33851909 4.92619664
25800 0.33989497 0.37021079 3.30723603
25900 0.34666834 0.31617302 7.34378923
26000 0.34069629 0.39371435 2.24786097
26100 0.35704909 0.40753249 1.07494745
26200 0.34318574 0.35537264 4.03791436
26300 0.31845258 0.35048854 6.10096922
26400 0.30693142 0.43453212 4.37631141
26500 0.31024049 0.33314349 8.24719375
26600 0.31616904 0.29958258 11.37857953
26700 0.36546372 0.35569619 2.99788629
26800 0.29989209 0.33490355 9.06948170
26900 0.40204442 0.32345524 5.15775891
27000 0.35287551 0.30530437 8.27388106
27100 0.37369059 0.39757957 0.72203248
27200 0.31243263 0.36739519 5.49317955
27300 0.29107425 0.45508168 6.38486307
27400 0.26728038 0.37434424 10.09025217
27500 0.30008862 0.34939011 7.84956932
27600 0.27367130 0.47859087 9.41546106
27700 0.33286226 0.37532651 3.48746629
27800 0.29462669 0.38959056 6.17868117
27900 0.34798924 0.31320460 7.60166524
28000 0.32537581 0.38887601 3.43685629
28100 0.35114932 0.44191288 1.33621737
28200 0.33848650 0.37419679 3.18243847
28300 0.30351154 0.42915953 4.66366216
28400 0.34896048 0.39065366 1.89235167
28500 0.34566736 0.38811912 2.15611777
28600 0.29007435 0.37099539 7.50007291
28700 0.32942982 0.39487703 2.94377199
28800 0.35329628 0.34543031 4.25628653
28900 0.35793103 0.36665117 2.58719212
29000 0.37403848 0.40275369 0.58444928
29100 0.29394299 0.37522451 6.86284458
29200 0.38733363 0.39828964 0.43694015
29300 0.33723568 0.37560209 3.18975695
29400 0.31584667 0.42311071 3.54267637
29500 0.30556210 0.38852602 5.12443369
29600 0.37797137 0.40019036 0.55038936
29700 0.33542656 0.38592675 2.84822386
29800 0.33299150 0.43350314 2.28122134
29900 0.31179060 0.37488788 5.14606178
30000 0.35401639 0.36822061 2.66919581
30100 0.24192871 0.43693804 12.56452472
30200 0.26658421 0.38392436 9.74349048
30300 0.25395208 0.45083776 10.99879224
30400 0.33208368 0.36475904 4.12079987
30500 0.39797748 0.30715818 6.94539244
30600 0.32847246 0.40917365 2.68333117
30700 0.35800054 0.34116649 4.39600594
30800 0.30738594 0.42950524 4.29883089
30900 0.27587288 0.36486597 9.51182219
31000 0.29218761 0.42069846 5.82100711
31100 0.31616948 0.36625249 5.23941261
31200 0.26492752 0.39898875 9.46057961
31300 0.27601185 0.35068668 10.44776526
31400 0.35408323 0.37790125 2.16332104
31500 0.32419374 0.35458803 5.35221756
31600 0.34332188 0.40365658 1.83397565
31700 0.26632677 0.38789856 9.62252423
31800 0.31992183 0.42323171 3.20781970
31900 0.31022176 0.41939686 4.04576418
32000 0.35248503 0.42378753 1.12957100
32100 0.26358264 0.47371335 10.49134355
32200 0.33063227 0.41758373 2.43344133
32300 0.32849493 0.42829798 2.56192604
32400 0.28262299 0.40525451 7.08362326
32500 0.38136543 0.31621668 6.09052846
32600 0.30662013 0.42354332 4.36096111
32700 0.29136562 0.43892300 5.99763959
32800 0.36369425 0.39646607 1.06614635
32900 0.35660084 0.40316237 1.18018445
33000 0.30405660 0.35146067 7.30658468
33100 0.34704323 0.33353886 5.58477944
33200 0.32210142 0.37346844 4.36184541
33300 0.37312180 0.33612493 4.31060771
33400 0.36370844 0.41015362 0.76874631
33500 0.28679644 0.37917015 7.45771015
33600 0.33852726 0.37666207 3.05772670
33700 0.38605798 0.39814104 0.45789168
33800 0.31091073 0.40269632 4.21717583
33900 0.28435203 0.40661948 6.85614773
34000 0.30376638 0.37099520 6.08871381
34100 0.38737766 0.32057483 5.53196987
34200 0.33801070 0.34979837 4.74897916
34300 0.32352042 0.37606794 4.12173643
34400 0.24018945 0.43444575 12.81431641
34500 0.34061131 0.37080434 3.23209315
34600 0.34251464 0.31367589 7.84881211
34700 0.33116866 0.33693399 6.24668823
34800 0.33633218 0.34915061 4.90336042
34900 0.32415943 0.37385856 4.18361937
35000 0.32156075 0.41324664 3.14542895
35100 0.26818451 0.39262276 9.21180480
35200 0.30567201 0.38678345 5.17913697
35300 0.35025599 0.36455282 3.06416392
35400 0.32711430 0.43664677 2.72398641
35500 0.39004886 0.28743951 9.51095646
35600 0.29792927 0.38232557 6.11977034
35700 0.36593298 0.32806330 5.27864274
35800 0.35571410 0.40120356 1.26375592
35900 0.33034338 0.38026270 3.42673573
36000 0.31426226 0.38973068 4.29744278
36100 0.35919907 0.38005651 1.84231634
36200 0.33137282 0.37885604 3.41947757
36300 0.38004561 0.30001279 8.00998999
36400 0.31585477 0.41045061 3.64605211
36500 0.32476519 0.36905074 4.39529831
36600 0.32198421 0.38594638 3.80582476
36700 0.35033193 0.41210060 1.31665562
36800 0.36453387 0.31384568 6.80656501
36900 0.35393745 0.34941228 3.91763071
37000 0.34072661 0.41082281 1.85716391
37100 0.31474366 0.40820095 3.77542583
37200 0.30636144 0.39665162 4.78590511
37300 0.32681261 0.43750456 2.75637933
37400 0.35685018 0.34071010 4.48334764
37500 0.36541127 0.33574512 4.58140702
37600 0.35390076 0.33467239 5.14210842
37700 0.30584697 0.40548485 4.62281725
37800 0.31425945 0.43687869 3.74627225
37900 0.31608263 0.44173948 3.66116771
38000 0.30387293 0.37525964 5.85725845
38100 0.35563604 0.31314985 7.23930867
38200 0.30402033 0.42855891 4.61238136
38300 0.34972108 0.32900716 5.87129742
38400 0.32711091 0.40157840 2.93069576
38500 0.32635897 0.37273888 4.07711316
38600 0.34290680 0.39622644 2.04377591
38700 0.35699001 0.40477874 1.12937908
38800 0.29381101 0.43403244 5.67884279
38900 0.35799568 0.34363038 4.19268919
39000 0.32904896 0.41020035 2.62653975
39100 0.31317354 0.38026056 4.77022618
39200 0.32727182 0.41334547 2.71260844
39300 0.31579380 0.41659804 3.58063880
39400 0.35343899 0.38058194 2.07044545
39500 0.28554857 0.39618090 6.96483552
39600 0.33812961 0.33929055 5.58702728
39700 0.34034340 0.37416604 3.07150081
39800 0.32347640 0.30821525 9.74726925
39900 0.33630371 0.35053688 4.80098679
40000 0.33287892 0.38508295 3.04930529
40100 0.29073509 0.43456542 6.01515913
40200 0.31443874 0.43365028 3.69777858
40300 0.29353747 0.43209647 5.69231511
40400 0.33917333 0.37865379 2.92392711
40500 0.30431172 0.43905907 4.67695238
40600 0.35477462 0.41285561 1.09641072
40700 0.32838958 0.42467644 2.56407848
40800 0.34011847 0.35741023 4.07708755
40900 0.37220231 0.30090452 8.08619984
41000 0.30369251 0.37783083 5.75003176
41100 0.30316737 0.44426913 4.87392844
41200 0.28902927 0.35301125 8.74844133
41300 0.31357776 0.43848293 3.82529667
41400 0.28454128 0.36215446 8.64013825
41500 0.36339478 0.41403122 0.73012805
41600 0.29026583 0.40607164 6.19993589
41700 0.34772330 0.33585167 5.34013913
41800 0.32088320 0.34065390 6.68686698
41900 0.27525192 0.39205614 8.32369096
42000 0.35282843 0.42489935 1.11258365
42100 0.33093542 0.42317158 2.38662975
42200 0.31908758 0.38384028 4.12047153
42300 0.34027361 0.42259775 1.78650630
42400 0.29874947 0.46016644 5.74417401
42500 0.35991163 0.37874667 1.87322394
42600 0.27952664 0.39618642 7.67202687
42700 0.27115445 0.43959759 8.40713323
42800 0.30663824 0.34152396 7.84233340
42900 0.28779430 0.38632845 7.04280455
43000 0.34047017 0.29920513 9.68407540
43100 0.39757874 0.41633287 0.04049086
43200 0.32053015 0.33352422 7.34163736
43300 0.32206389 0.39195205 3.58310225
43400 0.38529545 0.27331298 11.61258789
43500 0.37050856 0.33074807 4.87658613
43600 0.32501537 0.36726636 4.47793403
43700 0.35180689 0.34806068 4.12111752
43800 0.25842727 0.43290335 10.05265015
43900 0.33148906 0.39709552 2.73620460
44000 0.34385428 0.34400160 4.85654176
44100 0.32349056 0.44610476 3.14955264
44200 0.34104721 0.36718015 3.40928331
44300 0.33431413 0.39899269 2.49550659
44400 0.29324549 0.37896978 6.75765375
44500 0.31848716 0.34569070 6.46715383
44600 0.38940595 0.34533606 3.22928831
44700 0.34423698 0.44240090 1.70615289
44800 0.37698607 0.31840078 5.94651750
44900 0.26102292 0.40771611 9.80668105
45000 0.29838559 0.41529136 5.20987335
45100 0.30181219 0.39695668 5.21363670
45200 0.32674052 0.32287767 7.89796051
45300 0.27638528 0.38793874 8.32706867
45400 0.30363360 0.33272095 8.90095315
45500 0.36887264 0.45005972 0.79845127
45600 0.31332966 0.39238143 4.28785956
45700 0.33191513 0.39449831 2.78295164
45800 0.37381730 0.40120406 0.62589035
45900 0.32276957 0.39998249 3.29520739
46000 0.25753934 0.42966838 10.15841649
46100 0.28983252 0.40220297 6.32828943
46200 0.30632251 0.46188894 5.06813291
46300 0.32963008 0.39594350 2.89810258
46400 0.30182749 0.40432607 5.03262674
46500 0.34328483 0.39644071 2.01612166
46600 0.34062532 0.43771116 1.84346293
46700 0.32424749 0.31642272 8.76373389
46800 0.34472933 0.40805340 1.67101690
46900 0.29453586 0.44621965 5.78647897
47000 0.31212931 0.41728347 3.89040128
47100 0.33647755 0.38027792 3.01758305
47200 0.31969550 0.37203330 4.62714250
47300 0.32520549 0.37896670 3.85664135
47400 0.35167942 0.35173277 3.85148292
47500 0.32284096 0.41275505 3.05172836
47600 0.26687133 0.41188433 8.94763117
47700 0.35319940 0.32451298 6.14396845
47800 0.27306258 0.42774141 8.06031145
47900 0.30168391 0.34679635 7.89093211
48000 0.28737516 0.38987282 6.95913633
48100 0.36762627 0.36729617 2.18889508
48200 0.34032895 0.35937394 3.93370740
48300 0.36839875 0.36977110 2.02443514
48400 0.31911749 0.38695592 3.99466653
48500 0.36819454 0.38140519 1.45604737
48600 0.31743888 0.31292864 9.68816350
48700 0.30325258 0.39188676 5.22827462
48800 0.34593884 0.38046680 2.45290776
48900 0.27879398 0.36618295 9.07517198
49000 0.32083257 0.39536847 3.57275482
49100 0.28378052 0.41484583 6.80503747
49200 0.32681716 0.46270031 3.38852115
49300 0.32759076 0.41330638 2.68991944
49400 0.28899710 0.39863433 6.50839677
49500 0.30512844 0.37255327 5.87563619
49600 0.30244987 0.35059277 7.52623190
49700 0.34682473 0.32306993 6.60867464
49800 0.27698570 0.42677887 7.56784155
49900 0.29972182 0.38276486 5.91976007
50000 0.28276653 0.43789511 6.95498538
50100 0.28798714 0.42353259 6.27451662
50200 0.31969045 0.36791812 4.85398195
50300 0.35286302 0.35441377 3.60215498
50400 0.29170786 0.37757687 6.98807017
50500 0.33524498 0.45693786 2.60661957
50600 0.29494456 0.45699869 6.03028040
50700 0.31308880 0.42462617 3.77684865
50800 0.35153897 0.39940697 1.50173730
50900 0.34021679 0.37060329 3.26651684
51000 0.32380732 0.32331910 8.07216439
51100 0.32994918 0.44225506 2.60242752
51200 0.29176857 0.42541864 5.85710834
51300 0.31804401 0.42489316 3.35839747
51400 0.32873894 0.40827230 2.67897694
51500 0.31801314 0.34733268 6.37702871
51600 0.34912268 0.39464079 1.75509150
51700 0.32891887 0.39823137 2.88454353
51800 0.32315221 0.40610414 3.13131818
51900 0.37915768 0.31031789 6.79319451
52000 0.34512652 0.41748250 1.53380593
52100 0.36275094 0.34355574 4.01033011
52200 0.31918665 0.44323848 3.43171982
52300 0.31371080 0.38507883 4.51976339
52400 0.32371631 0.40401284 3.12983085
52500 0.33978158 0.34932446 4.67652297
52600 0.31452306 0.42374494 3.65394117
52700 0.29762312 0.40733577 5.39652491
52800 0.31129117 0.42244098 3.93790225
52900 0.26884849 0.40129548 8.88131136
53000 0.29379131 0.39784673 6.00879294
53100 0.27207785 0.38420116 9.01431060
53200 0.32904758 0.39791293 2.88397743
53300 0.34431846 0.37012542 3.05582666
53400 0.33528844 0.35035168 4.87997899
53500 0.39186418 0.37636913 1.21557655
53600 0.35910776 0.32919971 5.42493523
53700 0.41469282 0.33690156 3.98860690
53800 0.32181800 0.42411316 3.05660567
53900 0.33889685 0.34432029 5.12140510
54000 0.33487861 0.42113015 2.12788537
54100 0.33139218 0.36193490 4.34212010
54200 0.34279063 0.34210839 5.07196603
54300 0.35588190 0.33408638 5.10584704
54400 0.32297122 0.38075535 3.94551087
54500 0.31859183 0.41313693 3.38401119
54600 0.34133873 0.40801002 1.86490199
54700 0.30353095 0.38355731 5.51188720
54800 0.33609586 0.39688648 2.43705441
54900 0.29193872 0.36816484 7.45373755
55000 0.40054436 0.31581868 5.96042902
55100 0.32585986 0.37481183 4.00780632
55200 0.35967383 0.34449112 4.05393966
55300 0.34436119 0.40267745 1.79698648
55400 0.28812973 0.42188531 6.26232911
55500 0.32187601 0.37973752 4.07602503
55600 0.41026207 0.39073658 0.63964621
55700 0.30033663 0.43299656 4.99836609
55800 0.37268303 0.36887526 1.94810190
55900 0.35489827 0.33242109 5.30251009
56000 0.27539440 0.40142930 8.04106631
56100 0.32773876 0.36366805 4.49164696
56200 0.34384802 0.39097325 2.15543231
56300 0.26478628 0.44039879 9.25993679
56400 0.32070891 0.41650072 3.17965721
56500 0.34151431 0.39931048 2.04026378
56600 0.31753109 0.36935632 4.94866990
56700 0.29603934 0.37726310 6.54331569
56800 0.35309387 0.37587280 2.30683323
56900 0.26563836 0.41449948 9.08165559
57000 0.36274391 0.37325952 2.03254646
57100 0.36643049 0.35369201 3.10587053
57200 0.33439340 0.37419947 3.44245950
57300 0.36989239 0.35873464 2.64878349
57400 0.29669427 0.46037119 5.96159720
57500 0.30869947 0.41796263 4.19265599
57600 0.28312131 0.38521781 7.62162576
57700 0.28914707 0.41232622 6.22449889
57800 0.34074929 0.39014971 2.36259425
57900 0.32617964 0.41551156 2.76973772
58000 0.31476343 0.40760878 3.78386372
58100 0.28033070 0.31771381 12.91553385
58200 0.34065824 0.36758493 3.40896731
58300 0.37286246 0.33771594 4.17747641
58400 0.34411453 0.38096114 2.53130367
58500 0.35368908 0.39784208 1.44112679
58600 0.33511464 0.36962716 3.63813064
58700 0.37498398 0.35444635 2.80180900
58800 0.38426192 0.35423856 2.62743398
58900 0.34831426 0.39645619 1.74308201
59000 0.35654606 0.38202390 1.86759514
59100 0.37782037 0.29537404 8.64741309
59200 0.34575738 0.36590218 3.21740737
59300 0.30938030 0.31829409 9.79904023
59400 0.29316749 0.36054902 7.78355652
59500 0.38540155 0.32661019 4.94683425
59600 0.33560025 0.37506453 3.32043945
59700 0.34105849 0.34545137 4.90104343
59800 0.32753978 0.35056847 5.39526786
59900 0.30540541 0.41631484 4.51178434
60000 0.27483488 0.41356310 7.89855460
60100 0.39746592 0.34581667 3.13821088
60200 0.30358699 0.40063929 4.94445654
60300 0.31115245 0.40502702 4.14640336
60400 0.30839996 0.39965551 4.51645479
60500 0.34140601 0.43175457 1.73943988
60600 0.38008500 0.43622168 0.26126658
60700 0.35096818 0.30009300 9.00293931
60800 0.35679727 0.38559140 1.70975694
60900 0.30280179 0.35368868 7.26639819
61000 0.27181502 0.40164868 8.48833613
61100 0.34975239 0.41900919 1.28035593
61200 0.33282215 0.39626238 2.66935699
61300 0.27649544 0.42453001 7.62679834
61400 0.40485870 0.33931942 3.68238427
61500 0.32311999 0.43075088 2.97180420
61600 0.37955751 0.35424862 2.71182626
61700 0.24416379 0.37326323 13.48080841
61800 0.31913353 0.39944639 3.59618664
61900 0.27554890 0.41935958 7.75994558
62000 0.39698673 0.35360549 2.55312786
62100 0.32830198 0.40729037 2.72711871
62200 0.42274567 0.36884185 1.83555176
62300 0.38670816 0.35170391 2.77449505
62400 0.27039885 0.38277585 9.28966894
62500 0.27250525 0.42153321 8.13346500
62600 0.28060389 0.41075892 7.22911940
62700 0.30568583 0.41325982 4.51649722
62800 0.37453749 0.42495949 0.32417053
62900 0.35055000 0.33766612 5.03625451
63000 0.34192450 0.38975594 2.30745371
63100 0.39046950 0.33891318 3.75088576
63200 0.35777588 0.40976661 1.00746640
63300 0.30916658 0.38474674 4.93551756
63400 0.33835465 0.38276629 2.79191806
63500 0.37770997 0.36519507 2.03673782
63600 0.29466614 0.38919681 6.18854543
63700 0.28640124 0.42051485 6.46239727
63800 0.38561150 0.39636701 0.51343852
63900 0.29837422 0.40863518 5.29780293
64000 0.32129718 0.43570707 3.15438764
64100 0.30124218 0.42277554 4.87902751
64200 0.33925779 0.43432276 1.88826480
64300 0.33224942 0.39229731 2.82980346
64400 0.34812979 0.39577074 1.77243416
64500 0.33200222 0.35552246 4.72541332
64600 0.32154347 0.39018303 3.68382461
64700 0.30953564 0.42067416 4.10125678
64800 0.34770805 0.41587668 1.40884163
64900 0.29121924 0.35414518 8.42682976
65000 0.34643476 0.33276352 5.68840193
65100 0.38144395 0.37218403 1.56692708
65200 0.29028797 0.42752105 6.02154285
65300 0.33970801 0.36803738 3.43993207
65400 0.30970900 0.39199896 4.62076686
65500 0.37201749 0.38458052 1.20837778
65600 0.30576320 0.40503330 4.63962152
65700 0.34045977 0.38327611 2.64296138
65800 0.34380349 0.37587761 2.78552857
65900 0.29095353 0.38794404 6.63213829
66000 0.32857383 0.41068404 2.65332234
66100 0.32127633 0.25936310 16.81649959
66200 0.36150333 0.36360969 2.62538194
66300 0.31077399 0.42753241 3.98384674
66400 0.34926162 0.40956131 1.40636829
66500 0.32869420 0.38385944 3.38853141
66600 0.32188628 0.38577970 3.81999251
66700 0.30676403 0.39584123 4.77158982
66800 0.32520672 0.43714876 2.87081384
66900 0.38942539 0.31611218 5.98418982
67000 0.28882373 0.40976881 6.29607635
67100 0.27474782 0.34195409 11.29236598
67200 0.31629411 0.41193915 3.58863129
67300 0.34948942 0.39206006 1.81817892
67400 0.36054734 0.27033864 12.73832358
67500 0.29303235 0.42746658 5.72408066
67600 0.30762546 0.38462608 5.08155402
67700 0.31650177 0.41521053 3.53389406
67800 0.31432621 0.41118741 3.76539254
67900 0.35792008 0.32397992 5.98788778
68000 0.33196038 0.37386087 3.62230061
68100 0.31896296 0.37103576 4.73957008
68200 0.36564983 0.39160861 1.14745975
68300 0.35754027 0.36928913 2.45326501
68400 0.33450260 0.37493899 3.39800713
68500 0.32160526 0.44984597 3.38152856
68600 0.29669952 0.39071296 5.92329502
68700 0.25514327 0.45626592 10.98051544
68800 0.31441563 0.38723346 4.37549809
68900 0.35345004 0.39375185 1.57167281
69000 0.30845387 0.40793126 4.33601764
69100 0.33684384 0.41054615 2.09880692
69200 0.31822282 0.35144430 6.04897380
69300 0.33566148 0.44198732 2.21400728
69400 0.34755327 0.39462422 1.83667386
69500 0.35445349 0.35682389 3.36123341
69600 0.30521554 0.40370365 4.71881434
69700 0.34330127 0.38738901 2.31466650
69800 0.31159868 0.44660641 4.14081545
69900 0.31806212 0.36809186 4.97617582
70000 0.31795511 0.34722012 6.39053674
70100 0.33167634 0.31876916 7.97655672
70200 0.28295743 0.41418797 6.90793199
70300 0.32315151 0.33750676 6.78037922
70400 0.34580695 0.41450563 1.52350937
70500 0.35807942 0.33346098 5.06836396
70600 0.32728122 0.37874324 3.71385440
70700 0.38885031 0.35191838 2.73261970
70800 0.31102475 0.37177738 5.37462101
70900 0.35641188 0.38535944 1.73564916
71000 0.33622424 0.43484945 2.08217991
71100 0.31406069 0.30601281 10.77175817
71200 0.33209697 0.41048212 2.41079500
71300 0.38687140 0.25525970 14.49206424
71400 0.32680016 0.41463384 2.73283658
71500 0.32920226 0.36075424 4.56991907
71600 0.35969403 0.29798774 8.87834293
71700 0.37904855 0.36788468 1.85056183
71800 0.35013568 0.35681189 3.56803452
71900 0.34107621 0.32882276 6.36103705
72000 0.35620222 0.35076309 3.71468219
72100 0.31425023 0.37915706 4.72729871
72200 0.29462874 0.37363316 6.87082783
72300 0.30763460 0.39856008 4.61521864
72400 0.29017942 0.37276261 7.39465194
72500 0.31943624 0.39162705 3.80213681
72600 0.30582773 0.39309785 4.94308149
72700 0.35445730 0.33475411 5.10922941
72800 0.37203802 0.34527194 3.56921825
72900 0.29945304 0.40969431 5.17197808
73000 0.30944775 0.38515283 4.89375396
73100 0.32499667 0.35851539 5.02285115
73200 0.35085070 0.35511062 3.65008944
73300 0.33119339 0.34075937 5.91541673
73400 0.34213201 0.36018595 3.77478290
73500 0.29551416 0.39746713 5.83767493
73600 0.32560912 0.37424331 4.05512212
73700 0.32159938 0.41818244 3.09656794
73800 0.32755726 0.33363821 6.79746331
73900 0.32776057 0.39364044 3.10097883
74000 0.28208677 0.44069784 7.07497652
74100 0.33931833 0.33417638 5.96559737
74200 0.36263761 0.31155321 7.13306145
74300 0.32271988 0.43072164 3.00247709
74400 0.37135662 0.39765869 0.78399527
74500 0.35608345 0.31831332 6.65535506
74600 0.32294878 0.35067854 5.73028513
74700 0.33700141 0.42094633 1.99262735
74800 0.35245166 0.36744152 2.78691142
74900 0.31141758 0.35782838 6.17943595
75000 0.28370591 0.38741565 7.46844952
75100 0.24411311 0.42658996 12.15162514
75200 0.28627288 0.40853136 6.60253665
75300 0.34825456 0.38033798 2.33614329
75400 0.31934996 0.37441692 4.53153894
75500 0.31302226 0.39974046 4.10158553
75600 0.35766471 0.36089740 2.95070987
75700 0.35938178 0.36598449 2.56633522
75800 0.29650186 0.44211226 5.50234737
75900 0.31268071 0.43560364 3.86854800
76000 0.33562784 0.38706660 2.79135875
76100 0.34878299 0.38382544 2.15926324
76200 0.34768186 0.32248497 6.62325921
76300 0.32259031 0.36638388 4.71405461
76400 0.31093315 0.40854938 4.10176344
76500 0.32721938 0.42125279 2.65553043
76600 0.28609574 0.35431266 8.98544044
76700 0.30896444 0.30703757 11.10130341
76800 0.34651127 0.36784361 3.06394828
76900 0.41005328 0.35409093 2.56458246
77000 0.30612900 0.35834398 6.62739506
77100 0.25041704 0.36651779 12.89761594
77200 0.37278482 0.28862851 9.66892523
77300 0.27922747 0.40541839 7.48472148
77400 0.38323625 0.37775042 1.25677289
77500 0.28118825 0.45917399 7.64204684
77600 0.35935198 0.31457276 6.92321882
77700 0.33631887 0.39451217 2.49239681
77800 0.33676593 0.39803722 2.36276943
77900 0.35374372 0.34577515 4.20810997
78000 0.27203779 0.39999511 8.49978646
78100 0.31600833 0.38710104 4.24546622
78200 0.29841790 0.43484342 5.20790768
78300 0.31012215 0.36972188 5.56684906
78400 0.31214377 0.39526556 4.30142684
78500 0.31526718 0.38316756 4.46480159
78600 0.29561564 0.38608757 6.20513593
78700 0.34664966 0.30808639 8.25752589
78800 0.33622270 0.44310565 2.19767931
78900 0.32238841 0.39957483 3.33499933
79000 0.28515908 0.39911614 6.92920544
79100 0.31701452 0.37258963 4.81671848
79200 0.33519885 0.41052357 2.20437821
79300 0.31062008 0.43416660 4.03639864
79400 0.31551860 0.41981122 3.58201489
79500 0.30889387 0.38496257 4.95166168
79600 0.36139328 0.34231776 4.16341564
79700 0.29191325 0.41231258 5.92185798
79800 0.34241678 0.37506009 2.90491088
79900 0.34848104 0.39894987 1.66640622
80000 0.37651357 0.34167897 3.74700340
80100 0.33971267 0.33417271 5.94207870
80200 0.32107277 0.40466372 3.32153587
80300 0.33894078 0.34457388 5.09829482
80400 0.31100179 0.41005036 4.07208656
80500 0.26896269 0.44665118 8.81977490
80600 0.35418675 0.40260292 1.30024164
80700 0.28706054 0.37152820 7.80727794
80800 0.31464733 0.43732807 3.71853018
80900 0.41528830 0.27218891 11.79248070
81000 0.34088288 0.42757610 1.75073480
81100 0.32146240 0.38858781 3.74700142
81200 0.33799023 0.38439342 2.74705319
81300 0.35005857 0.34832946 4.18625925
81400 0.36941584 0.35569122 2.86954913
81500 0.32050342 0.42674815 3.16138145
81600 0.32996942 0.41801648 2.47652603
81700 0.32723220 0.37277638 4.01122969
81800 0.29616355 0.39676313 5.78966494
81900 0.28674072 0.37683118 7.57395028
82000 0.30958871 0.28661069 13.66290078
82100 0.28316493 0.38218704 7.74169216
82200 0.36852955 0.35569259 2.89695303
82300 0.29300088 0.38682126 6.45321441
82400 0.30155518 0.35902582 7.02198793
82500 0.32049541 0.38004959 4.17075946
82600 0.32265298 0.42060460 3.00094055
82700 0.31307493 0.42245367 3.78122583
82800 0.27409272 0.43702513 7.99862367
82900 0.35152364 0.41547326 1.22035838
83000 0.36767256 0.37033600 2.01660822
83100 0.33375359 0.37752364 3.32129541
83200 0.31646774 0.41655274 3.52449763
83300 0.29868367 0.45726678 5.65307203
83400 0.36932961 0.36811331 2.08838433
83500 0.27059385 0.37117522 9.82152919
83600 0.30282214 0.41467309 4.77509106
83700 0.37134524 0.37012579 1.91613726
83800 0.38411785 0.37683910 1.28585734
83900 0.29504304 0.42376982 5.50873874
84000 0.30094228 0.37275527 6.27097192
84100 0.28953509 0.41478679 6.15340346
84200 0.35490677 0.40832843 1.15567019
84300 0.30965234 0.33811698 7.85567882
84400 0.36395709 0.36467801 2.46891686
84500 0.33463412 0.36151884 4.15127782
84600 0.29700128 0.33499047 9.35522557
84700 0.27548165 0.39956363 8.07591482
84800 0.31566890 0.35100422 6.29355449
84900 0.29130296 0.41459138 5.96169348
85000 0.28967774 0.37755476 7.21102536
85100 0.33374233 0.39768153 2.56818910
85200 0.33824085 0.39871203 2.25262487
85300 0.36304564 0.37920127 1.73157423
85400 0.31990321 0.34041534 6.78502984
85500 0.33526841 0.37571521 3.30958434
85600 0.37114779 0.30957294 7.07792769
85700 0.36619165 0.35182404 3.24886300
85800 0.28626163 0.36168123 8.47284131
85900 0.26651287 0.39068224 9.49826083
86000 0.36090364 0.40786747 0.91102460
86100 0.33940573 0.40052079 2.13544871
86200 0.30209687 0.38750473 5.49545850
86300 0.31758391 0.34466338 6.62319259
86400 0.38968407 0.29933639 7.94888034
86500 0.34583217 0.38221982 2.38214898
86600 0.35290992 0.37224198 2.50044226
86700 0.29308832 0.37103093 7.17138369
86800 0.36894903 0.33581383 4.45916739
86900 0.33125124 0.39162382 2.92018043
87000 0.32813998 0.34795163 5.55015713
87100 0.28191742 0.39059240 7.56368933
87200 0.33978113 0.39393700 2.29561082
87300 0.34872068 0.41411603 1.37401497
87400 0.34784106 0.40266111 1.60979070
87500 0.29305205 0.42324017 5.72048061
87600 0.40844871 0.32429188 5.10675352
87700 0.35444353 0.37273409 2.40355843
87800 0.35435012 0.36708058 2.71928559
87900 0.36922894 0.36961468 2.00719593
88000 0.34348622 0.36529688 3.37913461
88100 0.35137831 0.38459264 1.99841171
88200 0.29469606 0.39114803 6.11743744
88300 0.34104350 0.36866934 3.32450583
88400 0.32440367 0.40781175 3.00512075
88500 0.36482093 0.36099723 2.66696067
88600 0.32604516 0.44963451 3.03808862
88700 0.37298525 0.27888965 11.03901539
88800 0.32346049 0.35857102 5.13555250
88900 0.29846401 0.34688640 8.20564594
89000 0.36907553 0.34275408 3.86035724
89100 0.31327243 0.38339112 4.62648510
89200 0.31882256 0.40026557 3.60078434
89300 0.33241585 0.38371237 3.13614301
89400 0.29242151 0.35360538 8.33516193
89500 0.27499342 0.32266751 13.04929116
89600 0.30857541 0.40467260 4.38582948
89700 0.30687171 0.39910125 4.67181168
89800 0.32612628 0.35559155 5.13742988
89900 0.23976681 0.37713160 13.98302941
90000 0.35455773 0.43247376 1.06042847
90100 0.34606833 0.39707397 1.84424424
90200 0.32915362 0.32098784 7.91886985
90300 0.33228076 0.45556149 2.75994984
90400 0.30679355 0.40280883 4.58994466
90500 0.30182674 0.41293692 4.89175335
90600 0.33258097 0.38888751 2.92471851
90700 0.33754154 0.39454581 2.41425810
90800 0.34618444 0.42271409 1.45067015
90900 0.30462593 0.40813432 4.69033249
91000 0.39790229 0.30532297 7.16349577
91100 0.31596960 0.39121834 4.10115476
91200 0.33414551 0.41944530 2.18383422
91300 0.33161642 0.38621162 3.09042618
91400 0.34035454 0.34109745 5.29860902
91500 0.32902488 0.36821778 4.13084367
91600 0.33325876 0.41558405 2.27152657
91700 0.31831949 0.41374273 3.39921616
91800 0.36736070 0.31212589 6.90294434
91900 0.34223178 0.37535522 2.90088608
92000 0.40119676 0.36751415 1.65302761
92100 0.31465873 0.37053187 5.12495469
92200 0.35779362 0.32684137 5.70824825
92300 0.37131445 0.42950832 0.42159270
92400 0.31473234 0.41281853 3.70948066
92500 0.39463630 0.36656474 1.72172429
92600 0.36537165 0.35474897 3.06716465
92700 0.31477857 0.39094306 4.21128377
92800 0.33060550 0.33717279 6.26460758
92900 0.34196426 0.37906255 2.73919843
93000 0.29643584 0.36973037 6.89013377
93100 0.23547845 0.39389923 14.01729915
93200 0.31743477 0.45348529 3.81421435
93300 0.33661371 0.28417983 11.92407060
93400 0.36351917 0.37753007 1.79212275
93500 0.35528817 0.45496432 1.44850394
93600 0.33635068 0.42650581 2.02675200
93700 0.30344046 0.37969032 5.68835584
93800 0.33957655 0.38685123 2.55316120
93900 0.27663230 0.37186683 9.02136113
94000 0.37439429 0.36845203 1.92666285
94100 0.28593102 0.37983985 7.52558535
94200 0.29885501 0.40421592 5.33114304
94300 0.31700634 0.39335003 3.94483393
94400 0.35224549 0.32427176 6.21333593
94500 0.33164096 0.39326889 2.83991120
94600 0.29707287 0.37434032 6.58019856
94700 0.30186390 0.37797759 5.92090050
94800 0.37801810 0.30069967 7.96688822
94900 0.29990522 0.38639831 5.75452740
95000 0.32563561 0.33861671 6.49606779
95100 0.36374565 0.36344471 2.55171569
95200 0.40648429 0.42782912 0.02502496
95300 0.31759794 0.39050135 3.99012844
95400 0.31055664 0.32853406 8.65289622
95500 0.32084557 0.38547362 3.91387926
95600 0.34355533 0.36243033 3.55048166
95700 0.30194953 0.38906694 5.45254006
95800 0.33422415 0.38661960 2.89975855
95900 0.28208718 0.39602756 7.37141810
96000 0.32062199 0.38124142 4.10784044
96100 0.35380119 0.37167408 2.48899220
96200 0.35163627 0.34487430 4.37958932
96300 0.32058712 0.40155447 3.42804921
96400 0.38332113 0.32338294 5.30210537
96500 0.28199633 0.42688688 6.96421341
96600 0.30640208 0.37308403 5.72791920
96700 0.30142076 0.36322031 6.76729876
96800 0.29496899 0.42151838 5.52181705
96900 0.33975515 0.34745681 4.82119386
97000 0.30476753 0.40428985 4.74906661
97100 0.38935429 0.27122000 11.88080973
97200 0.34210184 0.38900944 2.32375909
97300 0.37050745 0.29274585 9.18048488
97400 0.34947257 0.36522550 3.06300630
97500 0.32552852 0.34543258 5.93848802
97600 0.34550842 0.38857736 2.14797085
97700 0.33830219 0.34814095 4.85696615
97800 0.33484330 0.34451989 5.36122188
97900 0.33404644 0.31891097 7.80237663
98000 0.31912298 0.39319073 3.77646128
98100 0.33174608 0.37534183 3.56226603
98200 0.32408524 0.40475111 3.08653406
98300 0.31474057 0.39007711 4.24438897
98400 0.39383906 0.33354676 4.20082602
98500 0.36701414 0.30615223 7.60643009
98600 0.28118679 0.40182361 7.32686222
98700 0.34390445 0.35830784 3.79727742
98800 0.26947322 0.41249029 8.59686614
98900 0.28665935 0.40000443 6.73544096
99000 0.36668156 0.39276616 1.07456935
99100 0.31071857 0.37270744 5.35284253
99200 0.32576464 0.41472312 2.80825161
99300 0.29525898 0.39593524 5.90772115
99400 0.40780152 0.31949488 5.59609706
99500 0.28996405 0.40381877 6.27827754
99600 0.36053056 0.33048899 5.24508352
99700 0.33918420 0.36314602 3.76223813
99800 0.32624938 0.39719462 3.10614671
99900 0.33570771 0.43330187 2.10120985
100000 0.31740152 0.40085597 3.70272117
100100 0.33581847 0.36785225 3.69256692
100200 0.34436468 0.38075341 2.52652467
100300 0.36865000 0.37384806 1.79967141
100400 0.36995563 0.36553318 2.21948349
100500 0.31015640 0.37919998 5.08475724
100600 0.28590209 0.41596489 6.54998315
100700 0.33477243 0.36778013 3.76437509
100800 0.33116113 0.34334696 5.70300399
100900 0.36923508 0.36060662 2.54649368
101000 0.35268597 0.40778360 1.26751083
101100 0.29461346 0.40547309 5.74381126
101200 0.30817209 0.36644105 5.93075794
101300 0.32073911 0.41757126 3.16873702
101400 0.34170475 0.40276128 1.94644842
101500 0.33579945 0.43534068 2.11432003
101600 0.31472642 0.40079540 3.92872324
101700 0.31759321 0.34537100 6.56582838
101800 0.32276913 0.37693666 4.13734566
101900 0.32261064 0.34626507 6.09415082
102000 0.29158867 0.39784818 6.24511888
102100 0.32476004 0.37282027 4.19188792
102200 0.38747530 0.37600096 1.27888693
102300 0.25417105 0.40027553 10.93869073
102400 0.34212017 0.41869942 1.69488577
102500 0.31674639 0.39433272 3.93582264
102600 0.29722411 0.41770441 5.30805449
102700 0.29134195 0.37943196 6.94150856
102800 0.32296096 0.38039539 3.96229283
102900 0.37670733 0.37580859 1.48117191
103000 0.31001735 0.41235370 4.12840349
103100 0.26432346 0.41203789 9.28806965
103200 0.36930517 0.37483995 1.72910174
103300 0.36554516 0.39163113 1.15030848
103400 0.31929276 0.36528291 5.03989455
103500 0.36668279 0.31416966 6.69670024
103600 0.35223387 0.41083451 1.24113186
103700 0.30615566 0.39626011 4.81637021
103800 0.26563893 0.40234853 9.28299311
103900 0.39921266 0.41447329 0.05571577
104000 0.30569698 0.38737152 5.15448071
104100 0.32002032 0.32296351 8.40409715
104200 0.34529672 0.31139057 7.94977564
104300 0.34699696 0.38201127 2.32867643
104400 0.33788601 0.40645911 2.10095641
104500 0.30445476 0.39041468 5.16251895
104600 0.37244212 0.36165885 2.38576918
104700 0.32244801 0.37945399 4.04437527
104800 0.33661765 0.31064088 8.54766596
104900 0.32294757 0.41317461 3.03845865
105000 0.35641798 0.32419747 6.03027126
105100 0.34343296 0.37222032 2.99276241
105200 0.33127038 0.34648737 5.44399632
105300 0.29359191 0.42448630 5.66147317
105400 0.37165474 0.38724456 1.11446328
105500 0.30710508 0.42166485 4.32029464
105600 0.35491963 0.39836074 1.37094478
105700 0.33626258 0.37665886 3.19966223
105800 0.32812010 0.42090374 2.59174957
105900 0.34730563 0.32286138 6.60449720
106000 0.33384581 0.42069393 2.19745931
106100 0.33641579 0.41604572 2.06156553
106200 0.34157668 0.41302240 1.77837365
106300 0.29126502 0.38548817 6.69224011
106400 0.31689527 0.32820939 8.13740924
106500 0.33983693 0.33641877 5.73311499
106600 0.32745556 0.33566379 6.62182698
106700 0.26318519 0.38418995 10.19187565
106800 0.36334916 0.31960153 6.22606050
106900 0.30664625 0.40965296 4.47522696
107000 0.29989228 0.47019934 6.03226751
107100 0.31399941 0.38005547 4.70805590
107200 0.34482793 0.39511377 1.96857214
107300 0.31709596 0.35493844 5.89085105
107400 0.28904752 0.43970529 6.26334946
107500 0.28665520 0.41938689 6.43927560
107600 0.29044401 0.38544104 6.78371305
107700 0.33385382 0.37617612 3.37954432
107800 0.37073107 0.35301534 3.01923094
107900 0.42457496 0.31292659 6.58218850
108000 0.36445962 0.35149156 3.33330426
108100 0.30273889 0.34557492 7.88403326
108200 0.34084736 0.42560108 1.74969810
108300 0.37592697 0.36812698 1.90702562
108400 0.32039994 0.35067609 5.93010668
108500 0.38709770 0.39588500 0.50707621
108600 0.30160181 0.39903219 5.17826566
108700 0.31058989 0.37662850 5.16698455
108800 0.27885325 0.37624338 8.52687090
108900 0.32562404 0.36506936 4.56173219
109000 0.35612358 0.39600868 1.38281869
109100 0.34613620 0.35980726 3.57570121
109200 0.34152565 0.35207588 4.36858897
109300 0.33893825 0.37031717 3.35937453
109400 0.32043963 0.39481794 3.62040442
109500 0.32322173 0.40598980 3.12814555
109600 0.36935012 0.42202777 0.47412461
109700 0.30318870 0.40270427 4.93476364
109800 0.35149091 0.36552742 2.94505991
109900 0.32088146 0.42049529 3.14001757
110000 0.34886826 0.34520245 4.49105159
110100 0.36710440 0.30799997 7.38556373
110200 0.29668100 0.33612521 9.28677191
110300 0.33179015 0.35546348 4.74395523
110400 0.36784257 0.39377264 1.00462385
110500 0.36517978 0.35327628 3.17837003
110600 0.22299073 0.40346953 15.89792060
110700 0.31480629 0.44279159 3.78725460
110800 0.28608703 0.37557007 7.70974066
110900 0.28812353 0.44527300 6.46366899
111000 0.35043806 0.42500734 1.22819285
111100 0.29101829 0.39478289 6.39504297
111200 0.34266879 0.35486861 4.10263987
111300 0.33668420 0.37406894 3.30143159
111400 0.34698787 0.38913283 2.04836995
111500 0.34364720 0.29489582 10.05136830
111600 0.29648872 0.41411706 5.41651160
111700 0.25982087 0.40349232 10.05638428
111800 0.26402897 0.39704486 9.63480515
111900 0.34011541 0.32698143 6.59690200
112000 0.32925990 0.34154191 5.98470700
112100 0.29768531 0.35100135 7.97204805
112200 0.27981373 0.38535313 8.00830712
112300 0.33068209 0.44751921 2.65604364
112400 0.33274267 0.38397292 3.10338482
112500 0.34789171 0.37646789 2.53532001
112600 0.31830277 0.37842049 4.42204428
112700 0.30141754 0.36871272 6.44337910
112800 0.38454704 0.30670926 7.11574638
112900 0.37624289 0.43162345 0.30413514
113000 0.33997907 0.42340559 1.80252721
113100 0.27144487 0.35418473 10.77061277
113200 0.38046928 0.41475584 0.24319599
113300 0.32244321 0.35269835 5.62129200
113400 0.29099013 0.43015191 5.95484696
113500 0.27695634 0.43643121 7.63520738
113600 0.33468507 0.38326912 3.00375338
113700 0.32786706 0.38829561 3.27518649
113800 0.30635815 0.39736366 4.76628142
113900 0.32053721 0.36144091 5.17704652
114000 0.32269668 0.35085113 5.73692918
114100 0.35410564 0.36749851 2.70635677
114200 0.31609412 0.41520864 3.56803348
114300 0.35536907 0.41620553 1.03463144
114400 0.41638280 0.35177891 2.81486192
114500 0.31740550 0.40275042 3.65844760
114600 0.31423365 0.34582711 6.81210671
114700 0.31643027 0.38412193 4.32745804
114800 0.31352103 0.42348586 3.74045253
114900 0.29313505 0.40386119 5.93348311
115000 0.32163901 0.41171171 3.15851137
115100 0.34459706 0.44520209 1.73880492
115200 0.32376478 0.42741051 2.90880963
115300 0.31144186 0.38178630 4.85498394
115400 0.25974126 0.42869453 9.84308171
115500 0.31760100 0.33354141 7.57713448
115600 0.32938594 0.38696082 3.21666235
115700 0.35613819 0.45598213 1.44187549
115800 0.29080852 0.43407515 6.00256841
115900 0.30054983 0.39075671 5.53147007
116000 0.31564411 0.33642330 7.48087435
116100 0.33077777 0.33262657 6.66228392
116200 0.31137129 0.39032125 4.52883206
116300 0.35381561 0.31513104 7.10209243
116400 0.29087737 0.38440337 6.77791736
116500 0.32301343 0.36454750 4.79071864
116600 0.35252673 0.41935706 1.14277701
116700 0.35874898 0.35484710 3.31153786
116800 0.31663174 0.35616985 5.84392790
116900 0.28815789 0.38033804 7.25167386
117000 0.38098350 0.35356425 2.73234697
117100 0.30934020 0.34857260 7.03017359
117200 0.35952689 0.40717676 0.97787053
117300 0.33536857 0.36997032 3.60274362
117400 0.38199405 0.34097304 3.69237227
117500 0.29642242 0.41244987 5.44291070
117600 0.31148933 0.41979007 3.93064133
117700 0.32842224 0.34950134 5.41171127
117800 0.30523120 0.35648331 6.83783120
117900 0.28566882 0.36045574 8.61878955
118000 0.29563912 0.42539729 5.44567582
118100 0.30890294 0.40416747 4.36633479
118200 0.29027699 0.41574443 6.06240180
118300 0.32255683 0.40546979 3.18943649
118400 0.36102369 0.35370742 3.30089210
118500 0.31491276 0.35020650 6.41695308
118600 0.33568064 0.40377860 2.29366365
118700 0.35032648 0.39257662 1.75936675
118800 0.25741689 0.40155559 10.43979163
118900 0.36194235 0.27191651 12.44147005
119000 0.30125964 0.40022673 5.18168656
119100 0.30124699 0.42840919 4.88189004
119200 0.32457891 0.31237864 9.18595625
119300 0.29719977 0.35510843 7.72635905
119400 0.28898856 0.41044076 6.26775607
119500 0.31725494 0.37132900 4.86366014
119600 0.30931361 0.38169323 5.04974841
119700 0.33032843 0.37757465 3.55164610
119800 0.35681784 0.40503656 1.13161873
119900 0.34854934 0.38164922 2.26323022
120000 0.31865721 0.36127865 5.33852955
120100 0.33254596 0.41729577 2.30470117
120200 0.35615845 0.35488322 3.41922201
120300 0.28443122 0.39240922 7.20915108
120400 0.34447441 0.32260901 6.78350245
120500 0.31463928 0.43411986 3.68481229
120600 0.29370633 0.34052306 9.21734892
120700 0.32477171 0.38169653 3.76724299
120800 0.32688456 0.34202936 6.11499741
120900 0.27888328 0.38574765 8.10500374
121000 0.32142928 0.36938560 4.63315944
121100 0.33342612 0.37370994 3.53137601
121200 0.35014041 0.32757419 5.98888325
121300 0.35709297 0.32046170 6.38463445
121400 0.30399326 0.40201581 4.87278357
121500 0.34331422 0.37680551 2.76799361
121600 0.29294651 0.33857080 9.46522842
121700 0.28696041 0.32903247 10.99385735
121800 0.37217464 0.36058382 2.46184743
121900 0.37029279 0.34178199 3.90387801
122000 0.28626298 0.36067577 8.53685807
122100 0.33919777 0.36365629 3.72998118
122200 0.30257711 0.38705956 5.46534863
122300 0.33312179 0.35930980 4.39394916
122400 0.31802201 0.36837721 4.96326570
122500 0.33514614 0.33125239 6.49731895
122600 0.36097436 0.40442727 0.97311879
122700 0.34016365 0.41638984 1.82726201
122800 0.35280327 0.40725567 1.27119627
122900 0.32076299 0.34955941 5.98489299
123000 0.40910618 0.39490091 0.49443903
123100 0.28839769 0.36577318 7.98144568
123200 0.35504342 0.30770035 7.89015024
123300 0.33461754 0.39805246 2.50051805
123400 0.39441500 0.29814421 8.06179247
123500 0.36408099 0.35538296 3.06835407
123600 0.37939318 0.34367075 3.51954424
123700 0.32632871 0.39149522 3.27501460
123800 0.35222421 0.35519696 3.57749488
123900 0.28302803 0.42862217 6.84778047
124000 0.29542144 0.43210701 5.49359282
124100 0.33537216 0.34745659 5.09486935
124200 0.38447539 0.38700592 0.84228180
124300 0.32791927 0.32812066 7.29061918
124400 0.23983280 0.46549641 13.64674508
124500 0.29728754 0.44361466 5.44817738
124600 0.34529307 0.41075748 1.59784879
124700 0.32372836 0.23960642 20.09407139
124800 0.30009678 0.37656456 6.16332275
124900 0.35020230 0.39558334 1.67257540
125000 0.31427915 0.38102755 4.64081989
125100 0.36627640 0.34460950 3.79995709
125200 0.32717572 0.30885087 9.39699782
125300 0.36765872 0.36680661 2.21621450
125400 0.32815074 0.41226301 2.66227354
125500 0.28236535 0.39654517 7.32379470
125600 0.30471755 0.38230659 5.45073620
125700 0.38237591 0.38524794 0.94541728
125800 0.28757458 0.38581739 7.08737640
125900 0.27116798 0.38750779 9.00167802
126000 0.27961212 0.40855832 7.38178529
126100 0.36176998 0.39395595 1.21263341
126200 0.32524855 0.39560734 3.22585380
126300 0.34502143 0.35484366 3.97227766
126400 0.32600238 0.41003123 2.84985634
126500 0.33128957 0.39879611 2.70388375
126600 0.32513504 0.33656889 6.71241181
126700 0.36426757 0.41283170 0.71243709
126800 0.32817439 0.34548776 5.74055717
126900 0.33107346 0.40055325 2.67425608
127000 0.31696510 0.43410889 3.48888368
127100 0.27549910 0.45014280 8.06631656
127200 0.33012862 0.35329656 5.01169643
127300 0.33219510 0.34829854 5.24030934
127400 0.31593849 0.34864956 6.44786345
127500 0.36443802 0.36211899 2.60933800
127600 0.30178013 0.32705874 9.61981653
127700 0.34881857 0.35114046 4.03738560
127800 0.35753928 0.41729080 0.93117239
127900 0.34144391 0.44156511 1.85160913
128000 0.31246897 0.40408091 4.04964470
128100 0.30606411 0.35907571 6.58498135
128200 0.27979486 0.41853729 7.24552105
128300 0.30842048 0.42241575 4.19674348
128400 0.38682820 0.34208867 3.52389257
128500 0.36125377 0.33140614 5.13054086
128600 0.30489385 0.35956580 6.66340700
128700 0.30875764 0.45753105 4.69171862
128800 0.28929973 0.39140064 6.69173383
128900 0.30679227 0.33921872 8.02305415
129000 0.33973326 0.41013085 1.92658600
129100 0.33144039 0.41854512 2.37104279
129200 0.36092412 0.35492697 3.21857715
129300 0.32860845 0.36633673 4.26906610
129400 0.25421850 0.40034247 10.93011964
129500 0.34396500 0.36613296 3.30262494
129600 0.26631008 0.42711989 8.93874459
129700 0.34303721 0.38428106 2.45139555
129800 0.34104566 0.36220712 3.70927983
129900 0.30501371 0.38808007 5.19273850
130000 0.30313590 0.37529420 5.92666015
130100 0.35132386 0.38059690 2.17050117
130200 0.33215320 0.35938425 4.45430755
130300 0.36796944 0.34277934 3.89309696
130400 0.27703771 0.43216475 7.58552963
130500 0.31923418 0.42389390 3.26217066
130600 0.32365709 0.39530585 3.35499123
130700 0.31742507 0.36272010 5.34870241
130800 0.34830331 0.31004506 7.94359298
130900 0.30131335 0.35386618 7.39953797
131000 0.30438761 0.36355469 6.45862757
131100 0.35975407 0.35936517 2.96383288
131200 0.36952642 0.41513102 0.51301778
131300 0.31059526 0.38623661 4.74790368
131400 0.26498689 0.40582688 9.29807405
131500 0.35403701 0.26121407 14.46921438
131600 0.32959599 0.34705517 5.51606082
131700 0.32898357 0.29979669 10.35960074
131800 0.32234418 0.35260076 5.63603813
131900 0.33902314 0.43198854 1.88350862
132000 0.32611273 0.38717050 3.44519964
132100 0.34760890 0.38045360 2.36460461
132200 0.36035659 0.32117361 6.17576010
132300 0.33698845 0.39312315 2.49329474
132400 0.31607693 0.36541454 5.29675499
132500 0.28553422 0.40746944 6.70486784
132600 0.37353894 0.40778394 0.49829016
132700 0.32904033 0.38642688 3.26157979
132800 0.30480537 0.39677755 4.92926252
132900 0.29366129 0.41508220 5.70314198
133000 0.30175019 0.37246790 6.20632338
133100 0.33195103 0.38628684 3.06468569
133200 0.33987427 0.40533278 2.00095135
133300 0.33295489 0.41306660 2.31872659
133400 0.34296094 0.41245807 1.70537696
133500 0.37117434 0.39360422 0.90830696
133600 0.28119854 0.43635016 7.12130632
133700 0.31261604 0.40729688 3.97467884
133800 0.36299117 0.32601677 5.58366642
133900 0.33429100 0.40360047 2.38780640
134000 0.34223051 0.34939447 4.52675488
134100 0.26516381 0.42478075 9.09042326
134200 0.30105516 0.36387124 6.76340277
134300 0.34162731 0.33532823 5.72419882
134400 0.25106283 0.43524104 11.14357944
134500 0.34697153 0.32935580 5.97991547
134600 0.31353746 0.36610137 5.47240979
134700 0.32650094 0.37850628 3.78188890
134800 0.38475886 0.39726790 0.50068089
134900 0.34724280 0.38128095 2.34733871
135000 0.29283067 0.34530806 8.91803592
135100 0.27995410 0.37828066 8.29685728
135200 0.32424439 0.36684819 4.56027325
135300 0.36178730 0.34042647 4.30644626
135400 0.34559707 0.36537611 3.25734355
135500 0.32130309 0.37461545 4.36590341
135600 0.30803582 0.31806419 9.94633852
135700 0.35699291 0.33665763 4.82699190
135800 0.34925523 0.35938310 3.44030442
135900 0.34321011 0.35409201 4.12651751
136000 0.32528255 0.41805387 2.81547310
136100 0.37681262 0.30899833 6.99702157
136200 0.37314725 0.32276962 5.58605985
136300 0.28228047 0.41333643 6.99696337
136400 0.26690595 0.43401436 8.89764238
136500 0.28346599 0.36364635 8.67222324
136600 0.31866501 0.36003085 5.41818512
136700 0.29259508 0.42224924 5.77169154
136800 0.30955803 0.36948781 5.63067628
136900 0.29055349 0.39831678 6.34526590
137000 0.28905266 0.44346943 6.32521659
137100 0.33139156 0.38355986 3.21220158
137200 0.29084247 0.42612619 5.95831719
137300 0.33334265 0.42657453 2.22284073
137400 0.29818235 0.39238870 5.71516545
137500 0.39259121 0.40193203 0.29351070
137600 0.33746366 0.26661227 14.49873319
137700 0.31156248 0.44892538 4.19680963
137800 0.33200135 0.37561755 3.53122176
137900 0.33533214 0.39609206 2.50880064
138000 0.34352208 0.37360074 2.91581947
138100 0.35179314 0.41312638 1.23244213
138200 0.36724811 0.40291630 0.78018800
138300 0.30538268 0.41377518 4.53921667
138400 0.31091312 0.36601368 5.70792866
138500 0.24671513 0.45133349 12.09485182
138600 0.40841998 0.25731217 14.09505216
138700 0.33878231 0.41227348 1.95478474
138800 0.32961184 0.41951869 2.49226857
138900 0.31246071 0.34205202 7.27174767
139000 0.37048092 0.36276376 2.37236250
139100 0.32221270 0.35338567 5.58973807
139200 0.32084752 0.35286875 5.73401644
139300 0.31778331 0.33145561 7.75506781
139400 0.34359172 0.41162468 1.68039649
139500 0.34569013 0.41111196 1.57121961
139600 0.31162436 0.42606991 3.90569885
139700 0.32796396 0.34851096 5.51988269
139800 0.33859868 0.38973324 2.50693321
139900 0.32888141 0.36917083 4.08737495
140000 0.34972248 0.42770807 1.26758130
140100 0.34214042 0.41695915 1.70619312
140200 0.34060055 0.36286702 3.69440107
140300 0.33780881 0.33813558 5.70658569
140400 0.33790405 0.37672936 3.09298048
140500 0.27048759 0.39942222 8.71384284
140600 0.31838012 0.40784701 3.47801518
140700 0.31777306 0.36369462 5.25980981
140800 0.33976285 0.41793595 1.83920784
140900 0.37155978 0.37527656 1.64063339
141000 0.36014702 0.28742913 10.25700158
141100 0.30180694 0.35528843 7.25078970
141200 0.32013712 0.37155270 4.61734719
141300 0.31676819 0.36256162 5.41304233
141400 0.29888344 0.36611398 6.84606121
141500 0.36570781 0.30613753 7.65212003
141600 0.33584342 0.39601706 2.47803856
141700 0.37893763 0.39716488 0.60920870
141800 0.33098831 0.41386765 2.44327097
141900 0.38825976 0.37688230 1.22657313
142000 0.39498624 0.31985491 5.54031414
142100 0.32189814 0.39924485 3.38161393
142200 0.27195362 0.41742658 8.22661624
142300 0.30773457 0.37170670 5.67654273
142400 0.32504097 0.37350495 4.13529812
142500 0.32875809 0.42452278 2.53781901
142600 0.35381861 0.38960030 1.69292977
142700 0.40627935 0.32923512 4.60517093
142800 0.33029502 0.36150712 4.44506550
142900 0.33805448 0.38227294 2.83142494
143000 0.31526740 0.40538268 3.78222662
143100 0.29372824 0.40921341 5.77145172
143200 0.30801999 0.38498395 5.03080336
143300 0.28395571 0.39140831 7.29733969
143400 0.31453040 0.35500696 6.10203907
143500 0.30253246 0.42750949 4.75310987
143600 0.28900102 0.45179619 6.51940468
143700 0.32294905 0.41610417 3.00799224
143800 0.34549879 0.34554464 4.64176854
143900 0.36141539 0.37717111 1.88818752
144000 0.34808823 0.38205582 2.26951726
144100 0.32484481 0.38542298 3.60732141
144200 0.34733004 0.38011692 2.39430763
144300 0.38339230 0.28625008 9.76367862
144400 0.32838571 0.34218771 5.99324092
144500 0.32300966 0.33702467 6.83358620
144600 0.36173618 0.34547761 3.89396511
144700 0.36059036 0.44421524 0.96117274
144800 0.33837292 0.41250500 1.97701134
144900 0.35652978 0.35274408 3.55528866
145000 0.28176691 0.44968015 7.29408702
145100 0.36403460 0.37420526 1.93680815
145200 0.27099884 0.38519483 9.11287517
145300 0.26746879 0.37463710 10.05047219
145400 0.31585697 0.38517012 4.33323457
145500 0.34289998 0.37297075 2.98372759
145600 0.34090578 0.34973783 4.57826058
145700 0.33564565 0.37021246 3.57157844
145800 0.32006662 0.41826543 3.21734992
145900 0.34616412 0.35289758 4.04853029
146000 0.39488272 0.38193126 0.94055154
146100 0.28117441 0.38961897 7.68566869
146200 0.35102885 0.33647475 5.11744652
146300 0.31956350 0.39251427 3.76267666
146400 0.32218439 0.35671469 5.35907672
146500 0.42283983 0.35835878 2.48135482
146600 0.34360567 0.34381614 4.88557001
146700 0.32710165 0.38487169 3.46222490
146800 0.27993427 0.43229060 7.23446653
146900 0.36054716 0.36069486 2.84583896
147000 0.36006199 0.32300376 5.99913858
147100 0.35115834 0.31798381 6.91898662
147200 0.27954365 0.44528128 7.46053178
147300 0.31395351 0.41077612 3.80315828
147400 0.29582523 0.37059716 6.90602597
147500 0.25478376 0.38816956 11.22211854
147600 0.29668704 0.43400083 5.37729092
147700 0.31435226 0.40104649 3.95465278
147800 0.33648269 0.40699881 2.17924601
147900 0.35325823 0.33819580 4.85988101
148000 0.28920732 0.38428109 6.96652348
148100 0.35813444 0.36640396 2.59311018
148200 0.30481618 0.39124683 5.09961772
148300 0.38008439 0.40044882 0.49969592
148400 0.37526302 0.39936669 0.63449228
148500 0.29237725 0.41051709 5.89620547
148600 0.21976383 0.41917502 16.25950380
148700 0.28594751 0.38883929 7.15778390
148800 0.34537167 0.34101234 5.01909085
148900 0.31676874 0.37799020 4.56868141
149000 0.38451415 0.38316135 0.99514206
149100 0.35332452 0.39063176 1.67988795
149200 0.35433070 0.36496772 2.84477956
149300 0.31604649 0.35372282 6.06431415
149400 0.26812120 0.38926190 9.33461519
149500 0.29099492 0.43591543 6.00062672
149600 0.28568630 0.34555574 9.68950617
149700 0.31867099 0.41133441 3.40057842
149800 0.36058644 0.27448669 12.10384257
149900 0.33909342 0.34400176 5.13516361
150000 0.34046717 0.40864525 1.90581774
150100 0.35149680 0.32301303 6.37695129
150200 0.33461123 0.30961977 8.79414468
150300 0.36592466 0.40045174 0.88187305
150400 0.34529775 0.37198601 2.90140963
150500 0.27066379 0.40483161 8.56730899
150600 0.35676782 0.39370159 1.42430586
150700 0.41435202 0.38225218 1.01667821
150800 0.28161815 0.37793068 8.11489158
150900 0.32855334 0.36861584 4.14189929
151000 0.34931664 0.39425955 1.75688936
151100 0.32007332 0.41184240 3.28069789
151200 0.32593819 0.40081327 3.03507443
151300 0.32357209 0.39790964 3.28755657
151400 0.29212094 0.36317541 7.73008502
151500 0.29213975 0.42937040 5.82646675
151600 0.38458699 0.37285538 1.47831106
151700 0.33250661 0.32663743 7.11527688
151800 0.32593304 0.35573351 5.14188012
151900 0.38065914 0.29021248 9.27087150
152000 0.34188905 0.34843052 4.61988385
152100 0.32509567 0.42775680 2.80912923
152200 0.38472116 0.35305817 2.70453464
152300 0.30344336 0.40268900 4.91048291
152400 0.31525390 0.37631886 4.77587770
152500 0.33285271 0.37335795 3.58783006
152600 0.36943245 0.38401545 1.30705434
152700 0.32792020 0.39636365 3.00776898
152800 0.30162691 0.38841615 5.50782142
152900 0.29607432 0.40466181 5.60709441
153000 0.35156225 0.38581128 1.94098560
153100 0.35900787 0.35341315 3.40251577
153200 0.38080539 0.36176301 2.18367512
153300 0.31102902 0.38239802 4.86538250
153400 0.35821973 0.39592139 1.29557830
153500 0.33962940 0.41057684 1.92631835
153600 0.35025626 0.36195563 3.22451577
153700 0.31937868 0.39686410 3.64571273
153800 0.32458390 0.32969398 7.38541339
153900 0.35997292 0.34197317 4.24781043
154000 0.34493360 0.33904027 5.21069173
154100 0.30143776 0.38850146 5.52332939
154200 0.32020264 0.39758173 3.55968995
154300 0.35864932 0.36845898 2.45338257
154400 0.29887112 0.37691577 6.26957126
154500 0.38688600 0.35844526 2.30075504
154600 0.30816164 0.38248302 5.12098887
154700 0.37457329 0.37582406 1.53239505
154800 0.23236819 0.45589883 14.52758128
154900 0.36853437 0.39553459 0.92914817
155000 0.39977517 0.31865284 5.65488464
155100 0.32484020 0.30995521 9.44214878
155200 0.35836249 0.34335024 4.20018246
155300 0.28475885 0.44909851 6.93062999
155400 0.33292839 0.37639325 3.43060834
155500 0.36345303 0.39297732 1.18056650
155600 0.35235958 0.37500447 2.38458148
155700 0.32084972 0.37558828 4.35314225
155800 0.29024085 0.40866229 6.15699551
155900 0.32123842 0.42448979 3.10182326
156000 0.34423976 0.39487010 2.00850732
156100 0.38786222 0.37879185 1.14125928
156200 0.38374050 0.35998270 2.24581033
156300 0.37629422 0.41369152 0.34492294
156400 0.30618802 0.38251875 5.30267202
156500 0.34809316 0.34362718 4.65792826
156600 0.34985264 0.33900653 4.95481749
156700 0.26752011 0.40487699 8.97792898
156800 0.34734475 0.36908220 2.94968745
156900 0.36252979 0.36432025 2.54302444
157000 0.41116980 0.33950607 3.71698792
157100 0.30912195 0.38219620 5.04549249
157200 0.27836294 0.47167209 8.48692901
157300 0.36099739 0.40913771 0.88640813
157400 0.31389493 0.42892617 3.71474886
157500 0.30987752 0.40940173 4.18268375
157600 0.35286452 0.37497080 2.36233728
157700 0.30726325 0.40116949 4.58399945
157800 0.35524673 0.40260985 1.25208691
157900 0.31798158 0.40255370 3.61542923
158000 0.38379641 0.35179482 2.81077758
158100 0.37761503 0.37477189 1.51197507
158200 0.33641945 0.37334270 3.35548141
158300 0.36467616 0.37203245 2.02666738
158400 0.35901310 0.39424520 1.31289173
158500 0.33291241 0.30384170 9.59003915
158600 0.34820943 0.42232959 1.34469725
158700 0.33386201 0.41106696 2.28418139
158800 0.32413676 0.36044276 4.96143445
158900 0.31517008 0.34052028 7.16646934
159000 0.34381039 0.36232188 3.54290972
159100 0.34177731 0.36622289 3.42231492
159200 0.31885851 0.39457814 3.75471578
159300 0.38270494 0.34230055 3.56915936
159400 0.34358746 0.35767990 3.85718534
159500 0.33131980 0.36518505 4.14739949
159600 0.31088867 0.38176486 4.90505363
159700 0.31421065 0.38549809 4.46010667
159800 0.35820491 0.37569509 2.08890186
159900 0.33995441 0.38853427 2.46761083
160000 0.34845943 0.38123400 2.28594628
160100 0.35389777 0.38141304 2.01261941
160200 0.32562097 0.39224297 3.30263134
160300 0.36255779 0.33707239 4.56659189
160400 0.30975856 0.36622042 5.79927803
160500 0.34767458 0.37194377 2.77645639
160600 0.27523808 0.34742538 10.79167942
160700 0.31803365 0.35455105 5.84076871
160800 0.38172543 0.39539569 0.60518754
160900 0.27669923 0.39822481 7.95999559
161000 0.29920817 0.33986827 8.70320289
161100 0.25217633 0.38038080 11.92135592
161200 0.31150398 0.35002230 6.72660057
161300 0.30164495 0.35026179 7.62975717
161400 0.31009836 0.41772109 4.06764344
161500 0.37769524 0.39772380 0.62074668
161600 0.29843030 0.39819544 5.51744441
161700 0.31891856 0.38852639 3.95226173
161800 0.34157898 0.37691461 2.86260973
161900 0.32049113 0.39467330 3.62068489
162000 0.33122612 0.40033260 2.66916346
162100 0.29601529 0.38952981 6.03547750
162200 0.34091526 0.37852231 2.82559135
162300 0.32438239 0.41164195 2.94823013
162400 0.29587840 0.39952515 5.74513773
162500 0.37246732 0.38430211 1.20718307
162600 0.37464546 0.39457227 0.78434971
162700 0.29885641 0.33993619 8.73293849
162800 0.31203374 0.36692580 5.55533794
162900 0.40189171 0.36479607 1.81404609
163000 0.31717171 0.40199610 3.69485254
163100 0.36131987 0.32987182 5.27276211
163200 0.31937150 0.38197622 4.17600019
163300 0.35341761 0.39396441 1.56656378
163400 0.33776247 0.42307015 1.93861707
163500 0.33380381 0.38091521 3.16270222
163600 0.30118029 0.38236621 5.79148714
163700 0.31630447 0.40656265 3.67243853
163800 0.35101995 0.35925712 3.36058539
163900 0.35900062 0.37207645 2.24092539
164000 0.31603568 0.38479013 4.33342059
164100 0.31461316 0.38981258 4.26453300
164200 0.31053128 0.42074254 4.01138894
164300 0.30263013 0.25951740 18.43269014
164400 0.37435141 0.35004445 3.13809188
164500 0.35975417 0.33110051 5.21842048
164600 0.32841277 0.36337498 4.46118711
164700 0.31267207 0.41815515 3.83650954
164800 0.33074819 0.31602227 8.33597932
164900 0.32257834 0.39038343 3.59620989
165000 0.32469658 0.31370027 9.02911760
165100 0.30302054 0.36389100 6.56966266
165200 0.33741560 0.37663396 3.12804005
165300 0.33925023 0.38310980 2.72266161
165400 0.31704912 0.37457526 4.71175163
165500 0.31416956 0.40523678 3.87872462
165600 0.35450428 0.41421370 1.09310244
165700 0.30294615 0.37495354 5.96204888
165800 0.26443418 0.44088654 9.31523673
165900 0.29947589 0.37890738 6.11481311
166000 0.31522189 0.37140701 5.02976860
166100 0.39177966 0.29454375 8.54320396
166200 0.30713216 0.40694891 4.47513913
166300 0.31906331 0.37661017 4.44616111
166400 0.34460404 0.29254889 10.30600503
166500 0.32120482 0.35836518 5.32443934
166600 0.35746867 0.43150655 0.92562464
166700 0.29689925 0.37101306 6.77217712
166800 0.32825104 0.40511058 2.77175097
166900 0.32903228 0.35659027 4.85815440
167000 0.33814082 0.34527988 5.09092811
167100 0.29557171 0.38284266 6.34125457
167200 0.28117824 0.41298857 7.13144296
167300 0.34282408 0.31977202 7.17100623
167400 0.31901299 0.41599737 3.31997147
167500 0.35044835 0.34124102 4.73546701
167600 0.30472198 0.38739194 5.24613413
167700 0.40097689 0.29475194 8.48275513
167800 0.31633654 0.40643816 3.67205812
167900 0.35364753 0.37491618 2.32847028
168000 0.35414994 0.37761425 2.17381837
168100 0.31480932 0.37082252 5.09632559
168200 0.33753106 0.39183701 2.50107604
168300 0.32267922 0.37847386 4.07159236
168400 0.34569191 0.36485717 3.28326421
168500 0.33205045 0.37727265 3.44752074
168600 0.33901926 0.34018376 5.45622294
168700 0.30504966 0.32846199 9.16757665
168800 0.36878937 0.35808210 2.72605480
168900 0.34730478 0.37945019 2.42578579
169000 0.33079650 0.39804120 2.75795021
169100 0.32275860 0.41282494 3.05723296
169200 0.32107045 0.40019433 3.42259719
169300 0.31844998 0.40846845 3.46184922
169400 0.25410549 0.45498803 11.09224503
169500 0.38187340 0.37926540 1.21011355
169600 0.39761773 0.35426447 2.50459514
169700 0.31579892 0.40717190 3.70383162
169800 0.33702912 0.33144190 6.35922528
169900 0.41143824 0.21820223 21.44807456
170000 0.31177550 0.42739784 3.89465611
170100 0.32338988 0.34290099 6.30467874
170200 0.37038501 0.45180754 0.79784593
170300 0.39906614 0.30994525 6.61923367
170400 0.34583800 0.26937729 13.57597549
170500 0.24937215 0.42881209 11.35164057
170600 0.29514534 0.39285218 6.01399126
170700 0.32810361 0.37775507 3.70058698
170800 0.36144517 0.38189156 1.67240657
170900 0.28144918 0.40417566 7.24397458
171000 0.35116101 0.36298129 3.11578409
171100 0.36377687 0.31210879 7.02827064
171200 0.31776196 0.38625948 4.13196137
171300 0.35269621 0.37252080 2.49585749
171400 0.39541440 0.28890937 9.27084352
171500 0.31497963 0.43326338 3.64837316
171600 0.31987475 0.37636794 4.39256618
171700 0.28776163 0.35786213 8.55247200
171800 0.35203554 0.35149329 3.85191308
171900 0.30679141 0.39257454 4.86962599
172000 0.29348885 0.37401121 6.97224094
172100 0.36386228 0.34650524 3.73368120
172200 0.31961750 0.34896480 6.12134905
172300 0.38225819 0.33442717 4.25910461
172400 0.35233161 0.34351104 4.45636320
172500 0.42174880 0.31997410 5.75172529
172600 0.35300738 0.42800563 1.10866998
172700 0.37934509 0.37322977 1.55339079
172800 0.29152915 0.36862124 7.47224534
172900 0.30146215 0.40340158 5.08810026
173000 0.31420941 0.41376776 3.74309474
173100 0.27594902 0.41741296 7.72310426
173200 0.25939090 0.36668775 11.58561822
173300 0.30074461 0.35045625 7.70420157
173400 0.32151635 0.44549372 3.28983814
173500 0.36722399 0.40904001 0.66449401
173600 0.35668763 0.40367156 1.16543184
173700 0.35470349 0.37821841 2.12014563
173800 0.35199063 0.34293604 4.51969709
173900 0.37292725 0.34273610 3.75014119
174000 0.31222070 0.35606154 6.22885886
174100 0.40139137 0.33415433 4.12743571
174200 0.25020459 0.41134882 11.31251037
174300 0.36160334 0.43679753 0.80674251
174400 0.34481976 0.32957309 6.07557725
174500 0.36118198 0.38966368 1.37774703
174600 0.28260313 0.40426220 7.10604023
174700 0.33473600 0.41267106 2.20569608
174800 0.38196486 0.34095720 3.69422962
174900 0.28240989 0.38079119 7.89092593
175000 0.31900014 0.38979964 3.90002156
175100 0.35346977 0.32661210 5.92262035
175200 0.33089710 0.41495149 2.43809197
175300 0.30196002 0.40755212 4.95813269
175400 0.35672875 0.40874716 1.06827824
175500 0.31792337 0.38891419 4.01937984
175600 0.31257214 0.37070718 5.29567077
175700 0.32920120 0.42031112 2.51722773
175800 0.33233148 0.37205761 3.69096280
175900 0.37672162 0.37805738 1.37274651
176000 0.41425470 0.29276553 8.84457515
176100 0.29558118 0.42307955 5.45348940
176200 0.30711704 0.40374390 4.53953287
176300 0.27311631 0.42069201 8.05901543
176400 0.37110755 0.35964045 2.55332194
176500 0.29650840 0.47307911 6.51105606
176600 0.30326658 0.43778596 4.76041728
176700 0.37097735 0.34993563 3.23848683
176800 0.31743390 0.39193843 3.95511407
176900 0.38249960 0.34037785 3.73358640
177000 0.37143413 0.31974566 5.94724252
177100 0.36441824 0.38684723 1.36084785
177200 0.34544932 0.38763108 2.18610675
177300 0.32601915 0.39259048 3.26177136
177400 0.41955105 0.30438371 7.46526661
177500 0.33634407 0.34505394 5.22172507
177600 0.33943472 0.36387895 3.70196811
177700 0.35709482 0.39040062 1.51898584
177800 0.35111177 0.38176873 2.12950115
177900 0.34475060 0.35215865 4.17917970
178000 0.30636709 0.40500058 4.58354951
178100 0.35911083 0.36766543 2.47958847
178200 0.32419317 0.39482566 3.32858327
178300 0.36316466 0.39284547 1.19537829
178400 0.25709393 0.44051512 10.33143126
178500 0.43294289 0.28496765 10.34714707
178600 0.32533273 0.33287219 7.03136761
178700 0.34488532 0.33367816 5.68865283
178800 0.31169835 0.39014852 4.50590333
178900 0.41827908 0.26822993 12.45548998
179000 0.35067143 0.33215722 5.52654475
179100 0.36100123 0.36027069 2.85539393
179200 0.30023678 0.31393488 11.14408035
179300 0.30353266 0.40845210 4.78988987
179400 0.34115040 0.37464312 2.99954549
179500 0.34265487 0.41212905 1.72706256
179600 0.33264545 0.36857943 3.85995842
179700 0.35197961 0.40751444 1.30585115
179800 0.32680257 0.33904429 6.37312457
179900 0.33059059 0.40041671 2.71100194
180000 0.34521425 0.41908489 1.51823371
180100 0.34899803 0.25226795 16.21878119
180200 0.35834311 0.40863529 1.00155031
180300 0.29298213 0.38075792 6.70509329
180400 0.34109974 0.30924823 8.43385689
180500 0.39501101 0.34129221 3.51594224
180600 0.33017649 0.40438626 2.65012443
180700 0.29738799 0.39553439 5.69872294
180800 0.32494475 0.41263601 2.89307975
180900 0.27932850 0.37421143 8.57054449
181000 0.35835219 0.41981914 0.88069088
181100 0.27668984 0.38136433 8.55473369
181200 0.34613985 0.43977018 1.55953717
181300 0.36088469 0.38771571 1.46006321
181400 0.36997712 0.31605285 6.38542792
181500 0.33443763 0.36364975 4.03113872
181600 0.33538091 0.38320861 2.96107351
181700 0.27443190 0.40967692 8.00107261
181800 0.32305190 0.36511180 4.75380300
181900 0.31844280 0.30403864 10.64161333
182000 0.35428136 0.37326270 2.38347122
182100 0.34359232 0.37091145 3.05369848
182200 0.29717913 0.44419340 5.47025895
182300 0.32410007 0.36773864 4.51983126
182400 0.26908810 0.39008437 9.17851328
182500 0.35502060 0.32242257 6.27263783
182600 0.37416126 0.37368365 1.65050425
182700 0.34676603 0.36347782 3.30941723
182800 0.24979550 0.40107223 11.56696556
182900 0.32006485 0.39084832 3.77798284
183000 0.39907059 0.35632673 2.35844093
183100 0.33173682 0.40238195 2.58571901
183200 0.32194579 0.32371135 8.17592535
183300 0.34578409 0.38224369 2.38373336
183400 0.30303669 0.42851997 4.70713711
183500 0.32152635 0.38476092 3.88864835
183600 0.31001863 0.41023799 4.15728203
183700 0.35701733 0.42654212 0.92494397
183800 0.33124256 0.39112686 2.93748748
183900 0.30720935 0.40889905 4.43467237
184000 0.34121938 0.35413856 4.23825243
184100 0.37827709 0.40975538 0.35214165
184200 0.32681853 0.37243154 4.05948525
184300 0.38766685 0.32964710 4.62214095
184400 0.36575486 0.29841086 8.59876987
184500 0.30643689 0.36632241 6.09855720
184600 0.32832523 0.27276565 14.15628605
184700 0.25127920 0.45588584 11.53590507
184800 0.34688790 0.40654082 1.58081847
184900 0.28901494 0.41786373 6.18430529
185000 0.29921973 0.37471539 6.34260248
185100 0.33070037 0.38336360 3.26801425
185200 0.31306881 0.38389584 4.62329235
185300 0.29793498 0.37362595 6.52828075
185400 0.31879660 0.38529529 4.08522797
185500 0.34057072 0.38847882 2.43281820
185600 0.41870505 0.35076278 2.93052176
185700 0.30304066 0.35623342 7.06497813
185800 0.35031073 0.38090963 2.20649225
185900 0.34238199 0.41066654 1.76264173
186000 0.34404015 0.37792844 2.67361848
186100 0.31290981 0.36135397 5.81775937
186200 0.30422758 0.34910355 7.46631326
186300 0.34950282 0.33674235 5.16968861
186400 0.36789365 0.38688550 1.24176650
186500 0.28335524 0.38617536 7.55667630
186600 0.36679332 0.38838274 1.22175367
186700 0.39553585 0.33457304 4.09848161
186800 0.28962558 0.48375345 7.81724054
186900 0.31461124 0.46555564 4.46800053
187000 0.26176550 0.45202003 9.91943012
187100 0.29739996 0.39911170 5.59848654
187200 0.36383203 0.34297404 4.01819021
187300 0.35141264 0.38783628 1.87093673
187400 0.32241942 0.37616271 4.20191412
187500 0.34106361 0.36756644 3.38605567
187600 0.28305779 0.40510479 7.03565040
187700 0.28036438 0.44494161 7.35517528
187800 0.33738718 0.41107021 2.05720189
187900 0.29051951 0.43403951 6.03384564
188000 0.33336744 0.33788215 6.01470899
188100 0.29529756 0.36122947 7.51464057
188200 0.37090617 0.36408223 2.27871281
188300 0.36257809 0.36903703 2.26612665
188400 0.32477584 0.36321499 4.73803117
188500 0.32275191 0.34315013 6.33333433
188600 0.29631839 0.39668750 5.77573699
188700 0.35652202 0.40413752 1.16278881
188800 0.39695571 0.32283305 5.22367651
188900 0.31441556 0.37652899 4.83706712
189000 0.29950038 0.36148988 7.06685470
189100 0.34826178 0.42267085 1.34113406
189200 0.30524601 0.39287246 5.00524830
189300 0.35117485 0.38238529 2.09995423
189400 0.35543868 0.34763787 3.98530523
189500 0.37816450 0.33148000 4.61139007
189600 0.31970421 0.35616116 5.59309991
189700 0.39076416 0.36584814 1.79212182
189800 0.28298000 0.43831574 6.93549472
189900 0.29878969 0.39197824 5.66698198
190000 0.33831748 0.40229009 2.16023687
190100 0.35181967 0.38450005 1.98079536
190200 0.31781441 0.42028453 3.38835314
190300 0.31090271 0.38673607 4.70122718
190400 0.32393434 0.36391268 4.75882322
190500 0.38478162 0.38884108 0.76953322
190600 0.29658242 0.40598433 5.52839578
190700 0.30052963 0.40563011 5.13477356
190800 0.36349595 0.37959591 1.69703863
190900 0.33849181 0.38127252 2.84767505
191000 0.28704925 0.38263260 7.27643437
191100 0.30234153 0.42446786 4.76872999
191200 0.34157486 0.41904896 1.72445578
191300 0.35811407 0.38430262 1.70535421
191400 0.34966464 0.38418543 2.09973878
191500 0.33184797 0.42931640 2.33166535
191600 0.31618065 0.39751563 3.89053708
191700 0.35983103 0.33648260 4.72443843
191800 0.30300324 0.37532429 5.93802381
191900 0.34875255 0.36385382 3.18257830
192000 0.27772801 0.38322625 8.34774353
192100 0.33257371 0.42025401 2.28441462
192200 0.33032222 0.41257078 2.50473952
192300 0.34009532 0.42313182 1.79603041
192400 0.31710623 0.42269067 3.43835504
192500 0.39119138 0.30656136 7.05265204
192600 0.34954732 0.37787685 2.38303197
192700 0.33956980 0.35309965 4.41073438
192800 0.36305695 0.34650697 3.76297270
192900 0.31448141 0.34547881 6.81852420
193000 0.31009433 0.42366296 4.04240861
193100 0.32221054 0.40293130 3.26911423
193200 0.36593367 0.35388125 3.10919606
193300 0.27985013 0.40445479 7.42904784
193400 0.34683427 0.41290463 1.48644637
193500 0.32972475 0.42827120 2.47465561
193600 0.34378154 0.33614204 5.52812638
193700 0.30496090 0.39289751 5.03150015
193800 0.31448590 0.39352900 4.15154276
193900 0.37025264 0.31426978 6.57304376
194000 0.30996893 0.40350693 4.28377328
194100 0.25330201 0.36585197 12.50939463
194200 0.31787276 0.32683024 8.19109313
194300 0.31928223 0.40248212 3.51120684
194400 0.28303968 0.32458822 11.88112144
194500 0.26358544 0.43424280 9.34718022
194600 0.32440539 0.38834275 3.52914931
194700 0.32922556 0.38470415 3.31638870
194800 0.31194288 0.41077528 3.97819944
194900 0.35828352 0.31856531 6.53430426
195000 0.32630656 0.41519951 2.76338673
195100 0.42360384 0.29334002 8.94574572
195200 0.36263587 0.34277588 4.07844261
195300 0.28738463 0.39318258 6.84728445
195400 0.33319680 0.40660393 2.40054167
195500 0.32549515 0.38081845 3.75149066
195600 0.24171041 0.38614913 13.28249246
195700 0.27260884 0.43003605 8.12693463
195800 0.28453789 0.44562846 6.87851660
195900 0.35928625 0.39184972 1.37827519
196000 0.34577695 0.31958127 7.02662336
196100 0.34526577 0.36563730 3.25988310
196200 0.38464984 0.36126011 2.14920027
196300 0.37488008 0.32796212 5.02368032
196400 0.32663024 0.39732791 3.07443281
196500 0.36103723 0.32617717 5.64202432
196600 0.35895584 0.36666178 2.54398589
196700 0.27615806 0.44397412 7.84842168
196800 0.29840686 0.40971787 5.27735445
196900 0.30231816 0.36396853 6.63329152
197000 0.35933766 0.30900319 7.55434236
197100 0.35340677 0.33743126 4.91960647
197200 0.35438465 0.35235714 3.67887267
197300 0.35824912 0.37064540 2.34877898
197400 0.33528411 0.34504824 5.29021500
197500 0.29240284 0.40788688 5.93500341
197600 0.35615608 0.41099421 1.05922588
197700 0.34534103 0.34888558 4.39050435
197800 0.35298824 0.36132954 3.13201617
197900 0.32135088 0.41591248 3.13413314
198000 0.32669860 0.32527899 7.65868732
198100 0.31775047 0.31268435 9.68989510
198200 0.38902643 0.30446626 7.32440077
198300 0.29137630 0.39245259 6.42922094
198400 0.32714991 0.39931061 2.98353986
198500 0.34045943 0.42545018 1.77264114
198600 0.31142594 0.41012339 4.03333838
198700 0.31241687 0.32997110 8.35064879
198800 0.34409521 0.40356714 1.79235678
198900 0.35168805 0.38494041 1.96940752
199000 0.33472247 0.39526421 2.57268661
199100 0.35168020 0.31093503 7.67280962
199200 0.33911367 0.34938737 4.71220725
199300 0.37818018 0.32353796 5.38532479
199400 0.31415571 0.37753512 4.81107866
199500 0.28205129 0.43319501 6.98952825
199600 0.32579068 0.35187856 5.42688374
199700 0.31811531 0.39747822 3.73127570
199800 0.28478381 0.41467671 6.69067009
199900 0.31972468 0.38260419 4.12076612
