0 -0.40830105 1.64883578 0.03513140
100 -0.39895909 1.59544415 1.48871232
200 -0.41915075 1.56078626 4.16292090
300 -0.42654057 1.59239837 2.01117486
400 -0.41913006 1.57014208 3.37162358
500 -0.42890837 1.57201094 3.45899325
600 -0.39638126 1.59050636 1.77629434
700 -0.42915269 1.56719177 3.85354106
800 -0.41447781 1.57602600 2.84087985
900 -0.44557508 1.55610229 5.44693383
1000 -0.42611194 1.56185840 4.22538733
1100 -0.44709211 1.55641630 5.48778808
1200 -0.43733752 1.55980278 4.76481453
1300 -0.39738960 1.60347890 1.08551347
1400 -0.43304891 1.59749670 1.92441353
1500 -0.40916970 1.58079580 2.43665246
1600 -0.43614316 1.56675413 4.11810105
1700 -0.45137280 1.57554183 4.09159174
1800 -0.46335340 1.61194613 2.73087529
1900 -0.43243079 1.57764511 3.14349332
2000 -0.44744666 1.55804798 5.35317974
2100 -0.43389961 1.61305999 1.25687391
2200 -0.42565700 1.56013703 4.36681709
2300 -0.42156987 1.56432828 3.90245118
2400 -0.46349476 1.54642796 7.37937594
2500 -0.44059974 1.60364710 1.89846521
2600 -0.44884859 1.57674399 3.87631357
2700 -0.44260628 1.57161886 3.97944949
2800 -0.47074393 1.56445228 6.16155795
2900 -0.44386359 1.56525250 4.55307679
3000 -0.43792035 1.58967386 2.53859783
3100 -0.41141894 1.57276248 3.04801366
3200 -0.43427160 1.56689723 4.04030672
3300 -0.40803533 1.57535830 2.81797492
3400 -0.43545785 1.56597941 4.15835981
3500 -0.43404310 1.55549462 5.04509937
3600 -0.45113043 1.57433579 4.16969703
3700 -0.44853223 1.57250018 4.18080011
3800 -0.42234584 1.58933460 2.08981356
3900 -0.39883426 1.59792528 1.35656752
4000 -0.41347519 1.60825345 0.96217762
4100 -0.39302874 1.55634617 4.40981936
4200 -0.45049932 1.56015378 5.31126203
4300 -0.44220991 1.56813698 4.24161470
4400 -0.47051698 1.54102045 8.42459312
4500 -0.43102838 1.58758126 2.42942987
4600 -0.47243401 1.58041882 5.04411327
4700 -0.43624728 1.55003792 5.65314126
4800 -0.44252077 1.58170580 3.23605690
4900 -0.42000970 1.61023307 0.99089845
5000 -0.45897933 1.57048035 4.90096831
5100 -0.42915833 1.56056251 4.42463682
5200 -0.44753189 1.51743140 9.91685661
5300 -0.38641803 1.62053612 0.52629497
5400 -0.46494687 1.54877270 7.23253062
5500 -0.46080490 1.55295805 6.55718830
5600 -0.44395677 1.56100461 4.92618895
5700 -0.41870878 1.58811337 2.08998699
5800 -0.44391869 1.61052838 1.74342980
5900 -0.47857600 1.53161803 10.09423959
6000 -0.46451206 1.51063070 11.79280348
6100 -0.43914016 1.52118520 9.06260179
6200 -0.45893825 1.58316315 3.97044081
6300 -0.46590520 1.54858039 7.31471609
6400 -0.42117641 1.56690994 3.67619917
6500 -0.45353984 1.56358534 5.16700374
6600 -0.42009611 1.60099584 1.40263081
6700 -0.45183604 1.57288323 4.31698610
6800 -0.44175182 1.54371357 6.52000976
6900 -0.45654197 1.58173914 3.92827006
7000 -0.45373714 1.58211299 3.74816290
7100 -0.40590866 1.56760795 3.41168131
7200 -0.45291691 1.56754345 4.79964089
7300 -0.41798690 1.54777401 5.38684075
7400 -0.47540457 1.55898124 6.98513178
7500 -0.41008341 1.57431101 2.91524951
7600 -0.41131736 1.60511311 1.07145785
7700 -0.43771257 1.58481698 2.83553163
7800 -0.43957788 1.54177536 6.63949029
7900 -0.42827793 1.59797967 1.75287816
8000 -0.39603980 1.60685315 0.93866702
8100 -0.41143384 1.58039855 2.48754690
8200 -0.47155419 1.53639052 9.01355851
8300 -0.42818719 1.62244178 0.77698651
8400 -0.48112478 1.53823198 9.53665931
8500 -0.41503551 1.59173407 1.81049258
8600 -0.37416591 1.64521036 0.34517049
8700 -0.39006744 1.58104022 2.42705353
8800 -0.47402765 1.53521628 9.32769791
8900 -0.43048010 1.56033992 4.48398297
9000 -0.41652308 1.56494266 3.75388132
9100 -0.44690843 1.56987064 4.31055769
9200 -0.41800589 1.56225169 4.01198907
9300 -0.43555060 1.54940003 5.69209922
9400 -0.43394837 1.56329796 4.33486723
9500 -0.39782136 1.57560160 2.76993412
9600 -0.40394656 1.60399375 1.06607525
9700 -0.43696836 1.60284909 1.79493425
9800 -0.41315219 1.55939003 4.19157347
9900 -0.45240731 1.57173270 4.43614840
10000 -0.41764262 1.58690302 2.14624561
10100 -0.45168470 1.56364118 5.06457678
10200 -0.44286394 1.58198137 3.23192594
10300 -0.40450259 1.59160611 1.71505988
10400 -0.42776764 1.55039692 5.34590757
10500 -0.42797029 1.58343841 2.60639142
10600 -0.45448510 1.56835475 4.81728668
10700 -0.41125212 1.61679860 0.61447155
10800 -0.42620747 1.60671775 1.28009233
10900 -0.42703648 1.56947454 3.60766068
11000 -0.42997847 1.57180930 3.50624742
11100 -0.43608017 1.55994964 4.70542274
11200 -0.43667747 1.60428897 1.71736757
11300 -0.43593738 1.58549778 2.72601555
11400 -0.43166061 1.55119504 5.38240705
11500 -0.39353878 1.61455053 0.64920631
11600 -0.41849286 1.58657444 2.18239395
11700 -0.46906772 1.57725096 5.03138633
11800 -0.45499647 1.56048324 5.51893063
11900 -0.43894922 1.56461074 4.40418407
12000 -0.47499644 1.56721052 6.23928149
12100 -0.42053021 1.57109911 3.32342022
12200 -0.43929962 1.56960899 4.00358712
12300 -0.45138370 1.55533262 5.80109914
12400 -0.42690703 1.57281796 3.34052814
12500 -0.42208544 1.60443529 1.28195460
12600 -0.42062602 1.60824343 1.08452189
12700 -0.45256027 1.60114717 2.57459063
12800 -0.45860814 1.52996084 8.92215664
12900 -0.49583251 1.52998106 11.79420738
13000 -0.42410179 1.58211307 2.59476565
13100 -0.41028241 1.63272532 0.20207136
13200 -0.44609583 1.57962704 3.53858922
13300 -0.44347701 1.55538569 5.42105951
13400 -0.42861001 1.57013937 3.59812641
13500 -0.46470225 1.57413799 4.97071309
13600 -0.45773834 1.56355280 5.40341648
13700 -0.47967520 1.60133345 4.35828490
13800 -0.41473546 1.56100566 4.06856285
13900 -0.40965848 1.58891138 1.91255270
14000 -0.45400393 1.52989667 8.67061791
14100 -0.41860406 1.57499669 2.98580383
14200 -0.44333470 1.58523162 3.03641991
14300 -0.44371512 1.58404221 3.13072117
14400 -0.38634910 1.59162020 1.79727410
14500 -0.43178881 1.56506288 4.11242123
14600 -0.38599434 1.58852123 1.98789887
14700 -0.43247362 1.57537811 3.31148135
14800 -0.42895821 1.55964779 4.50105001
14900 -0.44453087 1.55522307 5.48283207
15000 -0.43764795 1.59229115 2.37383966
15100 -0.46921084 1.56499359 6.00811506
15200 -0.42841925 1.60327317 1.49552531
15300 -0.43418919 1.55347782 5.24271577
15400 -0.45687180 1.53367486 8.38297040
15500 -0.42432642 1.55920119 4.41809883
15600 -0.43393566 1.60601788 1.54302801
15700 -0.43140399 1.55503166 5.00259774
15800 -0.44526468 1.54915471 6.10933190
15900 -0.43718709 1.57856886 3.24264336
16000 -0.48863829 1.54897918 9.03097700
16100 -0.45906091 1.53962709 7.83518552
16200 -0.46918115 1.53287317 9.25236292
16300 -0.40995675 1.60425829 1.09572019
16400 -0.41800005 1.57554561 2.93372921
16500 -0.40068683 1.60319389 1.09564177
16600 -0.42977244 1.55086457 5.35711586
16700 -0.42042945 1.59041556 1.98383408
16800 -0.45227001 1.58879515 3.23909391
16900 -0.45676851 1.55730032 5.90794758
17000 -0.45562791 1.53946855 7.65583274
17100 -0.40186599 1.60276532 1.11729863
17200 -0.41049062 1.57413021 2.93313891
17300 -0.42810053 1.59476643 1.92019365
17400 -0.42019624 1.60758722 1.10336594
17500 -0.44126416 1.57952666 3.33461141
17600 -0.40674239 1.56113724 3.97102461
17700 -0.45424997 1.55414925 6.06521263
17800 -0.47392722 1.55699974 7.05714130
17900 -0.40792360 1.56663288 3.50643002
18000 -0.45813853 1.54359391 7.35117228
18100 -0.37758246 1.58008730 2.69516570
18200 -0.46445508 1.52785863 9.53648589
18300 -0.45602058 1.55121549 6.44834273
18400 -0.43616713 1.55937531 4.76044790
18500 -0.40791036 1.57983684 2.49272109
18600 -0.43058450 1.56799834 3.82984219
18700 -0.42169780 1.58258773 2.50760428
18800 -0.44279522 1.58129858 3.27565799
18900 -0.41133229 1.57796349 2.65883960
19000 -0.43504627 1.57281270 3.59306010
19100 -0.44433357 1.55607900 5.39330946
19200 -0.41608113 1.57951325 2.61349195
19300 -0.45846028 1.58227176 4.00235899
19400 -0.45118975 1.56155519 5.22143756
19500 -0.42306402 1.54518397 5.75917479
19600 -0.42236656 1.53628883 6.71524616
19700 -0.46037363 1.55855629 6.00346326
19800 -0.42769862 1.56683837 3.84153523
19900 -0.37566682 1.59666605 1.71830674
20000 -0.45284965 1.57127431 4.49540957
20100 -0.41546100 1.62608053 0.40559174
20200 -0.47736527 1.57140979 6.08090250
20300 -0.47374885 1.54457339 8.27683163
20400 -0.45088773 1.57265097 4.28621699
20500 -0.43072512 1.54481856 6.00358473
20600 -0.46013825 1.52935693 9.08567934
20700 -0.39799792 1.56317744 3.77108235
20800 -0.43723582 1.58426428 2.85384558
20900 -0.44089700 1.55141762 5.69552521
21000 -0.40253091 1.57632786 2.71699455
21100 -0.41142208 1.59337964 1.66816464
21200 -0.43031941 1.56795858 3.82503096
21300 -0.39335155 1.61654751 0.58163538
21400 -0.41930899 1.58643268 2.20682055
21500 -0.43387803 1.56161848 4.47950711
21600 -0.38537431 1.61184585 0.83482496
21700 -0.42849656 1.56778510 3.78567221
21800 -0.44499653 1.57741868 3.64636786
21900 -0.39062803 1.58970381 1.86173199
22000 -0.43797407 1.52267640 8.82666422
22100 -0.44348710 1.55760021 5.21442498
22200 -0.45443339 1.58902701 3.34034987
22300 -0.43688609 1.54902678 5.77808710
22400 -0.40494838 1.57837259 2.57748651
22500 -0.39350402 1.62219487 0.40766137
22600 -0.43913999 1.54979662 5.78632755
22700 -0.45920498 1.57802891 4.34253408
22800 -0.40081783 1.61533612 0.60112680
22900 -0.38881226 1.61067638 0.83575628
23000 -0.41376945 1.58819882 2.00449193
23100 -0.44533441 1.55180284 5.84894530
23200 -0.43036193 1.59255899 2.11065836
23300 -0.45946306 1.55537903 6.24449190
23400 -0.48754442 1.55189760 8.64405315
23500 -0.44554822 1.54221384 6.84624808
23600 -0.41614728 1.55723446 4.43309014
23700 -0.42981579 1.61169126 1.17827062
23800 -0.44094331 1.56917035 4.10489338
23900 -0.45398269 1.56921729 4.71998829
24000 -0.45329302 1.56833571 4.75460076
24100 -0.39363772 1.63040499 0.21222158
24200 -0.46012874 1.52982594 9.02863482
24300 -0.44308720 1.60844611 1.79161654
24400 -0.42287572 1.56559101 3.82408778
24500 -0.40377287 1.57705265 2.66777522
24600 -0.43190851 1.57419488 3.38228503
24700 -0.45095990 1.57169974 4.36392099
24800 -0.47428741 1.55698354 7.08534006
24900 -0.40001865 1.59348972 1.59670606
25000 -0.44549624 1.60193881 2.18989259
25100 -0.44654376 1.58062309 3.48973870
25200 -0.43232656 1.57193003 3.56996293
25300 -0.47304106 1.56569905 6.22082308
25400 -0.45430945 1.58645872 3.49350557
25500 -0.41945952 1.61013544 0.98392801
25600 -0.44474978 1.55725873 5.30174346
25700 -0.46402986 1.56527883 5.63874976
25800 -0.45969040 1.55636694 6.16504727
25900 -0.46057691 1.55351407 6.48954815
26000 -0.44970523 1.57655479 3.93240455
26100 -0.44748705 1.59397856 2.69671082
26200 -0.39979572 1.59532795 1.49453748
26300 -0.42230766 1.57197469 3.29278998
26400 -0.43783539 1.57541995 3.49685035
26500 -0.43583240 1.55911159 4.77233211
26600 -0.39724040 1.57275054 2.98754735
26700 -0.45210880 1.57734995 3.99667812
26800 -0.41149830 1.55372493 4.70054961
26900 -0.44392558 1.57906400 3.48068658
27000 -0.40697677 1.57385567 2.92331738
27100 -0.42071105 1.57207428 3.25068293
27200 -0.44642926 1.58887247 2.94612544
27300 -0.42728241 1.57869461 2.91439473
27400 -0.44250378 1.56431086 4.57460008
27500 -0.41713029 1.62846510 0.37859941
27600 -0.40688708 1.56754527 3.42310688
27700 -0.43879485 1.59329354 2.36033122
27800 -0.39717308 1.60496552 1.01804772
27900 -0.41695496 1.59116642 1.87443066
28000 -0.43310512 1.55396459 5.15937422
28100 -0.46046693 1.56344447 5.57405463
28200 -0.44081328 1.56442318 4.49455833
28300 -0.45181094 1.56090128 5.31147787
28400 -0.44688394 1.56676466 4.56311311
28500 -0.44728438 1.56479474 4.74787404
28600 -0.39588347 1.57480965 2.83526715
28700 -0.42023240 1.59869977 1.52053162
28800 -0.44022736 1.59340684 2.41051328
28900 -0.44677443 1.57830514 3.66400006
29000 -0.44250983 1.54902066 6.00195589
29100 -0.42266407 1.60374545 1.32657187
29200 -0.43844485 1.56621877 4.24865044
29300 -0.44859645 1.55029662 6.15118927
29400 -0.44656108 1.57811167 3.66793294
29500 -0.45098688 1.58629353 3.32908775
29600 -0.44092719 1.56954486 4.07403192
29700 -0.39866408 1.61677422 0.55286852
29800 -0.42476849 1.59357844 1.89843532
29900 -0.46636628 1.56682340 5.66141512
30000 -0.42751593 1.56301964 4.16135422
30100 -0.41833572 1.60050487 1.39298349
30200 -0.42306474 1.61052154 1.04526529
30300 -0.43108641 1.58582579 2.54234670
30400 -0.39804233 1.51912244 8.56638470
30500 -0.47876136 1.56430411 6.77356859
30600 -0.45034287 1.54446680 6.83583043
30700 -0.41330664 1.62613884 0.37321076
30800 -0.44052844 1.59063980 2.58309402
30900 -0.43546705 1.55304972 5.32863422
31000 -0.41793068 1.56793615 3.52799208
31100 -0.44477928 1.55939502 5.10722281
31200 -0.43577894 1.58628447 2.66990031
31300 -0.42258623 1.54470599 5.79848372
31400 -0.42760130 1.59472860 1.90837990
31500 -0.43953992 1.55035159 5.74660515
31600 -0.46040498 1.54202110 7.65410246
31700 -0.47553237 1.58425562 5.01373143
31800 -0.37947201 1.60704876 1.13310350
31900 -0.46192663 1.56014976 5.95398685
32000 -0.44316794 1.53991049 6.99158596
32100 -0.38491279 1.60035473 1.34613815
32200 -0.42687404 1.57053670 3.51831483
32300 -0.38995042 1.56592080 3.58515326
32400 -0.43854251 1.57202859 3.78253258
32500 -0.42325561 1.55100417 5.17049902
32600 -0.42840678 1.60960475 1.21936081
32700 -0.41329161 1.57098198 3.21025696
32800 -0.45539870 1.57198861 4.57739662
32900 -0.42133487 1.56879337 3.52484704
33000 -0.42050640 1.60464659 1.23872183
33100 -0.44802718 1.56485211 4.77838600
33200 -0.43391495 1.57159957 3.64842524
33300 -0.47955546 1.57562894 5.93006246
33400 -0.42875667 1.57228079 3.43361072
33500 -0.44669241 1.57944456 3.57912552
33600 -0.46207383 1.55434796 6.50123678
33700 -0.43207781 1.57320645 3.46311759
33800 -0.44086609 1.61577139 1.42081747
33900 -0.40432682 1.60590369 0.98160298
34000 -0.44197232 1.53500852 7.49235780
34100 -0.39182031 1.56287725 3.82864033
34200 -0.44917598 1.56332662 4.96527610
34300 -0.50620118 1.55194992 10.44625397
34400 -0.44464958 1.56087801 4.96815746
34500 -0.46085495 1.52303159 9.91215032
34600 -0.39815381 1.55369133 4.63938429
34700 -0.41612464 1.58686027 2.12331448
34800 -0.45116541 1.57297135 4.27565618
34900 -0.46055078 1.55455497 6.38807561
35000 -0.47460917 1.54969093 7.81421921
35100 -0.45125459 1.54042965 7.31634747
35200 -0.41535819 1.60833206 0.98604535
35300 -0.44056185 1.57977006 3.28875443
35400 -0.45405879 1.53667680 7.88225005
35500 -0.44226278 1.56113731 4.84136046
35600 -0.44222905 1.61649228 1.45303005
35700 -0.44345928 1.56568001 4.49928534
35800 -0.44880848 1.57281240 4.17009676
35900 -0.49810510 1.53280397 11.67975983
36000 -0.42986867 1.56588814 3.98347074
36100 -0.46131576 1.57451298 4.72895618
36200 -0.42463195 1.58406270 2.47722997
36300 -0.39631007 1.58210137 2.31191972
36400 -0.47983793 1.56814125 6.53747479
36500 -0.45761514 1.56773515 5.04350501
36600 -0.44456038 1.58705704 2.97372171
36700 -0.43091298 1.59368752 2.06335401
36800 -0.41970786 1.56737790 3.60740590
36900 -0.47354697 1.55733505 6.99797564
37000 -0.42548384 1.54575126 5.75861343
37100 -0.43873057 1.57527797 3.54171937
37200 -0.40577243 1.59237284 1.67710502
37300 -0.43407834 1.58613503 2.62003347
37400 -0.44841868 1.56865000 4.48109582
37500 -0.41073823 1.59219891 1.72813802
37600 -0.37974196 1.60881067 1.05347451
37700 -0.44427953 1.55330682 5.65512379
37800 -0.41914257 1.56913062 3.45314709
37900 -0.44596546 1.59882036 2.36608993
38000 -0.47274850 1.57327868 5.58925281
38100 -0.42536527 1.55459390 4.87286036
38200 -0.45464670 1.58660547 3.50256375
38300 -0.41562512 1.57575535 2.87820634
38400 -0.44237602 1.57390920 3.79276835
38500 -0.43964429 1.56984882 3.99794106
38600 -0.42402714 1.60636844 1.24050817
38700 -0.43026833 1.61650521 1.01903638
38800 -0.39617838 1.59467831 1.53754712
38900 -0.42609568 1.57301749 3.30364566
39000 -0.44492793 1.57440948 3.86622284
39100 -0.37133078 1.60853380 1.27068501
39200 -0.41902703 1.58398502 2.36000268
39300 -0.43602532 1.59289809 2.27922596
39400 -0.44187820 1.59276655 2.51472578
39500 -0.44884571 1.59201537 2.87406027
39600 -0.45364852 1.57319062 4.38892274
39700 -0.45793821 1.55301494 6.38146896
39800 -0.43638659 1.57423395 3.53223935
39900 -0.43805154 1.57617940 3.44869991
40000 -0.41459622 1.59711179 1.50510607
40100 -0.47556582 1.57087119 5.98578071
40200 -0.46684605 1.53820073 8.48373548
40300 -0.41732125 1.57261769 3.14402400
40400 -0.40463741 1.56401985 3.70704584
40500 -0.44513374 1.53995790 7.07315899
40600 -0.41055586 1.59023003 1.84193770
40700 -0.39966195 1.55229352 4.77333491
40800 -0.45644008 1.57422921 4.46334759
40900 -0.45650754 1.56629581 5.09974653
41000 -0.42681709 1.57231435 3.37710847
41100 -0.44752123 1.60792844 2.01414193
41200 -0.43966332 1.54994181 5.79241067
41300 -0.41823649 1.58690900 2.15652229
41400 -0.44146396 1.57448506 3.71088287
41500 -0.45434858 1.56981803 4.69145848
41600 -0.41952836 1.58561236 2.26356227
41700 -0.43486926 1.57470720 3.44243511
41800 -0.42485634 1.56836080 3.64139785
41900 -0.42863098 1.58511484 2.51490846
42000 -0.46831318 1.55134941 7.19931490
42100 -0.45619555 1.56960872 4.81034857
42200 -0.39586884 1.58508102 2.11577023
42300 -0.46108370 1.57121015 4.96952933
42400 -0.44990419 1.59078307 2.99853655
42500 -0.43879437 1.56851827 4.07213779
42600 -0.45818969 1.58762627 3.63826112
42700 -0.43659150 1.56157540 4.57892406
42800 -0.41837215 1.57032620 3.34272528
42900 -0.44534311 1.57086435 4.15922421
43000 -0.43714671 1.56606000 4.21290059
43100 -0.41489306 1.54021686 6.13707015
43200 -0.46825232 1.58501429 4.44076048
43300 -0.41639007 1.60230186 1.27187344
43400 -0.40905020 1.58016528 2.47939691
43500 -0.42756328 1.57345530 3.30941281
43600 -0.43756088 1.58294986 2.95327020
43700 -0.44227392 1.57565633 3.65703248
43800 -0.44644810 1.56377238 4.79631463
43900 -0.43797701 1.60746891 1.62557331
44000 -0.44054698 1.54454583 6.38231993
44100 -0.44227635 1.59268087 2.53638607
44200 -0.40915680 1.55963673 4.12468346
44300 -0.42849444 1.60199637 1.55814057
44400 -0.43573592 1.57154448 3.71616233
44500 -0.45949910 1.57845265 4.32958307
44600 -0.43951289 1.56632394 4.28147581
44700 -0.46726932 1.54819175 7.44504071
44800 -0.44230827 1.57708490 3.55330095
44900 -0.44972024 1.54318264 6.94102493
45000 -0.43844259 1.56663155 4.21406588
45100 -0.41486214 1.59550661 1.59520657
45200 -0.43914788 1.59720379 2.15999811
45300 -0.44787623 1.57336995 4.08214925
45400 -0.45954564 1.57740888 4.40757731
45500 -0.46475497 1.52398914 10.03597181
45600 -0.44445678 1.61128085 1.73778892
45700 -0.45315663 1.57804338 4.00169097
45800 -0.44619322 1.56234040 4.90900986
45900 -0.46717689 1.54961301 7.29514135
46000 -0.41904495 1.57396875 3.07173050
46100 -0.40000299 1.56360203 3.73230473
46200 -0.45819081 1.55439101 6.26362467
46300 -0.42622920 1.58245079 2.62543349
46400 -0.45194722 1.58009372 3.79270081
46500 -0.44122437 1.56972502 4.07176062
46600 -0.43332299 1.59574369 2.02708423
46700 -0.48838119 1.55499024 8.41904428
46800 -0.44095800 1.59502032 2.35016130
46900 -0.41914406 1.57280512 3.16277244
47000 -0.41647950 1.56392781 3.83999754
47100 -0.43189081 1.57454076 3.35556010
47200 -0.41503792 1.55573943 4.55559673
47300 -0.44290558 1.58431119 3.07795393
47400 -0.41175311 1.57687805 2.74247733
47500 -0.44294328 1.55754337 5.19617655
47600 -0.42689197 1.51969475 8.85131848
47700 -0.44870053 1.53820422 7.43501876
47800 -0.46591412 1.56768742 5.56001594
47900 -0.40270921 1.60744579 0.90910015
48000 -0.45138193 1.57349317 4.24669909
48100 -0.40846393 1.59017704 1.82521218
48200 -0.45648690 1.57738322 4.23198276
48300 -0.42909174 1.59408435 1.98644478
48400 -0.44128402 1.56034907 4.87082990
48500 -0.42720967 1.59597537 1.82951348
48600 -0.44364137 1.55239331 5.71581704
48700 -0.39781456 1.58267698 2.26858248
48800 -0.44078894 1.56448419 4.48834558
48900 -0.45026982 1.56994652 4.46780710
49000 -0.45492692 1.56299914 5.29305818
49100 -0.44988350 1.57771602 3.85666906
49200 -0.42951800 1.57664414 3.12619687
49300 -0.43046431 1.58621947 2.49801492
49400 -0.47622121 1.50884858 12.86669743
49500 -0.43236230 1.58133321 2.88122340
49600 -0.44934067 1.53816038 7.47130113
49700 -0.44277283 1.56904821 4.19135389
49800 -0.43644688 1.55134094 5.53099232
49900 -0.42631265 1.59026621 2.13024059
50000 -0.42524471 1.60616699 1.27931402
50100 -0.45484907 1.57959667 3.98252445
50200 -0.40319933 1.60603793 0.97144974
50300 -0.45019859 1.58784778 3.19139825
50400 -0.47017475 1.53367418 9.22809578
50500 -0.38515016 1.59113451 1.84283208
50600 -0.45825225 1.57576836 4.45183058
50700 -0.40977131 1.58078876 2.44283738
50800 -0.42245150 1.57741471 2.88634705
50900 -0.42264323 1.56623328 3.76478993
51000 -0.46586775 1.56877331 5.46816785
51100 -0.41970532 1.60955892 1.01189041
51200 -0.43375679 1.56861127 3.88182287
51300 -0.45496045 1.55418076 6.10098842
51400 -0.43126544 1.58948842 2.31958956
51500 -0.44320485 1.58268818 3.19877014
51600 -0.43529211 1.52931436 7.90527843
51700 -0.45476224 1.58030436 3.92819269
51800 -0.43082133 1.58283509 2.73053961
51900 -0.45434823 1.55109849 6.36761903
52000 -0.37065240 1.58629996 2.45948793
52100 -0.42250638 1.56715134 3.68521882
52200 -0.43079626 1.56453225 4.12657313
52300 -0.45331036 1.53029265 8.58592245
52400 -0.42206423 1.57820991 2.82032361
52500 -0.45492915 1.54021929 7.53450813
52600 -0.45852943 1.53020909 8.88777842
52700 -0.46614121 1.58385912 4.37463763
52800 -0.46100756 1.56192684 5.73940161
52900 -0.39477498 1.57139004 3.10341354
53000 -0.42083446 1.58030374 2.64582164
53100 -0.45892760 1.56287111 5.53195242
53200 -0.43560948 1.57840891 3.19665995
53300 -0.41701540 1.56407564 3.83625962
53400 -0.42746867 1.57116904 3.48442424
53500 -0.44274928 1.54900694 6.01354967
53600 -0.39070619 1.60383266 1.10889896
53700 -0.45696411 1.57698849 4.28779472
53800 -0.45945306 1.59766682 3.13671410
53900 -0.41196331 1.55385860 4.69314483
54000 -0.44128827 1.59482843 2.37431201
54100 -0.40506215 1.60390621 1.07513154
54200 -0.38654602 1.60164721 1.25950108
54300 -0.44402204 1.56773597 4.35265552
54400 -0.44937663 1.56827285 4.55868977
54500 -0.45177429 1.56133690 5.27086144
54600 -0.45480790 1.57677234 4.18309796
54700 -0.42942893 1.57224467 3.45597668
54800 -0.46920967 1.53460267 9.05326138
54900 -0.45223007 1.56442226 5.02576490
55000 -0.42672758 1.58317899 2.58970524
55100 -0.42948298 1.61036730 1.21999856
55200 -0.42569667 1.60204943 1.47978794
55300 -0.43235883 1.57182071 3.57954766
55400 -0.47551233 1.52912238 10.15675593
55500 -0.40403363 1.63052681 0.19773764
55600 -0.44714389 1.57101487 4.23059881
55700 -0.42838082 1.60023299 1.64111296
55800 -0.42294782 1.56533062 3.84775290
55900 -0.46166209 1.57394261 4.79347045
56000 -0.44916970 1.55436132 5.78220834
56100 -0.43017443 1.58009599 2.89853318
56200 -0.43748011 1.54802988 5.90133170
56300 -0.41942903 1.57929767 2.68815358
56400 -0.39527863 1.57810231 2.59578428
56500 -0.46713562 1.57350167 5.17959293
56600 -0.41988857 1.58739418 2.15752161
56700 -0.44850116 1.55929147 5.29020011
56800 -0.42350991 1.57355286 3.19844082
56900 -0.41749414 1.56554043 3.71973234
57000 -0.39477724 1.59709842 1.41292714
57100 -0.42028437 1.58544394 2.28947017
57200 -0.42742225 1.58108017 2.75096134
57300 -0.41926388 1.58174158 2.51515469
57400 -0.47407842 1.60978725 3.55233841
57500 -0.44290478 1.58971572 2.73750749
57600 -0.41744184 1.56861466 3.46389536
57700 -0.48035706 1.53536442 9.79928661
57800 -0.40907402 1.58056136 2.45203128
57900 -0.46089629 1.57362320 4.77088715
58000 -0.42356563 1.56777249 3.65835142
58100 -0.44757847 1.59333642 2.73723598
58200 -0.44067827 1.58000774 3.27681939
58300 -0.40137243 1.55878033 4.16145594
58400 -0.44141279 1.54805649 6.05374938
58500 -0.38050400 1.63870928 0.25378717
58600 -0.38347517 1.59363236 1.72519039
58700 -0.41862731 1.60062947 1.39221320
58800 -0.44809984 1.54779738 6.37948512
58900 -0.41705402 1.58342975 2.36121924
59000 -0.43250572 1.58092588 2.91392790
59100 -0.38130115 1.58544173 2.25870884
59200 -0.42160733 1.57643347 2.93945547
59300 -0.44028780 1.54325148 6.50917618
59400 -0.40324338 1.57922084 2.51010471
59500 -0.45910304 1.57220632 4.77251278
59600 -0.46893231 1.55691832 6.70793092
59700 -0.41681514 1.55977030 4.21207406
59800 -0.39331200 1.64142263 0.05915032
59900 -0.41069078 1.59175627 1.75331251
60000 -0.41666674 1.60011737 1.38302829
60100 -0.42722234 1.54188404 6.21505858
60200 -0.41486379 1.54742581 5.37119853
60300 -0.42966469 1.57294424 3.40879177
60400 -0.43104094 1.57329789 3.42337672
60500 -0.42464747 1.60311071 1.40305170
60600 -0.43562108 1.54664857 5.97518952
60700 -0.41100215 1.59158636 1.76660021
60800 -0.41233007 1.57678825 2.75599556
60900 -0.45606736 1.55856956 5.75153726
61000 -0.41794867 1.57947591 2.64790094
61100 -0.41127936 1.55981518 4.13026294
61200 -0.44661142 1.59601809 2.54333587
61300 -0.44140683 1.55146783 5.71155683
61400 -0.39697812 1.61996959 0.45547860
61500 -0.46045075 1.58313517 4.06259969
61600 -0.43281084 1.56073411 4.52247501
61700 -0.43550219 1.54026949 6.65059473
61800 -0.44316637 1.53768279 7.23924538
61900 -0.39315791 1.55805821 4.25005352
62000 -0.43096084 1.56123001 4.41934261
62100 -0.44181961 1.56966637 4.10118569
62200 -0.45766925 1.55555729 6.12258381
62300 -0.40335172 1.55849709 4.19200807
62400 -0.43619602 1.60248214 1.78404958
62500 -0.45156792 1.57511022 4.13386465
62600 -0.43575037 1.54870883 5.76899487
62700 -0.45098260 1.56397537 4.99973148
62800 -0.45315320 1.53762024 7.72723690
62900 -0.41099315 1.60317644 1.15664765
63000 -0.41823547 1.56720865 3.59347012
63100 -0.42032428 1.59562170 1.68503776
63200 -0.40456648 1.59266753 1.65393254
63300 -0.47604798 1.56324521 6.65484460
63400 -0.42897749 1.54870826 5.54985615
63500 -0.41062355 1.58050434 2.47125335
63600 -0.46037414 1.53403656 8.54627738
63700 -0.44211153 1.56682378 4.34583247
63800 -0.42356102 1.55037437 5.24019398
63900 -0.44891460 1.56565171 4.75363624
64000 -0.45907984 1.54977545 6.76769422
64100 -0.43501742 1.56208700 4.47745751
64200 -0.45625053 1.55860975 5.75814969
64300 -0.44207203 1.58712688 2.86154227
64400 -0.45765028 1.54344266 7.33901100
64500 -0.45888901 1.54772997 6.96353784
64600 -0.42054380 1.59221400 1.88063508
64700 -0.41696491 1.56124285 4.08281954
64800 -0.42886788 1.58379424 2.60827828
64900 -0.43411083 1.60112869 1.77597687
65000 -0.43134508 1.56200246 4.36304048
65100 -0.45202246 1.56387612 5.06182933
65200 -0.42934305 1.57312846 3.38512387
65300 -0.43983893 1.55425634 5.37699476
65400 -0.37116149 1.64757373 0.41877333
65500 -0.43314465 1.54472919 6.09025581
65600 -0.42721685 1.60266060 1.49088794
65700 -0.46436532 1.59722212 3.46419982
65800 -0.43573198 1.59827194 1.97628362
65900 -0.44491168 1.55757344 5.27986419
66000 -0.43889470 1.57250269 3.75931539
66100 -0.40537578 1.55456368 4.56849504
66200 -0.50112813 1.57331216 8.05396193
66300 -0.44736057 1.55661523 5.48186953
66400 -0.44632170 1.54990725 6.08212893
66500 -0.44348220 1.60604808 1.91123658
66600 -0.43490745 1.56459865 4.25596064
66700 -0.44539130 1.55674375 5.37854870
66800 -0.41831765 1.55114211 5.05420883
66900 -0.46232496 1.57253698 4.94246017
67000 -0.40057326 1.60738025 0.90838584
67100 -0.40982473 1.56682404 3.50738261
67200 -0.46463301 1.56517204 5.68660396
67300 -0.42142639 1.53004159 7.42455473
67400 -0.45098756 1.54406439 6.91104182
67500 -0.43766720 1.55674483 5.05767217
67600 -0.41973227 1.58228484 2.48735305
67700 -0.44341716 1.55775180 5.19738979
67800 -0.39570423 1.59009493 1.80353543
67900 -0.43699869 1.57250088 3.68750847
68000 -0.41786544 1.58103774 2.53748344
68100 -0.42028790 1.61985264 0.66023094
68200 -0.45891573 1.56071966 5.72102125
68300 -0.47660025 1.58094795 5.31789185
68400 -0.41247341 1.59958827 1.34846428
68500 -0.45217475 1.56658079 4.84048484
68600 -0.39582076 1.55571018 4.45401820
68700 -0.39520754 1.63053732 0.20088187
68800 -0.45928095 1.59239260 3.41642145
68900 -0.42751046 1.55844170 4.56987367
69000 -0.43326113 1.60221453 1.69487702
69100 -0.42332575 1.58887916 2.13992379
69200 -0.45655353 1.56461471 5.24447484
69300 -0.43496229 1.56388857 4.31876999
69400 -0.40491367 1.59648012 1.44426071
69500 -0.43233860 1.55059338 5.46373051
69600 -0.41991139 1.56784577 3.57289074
69700 -0.39524574 1.60428078 1.05642507
69800 -0.41443193 1.63197720 0.26655082
69900 -0.45166358 1.57227702 4.35499372
70000 -0.44434418 1.56107669 4.93688048
70100 -0.46160419 1.54336051 7.58352856
70200 -0.43788151 1.56675432 4.18242608
70300 -0.46350390 1.56936042 5.26774346
70400 -0.43986409 1.54500011 6.30706070
70500 -0.44030022 1.54279637 6.55836273
70600 -0.40340947 1.62760903 0.25649001
70700 -0.46011661 1.54398509 7.42658442
70800 -0.41530733 1.59960522 1.38697429
70900 -0.42099964 1.58131820 2.57908689
71000 -0.44129983 1.56565451 4.40991924
71100 -0.42527860 1.56271415 4.12891383
71200 -0.42101619 1.57324976 3.16613956
71300 -0.41911227 1.61591367 0.76357828
71400 -0.45282121 1.55465873 5.94001922
71500 -0.40228479 1.55140176 4.86341671
71600 -0.45607981 1.56903916 4.84980096
71700 -0.42870298 1.58384615 2.60009674
71800 -0.45937998 1.55074288 6.68897919
71900 -0.46399576 1.56620979 5.55812838
72000 -0.43223447 1.56667602 3.99097347
72100 -0.48011318 1.54560772 8.65793494
72200 -0.45424814 1.55457309 6.02457751
72300 -0.41656834 1.62202843 0.52845913
72400 -0.42025804 1.59810306 1.55184033
72500 -0.44567482 1.55885143 5.19712558
72600 -0.42857630 1.57858165 2.95859283
72700 -0.44308660 1.55297956 5.63471016
72800 -0.46044974 1.55669995 6.17953506
72900 -0.41143440 1.56864432 3.37474579
73000 -0.45149809 1.55422927 5.91204304
73100 -0.45490371 1.55793408 5.74527564
73200 -0.41719314 1.58101699 2.52712974
73300 -0.44229850 1.59373559 2.47742330
73400 -0.44805514 1.58078490 3.55001348
73500 -0.44021659 1.59719782 2.20272193
73600 -0.47123280 1.57126233 5.63686618
73700 -0.42865963 1.56899279 3.69177161
73800 -0.43192136 1.59105575 2.24669886
73900 -0.42738943 1.61073681 1.14588939
74000 -0.43188753 1.58163242 2.84547036
74100 -0.38790075 1.60062229 1.29227493
74200 -0.39867236 1.63140312 0.17380334
74300 -0.47089475 1.57826259 5.08616086
74400 -0.41808981 1.59381718 1.74187525
74500 -0.47566231 1.53882685 9.04212761
74600 -0.45218170 1.58287722 3.61419853
74700 -0.47287394 1.56658135 6.13464115
74800 -0.42107836 1.56201884 4.09249120
74900 -0.46914344 1.56925997 5.64988359
75000 -0.42572595 1.56708287 3.76853756
75100 -0.42791561 1.58224787 2.68481664
75200 -0.42346986 1.59561948 1.75403768
75300 -0.42368333 1.61540913 0.87871405
75400 -0.42313374 1.56933751 3.52080371
75500 -0.43365972 1.55014477 5.55202147
75600 -0.45757784 1.54321159 7.35948597
75700 -0.45793033 1.58384874 3.86595647
75800 -0.45824281 1.54082782 7.65539497
75900 -0.44306438 1.58033898 3.35359977
76000 -0.43586985 1.57173149 3.70630288
76100 -0.42319626 1.60223066 1.40998831
76200 -0.43169650 1.54729301 5.77669714
76300 -0.41196608 1.60958752 0.88817794
76400 -0.41213300 1.63566522 0.17634778
76500 -0.45100194 1.59297203 2.92669368
76600 -0.40877957 1.52863351 7.40345280
76700 -0.45131898 1.56821344 4.66133953
76800 -0.46425588 1.56721647 5.49096597
76900 -0.45410707 1.56975851 4.68313544
77000 -0.40296666 1.59090124 1.75073220
77100 -0.45788776 1.58684876 3.66953581
77200 -0.43702125 1.59171448 2.38388765
77300 -0.42821045 1.59297430 2.02387997
77400 -0.45671771 1.56002762 5.65596442
77500 -0.45364673 1.56405452 5.13229879
77600 -0.42970848 1.59150942 2.15187069
77700 -0.46094897 1.55589585 6.28518418
77800 -0.45496856 1.55997928 5.56263655
77900 -0.44792891 1.58199066 3.46122581
78000 -0.42254814 1.60825910 1.12536058
78100 -0.42895415 1.59234014 2.08150141
78200 -0.47643395 1.52276345 11.01564411
78300 -0.41279293 1.59375122 1.66379192
78400 -0.48297313 1.57939666 5.93468624
78500 -0.42474480 1.56945698 3.54974131
78600 -0.45636482 1.60235198 2.72366346
78700 -0.42523815 1.60256238 1.44364610
78800 -0.42345620 1.59166036 1.97685325
78900 -0.44517251 1.58406825 3.19377590
79000 -0.42842205 1.60208205 1.55197119
79100 -0.45556320 1.57576066 4.29937425
79200 -0.41415437 1.62233825 0.48275921
79300 -0.43867500 1.58016098 3.18662244
79400 -0.46556820 1.55291110 6.86272147
79500 -0.42958190 1.56581693 3.98093921
79600 -0.42627291 1.56617340 3.85858200
79700 -0.43479734 1.60591166 1.57731809
79800 -0.39749897 1.61922732 0.47660635
79900 -0.40412507 1.61621632 0.57917651
80000 -0.46743720 1.56471653 5.91052262
80100 -0.43121432 1.57608076 3.21919362
80200 -0.41467431 1.61195245 0.83147548
80300 -0.44751043 1.51713108 9.95569592
80400 -0.42926328 1.58185920 2.74975432
80500 -0.42088480 1.60703350 1.14114737
80600 -0.43943111 1.59312634 2.39471300
80700 -0.42073665 1.57329133 3.15711435
80800 -0.38894531 1.60072496 1.27511774
80900 -0.41607566 1.56359573 3.86206199
81000 -0.46572146 1.53674548 8.57294774
81100 -0.44051078 1.58479608 2.94633740
81200 -0.39772360 1.60862999 0.85832976
81300 -0.40959817 1.55301881 4.74873799
81400 -0.45633079 1.54257264 7.35689801
81500 -0.42257776 1.56186197 4.13903382
81600 -0.46231683 1.53913199 8.08755143
81700 -0.41850817 1.60096969 1.37326173
81800 -0.43779267 1.54131300 6.62057504
81900 -0.45832842 1.55479159 6.23342293
82000 -0.43210924 1.58511872 2.62029211
82100 -0.46409153 1.52726721 9.58553087
82200 -0.42768368 1.57381445 3.28531197
82300 -0.41302729 1.56905444 3.36094686
82400 -0.41851964 1.59442502 1.71577760
82500 -0.41310534 1.56220437 3.93991141
82600 -0.46389761 1.56902745 5.31972976
82700 -0.43911969 1.58680343 2.76207810
82800 -0.43775356 1.58104542 3.09003252
82900 -0.40421579 1.56123612 3.94839979
83000 -0.38040896 1.58547568 2.27359800
83100 -0.42543804 1.56921543 3.58662065
83200 -0.42204728 1.58305540 2.48383066
83300 -0.45324043 1.56393768 5.12063349
83400 -0.39413813 1.57253667 3.01746473
83500 -0.41757892 1.58617218 2.19150455
83600 -0.43650322 1.55262223 5.40745728
83700 -0.43125806 1.59985066 1.74601126
83800 -0.43114519 1.60778150 1.37621237
83900 -0.44098566 1.59822837 2.18006306
84000 -0.42456753 1.59411387 1.86341162
84100 -0.42464868 1.57924221 2.80711132
84200 -0.46975962 1.56885931 5.72510794
84300 -0.42503801 1.56248395 4.14298040
84400 -0.44552922 1.57232168 4.05341510
84500 -0.43519346 1.54047695 6.61693864
84600 -0.42308439 1.59745770 1.64679119
84700 -0.45439350 1.53940335 7.59513579
84800 -0.42929776 1.53011163 7.61578963
84900 -0.42784814 1.57618208 3.11230178
85000 -0.43196334 1.59008782 2.30556233
85100 -0.50478545 1.54705453 10.78888035
85200 -0.45531683 1.55931502 5.64185876
85300 -0.46968854 1.53858719 8.63465287
85400 -0.43204930 1.57113798 3.62318787
85500 -0.45047215 1.58004861 3.72031759
85600 -0.43225219 1.57749744 3.14841261
85700 -0.42013267 1.59358372 1.79406029
85800 -0.47188548 1.53651550 9.02312684
85900 -0.46400360 1.57170321 5.11342445
86000 -0.42366650 1.59021756 2.06702152
86100 -0.43465961 1.57829871 3.17118174
86200 -0.41497921 1.58888586 1.97965735
86300 -0.41759179 1.56767616 3.54334277
86400 -0.47360422 1.55722026 7.01283063
86500 -0.48222910 1.53415758 10.09054592
86600 -0.43272402 1.59620304 1.98248746
86700 -0.44755607 1.57041031 4.29804912
86800 -0.42896086 1.60140779 1.59996709
86900 -0.42140747 1.57961613 2.70608467
87000 -0.47921113 1.56208797 7.00146452
87100 -0.46360005 1.53379194 8.77463996
87200 -0.46499587 1.55399088 6.72110693
87300 -0.43351259 1.56897506 3.84406761
87400 -0.45079122 1.63092967 1.47171246
87500 -0.43385605 1.54824662 5.74999057
87600 -0.45773225 1.56946686 4.90929924
87700 -0.42311026 1.57407866 3.14906707
87800 -0.39281782 1.58042262 2.44629793
87900 -0.42829566 1.61252586 1.10247784
88000 -0.39805176 1.59630358 1.44355084
88100 -0.45204767 1.55809847 5.57742520
88200 -0.43355450 1.55249946 5.31612999
88300 -0.46467257 1.57794549 4.68719699
88400 -0.43297622 1.58845283 2.43774303
88500 -0.38936668 1.61296561 0.74230667
88600 -0.44565163 1.56450270 4.69692981
88700 -0.44086225 1.55987677 4.89596038
88800 -0.42040112 1.57248801 3.21215746
88900 -0.45440734 1.50352621 12.20736491
89000 -0.44789427 1.58603119 3.19293491
89100 -0.44861964 1.60152727 2.35673754
89200 -0.43242994 1.57116601 3.63324972
89300 -0.45604811 1.57834366 4.13801077
89400 -0.42966585 1.59433412 1.98937615
89500 -0.41191576 1.56982388 3.28509773
89600 -0.40376577 1.55493399 4.52586317
89700 -0.42097332 1.58021720 2.65475954
89800 -0.41580906 1.57833162 2.69314157
89900 -0.45579907 1.54923388 6.63367382
90000 -0.46415429 1.55570152 6.50398800
90100 -0.48654271 1.55462787 8.29274209
90200 -0.45730154 1.60461530 2.67161858
90300 -0.45244825 1.59377023 2.95630299
90400 -0.39911446 1.57523917 2.79498307
90500 -0.45506380 1.55347440 6.17460719
90600 -0.40909928 1.55619291 4.44128395
90700 -0.41167698 1.59706091 1.46944930
90800 -0.42625335 1.55498234 4.85879688
90900 -0.42511856 1.59754489 1.69124054
91000 -0.40498135 1.58465645 2.14729667
91100 -0.39473490 1.58818614 1.92433754
91200 -0.41861826 1.59787212 1.53197741
91300 -0.39937739 1.60432948 1.04309206
91400 -0.44578943 1.57759319 3.66970876
91500 -0.43427081 1.60038336 1.81814947
91600 -0.40996446 1.59240652 1.70814963
91700 -0.45450176 1.55332825 6.15793488
91800 -0.47746388 1.56360973 6.73196552
91900 -0.40338054 1.58832041 1.90789981
92000 -0.45104083 1.57739617 3.93824137
92100 -0.43504759 1.58143403 2.96481262
92200 -0.44770239 1.61922136 1.61142110
92300 -0.40885897 1.57758742 2.66103133
92400 -0.44328484 1.54809024 6.12958777
92500 -0.42530424 1.56186347 4.20417630
92600 -0.40100323 1.56531058 3.58665209
92700 -0.43856667 1.58830440 2.64686720
92800 -0.42136095 1.59937809 1.50943404
92900 -0.44226672 1.59131695 2.61508807
93000 -0.40892495 1.58943496 1.87388922
93100 -0.41059088 1.57007304 3.25024288
93200 -0.45362947 1.55004759 6.43330195
93300 -0.45002487 1.55115696 6.13621736
93400 -0.38788844 1.58288175 2.32577453
93500 -0.41289828 1.57697373 2.74960074
93600 -0.43496756 1.58307610 2.85076954
93700 -0.41816815 1.57676807 2.84649841
93800 -0.45291892 1.59330323 3.00746775
93900 -0.43430233 1.57896985 3.11096598
94000 -0.43853451 1.60109501 1.93830326
94100 -0.44369231 1.55604345 5.36842534
94200 -0.43490261 1.58547493 2.69083841
94300 -0.41521268 1.55880577 4.27390678
94400 -0.46384280 1.56204116 5.90633029
94500 -0.43539476 1.55681916 4.96772941
94600 -0.44763238 1.58309933 3.37227200
94700 -0.43900847 1.59615130 2.21067172
94800 -0.41957042 1.58220716 2.48943526
94900 -0.44353626 1.55856459 5.12791972
95000 -0.42973713 1.57172561 3.50558831
95100 -0.44136608 1.54997208 5.85836813
95200 -0.46280542 1.59318999 3.58594874
95300 -0.39946318 1.57760832 2.62042179
95400 -0.43867251 1.60453825 1.78116712
95500 -0.46231534 1.54616394 7.33256440
95600 -0.44147315 1.54029874 6.87719432
95700 -0.45404208 1.54520857 6.95089476
95800 -0.45042826 1.55525498 5.75981425
95900 -0.44237196 1.57335339 3.83504319
96000 -0.45018985 1.55786474 5.50396407
96100 -0.42883500 1.59861175 1.73610472
96200 -0.41194110 1.58472464 2.20173120
96300 -0.44807552 1.55370684 5.79181449
96400 -0.40730163 1.57487025 2.84889656
96500 -0.41870532 1.54991367 5.18358163
96600 -0.41478849 1.61312500 0.78923267
96700 -0.46851845 1.58516537 4.44915313
96800 -0.42615197 1.58303574 2.58406863
96900 -0.41671999 1.61913497 0.61610406
97000 -0.43025960 1.55208468 5.25152636
97100 -0.44110365 1.60184130 2.00438502
97200 -0.45359706 1.56589830 4.97287030
97300 -0.45741428 1.57627074 4.36620159
97400 -0.39352758 1.60540555 1.01527882
97500 -0.44210887 1.56977277 4.10478268
97600 -0.43921931 1.56071958 4.75457356
97700 -0.45360629 1.57044018 4.60170004
97800 -0.42713859 1.54673206 5.70038538
97900 -0.44330029 1.58336340 3.15767558
98000 -0.45025862 1.54240255 7.05157011
98100 -0.38401025 1.60367490 1.20084370
98200 -0.46596730 1.55966134 6.25637920
98300 -0.41760106 1.57285533 3.13054846
98400 -0.43914839 1.56903862 4.04367061
98500 -0.44535007 1.56393082 4.73226660
98600 -0.43316568 1.57303480 3.51180245
98700 -0.46037153 1.54684010 7.14334349
98800 -0.47136467 1.54497455 8.06163016
98900 -0.42677708 1.60763961 1.25570741
99000 -0.43752714 1.58548107 2.78548893
99100 -0.44186783 1.54598420 6.28610059
99200 -0.42251854 1.55593238 4.67790062
99300 -0.44448712 1.57110759 4.10155847
99400 -0.43692741 1.56466151 4.32314565
99500 -0.43502888 1.58562882 2.68533546
99600 -0.41498488 1.55649492 4.48387315
99700 -0.39346732 1.55934369 4.13062094
99800 -0.41244604 1.60845307 0.94052564
99900 -0.43618025 1.57584578 3.40392959
100000 -0.44173135 1.56452599 4.52365636
100100 -0.44212121 1.54185620 6.73463913
100200 -0.48452535 1.54542633 9.04009396
100300 -0.43933154 1.57842567 3.33492731
100400 -0.40975550 1.59232766 1.71063418
100500 -0.43805692 1.55493308 5.24302446
100600 -0.44285671 1.58299143 3.16342286
100700 -0.43838064 1.59211054 2.41213152
100800 -0.43093791 1.57867663 3.02208855
100900 -0.43501609 1.56954789 3.84933458
101000 -0.43626048 1.58149504 3.00387594
101100 -0.43856996 1.57511755 3.54751189
101200 -0.41211579 1.58117670 2.44171937
101300 -0.40554940 1.62332223 0.37124958
101400 -0.42272939 1.56881468 3.55384053
101500 -0.40072282 1.60128938 1.18662366
101600 -0.42718843 1.60083131 1.57838540
101700 -0.44447318 1.58366135 3.18934007
101800 -0.43588070 1.55840891 4.83817601
101900 -0.41861476 1.59587844 1.63782653
102000 -0.40829554 1.58153634 2.37804439
102100 -0.47904622 1.56346940 6.86792531
102200 -0.43565847 1.59683840 2.04884134
102300 -0.44533441 1.57486577 3.85018075
102400 -0.41726486 1.58733973 2.11219240
102500 -0.44394625 1.53645485 7.41188669
102600 -0.45185814 1.59269173 2.98675230
102700 -0.44756879 1.57509929 3.93645324
102800 -0.43384583 1.54781104 5.79406179
102900 -0.48917728 1.54484767 9.50480048
103000 -0.41921041 1.55987759 4.24554438
103100 -0.39392146 1.59145838 1.73203471
103200 -0.43209741 1.54993220 5.52190356
103300 -0.45151512 1.53727042 7.68088252
103400 -0.40585133 1.57267851 3.00642524
103500 -0.44389779 1.55593630 5.38749780
103600 -0.42795817 1.58585901 2.44786315
103700 -0.42720079 1.57023493 3.55117490
103800 -0.41806232 1.57242389 3.17214987
103900 -0.43016125 1.57360296 3.37310468
104000 -0.44138265 1.56651361 4.34125076
104100 -0.45450062 1.54226994 7.28804242
104200 -0.45280498 1.56400546 5.09171337
104300 -0.44407101 1.55894060 5.11703400
104400 -0.47367209 1.53162909 9.71962440
104500 -0.43492569 1.55593311 5.03419171
104600 -0.40914595 1.58804037 1.96132207
104700 -0.45567607 1.59392129 3.12232311
104800 -0.43215661 1.52900886 7.83645151
104900 -0.44713317 1.55354426 5.76262310
105000 -0.45936493 1.56548779 5.33325491
105100 -0.43725269 1.58958345 2.51896117
105200 -0.40674560 1.55676584 4.36905588
105300 -0.44655233 1.57846480 3.64220204
105400 -0.37136959 1.59124018 2.13620855
105500 -0.45372237 1.56889268 4.73224554
105600 -0.41635453 1.60634357 1.08667745
105700 -0.42810625 1.58362623 2.59771909
105800 -0.42937958 1.54231228 6.22990289
105900 -0.44407769 1.55780466 5.22141187
106000 -0.45043501 1.55439727 5.84178598
106100 -0.44238136 1.59663592 2.32195220
106200 -0.42626058 1.58800492 2.26650396
106300 -0.41945809 1.61086683 0.95501107
106400 -0.45578515 1.53179371 8.54235536
106500 -0.44942784 1.56751949 4.62307258
106600 -0.42408767 1.54187481 6.13563646
106700 -0.44192076 1.55231681 5.64967773
106800 -0.41628284 1.57491490 2.95145117
106900 -0.47016452 1.56695122 5.91007992
107000 -0.41640514 1.60074922 1.34738414
107100 -0.42344143 1.61450807 0.90458888
107200 -0.44453668 1.54367723 6.64402387
107300 -0.46196308 1.59069935 3.67799553
107400 -0.43608500 1.58871544 2.52896211
107500 -0.45208554 1.57257357 4.35387759
107600 -0.40450894 1.59781816 1.37163759
107700 -0.45188011 1.60399223 2.40413047
107800 -0.42024582 1.55034043 5.17096198
107900 -0.44216834 1.54880885 6.00890827
108000 -0.46322685 1.52694540 9.57003443
108100 -0.43755377 1.53837812 6.93486516
108200 -0.45725284 1.57792028 4.23668638
108300 -0.41464671 1.54312829 5.81804398
108400 -0.44436284 1.57391967 3.87813869
108500 -0.45060426 1.57096006 4.40405204
108600 -0.45299567 1.53520679 7.99301135
108700 -0.43445865 1.60126001 1.78149238
108800 -0.44620604 1.57548235 3.84393957
108900 -0.43266809 1.58549262 2.61420288
109000 -0.39956381 1.58877634 1.87426344
109100 -0.43707451 1.56613652 4.20380170
109200 -0.44227948 1.57965842 3.36774627
109300 -0.41321898 1.59756666 1.46199830
109400 -0.41555685 1.63327603 0.26085331
109500 -0.41242984 1.54137965 5.97644063
109600 -0.45763540 1.54458519 7.21706089
109700 -0.44098340 1.60282280 1.95266337
109800 -0.43973240 1.54492472 6.30973863
109900 -0.41172242 1.58245958 2.34956153
110000 -0.46397711 1.55163668 6.88420699
110100 -0.42493058 1.60693063 1.23825231
110200 -0.45067444 1.56815171 4.63352035
110300 -0.39580792 1.59148602 1.72072992
110400 -0.41584015 1.57344283 3.05595507
110500 -0.43520686 1.57106841 3.73485978
110600 -0.43593855 1.56828144 3.98475144
110700 -0.45216093 1.57165170 4.42960895
110800 -0.44441380 1.55259693 5.72997199
110900 -0.45866020 1.54329046 7.41397251
111000 -0.43960636 1.58338380 3.00319096
111100 -0.44753073 1.56040603 5.14312518
111200 -0.42591763 1.57523499 3.13076542
111300 -0.40754833 1.56512582 3.63030197
111400 -0.43231980 1.58838754 2.42033219
111500 -0.42838377 1.55865833 4.57446958
111600 -0.43568529 1.58202629 2.94693219
111700 -0.42433610 1.57806795 2.88323296
111800 -0.47212221 1.55388873 7.21949490
111900 -0.43601457 1.56743969 4.05662682
112000 -0.43433666 1.56516446 4.18803732
112100 -0.41217811 1.57643350 2.78016848
112200 -0.40193815 1.60157603 1.17431880
112300 -0.45769991 1.59786422 3.02370934
112400 -0.42444143 1.56477105 3.93067827
112500 -0.46191220 1.58668075 3.92122437
112600 -0.42652284 1.58544387 2.43547759
112700 -0.41263450 1.61861520 0.57231817
112800 -0.39726355 1.60021416 1.24305920
112900 -0.42720824 1.62004440 0.81881317
113000 -0.44680203 1.56956987 4.32971763
113100 -0.39150679 1.60431999 1.07939896
113200 -0.49206688 1.51002266 14.03498229
113300 -0.44605441 1.54667675 6.39835164
113400 -0.40642170 1.59305912 1.64175081
113500 -0.44951141 1.50521554 11.70696019
113600 -0.46596877 1.53938266 8.29403683
113700 -0.47143147 1.53570880 9.08246654
113800 -0.44124548 1.58307607 3.09000102
113900 -0.50455255 1.54394631 11.08931046
114000 -0.44323999 1.61291699 1.62242329
114100 -0.46290435 1.54610138 7.37594023
114200 -0.44750984 1.57798818 3.72144388
114300 -0.43731601 1.56244811 4.52890916
114400 -0.44646545 1.58806356 2.99758056
114500 -0.46672628 1.58989476 4.03251780
114600 -0.46907083 1.55041997 7.34348089
114700 -0.41986385 1.57739374 2.83312099
114800 -0.45154010 1.58593825 3.38014487
114900 -0.45215320 1.56303678 5.14127907
115000 -0.43806969 1.56213535 4.58474901
115100 -0.44411196 1.56291173 4.76511548
115200 -0.44919507 1.59156140 2.91761252
115300 -0.47760808 1.56194142 6.88866411
115400 -0.40643589 1.56118887 3.96441909
115500 -0.47418577 1.51512299 11.84766761
115600 -0.46064310 1.58992627 3.64321941
115700 -0.44573996 1.55365899 5.68686737
115800 -0.41016614 1.60332529 1.14093930
115900 -0.46056067 1.55369653 6.47097684
116000 -0.45486400 1.52812961 8.93122564
116100 -0.44578213 1.56004134 5.09428166
116200 -0.42807848 1.54606239 5.79571388
116300 -0.42681850 1.60040508 1.58944396
116400 -0.42143516 1.60922603 1.06099149
116500 -0.42633157 1.57665244 3.03660825
116600 -0.40709478 1.62370561 0.37086543
116700 -0.41015246 1.56900639 3.33151833
116800 -0.45996593 1.56907285 5.07255840
116900 -0.42938085 1.58243158 2.71436274
117000 -0.43953177 1.56622721 4.29032039
117100 -0.44986554 1.56161953 5.14883978
117200 -0.44425461 1.57161433 4.05139234
117300 -0.41749812 1.54336561 5.83853855
117400 -0.44327217 1.57382806 3.83732246
117500 -0.42292497 1.58426955 2.42302305
117600 -0.39049632 1.65099016 0.04565014
117700 -0.44819335 1.60711468 2.08087486
117800 -0.42491989 1.58569649 2.37797130
117900 -0.44394008 1.56716034 4.39657026
118000 -0.45733702 1.57851851 4.19856855
118100 -0.48580219 1.52341621 11.69273585
118200 -0.45440201 1.49841113 12.96938240
118300 -0.43701030 1.57489887 3.50497059
118400 -0.41708811 1.55347271 4.80476109
118500 -0.46200926 1.57013956 5.11141870
118600 -0.44296011 1.58041611 3.34374442
118700 -0.47445770 1.55229438 7.54516848
118800 -0.39808437 1.59977311 1.26320526
118900 -0.42591614 1.56217525 4.19241673
119000 -0.43568188 1.53549964 7.19176436
119100 -0.36857870 1.60533565 1.49110110
119200 -0.44132097 1.56194998 4.73011414
119300 -0.41643477 1.58993371 1.93903053
119400 -0.45098814 1.56036394 5.31720652
119500 -0.43584589 1.56160973 4.54888384
119600 -0.43682502 1.56655944 4.15920442
119700 -0.42903802 1.59190005 2.10940543
119800 -0.45060692 1.57348072 4.20813035
119900 -0.46954698 1.53970661 8.50070713
120000 -0.44205971 1.57583212 3.63494725
120100 -0.43104086 1.58180417 2.80710304
120200 -0.44686077 1.56441675 4.76021241
120300 -0.46453793 1.54198996 7.91565665
120400 -0.41792044 1.56157523 4.07004070
120500 -0.41277317 1.55370972 4.71748573
120600 -0.41267475 1.60350681 1.16113294
120700 -0.42404893 1.59819029 1.63129847
120800 -0.45579962 1.54245148 7.34014045
120900 -0.42238162 1.60873631 1.10181458
121000 -0.39954268 1.59035418 1.77891669
121100 -0.42548471 1.57815206 2.90579844
121200 -0.44020186 1.57108179 3.92213651
121300 -0.43498113 1.57406673 3.49477012
121400 -0.43908015 1.56912953 4.03364547
121500 -0.40657701 1.56838640 3.35201846
121600 -0.42290328 1.57465491 3.10072152
121700 -0.45571197 1.56040022 5.56597242
121800 -0.46627779 1.56873788 5.49813896
121900 -0.45293056 1.57587866 4.14780820
122000 -0.44926096 1.52234422 9.36132061
122100 -0.40663799 1.58162533 2.35957936
122200 -0.44541020 1.58151303 3.37627576
122300 -0.41915979 1.57214008 3.21463259
122400 -0.48887974 1.56239318 7.78728131
122500 -0.39612273 1.55880746 4.16555674
122600 -0.39331339 1.57824519 2.59673202
122700 -0.46178998 1.56872843 5.21153539
122800 -0.45240049 1.57289491 4.34550296
122900 -0.43899618 1.56257699 4.58174265
123000 -0.46662923 1.56508774 5.82477281
123100 -0.43602924 1.55831863 4.85179000
123200 -0.40725920 1.59500099 1.53879342
123300 -0.45183475 1.58750820 3.29603361
123400 -0.43047580 1.56966135 3.69153643
123500 -0.48404459 1.58042722 5.95193177
123600 -0.45197116 1.56100083 5.31092649
123700 -0.37625104 1.59355252 1.87516531
123800 -0.48413420 1.53333534 10.34460319
123900 -0.43104378 1.57765952 3.09843077
124000 -0.46539411 1.54902140 7.23653351
124100 -0.44449005 1.53578942 7.51171027
124200 -0.47834414 1.51048461 12.80117390
124300 -0.43192253 1.54263499 6.27314707
124400 -0.43412833 1.59213494 2.25655415
124500 -0.44053566 1.56629347 4.32496109
124600 -0.41303646 1.56744408 3.49271478
124700 -0.44104629 1.55025584 5.81684765
124800 -0.46464163 1.58377974 4.28183155
124900 -0.41617574 1.55818243 4.34606070
125000 -0.41952801 1.56903779 3.46811101
125100 -0.40475902 1.58417270 2.17794108
125200 -0.45132925 1.54534176 6.79401933
125300 -0.45005303 1.54841582 6.41232615
125400 -0.43600214 1.58925936 2.49278967
125500 -0.45682836 1.58817796 3.52571354
125600 -0.42802036 1.56969797 3.61677847
125700 -0.43836793 1.58964283 2.55754294
125800 -0.43783593 1.54782021 5.93613325
125900 -0.42030007 1.56903069 3.48406102
126000 -0.41005188 1.56202521 3.92030207
126100 -0.43938183 1.56126002 4.71285607
126200 -0.43205294 1.59670580 1.93383139
126300 -0.45936989 1.58825695 3.66849430
126400 -0.43371388 1.57117033 3.67537156
126500 -0.43982620 1.54813259 5.98154772
126600 -0.44624132 1.59097410 2.81115808
126700 -0.44785102 1.54650745 6.50021416
126800 -0.49862452 1.54303794 10.58383865
126900 -0.40488498 1.58677934 2.01035756
127000 -0.45330410 1.57268294 4.40962711
127100 -0.44192529 1.58546837 2.96103072
127200 -0.43512300 1.55154239 5.46376290
127300 -0.41946245 1.58394468 2.37104627
127400 -0.39832907 1.59835379 1.33506135
127500 -0.45717629 1.57806222 4.22208588
127600 -0.41742929 1.57986155 2.61159142
127700 -0.41601973 1.55486996 4.65317811
127800 -0.43544269 1.58664696 2.63489643
127900 -0.45542251 1.59535808 3.02869675
128000 -0.45898337 1.54366031 7.39358356
128100 -0.43174489 1.57094779 3.62849457
128200 -0.44922358 1.56782370 4.58795289
128300 -0.43142046 1.58602706 2.53989113
128400 -0.39733970 1.57484241 2.82787036
128500 -0.42606057 1.54958485 5.38117831
128600 -0.44783600 1.57237047 4.15731322
128700 -0.41488252 1.57844492 2.67080911
128800 -0.43470077 1.58518856 2.70233340
128900 -0.40899766 1.57024494 3.22091397
129000 -0.43314236 1.56230837 4.39411930
129100 -0.44901129 1.58707991 3.18052218
129200 -0.43707978 1.59799961 2.03947522
129300 -0.38569532 1.59021459 1.88945958
129400 -0.43780348 1.56139305 4.64014711
129500 -0.45371496 1.59030681 3.22428675
129600 -0.43941344 1.58953255 2.60486614
129700 -0.40579922 1.61528622 0.61933884
129800 -0.42325091 1.58467847 2.40375313
129900 -0.40602168 1.58516217 2.12010245
130000 -0.45397526 1.57411111 4.33622648
130100 -0.42592027 1.59307943 1.95590598
130200 -0.45468383 1.54933529 6.56185314
130300 -0.45602395 1.58290808 3.82000411
130400 -0.45350142 1.58282965 3.68712855
130500 -0.40511072 1.60022775 1.25169813
130600 -0.40738877 1.56206623 3.89347119
130700 -0.41652459 1.58846546 2.02978094
130800 -0.40181885 1.55775194 4.25650659
130900 -0.45094520 1.55711677 5.61135389
131000 -0.38852054 1.59246168 1.72121799
131100 -0.41914799 1.59164642 1.88589315
131200 -0.42818807 1.61746360 0.92659241
131300 -0.44753750 1.60197188 2.28325727
131400 -0.45879228 1.52582327 9.43819564
131500 -0.46587893 1.56526059 5.76040031
131600 -0.41843886 1.58123527 2.53428976
131700 -0.40960501 1.58111520 2.41868618
131800 -0.39993471 1.59244646 1.65620691
131900 -0.43427421 1.58899603 2.44810281
132000 -0.42629409 1.57845973 2.90469432
132100 -0.46314784 1.58902957 3.85252157
132200 -0.40984791 1.61214005 0.76517860
132300 -0.40869575 1.55191763 4.84788404
132400 -0.43776088 1.60210413 1.85994928
132500 -0.43140263 1.57196304 3.53794616
132600 -0.44133167 1.59858611 2.17584766
132700 -0.43298852 1.57843526 3.10487714
132800 -0.45437500 1.57408143 4.36013479
132900 -0.45466696 1.52491643 9.31718778
133000 -0.40374201 1.57861281 2.55506674
133100 -0.44045216 1.58696803 2.80470355
133200 -0.40346618 1.58039826 2.42820834
133300 -0.45408568 1.54510004 6.96463144
133400 -0.44142544 1.59967942 2.12411382
133500 -0.44779605 1.56639567 4.63707334
133600 -0.44480530 1.58076099 3.40077780
133700 -0.41300885 1.59875768 1.39750269
133800 -0.41859110 1.59849431 1.49923280
133900 -0.42625874 1.61194354 1.06890802
134000 -0.44921396 1.59244878 2.86707812
134100 -0.44205797 1.58257453 3.15753389
134200 -0.47068713 1.53460424 9.15642578
134300 -0.45202621 1.58723761 3.32292214
134400 -0.45759828 1.58295320 3.90641738
134500 -0.43388462 1.55990464 4.63267107
134600 -0.44645764 1.57316926 4.03063764
134700 -0.42619952 1.57102735 3.46154741
134800 -0.44182960 1.52133470 9.15223766
134900 -0.41537991 1.58913087 1.97079626
135000 -0.43407336 1.54148912 6.46780234
135100 -0.41910165 1.57653928 2.88067520
135200 -0.38745879 1.60425999 1.12471518
135300 -0.42949022 1.59787561 1.79331240
135400 -0.43720485 1.55202175 5.49196901
135500 -0.45177580 1.54495343 6.85775744
135600 -0.42321535 1.57012635 3.45937647
135700 -0.42954821 1.61245080 1.14151977
135800 -0.42702844 1.57860267 2.91405744
135900 -0.49784000 1.54486240 10.31329006
136000 -0.43876454 1.57600002 3.48934309
136100 -0.45941966 1.55102916 6.66296189
136200 -0.46064413 1.55999325 5.88946234
136300 -0.39108035 1.62901325 0.26000186
136400 -0.45303905 1.55796637 5.64166469
136500 -0.43101593 1.56267103 4.29416853
136600 -0.45250387 1.56699482 4.82325837
136700 -0.43244001 1.56666758 3.99832324
136800 -0.43792308 1.54593097 6.13426148
136900 -0.43446564 1.60001792 1.84304410
137000 -0.38914746 1.63709504 0.14215785
137100 -0.44672668 1.57476779 3.92163380
137200 -0.42760264 1.58151392 2.72612423
137300 -0.47314847 1.58710249 4.65339832
137400 -0.45796285 1.56730502 5.09907567
137500 -0.40039970 1.56438860 3.66473536
137600 -0.40599399 1.57191504 3.06659431
137700 -0.40630253 1.58415831 2.18742513
137800 -0.44781473 1.59646479 2.57613350
137900 -0.46943846 1.53895198 8.57668096
138000 -0.40649076 1.57627273 2.73891985
138100 -0.43718733 1.55039674 5.65185368
138200 -0.45438646 1.61892973 1.96162430
138300 -0.44166083 1.57703276 3.52992182
138400 -0.45482179 1.55209844 6.29507197
138500 -0.43870539 1.60656746 1.69224661
138600 -0.38543302 1.57661934 2.79845927
138700 -0.40171859 1.60870881 0.85395788
138800 -0.42759314 1.59207485 2.05835185
138900 -0.43504212 1.57456098 3.45949797
139000 -0.47897693 1.57804869 5.70717334
139100 -0.42152883 1.54945484 5.28640992
139200 -0.41598927 1.58243312 2.41046977
139300 -0.46437833 1.58640158 4.09466417
139400 -0.45817503 1.56041706 5.70471911
139500 -0.43528909 1.55650535 4.99328481
139600 -0.43010387 1.59141104 2.16945440
139700 -0.43598183 1.56929734 3.90380570
139800 -0.42635165 1.57261603 3.34134429
139900 -0.40440782 1.55182722 4.82866172
140000 -0.45982873 1.55109447 6.68088995
140100 -0.45815991 1.57984141 4.15240145
140200 -0.43214139 1.60672360 1.45295788
140300 -0.45261694 1.58820625 3.29350485
140400 -0.43493347 1.52627188 8.26449791
140500 -0.42731592 1.61083011 1.14021979
140600 -0.42977809 1.56652793 3.92716107
140700 -0.47947327 1.57497644 5.97226740
140800 -0.48115723 1.53621959 9.76623835
140900 -0.44796073 1.58881521 3.02190526
141000 -0.44814766 1.56461515 4.80438522
141100 -0.46383115 1.52929171 9.32245409
141200 -0.46423357 1.55964367 6.14510932
141300 -0.44211033 1.55878963 5.04630597
141400 -0.40705688 1.57133798 3.11875620
141500 -0.41680665 1.63010913 0.33905518
141600 -0.42079581 1.57953073 2.69919158
141700 -0.45973211 1.54090396 7.73493491
141800 -0.44465735 1.57241120 4.00715075
141900 -0.41874676 1.59128522 1.89943289
142000 -0.46646436 1.57070020 5.35298413
142100 -0.43900336 1.57476326 3.59091457
142200 -0.43078413 1.56683753 3.93182937
142300 -0.43019737 1.58016794 2.89419901
142400 -0.43997948 1.59913362 2.09287371
142500 -0.47044812 1.54291560 8.21500343
142600 -0.41536410 1.59503179 1.62877996
142700 -0.45861532 1.60354682 2.79682669
142800 -0.44741095 1.55731631 5.41903241
142900 -0.41022007 1.58855330 1.94007344
143000 -0.42730703 1.54776373 5.59896419
143100 -0.43220000 1.53747278 6.84960715
143200 -0.41148003 1.60934416 0.89234442
143300 -0.44073142 1.57331262 3.77000172
143400 -0.44707178 1.56915652 4.37571028
143500 -0.45980644 1.58244955 4.06993642
143600 -0.45020664 1.57658363 3.95533494
143700 -0.45027438 1.53989566 7.32523889
143800 -0.42012379 1.57635902 2.91398038
143900 -0.43706185 1.57762147 3.30611648
144000 -0.46462287 1.54165679 7.95718352
144100 -0.43035825 1.59192926 2.14691733
144200 -0.40237141 1.57363703 2.91846320
144300 -0.47086950 1.54935031 7.57642262
144400 -0.42664653 1.57954087 2.83726293
144500 -0.44533573 1.55503590 5.53675408
144600 -0.38477751 1.60692690 1.04350816
144700 -0.42586045 1.55875043 4.49762372
144800 -0.46456193 1.53972186 8.16475493
144900 -0.40672373 1.55251916 4.77386127
145000 -0.46608127 1.57653799 4.88170022
145100 -0.46592049 1.57113382 5.28269281
145200 -0.42164747 1.57909194 2.74828313
145300 -0.39557264 1.63359374 0.14438350
145400 -0.43200265 1.61619416 1.08350205
145500 -0.44645214 1.52915792 8.38030450
145600 -0.42583852 1.60739386 1.24145625
145700 -0.43438356 1.59220267 2.26138045
145800 -0.44445416 1.56978180 4.20556655
145900 -0.43260762 1.55677549 4.87703251
146000 -0.45691951 1.57548714 4.39599828
146100 -0.41844567 1.59550651 1.65489163
146200 -0.46214856 1.52936211 9.20797174
146300 -0.44587183 1.54455814 6.61110512
146400 -0.40474418 1.59801660 1.36239052
146500 -0.47124675 1.56384323 6.24954412
146600 -0.41471061 1.59734866 1.49428271
146700 -0.41938586 1.60306652 1.28928173
146800 -0.42864011 1.58863551 2.29292855
146900 -0.42516940 1.60092632 1.52086248
147000 -0.41135586 1.59769323 1.43247703
147100 -0.46263505 1.55330951 6.63610013
147200 -0.44481225 1.58023878 3.43738289
147300 -0.47969611 1.57071454 6.31882756
147400 -0.41589229 1.56258592 3.94689280
147500 -0.40844043 1.58152707 2.37989173
147600 -0.40203949 1.61347477 0.66912610
147700 -0.43574480 1.55376711 5.26922964
147800 -0.41575746 1.60650890 1.06988658
147900 -0.44065154 1.58706149 2.80690200
148000 -0.46609085 1.52500122 9.99634798
148100 -0.45691881 1.56293469 5.41005929
148200 -0.51372320 1.56753444 9.86676773
148300 -0.44181586 1.57753879 3.49959634
148400 -0.43010777 1.57462620 3.29384395
148500 -0.40605979 1.60266668 1.13858228
148600 -0.43775979 1.54760328 5.95544560
148700 -0.40201110 1.55199626 4.80438907
148800 -0.43967629 1.60505020 1.79734632
148900 -0.41613191 1.55760653 4.39839620
149000 -0.44907327 1.57470015 4.03912640
149100 -0.42625663 1.57833603 2.91256795
149200 -0.39747393 1.59254406 1.65378317
149300 -0.40325924 1.57759824 2.62631866
149400 -0.44112087 1.59298616 2.47075180
149500 -0.47032074 1.61683466 3.02247335
149600 -0.46210976 1.56278058 5.73242499
149700 -0.44811398 1.53050961 8.29645359
149800 -0.41461630 1.62020315 0.55074422
149900 -0.47337891 1.55663700 7.05055736
150000 -0.40656466 1.57953270 2.50436756
150100 -0.43772465 1.58618356 2.74784336
150200 -0.44523729 1.56054893 5.02395294
150300 -0.41823897 1.58190105 2.48506368
150400 -0.43247842 1.56930376 3.78336522
150500 -0.39601450 1.55647426 4.38147400
150600 -0.45763994 1.59095185 3.40452296
150700 -0.46907660 1.56257771 6.20711620
150800 -0.43768619 1.57975080 3.17759970
150900 -0.45546262 1.54145843 7.42868704
151000 -0.41366377 1.58136648 2.44862909
151100 -0.40359055 1.58420877 2.17068911
151200 -0.48480644 1.55795666 7.83205472
151300 -0.41847444 1.61027606 0.95964810
151400 -0.45078056 1.56948590 4.53059232
151500 -0.38437596 1.56375155 3.84145282
151600 -0.42267255 1.57222379 3.28159198
151700 -0.40965002 1.58072259 2.44624101
151800 -0.42361452 1.57232385 3.29561530
151900 -0.40412464 1.57635075 2.72061261
152000 -0.41939942 1.58847356 2.08091985
152100 -0.38158567 1.61871966 0.65877380
152200 -0.40668563 1.59305134 1.64392367
152300 -0.41606638 1.58186236 2.45043296
152400 -0.41459301 1.61030059 0.89449966
152500 -0.42955697 1.58405700 2.61104657
152600 -0.43058297 1.57244822 3.47479806
152700 -0.43346349 1.56195872 4.43553587
152800 -0.42569201 1.52967521 7.56906689
152900 -0.43018280 1.58197078 2.76948775
153000 -0.40763914 1.59949552 1.30452956
153100 -0.42805793 1.60045376 1.62103879
153200 -0.46318462 1.56820739 5.34116337
153300 -0.44310099 1.59957566 2.20015490
153400 -0.41029835 1.59404441 1.61854222
153500 -0.43191575 1.56684003 3.96709820
153600 -0.41199496 1.62419821 0.40480569
153700 -0.42299451 1.58529965 2.35744123
153800 -0.43844898 1.58416851 2.90605420
153900 -0.40333853 1.60288229 1.11561227
154000 -0.41846804 1.54146471 6.06048854
154100 -0.39805141 1.57120827 3.10596717
154200 -0.45233579 1.58736671 3.33098191
154300 -0.40296332 1.59670025 1.42482240
154400 -0.45014631 1.55885556 5.41098033
154500 -0.47547206 1.55340766 7.51305610
154600 -0.46467918 1.57074806 5.23213382
154700 -0.45092521 1.57074122 4.43766509
154800 -0.45047126 1.57209935 4.30792991
154900 -0.39081988 1.65483688 0.05383499
155000 -0.40805407 1.58281019 2.28966916
155100 -0.44458481 1.57738596 3.63030244
155200 -0.44768236 1.58280393 3.39445972
155300 -0.39819572 1.60517517 1.00626058
155400 -0.41682921 1.59894457 1.44493962
155500 -0.40877641 1.57812506 2.62151612
155600 -0.46770438 1.53509047 8.89404114
155700 -0.43473870 1.60654245 1.54766759
155800 -0.45411765 1.55653415 5.83229251
155900 -0.44517450 1.56984985 4.23239117
156000 -0.44727899 1.52521779 8.90295169
156100 -0.42611231 1.57919861 2.84734488
156200 -0.43211793 1.57644220 3.22115559
156300 -0.44020815 1.59565288 2.28515194
156400 -0.44027499 1.58296255 3.05804774
156500 -0.44906542 1.56154872 5.11552263
156600 -0.43319261 1.55927104 4.66674710
156700 -0.43643058 1.56162298 4.56884258
156800 -0.39501846 1.58811124 1.92751729
156900 -0.39267821 1.58427072 2.18697325
157000 -0.43621948 1.56568279 4.21062098
157100 -0.46048108 1.58369151 4.02738862
157200 -0.43557369 1.56039641 4.64714521
157300 -0.44903313 1.57749078 3.83091735
157400 -0.46019209 1.55570300 6.25750586
157500 -0.41576441 1.60313504 1.22242072
157600 -0.43271744 1.57898875 3.05651462
157700 -0.44269062 1.55846862 5.10024157
157800 -0.45906704 1.51624035 10.69027957
157900 -0.44585164 1.56957236 4.28548900
158000 -0.45029367 1.60401261 2.32214691
158100 -0.42299910 1.63678025 0.35186024
158200 -0.40859959 1.57216023 3.06649136
158300 -0.42553992 1.59385238 1.90242160
158400 -0.43730859 1.54510892 6.19703530
158500 -0.45696808 1.55294910 6.33211953
158600 -0.46616371 1.57712189 4.84442747
158700 -0.43820626 1.52998186 7.93203641
158800 -0.40726411 1.58065800 2.43054042
158900 -0.43886917 1.59519130 2.25740308
159000 -0.45197231 1.56232703 5.19383568
159100 -0.38895585 1.59916851 1.35290678
159200 -0.44489172 1.55397432 5.61809891
159300 -0.41243306 1.62368236 0.42359950
159400 -0.41999704 1.54690610 5.51411723
159500 -0.42588770 1.58272606 2.59797784
159600 -0.43382227 1.58499096 2.68506091
159700 -0.44601781 1.54236008 6.85199580
159800 -0.40649138 1.58797833 1.94441274
159900 -0.46219663 1.56980629 5.14972617
160000 -0.47229013 1.57221054 5.63853157
160100 -0.43875466 1.57358424 3.67064571
160200 -0.44887185 1.56518453 4.79106111
160300 -0.45186544 1.55583190 5.77882688
160400 -0.43102972 1.59358225 2.07290288
160500 -0.45377286 1.58369813 3.64372894
160600 -0.45576084 1.56312981 5.32784994
160700 -0.41746406 1.57187204 3.20448554
160800 -0.41901335 1.54765223 5.41828629
160900 -0.39690866 1.62177969 0.40297118
161000 -0.43096815 1.59085872 2.22835877
161100 -0.45023371 1.57081669 4.39671114
161200 -0.39362050 1.59952314 1.29430579
161300 -0.45721608 1.56073025 5.62138386
161400 -0.43288869 1.54217249 6.35421924
161500 -0.44282217 1.58959140 2.74146871
161600 -0.46384412 1.54437625 7.61622416
161700 -0.44978282 1.56930978 4.49462030
161800 -0.46310411 1.57953881 4.47345397
161900 -0.43241443 1.59910289 1.82060547
162000 -0.43702490 1.59371193 2.26959479
162100 -0.43184191 1.58357424 2.71314469
162200 -0.44819175 1.62032122 1.60163751
162300 -0.41440893 1.55038209 5.06567246
162400 -0.43591277 1.56213140 4.50530913
162500 -0.43831439 1.56536767 4.31531200
162600 -0.46651767 1.57937216 4.70644597
162700 -0.41449215 1.57580037 2.85780375
162800 -0.42440474 1.58285351 2.55212093
162900 -0.44253831 1.56071376 4.89077065
163000 -0.41925524 1.58649981 2.20151921
163100 -0.45444533 1.55715356 5.79237809
163200 -0.43958865 1.56474643 4.41771628
163300 -0.43443680 1.57421992 3.46425720
163400 -0.41253684 1.59112721 1.81158870
163500 -0.42001571 1.61633477 0.76698803
163600 -0.43256833 1.55615170 4.93410013
163700 -0.45375764 1.54149646 7.33145076
163800 -0.42353738 1.57022721 3.45885324
163900 -0.46546098 1.58445555 4.29060721
164000 -0.45547750 1.59355244 3.13204007
164100 -0.41702429 1.56214710 4.00397959
164200 -0.43102712 1.57604931 3.21569328
164300 -0.44239871 1.58077030 3.29520101
164400 -0.44695727 1.59663867 2.52620832
164500 -0.43564498 1.61084107 1.40199289
164600 -0.41343112 1.60254239 1.21631003
164700 -0.46088984 1.58975405 3.66857354
164800 -0.41011113 1.57015421 3.23879253
164900 -0.41994404 1.57531007 2.98817511
165000 -0.44017499 1.55166326 5.64207248
165100 -0.42233005 1.57183538 3.30416916
165200 -0.41222863 1.58346197 2.28842438
165300 -0.43222766 1.57379799 3.42268414
165400 -0.42587880 1.56834761 3.66841236
165500 -0.44090948 1.56476905 4.46894988
165600 -0.38094599 1.60996414 0.98296276
165700 -0.42730243 1.58941695 2.20786427
165800 -0.39470074 1.56346915 3.75783492
165900 -0.38804793 1.59372693 1.65475521
166000 -0.40782653 1.55962216 4.11470438
166100 -0.45874776 1.59429537 3.27715252
166200 -0.42635638 1.62368289 0.69362452
166300 -0.40984349 1.55826169 4.25640625
166400 -0.43478113 1.58116822 2.97377035
166500 -0.44645546 1.60454536 2.11211726
166600 -0.44351794 1.55123195 5.82446934
166700 -0.45191268 1.52788012 8.80409605
166800 -0.44762154 1.57039326 4.30252147
166900 -0.44391704 1.59033796 2.74413271
167000 -0.44590171 1.55022155 6.03135336
167100 -0.40014362 1.60155311 1.17356088
167200 -0.44124040 1.57706586 3.51007948
167300 -0.39788205 1.58370169 2.19997561
167400 -0.46650191 1.58289697 4.46266014
167500 -0.45828797 1.56162307 5.60398470
167600 -0.45464089 1.56869707 4.79789637
167700 -0.44545100 1.61807429 1.54252232
167800 -0.45023771 1.57594651 4.00387382
167900 -0.42754619 1.56428345 4.05305964
168000 -0.42581834 1.56825732 3.67422623
168100 -0.44405637 1.54554191 6.42622871
168200 -0.45654934 1.58305930 3.83944242
168300 -0.43140425 1.61098934 1.25402910
168400 -0.46242835 1.55671142 6.30002880
168500 -0.43180306 1.57302069 3.46862452
168600 -0.40612614 1.60919275 0.85138043
168700 -0.41166890 1.58639217 2.09105998
168800 -0.43351824 1.57568876 3.32281600
168900 -0.46532475 1.55547686 6.60097375
169000 -0.41513948 1.57277699 3.09629854
169100 -0.43635968 1.61917745 1.13602775
169200 -0.41780465 1.61589309 0.74014348
169300 -0.46128660 1.55611078 6.28561677
169400 -0.45396705 1.57798313 4.04943609
169500 -0.43958440 1.55617243 5.18526918
169600 -0.45479501 1.50941538 11.38326433
169700 -0.36982981 1.61892654 0.93790017
169800 -0.41441655 1.58948351 1.93504152
169900 -0.39262016 1.58622758 2.06069172
170000 -0.45033272 1.57577491 4.02137377
170100 -0.41653153 1.60413640 1.18838052
170200 -0.46720997 1.57947106 4.74575536
170300 -0.45129345 1.58757101 3.26419840
170400 -0.39536921 1.60327768 1.10220983
170500 -0.43127192 1.57975922 2.95585012
170600 -0.39024188 1.56578652 3.59356553
170700 -0.42743103 1.55418920 4.96608486
170800 -0.46035215 1.57884916 4.35241263
170900 -0.47471176 1.56845497 6.11571915
171000 -0.45785976 1.57966813 4.14716216
171100 -0.40997458 1.56646426 3.53885566
171200 -0.39163302 1.60186589 1.19344954
171300 -0.43767294 1.56798395 4.07294105
171400 -0.40439178 1.58818943 1.91991715
171500 -0.41024962 1.60703363 0.97558171
171600 -0.43129685 1.57903765 3.00757363
171700 -0.43907739 1.58539491 2.85043015
171800 -0.45105680 1.55247248 6.05920707
171900 -0.44314094 1.56035578 4.94861380
172000 -0.39491374 1.60772164 0.90666498
172100 -0.44281741 1.58250263 3.19461303
172200 -0.46411171 1.54360631 7.71496429
172300 -0.44623752 1.57177669 4.12839740
172400 -0.43855713 1.60414828 1.79451614
172500 -0.40857125 1.60330034 1.12716216
172600 -0.39621129 1.58658639 2.01782034
172700 -0.38846272 1.60498103 1.07990812
172800 -0.43636347 1.59395781 2.23151450
172900 -0.44842497 1.53055784 8.30570328
173000 -0.47883817 1.57866971 5.65173373
173100 -0.38808223 1.58511074 2.17632461
173200 -0.42956512 1.58775614 2.37419741
173300 -0.46747648 1.53772046 8.57988476
173400 -0.41641209 1.59534412 1.62831111
173500 -0.44511599 1.56023254 5.04682499
173600 -0.42501692 1.55173240 5.14118331
173700 -0.39881822 1.57923649 2.50443545
173800 -0.45250645 1.58038715 3.80143804
173900 -0.43280019 1.59881971 1.84763757
174000 -0.44178451 1.52724708 8.40711216
174100 -0.43140615 1.55542996 4.96491972
174200 -0.41804201 1.60158535 1.33474621
174300 -0.44838852 1.57888866 3.69913584
174400 -0.48452402 1.55658588 7.93525351
174500 -0.45843550 1.56948330 4.94882364
174600 -0.41812555 1.56927223 3.42275444
174700 -0.42843193 1.60191520 1.56026136
174800 -0.41107895 1.58560145 2.13495845
174900 -0.43727023 1.56257351 4.51623056
175000 -0.42064574 1.58288222 2.46552128
175100 -0.43476252 1.62297720 0.96933238
175200 -0.47235076 1.56879875 5.91413793
175300 -0.43802422 1.57349311 3.64957272
175400 -0.42985484 1.57365816 3.35969389
175500 -0.39377828 1.61441285 0.65257765
175600 -0.45779167 1.53671158 8.08707165
175700 -0.46998689 1.56292930 6.23973583
175800 -0.39703793 1.59858094 1.32634671
175900 -0.40768878 1.59467021 1.56025160
176000 -0.41886275 1.58349761 2.38918558
176100 -0.40172725 1.58294824 2.24946125
176200 -0.42818678 1.60648057 1.34421754
176300 -0.42940580 1.59771482 1.79922082
176400 -0.46057862 1.57312751 4.78957478
176500 -0.47894939 1.54800211 8.31828810
176600 -0.47992783 1.55807743 7.41910874
176700 -0.44705828 1.59261499 2.75376083
176800 -0.44173049 1.57601183 3.60784175
176900 -0.43170757 1.59058153 2.26796189
177000 -0.38805342 1.53123992 7.12333908
177100 -0.44761492 1.62042297 1.57099049
177200 -0.44479944 1.57923588 3.50727495
177300 -0.44433370 1.53631011 7.44543331
177400 -0.45020571 1.60389108 2.32332300
177500 -0.43633492 1.55790771 4.90060836
177600 -0.40554750 1.59231160 1.67936300
177700 -0.45090820 1.52847064 8.68051480
177800 -0.44383203 1.56468613 4.59985147
177900 -0.38802432 1.60396101 1.13150270
178000 -0.43448831 1.53394930 7.32860468
178100 -0.42244833 1.58194809 2.56749532
178200 -0.48046024 1.56892276 6.52368446
178300 -0.42605317 1.57567859 3.10122008
178400 -0.42905155 1.56714519 3.85445634
178500 -0.46865429 1.54718102 7.64257728
178600 -0.44364893 1.57874780 3.49105263
178700 -0.41051718 1.60147181 1.23279823
178800 -0.44455071 1.58343353 3.20793030
178900 -0.43433363 1.55264810 5.32809518
179000 -0.44047086 1.58276984 3.07889244
179100 -0.44419015 1.52476423 8.81838385
179200 -0.46273348 1.56815987 5.31664823
179300 -0.41463369 1.55274588 4.83625433
179400 -0.45758467 1.58075339 4.05554390
179500 -0.43720865 1.59050648 2.46198155
179600 -0.43072176 1.59698103 1.87741900
179700 -0.47034621 1.55110379 7.36452524
179800 -0.43091505 1.57510713 3.28234144
179900 -0.42175794 1.56870338 3.54127400
180000 -0.42737849 1.56771619 3.76010371
180100 -0.47660300 1.52383339 10.89301654
180200 -0.46207697 1.55921486 6.04774607
180300 -0.42634105 1.60253513 1.47338219
180400 -0.40777314 1.57300908 2.99401146
180500 -0.42209543 1.61337566 0.91477508
180600 -0.46204872 1.53119343 8.98252317
180700 -0.46927923 1.55222683 7.17960270
180800 -0.44996127 1.57275148 4.23173142
180900 -0.44188467 1.55892046 5.02490413
181000 -0.46978839 1.55880177 6.59376864
181100 -0.44474817 1.57702354 3.66398150
181200 -0.46328689 1.59761450 3.37473589
181300 -0.44893002 1.56252342 5.02314959
181400 -0.43027550 1.59484213 1.97949819
181500 -0.41573750 1.60797774 1.00676967
181600 -0.43875847 1.56747931 4.15594142
181700 -0.41010863 1.58215468 2.35258597
181800 -0.44699879 1.56753277 4.50486526
181900 -0.42815129 1.56466535 4.03724911
182000 -0.40090758 1.62047356 0.43631718
182100 -0.41561379 1.57351515 3.04686144
182200 -0.44051515 1.54223523 6.62736141
182300 -0.43794750 1.61353338 1.38491335
182400 -0.41723975 1.58997140 1.95032107
182500 -0.42387030 1.60520644 1.28812695
182600 -0.40336654 1.58601323 2.05282022
182700 -0.40727101 1.59048432 1.79749205
182800 -0.46239614 1.55235119 6.71428420
182900 -0.44682185 1.58064460 3.50122851
183000 -0.42456896 1.57641027 3.00954070
183100 -0.45157879 1.56678368 4.79266372
183200 -0.42814409 1.58591786 2.44930498
183300 -0.39028978 1.56646831 3.53591604
183400 -0.47301075 1.55585759 7.09668144
183500 -0.45475231 1.56397203 5.19931361
183600 -0.43505772 1.56051582 4.61823081
183700 -0.40782949 1.58710522 2.00852718
183800 -0.38816656 1.58004711 2.51671846
183900 -0.42743201 1.57716394 3.02880313
184000 -0.43115283 1.57685118 3.16062413
184100 -0.40984722 1.58001593 2.49736913
184200 -0.46223197 1.54282014 7.68017085
184300 -0.46909347 1.57264682 5.37871156
184400 -0.45606481 1.54910290 6.66174388
184500 -0.41112311 1.58928296 1.90514136
184600 -0.45908955 1.57491469 4.56468991
184700 -0.44662936 1.54317261 6.79319414
184800 -0.44760905 1.53449762 7.80371034
184900 -0.43654629 1.57918412 3.17525983
185000 -0.45129680 1.57110675 4.42775392
185100 -0.44900397 1.55172551 6.02963262
185200 -0.41031630 1.59984831 1.31080882
185300 -0.42903379 1.59218936 2.09251546
185400 -0.42405505 1.60696518 1.21532060
185500 -0.47795998 1.55981362 7.10567029
185600 -0.43470845 1.55380432 5.22914300
185700 -0.40131628 1.60200484 1.15263376
185800 -0.43280401 1.55971374 4.61385560
185900 -0.45216075 1.55823419 5.57085341
186000 -0.42727513 1.53012224 7.55730481
186100 -0.42376295 1.58063400 2.68816011
186200 -0.41729572 1.59341526 1.75048744
186300 -0.44871642 1.54271425 6.94176091
186400 -0.41922051 1.53287745 7.04356003
186500 -0.42865979 1.58904267 2.26858956
186600 -0.46254985 1.56600169 5.48409963
186700 -0.40580511 1.56767943 3.40518818
186800 -0.39843366 1.60051801 1.22546045
186900 -0.43760231 1.58090036 3.09434686
187000 -0.41630345 1.58638535 2.15631314
187100 -0.41079002 1.55706862 4.37633339
187200 -0.42160561 1.57257176 3.23096720
187300 -0.45729967 1.56321216 5.40769073
187400 -0.43984869 1.55256414 5.54083226
187500 -0.44911179 1.58172316 3.53684750
187600 -0.42059711 1.55627328 4.60446971
187700 -0.42781134 1.54878354 5.50912110
187800 -0.45665884 1.52839728 8.99872306
187900 -0.44786901 1.59279171 2.78211575
188000 -0.44420803 1.60731044 1.88837419
188100 -0.42329291 1.61930779 0.74228576
188200 -0.40605405 1.58489101 2.13791634
188300 -0.43745786 1.55473055 5.23967944
188400 -0.41364784 1.58714005 2.06881870
188500 -0.39402827 1.61017360 0.81090197
188600 -0.43407540 1.56784993 3.95488359
188700 -0.43303739 1.58021906 2.98042468
188800 -0.44159098 1.58714383 2.84035381
188900 -0.41360198 1.57754946 2.71704705
189000 -0.42619973 1.56901711 3.62232739
189100 -0.45548174 1.57718121 4.19039946
189200 -0.42813392 1.56369544 4.11999760
189300 -0.41538800 1.58746233 2.07387549
189400 -0.44705044 1.61736036 1.63954498
189500 -0.47211661 1.60354929 3.67923680
189600 -0.45311510 1.58316457 3.64409431
189700 -0.42863750 1.56455458 4.06051318
189800 -0.41590863 1.58480058 2.25202416
189900 -0.44099411 1.57441591 3.69673557
190000 -0.40958597 1.58325902 2.27312440
190100 -0.45844601 1.54560408 7.15722262
190200 -0.45580312 1.55957325 5.64549278
190300 -0.45176840 1.59147257 3.05271330
190400 -0.39806697 1.59697838 1.40751437
190500 -0.44047980 1.58288532 3.07149767
190600 -0.39820776 1.60321286 1.09612409
190700 -0.41502021 1.58687586 2.10513220
190800 -0.46929482 1.56460272 6.04723370
190900 -0.41677420 1.54492466 5.66110007
191000 -0.44778042 1.55893279 5.28810252
191100 -0.43076201 1.54383787 6.10834997
191200 -0.43238429 1.57843660 3.08503154
191300 -0.42657844 1.57413992 3.23058285
191400 -0.43198034 1.55640719 4.89117798
191500 -0.44124339 1.53984949 6.91707625
191600 -0.41459051 1.58001943 2.55508156
191700 -0.45116314 1.58963223 3.13096737
191800 -0.41902198 1.57618275 2.90541109
191900 -0.42679262 1.58023186 2.79271926
192000 -0.42524502 1.57294713 3.28722821
192100 -0.43367635 1.57282709 3.54487684
192200 -0.45282541 1.60900517 2.23555027
192300 -0.40679249 1.56882841 3.31748222
192400 -0.41555526 1.58995325 1.92378916
192500 -0.47526533 1.57907837 5.34737374
192600 -0.44661165 1.59695529 2.49319342
192700 -0.44972720 1.60580790 2.21286794
192800 -0.42011014 1.58772131 2.14152666
192900 -0.47068229 1.56264597 6.31335626
193000 -0.41555356 1.60941203 0.94464828
193100 -0.46276931 1.57042433 5.13613624
193200 -0.42106702 1.57399926 3.10996606
193300 -0.43789729 1.62057624 1.15098133
193400 -0.45104146 1.55169775 6.13428213
193500 -0.43548746 1.58477471 2.75684929
193600 -0.43670880 1.59255046 2.32399284
193700 -0.43476359 1.57377956 3.50903125
193800 -0.41808143 1.55400646 4.77084900
193900 -0.43868304 1.56665699 4.22121712
194000 -0.45471958 1.56436612 5.16369687
194100 -0.41400710 1.58708312 2.07736659
194200 -0.39042558 1.57810956 2.62995240
194300 -0.41399200 1.60007918 1.34393227
194400 -0.39873972 1.58586505 2.05743975
194500 -0.43637865 1.60809018 1.53991934
194600 -0.44292048 1.54518654 6.41401423
194700 -0.42987644 1.57517576 3.24563425
194800 -0.44181727 1.59782167 2.23563087
194900 -0.49374646 1.55858891 8.57219363
195000 -0.46610724 1.55452067 6.74323510
195100 -0.42576086 1.55088563 5.24364036
195200 -0.43324529 1.53543739 7.11492062
195300 -0.42284243 1.59003079 2.05904147
195400 -0.46214205 1.56487812 5.55368410
195500 -0.47408714 1.58963816 4.56622803
195600 -0.46603639 1.55017782 7.16263674
195700 -0.41065058 1.56675014 3.52198701
195800 -0.39816112 1.60140660 1.18235002
195900 -0.45595457 1.54783984 6.78380623
196000 -0.42112605 1.58179223 2.54930523
196100 -0.45093963 1.58553190 3.37549069
196200 -0.48251993 1.57524920 6.19861054
196300 -0.49017569 1.54578214 9.49650855
196400 -0.41546353 1.52923284 7.41191429
196500 -0.39295657 1.56292790 3.81558038
196600 -0.40946501 1.58953069 1.87306176
196700 -0.43388341 1.56337570 4.32592739
196800 -0.43273852 1.61271168 1.23111483
196900 -0.43897234 1.59518094 2.26198639
197000 -0.41745463 1.57335071 3.08988905
197100 -0.42854415 1.55427544 4.98898010
197200 -0.44649499 1.58769454 3.02187747
197300 -0.38515824 1.60652684 1.05509657
197400 -0.42600323 1.56934967 3.59032173
197500 -0.46428325 1.54676736 7.39465694
197600 -0.43998550 1.54556487 6.25276853
197700 -0.41853211 1.59017327 1.96133852
197800 -0.43416020 1.59320179 2.19647782
197900 -0.40692017 1.58561593 2.09659859
198000 -0.42991995 1.57184955 3.50134784
198100 -0.43662891 1.58183878 2.99381431
198200 -0.42869804 1.57401089 3.29896104
198300 -0.40799578 1.58103841 2.40981649
198400 -0.46520354 1.57978388 4.59090244
198500 -0.44057978 1.56683865 4.28126413
198600 -0.45582742 1.55128811 6.43036886
198700 -0.42945876 1.58269999 2.69855489
198800 -0.39956371 1.60046682 1.22686290
198900 -0.47266739 1.55229519 7.41338980
199000 -0.47247924 1.59347596 4.22410402
199100 -0.43846871 1.58256182 3.01387451
199200 -0.43838351 1.55491585 5.25714497
199300 -0.40376435 1.55399267 4.61578929
199400 -0.45258646 1.55192540 6.19198197
199500 -0.42414670 1.55657957 4.65522020
199600 -0.45564094 1.52651286 9.17249469
199700 -0.40400323 1.60626218 0.96451136
199800 -0.43569958 1.56291528 4.42910447
199900 -0.44010509 1.59821820 2.14488652
