0 0.68334045 0.01156216 0.20561207
100 0.70547341 0.01981444 0.21128516
200 0.67862521 0.00992184 0.27766234
300 0.67350186 0.02233077 0.60040737
400 0.69258715 0.01311796 0.11351555
500 0.63019286 0.00260570 2.43991290
600 0.66406007 0.04867116 1.83027994
700 0.67093139 0.02153879 0.65445174
800 0.67222970 0.01659767 0.52333613
900 0.69781518 0.02505122 0.31616857
1000 0.66979486 0.03809381 1.18174437
1100 0.66770859 0.00249019 0.52446814
1200 0.66195029 0.00201754 0.72592548
1300 0.67988128 0.00546619 0.21732106
1400 0.64571197 0.01901785 1.65443451
1500 0.69741043 0.02073856 0.21839684
1600 0.68538513 0.03924883 0.87703252
1700 0.59662234 0.01728332 5.49282720
1800 0.67170885 0.01569727 0.52339676
1900 0.68852429 0.01307371 0.15130688
2000 0.62117872 0.01933382 3.29329511
2100 0.69828812 0.03872788 0.75138951
2200 0.63477537 0.02388869 2.41246113
2300 0.66376793 0.03169423 1.15864373
2400 0.65880503 0.03110501 1.33227354
2500 0.66091183 0.06264049 2.72585792
2600 0.68174833 0.04084780 1.00083302
2700 0.67126822 0.00343496 0.41865716
2800 0.64931888 0.00827547 1.31852963
2900 0.66505794 0.00768825 0.64002829
3000 0.66566331 0.01636972 0.72348794
3100 0.69623374 0.02449961 0.30720775
3200 0.68499597 -0.00121097 0.11329363
3300 0.66261630 0.04359888 1.64920186
3400 0.66262825 -0.01793068 0.85907871
3500 0.66957524 0.03563619 1.09780197
3600 0.65903044 0.00767259 0.86868659
3700 0.68133245 0.03399252 0.75198437
3800 0.63246727 0.01762398 2.43563701
3900 0.68686106 -0.00083281 0.08666265
4000 0.66115209 -0.01275386 0.83591046
4100 0.68378113 0.02261153 0.38716657
4200 0.66093278 0.03108377 1.24622423
4300 0.68457455 0.03393526 0.69477336
4400 0.67691522 -0.00073667 0.26672484
4500 0.68227659 0.00580600 0.17391438
4600 0.64341873 -0.00699973 1.62521797
4700 0.64414153 0.03066503 2.03025600
4800 0.66810016 0.00705225 0.53366698
4900 0.68798023 0.02440155 0.36995539
5000 0.66895985 0.04061292 1.30645044
5100 0.66108063 0.04919788 1.96757463
5200 0.68654836 0.00779922 0.12088727
5300 0.68313708 0.04274030 1.05554576
5400 0.64349498 0.03166764 2.09782819
5500 0.67036709 0.02663755 0.79383440
5600 0.66292458 0.04733776 1.80772506
5700 0.68448251 0.03352096 0.68222364
5800 0.69207032 0.04555208 1.06893592
5900 0.64896905 0.00780122 1.33250827
6000 0.67099401 0.04418744 1.39693894
6100 0.64485232 0.03297593 2.06433960
6200 0.66519060 0.05686018 2.22238740
6300 0.66960174 -0.01492952 0.57347246
6400 0.64058469 0.00835676 1.80000707
6500 0.69137899 0.01126404 0.10060018
6600 0.63541428 0.02928900 2.51458055
6700 0.69772702 0.02474457 0.30872998
6800 0.67706233 -0.02015938 0.46626860
6900 0.72827837 -0.00121086 0.40056628
7000 0.68364668 0.01578909 0.25836324
7100 0.69880725 0.01258836 0.07994472
7200 0.68561348 0.05214254 1.46290827
7300 0.65745001 0.01534166 1.02293429
7400 0.67925556 0.03029108 0.67394048
7500 0.69175961 0.03614589 0.68721456
7600 0.63507873 0.04138785 2.96386247
7700 0.70373646 0.01711128 0.15337848
7800 0.65458107 0.02060174 1.24365543
7900 0.67228189 -0.00163807 0.38548854
8000 0.68333796 -0.01251996 0.21718651
8100 0.64041746 0.01682600 1.91659676
8200 0.70004934 0.01535146 0.11783493
8300 0.70280139 0.03481852 0.61008857
8400 0.65043881 0.05132940 2.54550908
8500 0.67566032 0.02378865 0.57916005
8600 0.67418582 0.04625036 1.40273400
8700 0.64576464 -0.00221658 1.47319374
8800 0.71298362 -0.00399632 0.09227245
8900 0.68825025 -0.00377228 0.07614335
9000 0.64540106 0.03103503 1.97210836
9100 0.67925863 0.00921794 0.25758749
9200 0.70215191 0.01693836 0.14576930
9300 0.67821215 0.00659392 0.25909520
9400 0.63837113 0.01046711 1.95383897
9500 0.66536809 0.00459631 0.61024747
9600 0.67332286 0.03454454 0.95249747
9700 0.68376945 -0.00394688 0.13950439
9800 0.65996246 0.02474348 1.10762206
9900 0.66363333 0.03043760 1.12449093
10000 0.61898368 0.02605680 3.62130025
10100 0.69595468 0.02589169 0.34337223
10200 0.66357024 0.03434284 1.25327878
10300 0.69397610 0.02837954 0.42084279
10400 0.67209052 0.00696979 0.41375861
10500 0.68541798 0.01688906 0.24893786
10600 0.60785593 0.02329777 4.51665768
10700 0.67261572 -0.00317628 0.37999389
10800 0.66700754 0.00846498 0.58007900
10900 0.70360748 -0.00932995 0.05003094
11000 0.69002459 0.01654763 0.18666643
11100 0.64920721 0.04165924 2.15769991
11200 0.70766796 0.01387234 0.12561970
11300 0.67759447 0.01562869 0.37313189
11400 0.62352608 0.02670619 3.28074015
11500 0.68378232 0.03870968 0.88072612
11600 0.68257235 0.00048110 0.15197714
11700 0.69018592 0.02042968 0.25684393
11800 0.67248829 0.04165034 1.24582234
11900 0.66775133 0.01259846 0.59934887
12000 0.66986006 0.02609744 0.79474619
12100 0.65314233 0.03982174 1.89070574
12200 0.65040157 0.02662478 1.58444186
12300 0.66562121 0.03284450 1.13033111
12400 0.62542207 -0.00554919 2.79633055
12500 0.63797746 0.02446083 2.22256391
12600 0.67979371 -0.02582408 0.53758847
12700 0.70422128 0.00136910 0.00984682
12800 0.69192850 -0.00358109 0.03898665
12900 0.74329953 0.01255751 1.01627020
13000 0.69975890 0.02584016 0.33388608
13100 0.68099411 0.02936669 0.61181323
13200 0.71809708 0.01905555 0.34530909
13300 0.70670878 0.02297170 0.28635342
13400 0.65672099 0.00833718 0.97129042
13500 0.69921628 0.03577800 0.64033970
13600 0.66927393 0.00693582 0.49609841
13700 0.66332701 0.02482377 0.98056396
13800 0.69298777 0.00433078 0.03396347
13900 0.68623759 0.00721341 0.12071859
14000 0.67887337 0.01978345 0.41885971
14100 0.66430373 0.02959367 1.07500450
14200 0.67358200 0.00761213 0.37792752
14300 0.72117074 -0.02634018 0.57100271
14400 0.68139833 0.00498001 0.18541140
14500 0.63724480 0.01377597 2.06399636
14600 0.61562116 0.03901668 4.32104539
14700 0.67856135 0.03516756 0.84818629
14800 0.68209636 -0.01381381 0.25568076
14900 0.65613458 0.02490816 1.27229592
15000 0.70272617 0.00442676 0.01351412
15100 0.65502862 0.00617601 1.03028429
15200 0.64134824 0.02325656 1.99044812
15300 0.64596672 -0.00177951 1.46138099
15400 0.69478374 -0.00008929 0.01360865
15500 0.69653292 0.00449988 0.01613478
15600 0.66066140 0.02019415 0.97766454
15700 0.67936543 0.02453505 0.51387697
15800 0.63288777 0.02766658 2.63474569
15900 0.66787888 0.00906086 0.55693285
16000 0.65014963 0.03029228 1.70134079
16100 0.68504219 -0.00245958 0.11489275
16200 0.64530447 0.02293502 1.75880784
16300 0.66597270 0.02757369 0.95908258
16400 0.62071915 0.00613356 3.16153727
16500 0.71593110 -0.01881521 0.30390612
16600 0.66595133 0.03741363 1.27954604
16700 0.65550067 -0.00053678 0.99023942
16800 0.66910886 -0.00014864 0.47714229
16900 0.63696801 0.02502305 2.29959210
17000 0.69821527 0.03523249 0.62225674
17100 0.62770569 0.01189996 2.68403843
17200 0.68956448 0.01524589 0.17066869
17300 0.63815075 -0.00726819 1.93907793
17400 0.64498566 0.00448633 1.52335215
17500 0.69622787 -0.01267709 0.08746875
17600 0.62350995 0.03036328 3.38632803
17700 0.67658703 0.00294343 0.27841546
17800 0.66757926 0.03317524 1.07585029
17900 0.66845717 0.01935281 0.68474059
18000 0.62600727 0.02351490 3.01393711
18100 0.65677915 0.02032451 1.14056361
18200 0.65815233 0.02993670 1.32371686
18300 0.64596643 -0.01178620 1.52927078
18400 0.65033608 0.01380279 1.32851090
18500 0.65080168 0.00012519 1.21024540
18600 0.66730241 0.01952126 0.72510599
18700 0.66084868 0.01530674 0.88356129
18800 0.68011593 0.01207743 0.27062026
18900 0.65793396 0.00243171 0.88773249
19000 0.66764825 0.03142082 1.01695183
19100 0.63349143 -0.01075033 2.26947999
19200 0.64285080 0.01495007 1.74476783
19300 0.67965792 -0.00380759 0.21414910
19400 0.65438929 0.01454185 1.14590103
19500 0.65340325 0.01481745 1.19540690
19600 0.67271901 -0.00421681 0.38101686
19700 0.64774942 0.04128074 2.21711091
19800 0.63472127 0.03028895 2.58936620
19900 0.71932597 0.04101758 1.02796750
20000 0.68097356 0.03523954 0.80191530
20100 0.66110555 0.01765531 0.91224414
20200 0.67851296 0.02819670 0.62837330
20300 0.69298520 0.00192289 0.02645247
20400 0.69185385 0.02897882 0.45306594
20500 0.63965313 0.02838984 2.22386377
20600 0.69741355 0.02604945 0.34263167
20700 0.63023693 0.00957040 2.47923918
20800 0.68813249 0.04343870 1.01387914
20900 0.65466924 0.03305755 1.57383977
21000 0.69129315 0.04112656 0.88360151
21100 0.72063738 0.00928744 0.25607889
21200 0.64994799 0.02820605 1.65039261
21300 0.62811886 0.00967378 2.63024005
21400 0.66159973 0.00861996 0.77444209
21500 0.68600759 0.03173906 0.60157768
21600 0.65641045 0.00566162 0.96605121
21700 0.67528766 0.00686924 0.32894306
21800 0.69394575 0.02122849 0.24365142
21900 0.69511445 -0.01962581 0.20452047
22000 0.65512472 -0.00435849 1.01639352
22100 0.67616482 0.04779103 1.42604904
22200 0.62546868 0.03415896 3.36087635
22300 0.70988246 0.01651861 0.18526370
22400 0.66334825 0.00599251 0.68963062
22500 0.67504484 0.01397513 0.40903198
22600 0.62880116 0.04077916 3.36610731
22700 0.71810164 0.02332848 0.43594372
22800 0.70121525 0.00495448 0.01301184
22900 0.68488835 0.02873890 0.52714326
23000 0.68467683 -0.00802627 0.14961030
23100 0.68228977 -0.00885090 0.19599531
23200 0.68967091 0.04273488 0.96647984
23300 0.70340929 0.03764706 0.71446206
23400 0.65835981 0.02106592 1.08883923
23500 0.65815982 0.01832411 1.04318664
23600 0.66244890 0.04394386 1.67057396
23700 0.67448927 0.02535258 0.64677553
23800 0.73566059 0.00944824 0.68047330
23900 0.67706287 0.02157102 0.49571044
24000 0.66113721 0.00194236 0.75704472
24100 0.66292194 0.03230495 1.20919643
24200 0.67250705 0.01789713 0.53808486
24300 0.67216514 0.02195492 0.62839901
24400 0.64437883 0.03897564 2.30640716
24500 0.70610547 0.00577605 0.03531975
24600 0.66093308 -0.04046168 1.58168590
24700 0.70424980 0.01148534 0.07498696
24800 0.71151027 0.02833491 0.46767679
24900 0.70962011 0.03617328 0.70052641
25000 0.69709094 0.02013317 0.20690365
25100 0.63600506 0.01444779 2.15204557
25200 0.66498948 0.03457617 1.21062388
25300 0.69000952 0.07539371 2.89201059
25400 0.64945216 0.03156959 1.77586152
25500 0.67988093 0.02871961 0.61479641
25600 0.66259927 0.00264733 0.70291155
25700 0.67564328 0.02395631 0.58357732
25800 0.69762219 0.01342741 0.09297464
25900 0.67415840 0.03568540 0.97061789
26000 0.70550292 -0.01459816 0.12169419
26100 0.71644649 0.00572376 0.15162427
26200 0.66417989 0.02433837 0.93771816
26300 0.70886670 0.02140993 0.26850181
26400 0.65940835 0.01794081 0.98477727
26500 0.65954260 0.05127715 2.13307372
26600 0.62005466 0.01188768 3.26628738
26700 0.66211430 0.01212313 0.79114830
26800 0.65837258 0.02804330 1.25963414
26900 0.69884634 0.02226335 0.24849385
27000 0.66060691 0.02799058 1.16764431
27100 0.61679467 -0.00868053 3.49923963
27200 0.68561405 0.02669546 0.45980163
27300 0.70963874 0.03243483 0.57246187
27400 0.66854601 0.00248440 0.49776290
27500 0.71049542 0.01087133 0.11416986
27600 0.67984759 0.03188675 0.71144225
27700 0.69317460 0.02509447 0.33815936
27800 0.68806679 -0.03012206 0.52486994
27900 0.66908049 0.03536570 1.10337454
28000 0.67116043 0.01277544 0.49746627
28100 0.68770697 -0.01620839 0.20691532
28200 0.67638004 -0.00751376 0.30717964
28300 0.73233862 0.00654947 0.54434108
28400 0.70342896 0.01759175 0.16061366
28500 0.66103514 0.03070838 1.23063236
28600 0.66949091 0.04075406 1.29584873
28700 0.64405288 0.03339414 2.12262443
28800 0.70672998 0.04043142 0.83999625
28900 0.69211043 0.01157852 0.09815374
29000 0.67112600 0.00779897 0.44726596
29100 0.68079157 0.04074023 1.01436525
29200 0.67742968 0.01185177 0.32494179
29300 0.65989347 0.02384439 1.08854443
29400 0.65181408 0.01161655 1.22841338
29500 0.74482495 -0.00371345 1.01153290
29600 0.72648607 -0.02241292 0.60192551
29700 0.68450449 0.02014585 0.32298305
29800 0.68760768 0.01613538 0.20696009
29900 0.67203779 0.02777267 0.77660315
30000 0.63874955 0.02658630 2.22922463
30100 0.64038060 0.00037088 1.77730522
30200 0.67474507 0.03943563 1.09649010
30300 0.68379046 0.03151108 0.62784856
30400 0.67646388 0.02390609 0.56272500
30500 0.64549571 0.03429431 2.07340833
30600 0.67896082 0.01873123 0.39675310
30700 0.67494923 0.00138850 0.31473447
30800 0.68955419 -0.01135793 0.11905871
30900 0.68826588 0.04346988 1.01365998
31000 0.64919178 0.03593301 1.93632829
31100 0.66636931 0.04078473 1.39720865
31200 0.66963532 0.00398294 0.46893892
31300 0.64771506 0.02556211 1.69356827
31400 0.71005488 -0.00065248 0.05076318
31500 0.67798768 0.00649066 0.26333550
31600 0.68652662 0.02576670 0.42272729
31700 0.67806732 0.00297823 0.24495606
31800 0.65397931 0.03749534 1.76190228
31900 0.65998979 0.01019598 0.85238741
32000 0.63033108 0.04446476 3.41543653
32100 0.70227177 0.00811342 0.03549428
32200 0.67857133 -0.00593410 0.24720065
32300 0.66288982 0.01853596 0.86037373
32400 0.66336364 0.04594502 1.72658373
32500 0.69846070 0.00777405 0.03140267
32600 0.70156847 0.02919575 0.42742594
32700 0.66035614 0.03642969 1.44937884
32800 0.69339529 0.04735646 1.14312815
32900 0.66083538 -0.00588625 0.78425759
33000 0.65065361 0.02230213 1.46622580
33100 0.67860537 0.02902063 0.64996359
33200 0.63496269 0.01366637 2.20831101
33300 0.64949453 0.04867888 2.46021789
33400 0.64318717 0.04953910 2.84091022
33500 0.64058374 0.00960465 1.81127033
33600 0.66223344 0.01255715 0.79199764
33700 0.66238216 0.00323392 0.71278003
33800 0.71273050 0.00762585 0.11010958
33900 0.66897140 0.04807200 1.63684525
34000 0.66839115 0.00472376 0.51071664
34100 0.65451906 0.00147908 1.03535157
34200 0.66677535 -0.00669141 0.57432624
34300 0.66033892 0.01877007 0.96265830
34400 0.65365456 0.00945606 1.11865829
34500 0.65530756 -0.01241710 1.07579945
34600 0.67346478 0.01811846 0.51619842
34700 0.69527216 0.03525164 0.63251540
34800 0.67983526 0.00825811 0.23740647
34900 0.62778199 0.00152285 2.60888035
35000 0.69335051 0.05561421 1.56857819
35100 0.63176286 0.04239736 3.22692191
35200 0.63371964 0.02210625 2.44088615
35300 0.68742743 0.02659273 0.43262155
35400 0.67888488 0.00201383 0.22495200
35500 0.65856230 0.01635846 0.99234116
35600 0.64104308 -0.00220276 1.74038501
35700 0.66404714 0.01433540 0.74905597
35800 0.72049831 0.02362943 0.48926538
35900 0.67104299 0.00114993 0.41991530
36000 0.67022143 0.04279070 1.35890360
36100 0.69123194 0.03502105 0.65167629
36200 0.66290557 0.05295369 2.09004504
36300 0.69267151 0.00674981 0.04963341
36400 0.71077725 0.02834201 0.45970937
36500 0.70611467 -0.00552199 0.03394078
36600 0.66076370 0.03706253 1.45655915
36700 0.65747558 0.02720047 1.27409592
36800 0.66230552 0.04453399 1.70207486
36900 0.59092966 0.03830695 6.68188101
37000 0.64397362 0.03031926 2.02910635
37100 0.66028531 0.01912214 0.97145645
37200 0.66133919 0.02592470 1.08337420
37300 0.63861843 0.04911225 3.08985559
37400 0.70764439 0.02463850 0.33274619
37500 0.69286652 0.06969383 2.45405815
37600 0.62739182 -0.01062220 2.69238926
37700 0.65613869 0.04818326 2.12272040
37800 0.66770216 0.02076968 0.73726503
37900 0.66925463 0.02237446 0.72294712
38000 0.70240916 -0.00059736 0.00308045
38100 0.63415042 0.00595868 2.18583641
38200 0.65460746 0.02284208 1.29112177
38300 0.68320515 0.01323956 0.22867651
38400 0.67649373 0.02331098 0.54797312
38500 0.74962849 0.04144002 2.09013142
38600 0.63691297 0.03838040 2.72651410
38700 0.68093430 0.00064122 0.18195609
38800 0.65921557 0.01266387 0.91187155
38900 0.61671357 0.02596440 3.80539008
39000 0.67512628 0.02155465 0.54165231
39100 0.65779157 0.03376427 1.46078904
39200 0.66255077 0.01456420 0.80728027
39300 0.67713610 0.01508480 0.37515458
39400 0.64924862 0.03774408 2.00015911
39500 0.73835574 0.02925503 1.16350985
39600 0.68285305 0.01357296 0.23912147
39700 0.66512264 0.03912344 1.37353678
39800 0.68145053 -0.01558108 0.29342644
39900 0.70780432 0.01628364 0.16303211
40000 0.68408068 0.00924296 0.16942854
40100 0.62742705 0.01380958 2.72876880
40200 0.66171738 0.01731150 0.88262372
40300 0.65618594 0.03058238 1.42747687
40400 0.68340407 0.01084966 0.19656994
40500 0.64871330 0.00926497 1.35808250
40600 0.66212872 0.01035085 0.77068694
40700 0.62850816 0.04931955 3.77175093
40800 0.67668954 -0.00071358 0.27194327
40900 0.66417929 0.01229888 0.71719279
41000 0.69018159 0.02619616 0.39131996
41100 0.68986929 0.03096398 0.53069973
41200 0.65197374 0.01239650 1.23009766
41300 0.69209610 0.02353437 0.30816911
41400 0.67707767 0.01378677 0.35775420
41500 0.67225121 -0.00959526 0.43103220
41600 0.68892259 0.04662204 1.14816166
41700 0.68404928 0.04035364 0.94142096
41800 0.67844720 0.00315615 0.23724216
41900 0.69821227 0.04223589 0.89353304
42000 0.70386634 -0.00734300 0.03443413
42100 0.66037410 0.00367974 0.79187638
42200 0.60625759 0.03224225 4.91360098
42300 0.65034747 0.03015754 1.68742548
42400 0.64048209 0.04968268 3.00537508
42500 0.66938144 0.00016085 0.46876096
42600 0.69090068 0.02746292 0.41850474
42700 0.71912216 0.01611954 0.31274838
42800 0.62457898 0.01658746 2.98173679
42900 0.65922155 0.02508563 1.14608558
43000 0.63391798 0.04638264 3.25909128
43100 0.72756688 0.03318476 0.93058055
43200 0.68270512 0.02732747 0.52295179
43300 0.65554248 0.01334854 1.07732746
43400 0.70103259 0.01677865 0.14129471
43500 0.67813477 0.00066939 0.23926820
43600 0.68577593 -0.01278742 0.18292111
43700 0.68087040 0.02459428 0.48541007
43800 0.68778829 0.00921382 0.11701016
43900 0.65446991 0.01199101 1.10838658
44000 0.66932259 0.03931140 1.24324498
44100 0.68968951 0.00860706 0.09019381
44200 0.64100165 0.01265285 1.82045025
44300 0.63190060 0.02354151 2.59586554
44400 0.68614179 0.01236699 0.17249617
44500 0.65922710 0.02350747 1.10751517
44600 0.68554996 -0.03095640 0.58355103
44700 0.65168679 0.01291059 1.25042469
44800 0.64708544 -0.00362602 1.40654933
44900 0.66278334 0.02061988 0.90512943
45000 0.70971922 0.02010439 0.24932495
45100 0.65649766 0.00635904 0.96644568
45200 0.70546648 0.03808280 0.74009119
45300 0.66946307 0.02526970 0.78553092
45400 0.65126214 0.02325147 1.45800515
45500 0.66882044 0.03989846 1.28202605
45600 0.68933953 0.01550466 0.17701993
45700 0.67737070 0.01116816 0.31840657
45800 0.65239795 0.02490733 1.44316510
45900 0.67272816 -0.01731713 0.52181825
46000 0.68731639 0.03512332 0.69726074
46100 0.65234264 0.04818532 2.29652463
46200 0.67561626 0.03530938 0.92065941
46300 0.65897285 0.02490023 1.15162409
46400 0.66406030 0.01811169 0.80984780
46500 0.69445402 0.05317196 1.42900749
46600 0.70241841 0.04034052 0.81660309
46700 0.66948974 0.02625006 0.80997075
46800 0.64612977 0.02996643 1.89999417
46900 0.65972687 0.02857185 1.21913759
47000 0.68321814 0.00262226 0.14425356
47100 0.67449060 -0.01413482 0.42526137
47200 0.63319193 0.03136089 2.72341214
47300 0.65983613 0.06672166 3.03245841
47400 0.65193736 0.02473278 1.46086406
47500 0.70025177 0.00573049 0.01645094
47600 0.68390851 -0.00196740 0.13140337
47700 0.65388282 -0.00963668 1.10982970
47800 0.69489896 0.03623419 0.66946840
47900 0.67374919 0.01896003 0.52429377
48000 0.68845807 0.02709723 0.43373799
48100 0.66684317 0.04281657 1.46631701
48200 0.65925705 -0.02065237 1.04325414
48300 0.67165434 0.03482105 1.00799082
48400 0.68222028 0.05405270 1.61890638
48500 0.63537657 0.01376777 2.18286980
48600 0.68291643 -0.00820457 0.17958176
48700 0.69232663 0.01250114 0.10757961
48800 0.62105317 0.01355243 3.20813494
48900 0.69173630 0.03838302 0.77077239
49000 0.67125729 0.01041258 0.46728264
49100 0.61120033 0.06932628 6.34575728
49200 0.69697386 0.01007567 0.05533831
49300 0.62604012 0.01126287 2.79845823
49400 0.70793123 0.04276256 0.94577063
49500 0.68169920 0.02996369 0.61637099
49600 0.66174018 0.04666096 1.82052936
49700 0.67040881 0.00187136 0.43957023
49800 0.58495607 0.02468665 6.92226828
49900 0.72075241 0.04212151 1.10244202
50000 0.64125624 0.03579119 2.36591954
50100 0.67705145 0.01361636 0.35602066
50200 0.66904129 0.02301029 0.74395758
50300 0.65842442 0.01875523 1.04014378
50400 0.69978644 -0.00163409 0.00135793
50500 0.69645725 0.04018804 0.81381463
50600 0.71227222 0.00758294 0.10405418
50700 0.65490866 0.02440057 1.31430835
50800 0.66177979 0.02662206 1.08475951
50900 0.70257167 0.04076095 0.83403415
51000 0.64566781 -0.00895607 1.51609882
51100 0.67307635 0.04219719 1.25274305
51200 0.65946218 0.03532129 1.44545414
51300 0.72762685 0.03078555 0.85549669
51400 0.65731320 0.02005879 1.11225890
51500 0.68545395 -0.01382100 0.20130376
51600 0.67412017 0.01917438 0.51871123
51700 0.68215046 -0.00886522 0.19859911
51800 0.67149756 0.01906005 0.58783721
51900 0.68153007 0.00791108 0.20186166
52000 0.66993724 0.01396307 0.54936839
52100 0.67088348 -0.00248731 0.42697918
52200 0.69455970 0.02765404 0.39717130
52300 0.70168031 0.00576873 0.01805088
52400 0.67679317 0.01901732 0.45010779
52500 0.66746940 0.02097204 0.74903323
52600 0.60511715 0.02622296 4.84519947
52700 0.67482336 0.02951074 0.75237356
52800 0.65590054 0.02539087 1.29472917
52900 0.63773027 0.00783265 1.96943456
53000 0.65674434 0.01641838 1.07030747
53100 0.71096833 0.03616361 0.71405537
53200 0.70216474 0.04048544 0.82187860
53300 0.68577427 0.04033058 0.91446351
53400 0.63916161 0.00433218 1.86003874
53500 0.72630142 0.02231301 0.59481751
53600 0.65290651 0.02030068 1.31495702
53700 0.69337111 0.00636421 0.04222270
53800 0.64509499 0.04053167 2.32868798
53900 0.68151251 0.04980661 1.41124278
54000 0.66169586 0.02078996 0.94971454
54100 0.69491078 0.01218716 0.08721354
54200 0.67521985 0.01665948 0.44579721
54300 0.67225958 0.02305351 0.65049775
54400 0.64424492 0.02993522 2.00237313
54500 0.69079509 0.04476007 1.04409699
54600 0.64636753 0.03373476 2.00723760
54700 0.69013878 0.01246906 0.12636058
54800 0.71152900 0.01784159 0.22562011
54900 0.65659253 -0.01412627 1.04187989
55000 0.65897054 0.01267932 0.92209098
55100 0.69318653 0.01838301 0.19217913
55200 0.63525229 0.02166796 2.33088343
55300 0.65553754 0.01096574 1.04857893
55400 0.66185958 0.01211590 0.80074343
55500 0.67436828 0.01668162 0.46763079
55600 0.66208272 0.02071190 0.93335118
55700 0.68750665 0.00131967 0.07891268
55800 0.71142501 0.02964902 0.50479759
55900 0.62802269 -0.01847745 2.76107462
56000 0.62560255 0.01156214 2.83433213
56100 0.67416893 0.01942128 0.52221505
56200 0.67662782 0.01491079 0.38429531
56300 0.68910215 0.00051263 0.05951291
56400 0.67538936 0.06992519 2.74760784
56500 0.66295298 0.00674138 0.70896390
56600 0.65103775 -0.01950312 1.38883662
56700 0.67981443 0.03518636 0.82276859
56800 0.61472150 0.00920333 3.67856179
56900 0.62660274 0.03190651 3.20259119
57000 0.69731125 -0.00848253 0.03959135
57100 0.67498613 0.01944369 0.50187524
57200 0.65504332 0.01882343 1.18771257
57300 0.67581854 -0.00461671 0.30302863
57400 0.69180029 -0.00314033 0.03854847
57500 0.66239017 0.01361321 0.79990953
57600 0.69113609 0.04284881 0.95729471
57700 0.64666353 0.04502612 2.43606507
57800 0.60624037 0.03284507 4.93483298
57900 0.68346348 0.04746752 1.26331079
58000 0.62507906 0.02331797 3.07843790
58100 0.67149582 0.02243084 0.65781554
58200 0.64310592 -0.00595804 1.63621705
58300 0.59779169 0.01342152 5.31333748
58400 0.66829214 0.01477888 0.61190180
58500 0.68543355 -0.00155537 0.10730032
58600 0.68928164 0.02058209 0.26925273
58700 0.68301739 0.00102507 0.14472993
58800 0.68315124 0.01763677 0.29746818
58900 0.71717909 -0.00404260 0.15573182
59000 0.65107631 -0.00860215 1.23376240
59100 0.62813953 0.01775567 2.73959569
59200 0.67916201 -0.02054717 0.42820410
59300 0.65332166 0.00029443 1.08947727
59400 0.71197303 0.02406907 0.36133680
59500 0.66979834 -0.00097738 0.45654790
59600 0.67531712 0.01638201 0.43880733
59700 0.68526832 -0.00717729 0.13426790
59800 0.66451914 0.04385066 1.59088589
59900 0.71359184 0.01762051 0.24761028
60000 0.66542589 0.04919043 1.80753388
60100 0.70236761 0.02938253 0.43446945
60200 0.63654012 0.01527745 2.13027850
60300 0.64877106 0.01775786 1.46987290
60400 0.65283283 0.01328082 1.20056129
60500 0.68531940 0.05724317 1.74615016
60600 0.66554143 0.03868362 1.34190785
60700 0.64674398 0.03556883 2.05067277
60800 0.68552932 0.03231890 0.62695586
60900 0.66521032 0.00254223 0.60839241
61000 0.62126889 0.00673225 3.12195578
61100 0.69110118 0.01975752 0.23477423
61200 0.64710756 0.00415209 1.40742522
61300 0.62946054 0.00683725 2.51128198
61400 0.62397098 0.02943261 3.32334521
61500 0.65752737 0.00143053 0.90298552
61600 0.63916769 0.05598102 3.41722230
61700 0.63939514 0.00140405 1.83746031
61800 0.62239228 0.01910141 3.19391135
61900 0.68869558 0.04380305 1.02324868
62000 0.69705562 0.02031882 0.21076202
62100 0.68384484 0.02556844 0.45736707
62200 0.64433509 0.00555523 1.56472129
62300 0.67285791 0.00638837 0.38875211
62400 0.69903921 0.04145819 0.85985212
62500 0.68262669 0.00597629 0.16877405
62600 0.67676964 0.04954829 1.49734133
62700 0.66111844 0.00898672 0.79626845
62800 0.64076443 0.01280060 1.83635386
62900 0.62114227 0.03699201 3.79347566
63000 0.63530749 0.01724175 2.24119954
63100 0.66770463 0.00077831 0.52179849
63200 0.65324018 -0.02098356 1.31339541
63300 0.67613619 0.01280107 0.36667444
63400 0.62952063 0.01788950 2.64368788
63500 0.67142325 0.04615900 1.47364196
63600 0.68693158 0.03393687 0.66124724
63700 0.70214215 -0.00109420 0.00289303
63800 0.63897674 0.00401638 1.86998462
63900 0.69688305 0.02575458 0.33650697
64000 0.66702778 0.00759850 0.57245231
64100 0.68220774 0.03647125 0.82335849
64200 0.69033564 0.02887938 0.46370936
64300 0.66907534 0.00745190 0.50593277
64400 0.66248633 0.04272173 1.61621084
64500 0.66692683 0.02889598 0.96440621
64600 0.69547217 0.01910969 0.19284082
64700 0.67769681 0.03235985 0.77229602
64800 0.69904534 0.01292792 0.08402128
64900 0.67763364 0.03366596 0.81682542
65000 0.66409445 -0.00905174 0.68557115
65100 0.66179962 -0.00731907 0.75641901
65200 0.68137057 0.03443527 0.76642182
65300 0.66620857 0.01556966 0.69213746
65400 0.64816036 0.05021082 2.60423724
65500 0.65762838 0.01180721 0.96738218
65600 0.63976926 0.01475285 1.92269452
65700 0.65503255 0.02481626 1.31895902
65800 0.69023579 -0.00064791 0.04787981
65900 0.65972602 0.01725268 0.95982437
66000 0.68283506 0.04262668 1.05583465
66100 0.64330287 0.01652652 1.74384488
66200 0.66337124 0.02251026 0.92418894
66300 0.66665130 0.00002043 0.55606820
66400 0.66571119 0.04930114 1.80316225
66500 0.68164936 0.02889435 0.58581472
66600 0.67968913 -0.01368487 0.29990354
66700 0.64543916 0.02480243 1.79602279
66800 0.65954440 0.04273448 1.73144594
66900 0.70577942 0.01633763 0.15015988
67000 0.65241467 0.01778104 1.29026424
67100 0.65865720 0.05491843 2.36263046
67200 0.71724646 0.01956801 0.34017380
67300 0.70127318 0.04565635 1.04306160
67400 0.67935760 0.01124010 0.27622414
67500 0.66653079 -0.01476887 0.66915369
67600 0.63729972 0.04262671 2.87418036
67700 0.64734335 0.02972301 1.82809022
67800 0.72187696 -0.00274121 0.24305791
67900 0.68515386 0.05641613 1.70159364
68000 0.66286407 0.01786592 0.84913402
68100 0.69374393 -0.00893979 0.05952911
68200 0.70751941 0.03615227 0.68176423
68300 0.68651197 0.02418256 0.38336147
68400 0.65862875 0.01143431 0.92116172
68500 0.67610059 0.00206739 0.28772796
68600 0.72279709 0.01365009 0.35301602
68700 0.70726622 0.01885942 0.20423781
68800 0.69055460 0.02962364 0.48338784
68900 0.71749433 0.00456296 0.16343607
69000 0.65899092 0.02517226 1.15769353
69100 0.68967204 0.03526917 0.67529039
69200 0.69825170 0.01264011 0.08141444
69300 0.65144108 0.05813013 2.86854021
69400 0.62417543 0.04958878 4.10420666
69500 0.70519486 0.05352464 1.44593669
69600 0.64608998 0.03485561 2.06060161
69700 0.71738731 0.01930335 0.33746892
69800 0.69193941 0.02197333 0.27390022
69900 0.62382903 0.00099574 2.90150413
70000 0.66195262 0.00790253 0.75502675
70100 0.65828437 0.01396759 0.96764383
70200 0.68473680 0.00952937 0.16188705
70300 0.65861734 0.03248710 1.38396838
70400 0.66467669 0.00582337 0.64082394
70500 0.66421021 0.02238914 0.89109109
70600 0.67516050 0.02096811 0.52833117
70700 0.63151863 0.00430096 2.35409833
70800 0.67841803 0.03740382 0.93241384
70900 0.70165906 -0.00681880 0.02462425
71000 0.66162954 0.03377998 1.30668949
71100 0.66810048 0.00476322 0.52013388
71200 0.66877778 0.02211626 0.73197786
71300 0.69432303 0.00578174 0.03282827
71400 0.68881748 0.00315166 0.06749082
71500 0.67811939 0.00960987 0.28555538
71600 0.68217598 0.02027874 0.36446142
71700 0.64368459 0.03749046 2.28847997
71800 0.69968075 0.04508123 1.01620950
71900 0.69442763 0.02409626 0.30584055
72000 0.66266793 0.03217553 1.21447421
72100 0.69986099 0.00783382 0.03069403
72200 0.67644603 0.04200373 1.15955132
72300 0.62829095 0.06273990 4.53924167
72400 0.66159777 0.04138734 1.59382134
72500 0.62974489 0.01405863 2.56671305
72600 0.68527819 0.02135032 0.33628392
72700 0.65618370 0.02508017 1.27444167
72800 0.63434081 0.04150542 3.01691491
72900 0.69044704 0.01558441 0.16706649
73000 0.67566858 0.01019944 0.34802315
73100 0.69122652 0.01059381 0.09460141
73200 0.69017617 0.02036705 0.25566227
73300 0.68731853 -0.00035864 0.08047420
73400 0.70347161 -0.00009474 0.00603053
73500 0.64676305 0.04334310 2.35639885
73600 0.66670802 0.01910737 0.73672364
73700 0.66144488 0.03127846 1.23241979
73800 0.72860106 0.04085094 1.24341002
73900 0.68239408 0.01866764 0.32922460
74000 0.68527298 0.00240945 0.11134535
74100 0.64102272 0.02700048 2.10367288
74200 0.69284539 0.04271104 0.93771076
74300 0.69197034 0.01158368 0.09932861
74400 0.65066487 0.02036622 1.42436908
74500 0.71030812 0.01720351 0.20110898
74600 0.66625133 0.02952528 1.00535746
74700 0.67163419 0.02366950 0.68243221
74800 0.66189131 0.01067366 0.78309973
74900 0.67156786 0.04611228 1.46736470
75000 0.66648726 0.04295845 1.48426639
75100 0.72653634 0.03827968 1.08475563
75200 0.70226985 0.02158837 0.23560507
75300 0.59618250 0.02106105 5.61082051
75400 0.64085812 0.00869692 1.78669901
75500 0.68677337 0.03221294 0.60630862
75600 0.68976559 0.03597409 0.69943914
75700 0.66699697 0.00426168 0.55368102
75800 0.66672358 0.00410617 0.56209032
75900 0.67638363 0.01226819 0.35412072
76000 0.64937600 0.03014302 1.73569555
76100 0.65345700 0.01198256 1.15491608
76200 0.67029509 0.02627404 0.78635332
76300 0.68609988 0.01682033 0.23806855
76400 0.61704524 0.05073617 4.72782552
76500 0.66441644 0.03000446 1.08322883
76600 0.67372069 -0.00052337 0.34543815
76700 0.66422092 0.02849153 1.04595492
76800 0.68552846 0.00578611 0.12145232
76900 0.68399013 0.01794484 0.28916662
77000 0.69186082 0.02367809 0.31344912
77100 0.72806668 0.03710754 1.08235378
77200 0.74811837 -0.00988919 1.20658687
77300 0.71239122 -0.00908981 0.11808356
77400 0.66285256 -0.00038796 0.69004155
77500 0.65369585 0.01606492 1.20107820
77600 0.69780954 0.03559438 0.63587915
77700 0.67113362 -0.00632638 0.43664555
77800 0.67772571 0.02743638 0.62444960
77900 0.70270386 0.02755287 0.38323571
78000 0.66836211 0.01505593 0.61381865
78100 0.62476546 0.01675852 2.97054201
78200 0.67324775 0.01397567 0.45550102
78300 0.68933601 0.02211905 0.30148660
78400 0.66071495 0.00867282 0.80926670
78500 0.68341790 0.02003877 0.33825921
78600 0.64148525 0.01197133 1.78364445
78700 0.69885483 -0.00019681 0.00067508
78800 0.64665217 0.00163655 1.42433438
78900 0.69817130 0.03705728 0.68829316
79000 0.63133952 0.03202883 2.87005378
79100 0.67687116 0.00767592 0.29693141
79200 0.69081145 0.04179404 0.91558555
79300 0.68250020 0.03278420 0.69052349
79400 0.66449347 0.03060993 1.09884087
79500 0.64893270 -0.00782938 1.33458414
79600 0.69085538 0.03985976 0.83621234
79700 0.70884700 0.01736410 0.18989062
79800 0.63547136 -0.00247284 2.08503041
79900 0.69990894 0.01841407 0.16954305
80000 0.64405070 0.04967927 2.79917657
80100 0.63080896 0.04389536 3.35710145
80200 0.67180228 0.01732872 0.54769813
80300 0.65595040 -0.02348252 1.24589782
80400 0.68328819 0.03743171 0.84020876
80500 0.65250973 0.04811244 2.28506625
80600 0.63485958 0.02519444 2.43901684
80700 0.66942188 -0.00494487 0.47973661
80800 0.63293578 0.01567637 2.37167882
80900 0.66066060 0.05403893 2.23389746
81000 0.69890122 0.02276440 0.25971265
81100 0.61006392 0.02613455 4.38575621
81200 0.66270376 0.02306868 0.96158696
81300 0.68358714 -0.01254057 0.21332403
81400 0.66703066 0.01188027 0.61405896
81500 0.67500034 -0.00731601 0.33925349
81600 0.67550167 0.01701520 0.44484269
81700 0.63195061 0.03232994 2.83797203
81800 0.62759572 0.03562167 3.25564143
81900 0.67804431 0.04738409 1.36365199
82000 0.71409525 0.01587552 0.22535414
82100 0.67108816 0.05322766 1.83453892
82200 0.68226992 -0.00024877 0.15720880
82300 0.65345117 0.02701288 1.44824453
82400 0.63269095 0.03004308 2.71654726
82500 0.68364187 0.00704244 0.15859229
82600 0.70771110 0.00995205 0.07925217
82700 0.73029601 0.02355742 0.73640023
82800 0.71485087 0.01962390 0.30282283
82900 0.69074423 -0.00226843 0.04540753
83000 0.65885772 0.03713228 1.53574637
83100 0.71046119 -0.00178096 0.05630418
83200 0.65359392 0.01445147 1.18118477
83300 0.66317262 0.02819370 1.07557021
83400 0.67722202 0.01046058 0.31413011
83500 0.65551613 0.03845743 1.72889443
83600 0.69435868 -0.02268773 0.27327879
83700 0.67789546 0.00669503 0.26671704
83800 0.68288351 0.00772280 0.17630789
83900 0.67651995 0.03719928 0.96754977
84000 0.70343199 0.01005390 0.05642971
84100 0.65147170 0.01464253 1.28469967
84200 0.63686090 0.01289308 2.07638860
84300 0.69858183 0.01987930 0.19859893
84400 0.67801466 0.03096893 0.72121489
84500 0.65829875 0.03873004 1.61950494
84600 0.64382648 0.01219812 1.65212955
84700 0.69747468 0.04234889 0.89990281
84800 0.67491915 0.04467820 1.31259530
84900 0.65582374 0.01273796 1.05689892
85000 0.69927237 0.02383016 0.28420289
85100 0.65674853 0.02374442 1.21724357
85200 0.65687364 0.00868816 0.96768357
85300 0.66038481 0.06037607 2.60731643
85400 0.63885029 0.00686366 1.89319837
85500 0.66106621 0.02025906 0.96313472
85600 0.72066852 -0.00488713 0.22553594
85700 0.67931488 0.00482965 0.22559978
85800 0.67082780 0.02508693 0.74018560
85900 0.66370034 0.01351630 0.75017791
86000 0.62328659 0.02250825 3.19578438
86100 0.66677618 0.02202922 0.79455448
86200 0.68016010 0.01147560 0.26265549
86300 0.67292830 0.01033823 0.41987784
86400 0.67465519 0.00433736 0.33058593
86500 0.66009846 0.03288683 1.33683819
86600 0.70505093 0.03785747 0.72934984
86700 0.70358208 0.04577166 1.05393784
86800 0.68973864 0.02743841 0.42908089
86900 0.65759001 -0.01711846 1.04582458
87000 0.67498864 0.04118878 1.16104184
87100 0.72469229 -0.00838132 0.33997784
87200 0.69895308 0.03835663 0.73616373
87300 0.66166360 0.01784468 0.89405596
87400 0.61795849 0.02214860 3.61068482
87500 0.64263269 0.00336695 1.65117229
87600 0.66619260 0.01167298 0.63959926
87700 0.65963512 0.00773556 0.84458112
87800 0.66706737 -0.00360752 0.54878623
87900 0.71857530 0.02391361 0.45845134
88000 0.68192544 0.03709444 0.85134351
88100 0.67675657 0.01577679 0.39458200
88200 0.69063630 0.01579787 0.16862575
88300 0.62830713 -0.00175876 2.57148075
88400 0.67148126 0.02958424 0.84427303
88500 0.69399381 0.01800236 0.18007963
88600 0.66644569 0.00786684 0.59388957
88700 0.66109468 0.02511155 1.07210704
88800 0.67199766 0.01697528 0.53614551
88900 0.66118507 -0.00894429 0.79329977
89000 0.65007611 0.03208072 1.76078384
89100 0.65542302 0.00169674 0.99499325
89200 0.69152688 0.00123934 0.03666488
89300 0.70081313 0.03674309 0.67535787
89400 0.65775495 0.02086219 1.10993747
89500 0.66050197 0.03601180 1.42847188
89600 0.67291740 -0.00108121 0.36731815
89700 0.64151895 0.02020733 1.91418476
89800 0.70274540 0.03216125 0.52094153
89900 0.72602119 0.01844767 0.50870947
90000 0.71860311 0.01543020 0.29208342
90100 0.67324124 0.02760133 0.73893224
90200 0.65811883 0.01720967 1.02510280
90300 0.68048643 -0.01329307 0.27874256
90400 0.63430523 0.01890338 2.33657023
90500 0.70731240 -0.00197035 0.02867674
90600 0.68594926 -0.00771625 0.12848188
90700 0.65625738 -0.00422717 0.96564302
90800 0.69910931 0.01089678 0.05976659
90900 0.68632133 0.00677100 0.11647625
91000 0.67330578 -0.00524289 0.37003458
91100 0.67161556 0.05226451 1.76862787
91200 0.68032209 0.01224137 0.26853567
91300 0.62086845 0.04220075 4.02135311
91400 0.69553437 0.03276648 0.54679213
91500 0.62019123 0.04280562 4.10088059
91600 0.67147062 0.02300997 0.67169215
91700 0.64180971 0.01714746 1.84007276
91800 0.68649468 0.04177300 0.96368836
91900 0.68023333 -0.02124711 0.42108039
92000 0.67915054 0.03239840 0.74217791
92100 0.67127747 0.02708853 0.77938614
92200 0.68712015 -0.00006914 0.08294764
92300 0.65784633 0.03966540 1.67513802
92400 0.68456897 0.00741477 0.14654772
92500 0.69068173 -0.01723450 0.19192904
92600 0.67315591 0.02104496 0.58174766
92700 0.64923227 0.02006594 1.49000200
92800 0.63474421 -0.01198332 2.20095874
92900 0.65645366 0.03283457 1.48719651
93000 0.66711183 0.02484728 0.84950941
93100 0.68357539 0.03647400 0.80006010
93200 0.65264796 0.02631206 1.46727038
93300 0.71285614 -0.02483821 0.39110843
93400 0.67268385 0.04109729 1.21757973
93500 0.67865410 0.00912128 0.26942262
93600 0.73225823 0.05619149 2.09903849
93700 0.68063523 0.00899135 0.22791935
93800 0.66836556 0.03487402 1.10846730
93900 0.67677987 0.00973770 0.31699858
94000 0.68896013 0.03834366 0.79605737
94100 0.65619874 0.00754831 0.98776377
94200 0.65827306 0.00893364 0.91047382
94300 0.63363754 0.00425689 2.21104882
94400 0.63925588 0.02394385 2.13157775
94500 0.68652202 0.01086012 0.14979908
94600 0.66639160 0.05515836 2.08598469
94700 0.68711686 0.01569817 0.20620389
94800 0.66124211 0.00430752 0.76036434
94900 0.71302694 0.02694961 0.44799126
95000 0.64245313 0.03886555 2.41108654
95100 0.67314522 0.01469448 0.46855357
95200 0.70945833 0.02971930 0.48634847
95300 0.69057151 0.01415875 0.14468334
95400 0.67602060 0.05488811 1.79385798
95500 0.64833555 0.04639834 2.41101059
95600 0.64276932 0.02622934 1.98166478
95700 0.65605368 -0.00874176 1.00384870
95800 0.67774047 0.04817348 1.40808555
95900 0.68394573 0.02791469 0.51848468
96000 0.69322955 0.01015335 0.07446477
96100 0.68981391 0.02466825 0.35613961
96200 0.71703067 0.02544716 0.46880090
96300 0.69262441 0.02720367 0.39721959
96400 0.70852871 0.01968676 0.23015379
96500 0.65309590 0.02516820 1.41671657
96600 0.69214691 0.02487344 0.34017957
96700 0.64371032 0.00675811 1.60709979
96800 0.70573890 0.00486259 0.02828985
96900 0.67306661 0.01643648 0.49778272
97000 0.65314828 0.00685317 1.12102484
97100 0.67624378 0.00181515 0.28382635
97200 0.69615555 0.03547861 0.63675583
97300 0.64772078 0.02926429 1.79475803
97400 0.66099311 0.03379711 1.33189092
97500 0.68337464 0.03500712 0.75095036
97600 0.64921256 0.02504447 1.60329470
97700 0.67388973 0.03261234 0.87265565
97800 0.68871192 0.04913403 1.27078684
97900 0.62452346 0.00323802 2.85359649
98000 0.67832616 -0.00854124 0.27135415
98100 0.71582485 0.03808169 0.85032030
98200 0.66443183 -0.00138509 0.63350644
98300 0.64730461 -0.00861993 1.42555383
98400 0.67368340 0.03365500 0.91261111
98500 0.66769032 0.04764379 1.65692291
98600 0.65569556 0.02815820 1.37788388
98700 0.70723050 0.01494470 0.13781212
98800 0.63036688 0.02378388 2.70722238
98900 0.69454553 0.03136719 0.50682579
99000 0.66158256 0.02420012 1.03077276
99100 0.66782522 0.00523328 0.53130196
99200 0.69741862 0.00789659 0.03450980
99300 0.71715657 0.00897341 0.18743494
99400 0.70179047 0.02389799 0.28715995
99500 0.68404732 0.04000789 0.92755948
99600 0.66290031 0.02147650 0.91881367
99700 0.65761137 0.06607358 3.08125690
99800 0.73038245 0.00891935 0.50132407
99900 0.66650112 0.03881530 1.31440126
100000 0.66930613 -0.02976368 0.91399531
100100 0.66288158 0.04109898 1.53345146
100200 0.60341007 0.01678974 4.80575476
100300 0.67132171 0.02031491 0.61756996
100400 0.63935231 0.01960574 2.03126374
100500 0.68034987 0.02349305 0.46902555
100600 0.69736185 0.02220251 0.24995554
100700 0.66207662 0.02949689 1.15412466
100800 0.63643053 0.02453730 2.32157828
100900 0.68618544 0.04500300 1.10805602
101000 0.66434523 0.00418009 0.64436798
101100 0.63189488 0.00076577 2.31944705
101200 0.62473221 0.00703995 2.85740066
101300 0.66921190 -0.00291703 0.47820824
101400 0.66321097 0.03996598 1.47535597
101500 0.66601768 0.06051957 2.40870860
101600 0.64404327 -0.01681586 1.70696413
101700 0.63715163 0.03266347 2.50840992
101800 0.70104183 0.04711295 1.11035791
101900 0.69037947 0.01911086 0.22888969
102000 0.70875340 0.01655157 0.17528826
102100 0.68235416 0.02276589 0.41483069
102200 0.66794663 0.01115540 0.57593077
102300 0.63674175 0.01825106 2.16735377
102400 0.67351673 0.01622825 0.48235983
102500 0.70925649 0.00315835 0.04782885
102600 0.70560810 0.00862772 0.05294415
102700 0.66754601 0.01354143 0.61831574
102800 0.68912702 0.01679768 0.20019185
102900 0.63105306 0.03685859 3.05611825
103000 0.66778194 0.02630111 0.86487611
103100 0.67669513 -0.00483635 0.28325360
103200 0.65206312 0.02696428 1.51250847
103300 0.68066229 0.03226118 0.70736528
103400 0.70811713 0.01517126 0.14802741
103500 0.67571572 0.01724767 0.44360418
103600 0.68126399 0.02449159 0.47543802
103700 0.61633890 0.01022910 3.55190727
103800 0.72574211 -0.00002986 0.33132857
103900 0.65962281 0.03392375 1.39056931
104000 0.69412882 0.03615491 0.67082427
104100 0.72589535 -0.00876671 0.37371205
104200 0.68197309 -0.00021579 0.16250794
104300 0.64651124 0.03909694 2.19480902
104400 0.70302068 -0.00715666 0.03017118
104500 0.67709278 -0.00743648 0.29002099
104600 0.66011633 0.05693139 2.41594503
104700 0.68777633 0.00561749 0.09048716
104800 0.68176429 0.01886509 0.34421640
104900 0.69033088 0.02472776 0.35247691
105000 0.68276798 0.01033877 0.20191637
105100 0.63837534 0.00976844 1.94651079
105200 0.65651468 0.01623808 1.07732431
105300 0.67849494 0.02016214 0.43448964
105400 0.64866110 0.02786319 1.70602036
105500 0.68134298 0.00851724 0.21031392
105600 0.62472094 0.04658247 3.91843153
105700 0.65819358 -0.00186914 0.87563503
105800 0.68403739 0.00615076 0.14631834
105900 0.72298794 0.02886165 0.68072003
106000 0.69477189 0.00431492 0.02297579
106100 0.68349079 0.04433387 1.11902322
106200 0.65116141 0.01837756 1.36147111
106300 0.69717255 -0.01086035 0.06297079
106400 0.65494275 0.04389839 1.97861238
106500 0.69083396 0.03203107 0.55500282
106600 0.70124783 0.01491685 0.11203482
106700 0.67162905 0.06164993 2.30281205
106800 0.67710391 0.02665087 0.61724992
106900 0.69177282 0.01634803 0.16747239
107000 0.62936687 0.02671443 2.85135022
107100 0.69792821 0.00740127 0.02953556
107200 0.59247987 0.03184487 6.28733652
107300 0.64677684 0.04056525 2.23912207
107400 0.63692845 0.01061041 2.04530060
107500 0.67330709 0.01755084 0.51027160
107600 0.68569214 0.04643227 1.18033531
107700 0.67576819 0.04182379 1.16820483
107800 0.66785505 0.02961854 0.95527771
107900 0.66083680 0.02930596 1.19629801
108000 0.68162632 0.00344805 0.17474063
108100 0.69487230 0.01699632 0.15758410
108200 0.66570184 0.01668294 0.72734200
108300 0.67879369 -0.00007157 0.22485626
108400 0.69027593 0.00085845 0.04764728
108500 0.71600870 0.02710511 0.49548272
108600 0.67181995 -0.01114579 0.45917181
108700 0.64802756 -0.00023220 1.35059409
108800 0.71663585 -0.00580045 0.15519841
108900 0.66579639 0.02165096 0.81932533
109000 0.66022812 -0.00299560 0.79538804
109100 0.70438785 0.02095034 0.22908500
109200 0.68808189 0.02682458 0.43079978
109300 0.68498269 0.01013714 0.16414063
109400 0.62962177 0.01440626 2.58031740
109500 0.70631068 0.04103944 0.86203018
109600 0.66402147 0.01567502 0.77008037
109700 0.66032452 0.01718721 0.93477197
109800 0.65478307 0.01778465 1.18043244
109900 0.65398794 0.02823353 1.45712120
110000 0.65758344 0.06814582 3.22150874
110100 0.66696779 0.01532243 0.66295174
110200 0.65083956 0.01251746 1.28671773
110300 0.66661113 0.00172552 0.55889718
110400 0.69613255 0.01641258 0.14216495
110500 0.67167021 0.01064863 0.45798520
110600 0.65842958 0.01792509 1.02470441
110700 0.68790756 -0.01172450 0.14184547
110800 0.65880057 0.02055963 1.06004560
110900 0.63483017 0.02939080 2.55546305
111000 0.65293406 0.01216100 1.18154639
111100 0.68762677 0.02977990 0.51996971
111200 0.67765213 0.00088072 0.25010156
111300 0.65411312 0.00270486 1.05646124
111400 0.70267239 0.00702715 0.02826124
111500 0.66249604 0.00453382 0.71355111
111600 0.65146225 -0.00151445 1.17910347
111700 0.70823041 0.01618321 0.16481797
111800 0.65054628 0.03535478 1.84781549
111900 0.69161150 0.03792838 0.75446461
112000 0.70580191 0.01632415 0.15007009
112100 0.67493169 0.04892657 1.51111455
112200 0.66788995 0.02733703 0.88918448
112300 0.71517503 0.03672254 0.78941343
112400 0.67499938 0.02147820 0.54317207
112500 0.70812617 -0.01698136 0.17720072
112600 0.67718371 0.02922263 0.68727263
112700 0.67338158 -0.02062716 0.56701000
112800 0.68794669 0.02081753 0.28932595
112900 0.65783409 0.04168050 1.75761399
113000 0.72315686 -0.02477789 0.57509199
113100 0.62686479 0.01467665 2.78208172
113200 0.69355294 0.02902839 0.44210600
113300 0.68882730 0.05008229 1.31653270
113400 0.62639431 0.00129664 2.70973932
113500 0.67913698 0.01547414 0.33735740
113600 0.67758392 0.00596943 0.26905730
113700 0.64260359 0.02276650 1.90633073
113800 0.66719553 0.02214458 0.78325777
113900 0.66678838 -0.00138626 0.55246661
114000 0.69214780 0.00623710 0.05027922
114100 0.66490472 0.00791161 0.64713626
114200 0.63163352 0.03628811 2.99540134
114300 0.65065230 0.03819482 1.94701971
114400 0.66796868 0.01780553 0.67152116
114500 0.68308237 0.05409971 1.60649252
114600 0.72687169 0.02628143 0.70640053
114700 0.66530161 0.05722036 2.23907400
114800 0.68209016 0.00548005 0.17539675
114900 0.72285753 0.00738711 0.28851816
115000 0.66026622 0.01513074 0.90385640
115100 0.67133266 0.01410026 0.51031682
115200 0.68896136 -0.00818998 0.09446368
115300 0.66753246 0.01637612 0.66115928
115400 0.68810188 0.03200067 0.58280395
115500 0.71324778 -0.00651618 0.10898211
115600 0.64545151 0.01414253 1.58777463
115700 0.62972711 0.03199296 2.98091434
115800 0.68194465 0.00049180 0.16311880
115900 0.62617024 0.00886212 2.76468558
116000 0.69135992 -0.00543582 0.05209956
116100 0.67857423 0.03198364 0.74100850
116200 0.68747238 -0.00910763 0.11994507
116300 0.67655692 0.04180384 1.14856929
116400 0.68967405 0.03236778 0.57714935
116500 0.66290678 0.02102869 0.90905622
116600 0.65803794 0.04688875 1.97968459
116700 0.63897688 -0.00803276 1.89417298
116800 0.68556746 0.01144705 0.16966655
116900 0.70495362 0.01850320 0.18345334
117000 0.68165341 0.01377427 0.26316387
117100 0.71722571 0.01230898 0.22411802
117200 0.68122255 0.02609058 0.51665553
117300 0.66116597 0.03103046 1.23548563
117400 0.65262419 0.01278125 1.20391389
117500 0.74229015 -0.00528064 0.90817117
117600 0.65233243 0.01416256 1.23638752
117700 0.68131944 0.00627730 0.19418384
117800 0.62623930 0.03255484 3.25022948
117900 0.63660044 0.02583165 2.34338912
118000 0.65065038 0.03768894 1.92792065
118100 0.70413940 -0.00023520 0.00859500
118200 0.72621094 0.02205352 0.58668539
118300 0.67678513 0.02182107 0.50754468
118400 0.68725524 -0.00228163 0.08381744
118500 0.67251625 0.02054834 0.58879544
118600 0.62920409 0.01539317 2.62450501
118700 0.69999103 0.02234639 0.24968053
118800 0.66650538 0.00627932 0.58065979
118900 0.69535570 0.02662040 0.36510768
119000 0.67326871 0.02898410 0.77731986
119100 0.66089853 0.04944857 1.98704306
119200 0.63118493 0.05815494 4.05875554
119300 0.63334306 0.00655708 2.24307123
119400 0.66348033 0.00980850 0.71494659
119500 0.67754367 0.01465206 0.35948490
119600 0.67733011 0.02850000 0.66308686
119700 0.68358409 0.02923072 0.56195851
119800 0.64162707 0.02314787 1.97161122
119900 0.67151724 0.01672450 0.54548816
120000 0.64071077 0.02127428 1.98390407
120100 0.65607339 0.01853347 1.13651830
120200 0.66126192 0.01974482 0.94524849
120300 0.71204095 0.01831859 0.24027752
120400 0.63709140 0.01023741 2.03114795
120500 0.67809410 0.03026996 0.69806944
120600 0.66627144 0.02627095 0.91388927
120700 0.68532761 0.03091611 0.58554249
120800 0.66669371 0.00748748 0.58268570
120900 0.63187336 -0.00551328 2.33581745
121000 0.72158227 0.00337401 0.23858909
121100 0.64133947 0.03311130 2.26870814
121200 0.68570398 0.05059842 1.38228823
121300 0.64306419 0.02972138 2.06252344
121400 0.66368758 0.02813500 1.05508524
121500 0.70843004 0.01370993 0.12951390
121600 0.70942245 0.00070943 0.04464292
121700 0.68398150 0.04863857 1.31115154
121800 0.70713490 0.00032227 0.02550533
121900 0.69433453 0.02570989 0.34654796
122000 0.69509187 0.01964323 0.20497321
122100 0.65189980 0.00936305 1.20064816
122200 0.67389778 0.02448685 0.64046562
122300 0.69448815 -0.00171491 0.01666073
122400 0.67560969 0.04805321 1.45199921
122500 0.66944406 0.03374062 1.03604735
122600 0.65364976 0.02767332 1.45707875
122700 0.67182282 0.04083517 1.23073211
122800 0.66176725 0.01521074 0.84655503
122900 0.66568900 0.00229651 0.59125947
123000 0.69614103 0.00621346 0.02674940
123100 0.66648550 0.00408747 0.56996464
123200 0.65387129 0.00472721 1.07510239
123300 0.67380531 0.01832503 0.51098415
123400 0.64809815 0.02821485 1.74494007
123500 0.68109416 0.04785808 1.32391340
123600 0.67095087 0.03283856 0.96111143
123700 0.67670499 0.02243985 0.52310227
123800 0.64615972 0.03941089 2.22599714
123900 0.67429120 0.02992412 0.77819754
124000 0.69521938 0.00281202 0.01538087
124100 0.69308304 0.01155863 0.09072314
124200 0.65742174 0.04350243 1.85268517
124300 0.64913236 -0.00604263 1.31201520
124400 0.67008422 0.01656882 0.58473978
124500 0.65710887 0.01068819 0.97694316
124600 0.68171526 0.02959063 0.60496865
124700 0.70050089 0.05849864 1.71117106
124800 0.65976558 0.01149580 0.87548115
124900 0.63974180 0.00199629 1.81751778
125000 0.68174837 0.01486082 0.27698287
125100 0.64873986 0.04314111 2.24437875
125200 0.65703827 0.07238681 3.54278023
125300 0.62579870 0.04129101 3.60539025
125400 0.68414659 0.02469401 0.43056244
125500 0.70473865 0.00367648 0.01798567
125600 0.67072384 -0.00459959 0.43912480
125700 0.67902219 0.00704164 0.24482674
125800 0.67420874 0.02098559 0.55279207
125900 0.67048928 0.01734155 0.58580592
126000 0.70501551 -0.00266792 0.01613655
126100 0.71391829 0.05986092 1.88852424
126200 0.61479913 0.03513677 4.24689035
126300 0.70470396 0.02253854 0.26505659
126400 0.69377067 0.01575973 0.14358683
126500 0.71696911 0.02458749 0.44624751
126600 0.70176831 0.03069527 0.47266331
126700 0.70854577 0.00587438 0.05376927
126800 0.64658352 0.01673105 1.56662417
126900 0.68134694 0.00501503 0.18654356
127000 0.66924007 0.00728362 0.49961225
127100 0.59006940 0.01269343 6.12293043
127200 0.66790238 0.02565543 0.84422903
127300 0.67825576 0.02590435 0.57192356
127400 0.65308536 0.02322097 1.37009834
127500 0.66767078 0.00582077 0.53952980
127600 0.64716276 0.01104748 1.45691043
127700 0.65894104 -0.00152653 0.84408437
127800 0.68656283 0.04377937 1.04859519
127900 0.65081545 0.01358108 1.30178263
128000 0.66558660 0.04801836 1.74502281
128100 0.61646994 0.01375915 3.58329226
128200 0.68063968 0.01851501 0.35881396
128300 0.64067031 0.01477297 1.86912669
128400 0.68225891 -0.00306640 0.16207456
128500 0.69976791 0.02389752 0.28557263
128600 0.64731664 0.03526302 2.00950865
128700 0.66529928 0.03559402 1.23553734
128800 0.68253262 0.02505341 0.46639137
128900 0.67424492 0.02109490 0.55415935
129000 0.68641170 0.04222425 0.98376453
129100 0.66023478 0.03875073 1.54144575
129200 0.65459055 0.04744107 2.15633663
129300 0.66657415 0.04184162 1.43400455
129400 0.66858506 0.01070181 0.55071370
129500 0.70186265 0.02803653 0.39475819
129600 0.66460426 0.03318277 1.17697732
129700 0.62617019 0.01884128 2.90291709
129800 0.65607423 0.02353437 1.24167008
129900 0.66701275 0.02828515 0.94410391
130000 0.70703912 0.03420268 0.60968638
130100 0.65958954 0.01318929 0.90348149
130200 0.66653525 0.00037368 0.56001473
130300 0.70687602 0.02177092 0.26062626
130400 0.63612801 0.00774568 2.06981337
130500 0.66775091 0.02644871 0.86976898
130600 0.65002025 0.03019400 1.70482651
130700 0.64671573 0.04629495 2.49121788
130800 0.66248633 0.01665350 0.84230718
130900 0.62309762 0.01828728 3.12420046
131000 0.67694411 -0.00945734 0.31050776
131100 0.66005649 0.02527229 1.11708641
131200 0.67227190 0.02009111 0.58625011
131300 0.68058290 0.02334541 0.46101584
131400 0.65226948 0.00890310 1.17873365
131500 0.64776845 0.03328438 1.91799231
131600 0.67725352 -0.00538059 0.27317650
131700 0.66126701 0.06474288 2.84594242
131800 0.64761978 0.03047479 1.83619984
131900 0.66793528 -0.00234626 0.51682547
132000 0.68805135 0.03941683 0.84822841
132100 0.64773431 0.02984637 1.81125408
132200 0.65774079 0.02260103 1.14832375
132300 0.65999350 0.01215911 0.87418200
132400 0.71125352 0.01001997 0.11352076
132500 0.68407649 0.02137788 0.35528608
132600 0.63109667 0.00827945 2.40810881
132700 0.70875661 0.01836715 0.20701511
132800 0.67779782 0.01157854 0.31349960
132900 0.68866783 0.01391717 0.16105296
133000 0.69716068 0.00676051 0.02688313
133100 0.71067565 0.03186854 0.56478665
133200 0.66017323 0.03645525 1.45757856
133300 0.66159068 0.06209659 2.66563117
133400 0.67617436 0.03665334 0.95556397
133500 0.67301120 0.00969144 0.41115963
133600 0.66545420 0.00957234 0.64252102
133700 0.68910874 0.04302963 0.98508439
133800 0.69889232 0.02347285 0.27610092
133900 0.70168899 0.04547947 1.03561744
134000 0.68070507 0.00913356 0.22785810
134100 0.64888330 0.00852209 1.34277138
134200 0.66468173 0.00705237 0.64855808
134300 0.68985455 0.03511901 0.66813757
134400 0.65065310 0.01817270 1.38268145
134500 0.68991029 0.02037067 0.25838322
134600 0.65583676 0.05265649 2.36154888
134700 0.66215338 -0.00533584 0.73041888
134800 0.66951942 0.02385083 0.74896391
134900 0.70583368 0.01251137 0.09528306
135000 0.63960309 0.01456644 1.92998380
135100 0.69975579 0.00652935 0.02134604
135200 0.66911285 0.02637766 0.82489840
135300 0.67344776 0.03749241 1.05535130
135400 0.67167495 -0.00284467 0.40520029
135500 0.66711242 0.04578437 1.58890085
135600 0.66103135 0.03106916 1.24192402
135700 0.71257522 0.02608168 0.41919509
135800 0.66671029 0.01394482 0.65133138
135900 0.63361867 0.00522174 2.21687397
136000 0.65917493 0.00809503 0.86610783
136100 0.65399861 -0.01683104 1.19970593
136200 0.67289615 0.02008703 0.56905381
136300 0.69028996 0.00072135 0.04740258
136400 0.64695254 0.02210278 1.65128302
136500 0.64797545 0.03419050 1.93777177
136600 0.68633668 0.01494283 0.20498731
136700 0.67968751 0.00614092 0.22515412
136800 0.66898846 0.00809975 0.51366068
136900 0.68905495 0.02345191 0.33489298
137000 0.62017299 -0.01408234 3.28533211
137100 0.64664994 0.00737812 1.45033284
137200 0.68005429 0.00817783 0.23235403
137300 0.66291046 0.04001214 1.48830261
137400 0.69334425 0.02107405 0.24420720
137500 0.67489920 0.01594385 0.44212822
137600 0.64033252 0.02125515 2.00599493
137700 0.65666469 0.02875457 1.35238718
137800 0.67517864 0.01579226 0.43274787
137900 0.67099348 0.04476661 1.42271402
138000 0.64876373 0.03998098 2.11181713
138100 0.67391851 0.02287200 0.60168630
138200 0.67185289 0.00604044 0.41437330
138300 0.66129331 -0.00323483 0.75433586
138400 0.68779892 0.04519797 1.09586135
138500 0.68304922 0.01590453 0.27014164
138600 0.67591605 0.04748329 1.41734972
138700 0.67391941 0.03281387 0.87847357
138800 0.69592844 0.02566045 0.33751822
138900 0.69682518 0.04639492 1.08128419
139000 0.67043204 0.00964796 0.48367378
139100 0.70374476 0.04687072 1.10544403
139200 0.71290564 0.02331448 0.35506021
139300 0.64879376 -0.00565494 1.32702866
139400 0.65767759 0.04945265 2.11837547
139500 0.70176527 0.04113508 0.84760536
139600 0.67984395 0.04224541 1.09547035
139700 0.71882540 0.02192470 0.41754408
139800 0.63393330 0.03033812 2.64260515
139900 0.60676597 0.00143692 4.34732466
140000 0.68614733 0.00715807 0.12156725
140100 0.69259204 0.01419056 0.12812497
140200 0.71147670 0.00058000 0.06602549
140300 0.69541145 0.01661192 0.14850539
140400 0.69431389 -0.01526385 0.13265854
140500 0.71190760 0.00963200 0.11728312
140600 0.65846967 0.01277221 0.94394904
140700 0.64220579 0.01303157 1.75499625
140800 0.66429305 0.02752800 1.01638868
140900 0.65752073 0.02044522 1.11124760
141000 0.68168944 0.01016156 0.21926703
141100 0.69410201 0.02792402 0.40726854
141200 0.64787266 0.02170467 1.59417596
141300 0.64741264 0.04101113 2.22367149
141400 0.63170015 0.03928089 3.10392856
141500 0.65642468 0.02729681 1.32196215
141600 0.64480151 0.01739404 1.67471264
141700 0.62967516 0.04151638 3.33459596
141800 0.65157547 0.05123949 2.48521019
141900 0.66370384 0.04341954 1.60133381
142000 0.64545381 0.03527756 2.10989667
142100 0.64827977 0.00251287 1.34064819
142200 0.66380770 0.03154443 1.15246693
142300 0.69955524 0.01359018 0.09244545
142400 0.63526193 0.01816618 2.26051398
142500 0.64998433 0.06598620 3.42787302
142600 0.69456247 0.02424530 0.30870067
142700 0.68081859 0.03319830 0.73502688
142800 0.67264600 0.03180513 0.87990398
142900 0.64219088 0.01678409 1.81179974
143000 0.69428377 0.01722884 0.16475405
143100 0.68275626 0.00004707 0.14867441
143200 0.67474672 0.04966086 1.55196443
143300 0.64867073 0.02155542 1.54966514
143400 0.69392460 0.01783631 0.17752217
143500 0.65653028 0.00322468 0.95000765
143600 0.68289148 0.03975371 0.93652938
143700 0.66108426 -0.00195621 0.75913072
143800 0.64901793 0.01575732 1.42373229
143900 0.67164166 0.02230076 0.65075987
144000 0.69087912 0.01334779 0.13067704
144100 0.68527179 0.02730422 0.48122024
144200 0.71855218 0.01151333 0.23837010
144300 0.67767021 0.01861729 0.42261152
144400 0.67138955 0.04072682 1.23861576
144500 0.69360960 -0.01313338 0.10666152
144600 0.67586789 0.01636619 0.42510558
144700 0.67435250 0.01343047 0.41908599
144800 0.66788588 0.01442310 0.61967132
144900 0.67920737 0.02455848 0.51772612
145000 0.65124808 0.02587004 1.52300436
145100 0.64949630 0.01914911 1.45865625
145200 0.64377804 0.03939110 2.35628335
145300 0.64342881 0.00092262 1.60057562
145400 0.67757377 0.03266413 0.78494053
145500 0.66352550 0.01452617 0.77069948
145600 0.64671711 0.02713755 1.78775669
145700 0.68304548 0.00844614 0.17939648
145800 0.70959024 0.01202461 0.11828206
145900 0.64493731 0.04348049 2.46122644
146000 0.69241693 -0.00093831 0.02919166
146100 0.73608706 0.00239529 0.65400656
146200 0.65820190 0.03606923 1.52403497
146300 0.68267776 0.00197905 0.15198825
146400 0.67636236 0.00385604 0.28680359
146500 0.70852659 0.04191225 0.91466990
146600 0.63099970 0.01211218 2.45387318
146700 0.69318726 0.00604454 0.04147496
146800 0.67894514 0.00021452 0.22167663
146900 0.69601743 0.00512181 0.02104690
147000 0.62404390 0.04969813 4.11961658
147100 0.62719971 0.00201056 2.65196201
147200 0.66974312 0.01674940 0.59801061
147300 0.66390546 0.02075903 0.86687654
147400 0.68989323 0.01690101 0.19389551
147500 0.63502076 0.02609071 2.45151321
147600 0.66959935 0.02277233 0.72138901
147700 0.67609147 0.04402363 1.25484888
147800 0.65287977 -0.00564449 1.12608815
147900 0.67586583 0.01153755 0.35778656
148000 0.66039284 -0.00515847 0.79766864
148100 0.70099317 0.04524655 1.02411830
148200 0.69228029 0.01910768 0.21234867
148300 0.68248404 0.01015810 0.20499804
148400 0.68470539 0.03847539 0.85714011
148500 0.66069396 -0.01027936 0.82531493
148600 0.66212147 0.03610495 1.36917532
148700 0.64927567 -0.01170353 1.35496520
148800 0.68210736 0.02034721 0.36707779
148900 0.66159673 0.00297959 0.74184457
149000 0.62536983 0.01981523 2.98115279
149100 0.70783465 0.01959774 0.22272657
149200 0.68202265 -0.00079299 0.16190700
149300 0.69469875 0.00849481 0.05013257
149400 0.60690190 -0.00201912 4.33566642
149500 0.65791964 0.03009873 1.33834521
149600 0.68411795 0.01624182 0.25801810
149700 0.72377443 0.03863782 1.02905235
149800 0.69517578 -0.01035186 0.06521700
149900 0.69860133 0.04400835 0.96934558
150000 0.62944997 0.00869739 2.52647590
150100 0.69764607 0.04259946 0.91012729
150200 0.67424933 0.04971547 1.56736232
150300 0.68494378 0.03145852 0.60816412
150400 0.70664887 0.01665022 0.16071857
150500 0.69678625 0.00363709 0.01177831
150600 0.68800159 0.04607781 1.13356316
150700 0.62408889 -0.00706551 2.90620939
150800 0.66827663 0.02277657 0.76257222
150900 0.69888460 0.00707707 0.02566451
151000 0.67823340 0.03723144 0.92998270
151100 0.68587403 0.03370245 0.66769890
151200 0.68981816 0.02146920 0.28229819
151300 0.66197916 0.05994957 2.51976736
151400 0.69351894 0.06085179 1.87247243
151500 0.72605911 0.02571158 0.67008142
151600 0.67843069 0.02242991 0.48416793
151700 0.63426417 0.03459396 2.75897075
151800 0.69073269 0.03470454 0.64514423
151900 0.70169252 0.02367830 0.28176320
152000 0.67428464 0.02495445 0.64200238
152100 0.70386923 0.01651807 0.14390871
152200 0.66266316 0.00883580 0.73605558
152300 0.64680934 0.01151271 1.48089453
152400 0.67587225 -0.00351990 0.29726900
152500 0.68878483 0.01844528 0.23300425
152600 0.61541994 0.02382760 3.86077060
152700 0.68746267 0.01208425 0.15160684
152800 0.69924239 0.02562655 0.32864707
152900 0.68484837 0.01369093 0.20850673
153000 0.63613371 0.00102689 2.03997846
153100 0.66985411 0.00696695 0.47865654
153200 0.68809438 -0.00851577 0.10713104
153300 0.66036023 0.02382325 1.06942925
153400 0.67303067 0.04314452 1.29439721
153500 0.65668418 0.02079114 1.15426567
153600 0.72715531 0.02104422 0.59013498
153700 0.65762730 0.04255083 1.80300939
153800 0.66121339 0.01519053 0.86757651
153900 0.62837291 0.02382022 2.84892126
154000 0.68982968 0.03884338 0.80612180
154100 0.65514958 0.02056332 1.21720516
154200 0.66485949 0.05558925 2.16251048
154300 0.72123825 0.02390331 0.51121573
154400 0.70090729 0.03365531 0.56675143
154500 0.64213249 0.04128789 2.52666901
154600 0.69400852 0.01600250 0.14598884
154700 0.66531930 -0.00803337 0.63364285
154800 0.62457462 0.02191422 3.08461018
154900 0.67553366 0.03691966 0.98083145
155000 0.67589508 0.02094002 0.50976587
155100 0.65129066 0.01701674 1.33108457
155200 0.70518145 0.04007558 0.81644963
155300 0.66469626 0.00700627 0.64772106
155400 0.74725206 0.03489681 1.72527219
155500 0.69262077 0.02507541 0.34161455
155600 0.71174237 0.03078462 0.54278798
155700 0.70969687 0.01694113 0.19051555
155800 0.66542903 0.04620317 1.66494218
155900 0.67694451 0.03374911 0.83527889
156000 0.67757442 0.00598023 0.26933490
156100 0.63147077 0.02802939 2.74095092
156200 0.62637945 0.00076867 2.71028800
156300 0.63121642 0.02279369 2.62536677
156400 0.64822259 0.03920091 2.10880575
156500 0.69876026 0.00820563 0.03443469
156600 0.68593496 0.01695697 0.24268204
156700 0.68541052 0.01854561 0.27839628
156800 0.68542192 0.02271512 0.36424866
156900 0.65314062 0.01791636 1.25839859
157000 0.66383605 0.00879176 0.69256327
157100 0.65925298 0.05836961 2.53366528
157200 0.69640248 0.00350532 0.01261471
157300 0.70436421 0.00751126 0.03773271
157400 0.70438784 0.00806717 0.04216622
157500 0.68928788 0.03898954 0.81746697
157600 0.65006637 -0.00258832 1.25003349
157700 0.65891490 0.03847119 1.58400892
157800 0.67778478 0.02165823 0.48129756
157900 0.67348327 0.01282976 0.43386984
158000 0.67026375 0.03297718 0.98586951
158100 0.62745803 0.01825972 2.79787760
158200 0.68583213 0.02991501 0.54781827
158300 0.71699839 0.01011867 0.19566640
158400 0.67884516 -0.00596419 0.24154950
158500 0.67746418 0.03229819 0.77551819
158600 0.67187347 0.01591221 0.52214990
158700 0.67951177 0.00532987 0.22408749
158800 0.65078868 0.02899499 1.63123174
158900 0.65143318 0.02733192 1.55288473
159000 0.69279963 0.04702985 1.13182628
159100 0.64051039 0.02920952 2.19610524
159200 0.68241540 0.01559896 0.27627273
159300 0.67713082 0.06059437 2.09733862
159400 0.66793625 0.02957985 0.95152588
159500 0.66249999 0.05225631 2.06848635
159600 0.61895947 0.01778820 3.44199403
159700 0.69801483 0.03465500 0.60245490
159800 0.66560912 0.01993111 0.78999084
159900 0.61122272 0.01784107 4.09985445
160000 0.69862518 0.02172448 0.23692162
160100 0.70052980 0.02246983 0.25258698
160200 0.73305151 0.01131225 0.61018477
160300 0.65633245 0.01146639 1.01916641
160400 0.69739155 0.03695496 0.68623661
160500 0.69661076 0.02293309 0.26870688
160600 0.71052933 0.01452512 0.16092301
160700 0.65140532 0.01521027 1.29639779
160800 0.62642818 0.02287658 2.96807541
160900 0.66036971 0.02634821 1.13239400
161000 0.68875503 0.03186262 0.57083789
161100 0.68788271 0.03761740 0.78094864
161200 0.67512524 0.01189806 0.38015881
161300 0.67216428 0.01180705 0.45711693
161400 0.64929178 0.02326349 1.55625683
161500 0.63360453 0.00046921 2.20428946
161600 0.70594797 0.00971862 0.06491499
161700 0.65200994 -0.00146174 1.15259123
161800 0.64049972 0.02539294 2.09254255
161900 0.66376660 0.00315659 0.66141166
162000 0.68426685 0.03866615 0.87130168
162100 0.69164403 0.03215947 0.55202692
162200 0.66633371 0.01112821 0.62862799
162300 0.68309557 0.01183332 0.21289368
162400 0.64682831 0.03155792 1.91156525
162500 0.66652685 0.03276249 1.09691650
162600 0.64839932 0.00634088 1.35141837
162700 0.66484690 0.04796524 1.76820235
162800 0.66422299 -0.00332192 0.64551462
162900 0.64690328 -0.00144702 1.41067767
163000 0.65997606 0.01974215 0.99583425
163100 0.67922057 -0.00527808 0.22982134
163200 0.68108386 0.00851630 0.21517393
163300 0.65539868 0.02346697 1.26998850
163400 0.66652160 0.02021895 0.76480463
163500 0.66796965 0.01679017 0.65392663
163600 0.64421384 0.03836026 2.29180294
163700 0.67685292 0.00699292 0.29234416
163800 0.68665511 0.01842169 0.25872243
163900 0.68408494 -0.00526709 0.14051575
164000 0.66674551 0.01847214 0.72354047
164100 0.64520837 -0.02074663 1.71627271
164200 0.69202465 0.00678761 0.05483896
164300 0.66915689 -0.00903689 0.51648153
164400 0.65033826 0.04100662 2.07391583
164500 0.66400164 0.02404873 0.93711168
164600 0.63679728 0.00805325 2.02971957
164700 0.65629194 0.03626426 1.61274552
164800 0.67317118 0.02820426 0.75763284
164900 0.64249361 0.01568081 1.77643619
165000 0.67660729 0.04443754 1.26095697
165100 0.68231969 0.01126049 0.21969603
165200 0.73645063 0.01438618 0.76780540
165300 0.68933969 0.01979968 0.25283480
165400 0.71379619 0.03657855 0.76416248
165500 0.67645583 0.02561171 0.60514363
165600 0.67435415 0.03401684 0.90742750
165700 0.66306602 0.00896329 0.72222983
165800 0.66308332 0.01995143 0.88045030
165900 0.67721105 0.05546986 1.79812074
166000 0.68900462 0.04217317 0.94973740
166100 0.67046564 0.01615217 0.56658539
166200 0.63706014 0.03003017 2.43161866
166300 0.65773699 0.04189168 1.77053733
166400 0.66846380 0.02098196 0.71738742
166500 0.62375527 0.00466930 2.91753079
166600 0.70774570 0.03948533 0.80954362
166700 0.65502082 0.04999467 2.26129723
166800 0.66764093 0.03986420 1.31813183
166900 0.69386457 0.00101559 0.01933746
167000 0.61086780 0.01928382 4.15820758
167100 0.71788279 -0.00589814 0.17729115
167200 0.64646638 0.03378276 2.00356187
167300 0.73164128 0.01426131 0.60227781
167400 0.66351703 0.02722009 1.03597036
167500 0.61962717 0.01410628 3.32938940
167600 0.66280670 0.02771800 1.07581453
167700 0.68323607 0.03343729 0.69954093
167800 0.68950094 0.03674433 0.73018790
167900 0.63897191 0.03481324 2.46819480
168000 0.64175148 0.01778429 1.85458570
168100 0.65526989 -0.00601650 1.01849060
168200 0.67148438 -0.00681410 0.42978619
168300 0.65965128 0.01326850 0.90203623
168400 0.63585551 0.06058399 3.89246748
168500 0.68355682 0.00695197 0.15935399
168600 0.63674569 0.00662719 2.02251372
168700 0.68047202 0.01380112 0.28590642
168800 0.66371192 0.00147644 0.65950244
168900 0.66486381 0.04201340 1.49983858
169000 0.68213002 -0.01579210 0.28436325
169100 0.63955402 0.01891753 2.00579456
169200 0.69342618 0.02268509 0.27891418
169300 0.69339987 0.00989009 0.07068786
169400 0.64892470 -0.01878555 1.48079141
169500 0.65403919 0.01499975 1.16869405
169600 0.66782859 0.01706524 0.66311107
169700 0.69870976 0.00006608 0.00083454
169800 0.65831737 0.04713325 1.97949251
169900 0.68469702 0.06121845 1.99093992
170000 0.64321029 0.00345868 1.61851678
170100 0.64812299 0.00316232 1.35061230
170200 0.74892987 0.02672771 1.55425124
170300 0.68263604 0.04291352 1.07153856
170400 0.66713779 -0.00237224 0.54277631
170500 0.67337539 0.05418887 1.82265179
170600 0.64372544 0.02659447 1.93704619
170700 0.68773324 0.01011593 0.12640269
170800 0.71427045 0.00272538 0.10553679
170900 0.67419545 0.04370060 1.28780870
171000 0.68353973 0.02929226 0.56448851
171100 0.67081960 0.03652915 1.09293731
171200 0.69112156 0.03294997 0.58226372
171300 0.69297461 0.05684667 1.64044996
171400 0.67730965 0.00846788 0.29327836
171500 0.69903507 0.02007487 0.20196566
171600 0.63558384 0.02960485 2.51294427
171700 0.70588910 0.05295691 1.41955780
171800 0.69399472 0.02936130 0.44907457
171900 0.64165511 0.00453745 1.71235707
172000 0.63951495 -0.01284853 1.91176295
172100 0.62465765 0.02079165 3.05438138
172200 0.66068607 0.03324989 1.32556995
172300 0.65959535 0.04409250 1.78834223
172400 0.66681555 0.02397767 0.83806838
172500 0.69335671 0.02861380 0.43144140
172600 0.69560957 0.00348670 0.01571645
172700 0.66485547 0.05913709 2.36616677
172800 0.71512570 0.01936365 0.30186892
172900 0.66131694 0.01941543 0.93666909
173000 0.69980463 0.00796958 0.03177621
173100 0.61523606 0.02787218 3.98089173
173200 0.70332351 0.01251270 0.08380666
173300 0.71309433 0.00113039 0.08636964
173400 0.68407600 0.01736501 0.27755854
173500 0.63197807 0.04230322 3.20827277
173600 0.66909446 -0.00843704 0.51316795
173700 0.66582426 0.03365889 1.15045129
173800 0.69782686 0.00232403 0.00506183
173900 0.68901199 0.00184256 0.06206569
174000 0.70825992 0.04747553 1.16107596
174100 0.71230064 -0.01639603 0.21006777
174200 0.68860108 0.00620792 0.08423691
174300 0.61786813 0.00558207 3.38840208
174400 0.67316919 0.04831512 1.52712155
174500 0.64308489 0.05694512 3.24103833
174600 0.71704640 0.03243692 0.67136686
174700 0.66646108 0.05160199 1.89381202
174800 0.64945643 0.01783461 1.43636292
174900 0.67611748 0.02426178 0.57950431
175000 0.67819480 -0.00550874 0.25290656
175100 0.70938943 -0.01478001 0.15330511
175200 0.65222488 0.01319129 1.22823635
175300 0.68047760 0.01714191 0.33748464
175400 0.57963514 0.01996127 7.44307547
175500 0.65533657 0.04800112 2.14946457
175600 0.63767867 -0.02433983 2.23818772
175700 0.66357681 0.02054877 0.87445045
175800 0.63982151 0.01572063 1.93429453
175900 0.67461784 -0.00509154 0.33508902
176000 0.64662385 0.04333628 2.36352324
176100 0.67914763 0.04601250 1.27598593
176200 0.65786019 0.03869601 1.63657224
176300 0.64122697 0.01562038 1.84913242
176400 0.69565688 0.00395799 0.01726419
176500 0.67482189 0.02838432 0.71980328
176600 0.71623263 0.00388502 0.13929587
176700 0.65637948 0.01139468 1.01629410
176800 0.63036169 0.03692306 3.10640331
176900 0.68307736 0.01374496 0.23764975
177000 0.66548389 -0.00280256 0.59960825
177100 0.68286012 0.02863415 0.55684496
177200 0.66650448 -0.02528891 0.88073944
177300 0.64630406 -0.00203756 1.44370289
177400 0.63614421 0.01017938 2.09059109
177500 0.66644925 0.02479988 0.87034352
177600 0.62466831 0.02470311 3.14255313
177700 0.65406161 0.00396369 1.06302312
177800 0.67955406 0.02906442 0.63138862
177900 0.71856838 -0.00264470 0.17588958
178000 0.66594644 0.02621080 0.92332527
178100 0.71213625 0.00733056 0.10051284
178200 0.67087862 0.05366261 1.86386499
178300 0.65893649 0.04297343 1.76646379
178400 0.69060132 0.01341414 0.13413719
178500 0.61189257 0.00878915 3.92008397
178600 0.70261662 0.01426530 0.10517274
178700 0.65701196 0.03401455 1.50248051
178800 0.65912548 -0.00698195 0.85973684
178900 0.60635168 0.01350785 4.47623456
179000 0.69016427 0.03213026 0.56454752
179100 0.62802067 0.03188764 3.09892280
179200 0.68048075 0.02673513 0.54788413
179300 0.66300147 0.02207278 0.92804949
179400 0.65115621 0.00692671 1.21684761
179500 0.66104375 -0.00128414 0.75961927
179600 0.66220164 0.04209296 1.60026667
179700 0.67026856 0.00620786 0.46124803
179800 0.68764866 0.00052233 0.07641420
179900 0.67963571 0.05066068 1.49060435
180000 0.66459695 0.02040793 0.83492961
180100 0.64153638 0.04125690 2.56006334
180200 0.69768134 0.02678587 0.36142957
180300 0.65773183 0.03195728 1.40393303
180400 0.67756304 0.00585968 0.26887660
180500 0.70232452 0.02116109 0.22659757
180600 0.70374704 0.00553552 0.02234116
180700 0.72223731 0.01066662 0.30413739
180800 0.69281943 0.02036311 0.23310839
180900 0.63450292 0.02082530 2.36178060
181000 0.65596203 0.02828188 1.36960365
181100 0.71912509 0.00682223 0.20615598
181200 0.65618997 0.01407252 1.05867739
181300 0.64755713 0.01446762 1.47978356
181400 0.66859707 0.00896559 0.53326301
181500 0.66294930 0.02962323 1.12514510
181600 0.67728284 0.03339424 0.81562229
181700 0.67908969 0.02473993 0.52465275
181800 0.68286273 0.02348250 0.42255692
181900 0.64853772 0.02062785 1.53693717
182000 0.65151149 0.03650534 1.84188801
182100 0.69493519 0.02585908 0.34717204
182200 0.66483135 0.01786109 0.77792622
182300 0.67687810 0.03286496 0.80736392
182400 0.66738639 0.01235853 0.60819027
182500 0.69420608 0.04613742 1.08111531
182600 0.65790581 0.02249247 1.13891608
182700 0.66056557 0.01655160 0.91451488
182800 0.69014843 0.01167157 0.11663952
182900 0.62964127 0.02886821 2.89186225
183000 0.69577542 0.01381900 0.10440599
183100 0.66180656 0.03344426 1.28862872
183200 0.69750299 0.01575766 0.12726939
183300 0.68187402 0.01994072 0.36309174
183400 0.67930712 0.03307177 0.76096847
183500 0.73713817 0.01771316 0.84650008
183600 0.66862963 0.02387796 0.77712873
183700 0.69694233 0.02404045 0.29364637
183800 0.71636822 -0.00088291 0.13434912
183900 0.69235198 0.03167939 0.53103783
184000 0.70492490 0.01025995 0.06476064
184100 0.68788275 -0.00352514 0.07962721
184200 0.61425722 0.05831729 5.37636548
184300 0.68166284 0.03613879 0.82113172
184400 0.62809559 -0.01950353 2.77531578
184500 0.65836795 0.00471228 0.87771669
184600 0.69057821 0.03652795 0.71153055
184700 0.69318629 -0.01352585 0.11468763
184800 0.67815016 0.03543710 0.86660201
184900 0.68906647 0.01174124 0.12869940
185000 0.62201591 0.00027118 3.04079558
185100 0.67414258 0.02566470 0.66364136
185200 0.63451288 -0.00153622 2.14546130
185300 0.66268966 0.02041389 0.90439441
185400 0.70095575 0.04679791 1.09547908
185500 0.69368822 0.02539740 0.34243315
185600 0.67182535 0.03599938 1.04488337
185700 0.65757926 0.01236129 0.97616021
185800 0.63847870 0.02488680 2.20211148
185900 0.62140706 0.01864191 3.26218541
186000 0.64787270 0.03640719 2.02136968
186100 0.68408134 0.01275385 0.20803228
186200 0.68661557 0.00652480 0.11085793
186300 0.66301310 -0.00067064 0.68424044
186400 0.66862386 -0.00080913 0.49255827
186500 0.65645184 0.02479308 1.25556943
186600 0.66761293 0.02805956 0.91813066
186700 0.69748205 0.02908501 0.42613883
186800 0.66441059 0.04594371 1.68871525
186900 0.68520448 0.03283303 0.64845780
187000 0.63315324 0.00568389 2.25039800
187100 0.69287178 0.01467841 0.13313364
187200 0.67501965 0.02492989 0.62275856
187300 0.66318615 0.02481267 0.98546397
187400 0.62278025 -0.00028122 2.98148423
187500 0.64079573 0.01560742 1.87436844
187600 0.68872029 0.03291682 0.60537429
187700 0.64804311 0.02871053 1.76190654
187800 0.68495934 -0.01908673 0.29526236
187900 0.68457373 0.02656835 0.47192347
188000 0.71909960 0.03172317 0.68557724
188100 0.67391959 0.02268076 0.59730232
188200 0.67269042 0.02373457 0.65457138
188300 0.64762617 0.03583861 2.01371213
188400 0.71704022 0.05176817 1.48515634
188500 0.65698106 0.02431246 1.22086251
188600 0.67563719 0.03291231 0.83838344
188700 0.64620772 0.03223527 1.96636086
188800 0.68288610 0.01975999 0.34167149
188900 0.65526980 -0.00880755 1.03918176
189000 0.65539313 0.05309123 2.40422595
189100 0.69743011 0.02438886 0.30071030
189200 0.66495699 0.00871549 0.65198611
189300 0.65611497 0.03995761 1.76125298
189400 0.68137497 0.01801598 0.33573364
189500 0.71402630 0.04811958 1.25611537
189600 0.69912535 0.01029797 0.05340657
189700 0.65221572 -0.00283085 1.14567535
189800 0.65323288 0.04625584 2.16338314
189900 0.67832189 0.03085013 0.71083553
190000 0.68479346 0.05248313 1.49285915
190100 0.67244078 0.03116120 0.86526554
190200 0.66401380 0.03245290 1.17409867
190300 0.66176370 0.03393946 1.30695081
190400 0.71979844 0.02502395 0.50908801
190500 0.66797013 0.02070842 0.72737563
190600 0.67230758 0.02141447 0.61272484
190700 0.65055993 0.00799014 1.25408125
190800 0.72176999 -0.00456905 0.24740445
190900 0.70360803 0.03627590 0.66447946
191000 0.65287241 0.00763173 1.13962672
191100 0.72065984 0.02198101 0.45499676
191200 0.63244150 0.05312286 3.69309468
191300 0.64357983 -0.02534643 1.91283873
191400 0.65408580 0.04093823 1.89202611
191500 0.69821682 0.00881262 0.04042102
191600 0.66077999 0.02346274 1.04435446
191700 0.67297887 -0.00628589 0.38482694
191800 0.70708706 0.03082239 0.50012308
191900 0.65019613 -0.00775627 1.27029261
192000 0.66910172 0.01266727 0.55758164
192100 0.67500840 -0.01141197 0.37740655
192200 0.68436010 0.00329712 0.12773870
192300 0.68282043 0.01145430 0.21316933
192400 0.69797302 -0.00686097 0.02559075
192500 0.68795731 -0.02188797 0.31205485
192600 0.64318519 0.00472327 1.62511623
192700 0.67087267 0.01273331 0.50526929
192800 0.65099840 0.01598310 1.32830827
192900 0.64479459 0.02703176 1.88917660
193000 0.66547962 -0.01898451 0.77603432
193100 0.68487672 0.02017257 0.31782299
193200 0.61644928 0.02378681 3.77326780
193300 0.70837232 0.05872823 1.75955030
193400 0.67282610 0.00929111 0.41237279
193500 0.67888607 0.03808968 0.94831095
193600 0.68653923 0.00986047 0.13921063
193700 0.68020938 0.04024141 1.00551987
193800 0.67259093 0.02384742 0.65997838
193900 0.64212824 0.03173080 2.17799226
194000 0.66797003 -0.00310880 0.51779190
194100 0.66442378 -0.01009158 0.68375369
194200 0.66759355 0.03066504 0.99526139
194300 0.72962856 0.02129283 0.66561798
194400 0.71453653 0.02455049 0.40701867
194500 0.65528612 -0.00382529 1.00698192
194600 0.63667134 0.00854937 2.04180563
194700 0.66860055 0.00694099 0.51705148
194800 0.66834041 0.03225398 1.02132460
194900 0.66846539 0.01087511 0.55635000
195000 0.69350129 0.01241620 0.09819756
195100 0.68053316 0.00885077 0.22864705
195200 0.66738157 0.04227651 1.42563260
195300 0.67796723 -0.00125627 0.24351048
195400 0.66036803 0.01761899 0.94056084
195500 0.66477783 0.01908481 0.80241572
195600 0.68484947 0.04856664 1.29412879
195700 0.68129180 0.02554650 0.50131022
195800 0.66152190 0.00986623 0.78895351
195900 0.70700363 0.02283866 0.28532773
196000 0.69340678 -0.02841918 0.42556031
196100 0.67261567 0.02748711 0.75272146
196200 0.68051445 0.03385281 0.76284953
196300 0.65661262 0.03597988 1.58850834
196400 0.69139625 0.01376576 0.13176036
196500 0.66605635 0.02797780 0.96746455
196600 0.60585085 -0.01672735 4.57193321
196700 0.68698497 0.01723889 0.23328516
196800 0.71106086 0.02999847 0.51112551
196900 0.68622360 -0.00406749 0.10316689
197000 0.67254310 0.03505722 0.99144490
197100 0.69456844 0.04295125 0.93715585
197200 0.60631389 0.02083365 4.60556385
197300 0.68555086 0.00742983 0.13199003
197400 0.69099531 0.04423695 1.01899613
197500 0.68438287 0.03472878 0.72499158
197600 0.67100213 0.04437657 1.40507821
197700 0.64640057 0.03660256 2.10632301
197800 0.67775455 0.02294608 0.51069134
197900 0.64316446 0.03738561 2.31398153
198000 0.67077442 0.01609922 0.55665968
198100 0.73391430 0.03684564 1.25389049
198200 0.69023418 0.02296373 0.31135212
198300 0.63224983 0.02656049 2.64777282
198400 0.67521656 0.02793898 0.69740297
198500 0.63257517 0.00724724 2.29931480
198600 0.65931000 0.03619630 1.48292422
198700 0.67736305 -0.01834922 0.42456252
198800 0.63782108 0.03048902 2.39789907
198900 0.67657271 0.01484297 0.38457585
199000 0.66297183 0.02369737 0.96632546
199100 0.66890471 0.01054677 0.53907567
199200 0.67477093 -0.00732689 0.34509473
199300 0.61066572 0.04503049 5.00417902
199400 0.63999078 0.03005343 2.25215786
199500 0.67967418 -0.00447442 0.21657964
199600 0.69147340 -0.00798214 0.06820873
199700 0.69726793 0.01257398 0.08278456
199800 0.72224255 0.00147085 0.24844716
199900 0.67441060 0.03532357 0.95128588
