0 -1.80281738 0.29206184 1.04814010
100 -0.59096853 1.05538822 36.70939830
200 -0.89895050 1.45663085 38.84278106
300 -0.89652030 1.40543652 37.18061774
400 -0.85465347 1.49561392 41.44726792
500 -0.59164540 1.16669425 39.55458844
600 -0.52800444 1.17430962 42.05355605
700 -0.70899935 1.30468229 39.58161715
800 -0.60795306 1.07223305 36.52901385
900 -0.73156413 1.11836281 33.58908587
1000 -0.85085630 1.34274846 36.43831140
1100 -0.61955841 1.14330165 37.95286719
1200 -0.80060406 1.38177703 39.16467566
1300 -0.86721743 1.49642866 41.11833132
1400 -0.59504001 1.05787541 36.62691117
1500 -0.70941970 1.17105269 35.69991840
1600 -0.61217562 1.03438733 35.46139613
1700 -0.65319665 1.21907491 38.89213656
1800 -0.75015238 1.39103679 41.01170649
1900 -0.54838237 1.07821047 38.79522356
2000 -0.52659254 1.11163758 40.44007049
2100 -0.50861119 1.12658699 41.49481138
2200 -0.90925703 1.32774933 34.33248269
2300 -0.79827440 1.09243528 30.86462023
2400 -0.54310807 1.06835914 38.74234850
2500 -0.97036537 1.39456777 34.85294858
2600 -0.54215709 1.10046262 39.58312362
2700 -0.89667002 1.48515218 39.89737133
2800 -0.89637150 1.42278536 37.76335492
2900 -0.94058577 1.42821867 36.75065111
3000 -0.82044666 1.36625116 38.07235152
3100 -0.90271126 1.32207503 34.33491187
3200 -0.73711355 1.28791202 38.17417035
3300 -0.89219294 1.37308033 36.24116537
3400 -0.63418403 1.11153480 36.61896625
3500 -0.86491225 1.49026811 40.96600438
3600 -0.86306819 1.59544975 44.86502360
3700 -0.56767895 1.14610887 39.85164645
3800 -0.61049521 1.02926398 35.39782094
3900 -0.90959961 1.42688561 37.53842336
4000 -0.80916918 1.40466661 39.66024571
4100 -0.87571376 1.32959200 35.31874659
4200 -0.64143008 1.26914873 40.74733671
4300 -0.54588718 1.16660882 41.18953500
4400 -0.92378894 1.43446934 37.41021810
4500 -0.89518918 1.45130436 38.76353254
4600 -0.60196378 1.36233917 44.98623763
4700 -0.52487618 1.02157325 38.28188086
4800 -0.54409153 1.17164274 41.39191667
4900 -0.84178001 1.57505470 44.70827596
5000 -0.76181544 1.31260073 38.15506962
5100 -0.72428009 1.06253184 32.41037640
5200 -0.55398456 1.06752879 38.32717228
5300 -0.80722658 1.20698796 33.66012862
5400 -0.61372920 1.14268410 38.13805291
5500 -0.59899778 1.18095573 39.68638421
5600 -0.87830535 1.50588126 41.14170305
5700 -0.86903242 1.47646925 40.36517545
5800 -0.66101494 1.29691484 40.92203403
5900 -0.77893090 1.10555890 31.78475991
6000 -0.88770296 1.42308804 38.01362713
6100 -0.93531372 1.29303496 32.56263363
6200 -0.79224010 1.35948054 38.69693032
6300 -0.55343546 1.06559472 38.29932401
6400 -0.61474086 1.11887605 37.47757904
6500 -0.59281964 1.15362409 39.16031569
6600 -0.65238205 1.19598488 38.26870487
6700 -0.85675035 1.29691770 34.84885562
6800 -0.95953171 1.29713020 32.04975234
6900 -0.80691897 1.41729957 40.14765608
7000 -0.79329547 1.26824501 35.85077546
7100 -0.53147783 1.17168830 41.85425870
7200 -0.57331187 1.02551564 36.61798561
7300 -0.51298915 1.21673647 43.79213809
7400 -0.81933884 1.40557749 39.38895570
7500 -0.93003577 1.44106468 37.46650654
7600 -0.51571125 1.15349382 41.94377595
7700 -0.87591900 1.52524419 41.90361078
7800 -0.84409153 1.35782856 37.11212791
7900 -0.58605245 1.06753004 37.18079085
8000 -0.58728984 0.99152500 35.33284768
8100 -1.01946302 1.46076383 35.84951909
8200 -0.53987138 1.13249983 40.49664343
8300 -0.94431592 1.49406862 38.92573687
8400 -0.62336935 1.10997526 36.94951207
8500 -0.78920307 1.36471373 38.95648220
8600 -0.63154214 1.10737197 36.60212572
8700 -0.66151149 1.22428539 38.76175660
8800 -0.52808406 1.06596609 39.23332068
8900 -0.78276115 1.32909736 38.02393278
9000 -0.82063798 1.52284239 43.40861190
9100 -0.86466197 1.35037399 36.28553129
9200 -0.61385043 1.12067788 37.55526363
9300 -0.50475390 1.16409615 42.63781705
9400 -0.88425515 1.40306741 37.44242426
9500 -0.92408330 1.32044579 33.70378126
9600 -0.89982425 1.45050164 38.60826764
9700 -0.87816896 1.36357061 36.32572998
9800 -0.78095755 1.57503321 46.51486008
9900 -0.75393909 1.16661040 34.16737423
10000 -0.48546550 1.14652890 42.89123285
10100 -0.86288161 1.52464249 42.25037695
10200 -0.66131015 1.22340203 38.74323405
10300 -0.53326074 1.13893427 40.90832283
10400 -0.84684004 1.42897302 39.36882640
10500 -0.46013059 1.10215216 42.69991045
10600 -0.86727910 1.42881588 38.77951143
10700 -0.78634040 1.22812460 34.88949647
10800 -0.72689094 1.39461846 41.86285473
10900 -0.87233165 1.33270178 35.51122066
11000 -0.53574242 1.08591035 39.44882383
11100 -0.88311300 1.49558436 40.64144566
11200 -0.76990938 1.01075967 29.74295604
11300 -0.76189147 1.43765413 42.20171834
11400 -0.91087390 1.46623102 38.84790118
11500 -0.86970551 1.44922519 39.40429054
11600 -0.53167944 1.07674716 39.36837694
11700 -0.98864193 1.37745110 33.82780627
11800 -0.66220627 1.25239139 39.55242047
11900 -0.70038593 1.15039016 35.43414801
12000 -0.81086848 1.27539235 35.53745776
12100 -0.52483230 1.18444914 42.44909559
12200 -0.89684247 1.46372128 39.14551384
12300 -0.95339990 1.44260662 36.90085721
12400 -0.89817301 1.36708630 35.88267336
12500 -0.93662257 1.37934157 35.23825087
12600 -1.02324184 1.18947493 27.31238925
12700 -0.90105834 1.63663725 45.38490380
12800 -0.82852069 1.35120577 37.35409865
12900 -0.65274021 1.12078250 36.22921461
13000 -0.92939026 1.47838270 38.77099250
13100 -0.83937402 1.34325636 36.78586608
13200 -0.83456621 1.15241249 31.35380597
13300 -0.76106886 1.12204974 32.76022542
13400 -0.89490851 1.43677870 38.27594561
13500 -0.89003968 1.50468308 40.77167239
13600 -0.90226181 1.29536351 33.52671984
13700 -0.59996514 1.28857169 42.75928927
13800 -0.74102860 1.27512560 37.66667705
13900 -0.44077869 1.11869927 43.87584070
14000 -0.71772897 1.04419342 32.17359916
14100 -0.80521523 1.41290966 40.05198509
14200 -0.51787685 1.12838967 41.19762397
14300 -0.67053359 1.30735798 40.92360688
14400 -0.65393520 1.20277844 38.40652319
14500 -0.80267578 1.52741355 44.10739093
14600 -0.54212439 1.09807483 39.52347050
14700 -0.60770827 1.04719693 35.92432701
14800 -0.74086295 1.27289760 37.60538492
14900 -0.82569247 1.36001990 37.71811411
15000 -0.72053315 1.34099941 40.33943663
15100 -0.54679327 1.17021748 41.25479950
15200 -0.72211029 1.15305851 34.80570845
15300 -0.93040205 1.24806142 31.35509072
15400 -0.47159467 1.13507346 43.11503557
15500 -0.85432511 1.51172663 42.03015114
15600 -0.93453980 1.52553908 40.30985837
15700 -0.71861305 1.22335711 36.86522496
15800 -0.88062870 1.37323466 36.56809983
15900 -0.88428168 1.47754041 39.97433219
16000 -0.61894900 1.09050172 36.60519499
16100 -0.89051038 1.29026891 33.69647553
16200 -0.60028557 1.14764349 38.73828902
16300 -0.68286765 1.09626279 34.59534613
16400 -0.63388775 1.09591029 36.22920519
16500 -0.59084588 1.12056085 38.35602786
16600 -0.62641907 1.07467574 35.95130480
16700 -0.78214692 1.35034030 38.71163236
16800 -0.87208212 1.45875913 39.66469370
16900 -0.53015563 1.02995490 38.28570972
17000 -0.83624097 1.52857859 43.15893770
17100 -0.97743582 1.25704760 30.38848198
17200 -0.74667065 1.15952429 34.20258935
17300 -0.79484128 1.35823973 38.57880444
17400 -0.53954303 1.14428939 40.82058099
17500 -0.46599949 1.08902271 42.14105512
17600 -0.60736008 1.26212565 41.71083764
17700 -0.85245854 1.33183614 36.04931382
17800 -0.64047095 1.44138543 46.27111918
17900 -0.58688454 1.05253001 36.78387390
18000 -0.72983507 1.09592578 33.06780147
18100 -0.58276612 1.16165129 39.73151704
18200 -0.51857550 1.12690460 41.13284742
18300 -0.53205866 1.12270672 40.52611353
18400 -0.69830404 1.14432607 35.34002964
18500 -0.73589869 1.16421325 34.66838103
18600 -0.86171251 1.49683681 41.28906191
18700 -0.82547398 1.32796516 36.71160527
18800 -1.02104570 1.40433240 33.90259805
18900 -0.49854030 1.01506281 39.10904619
19000 -0.52910708 1.11352664 40.39629109
19100 -0.53252469 1.04259366 38.50087915
19200 -0.53180462 1.09772432 39.89200600
19300 -0.73264435 1.27340962 37.88021064
19400 -0.86370942 1.42938525 38.89996039
19500 -0.56274939 1.00223978 36.45269417
19600 -0.62137556 1.22728904 40.21096865
19700 -0.61740287 1.15339734 38.29695843
19800 -0.74596917 1.18406967 34.89453923
19900 -0.82287058 1.44537810 40.62363802
20000 -0.49024356 1.11108840 41.78134775
20100 -0.86107608 1.17712795 31.26046776
20200 -0.71958527 1.26096107 37.92663658
20300 -0.59422683 1.12916138 38.46172233
20400 -0.67773028 1.21026880 37.82380962
20500 -0.75641703 1.47796512 43.76006358
20600 -0.81916870 1.41936484 39.85325905
20700 -0.80905870 1.43498516 40.67907431
20800 -0.57107612 1.17248427 40.44181693
20900 -0.90091289 1.53143896 41.43334422
21000 -0.94270859 1.26801866 31.61566823
21100 -0.80706478 1.31013698 36.70414285
21200 -0.50749600 1.12618814 41.52597245
21300 -0.84897105 1.32323329 35.88120820
21400 -0.77626755 1.31700912 37.84640841
21500 -0.55095762 1.11464439 39.62766028
21600 -0.62659088 1.30124999 42.22130184
21700 -0.66439214 1.06311479 34.37953804
21800 -0.90309693 1.52112150 41.00034422
21900 -0.95584577 1.41926801 36.04871088
22000 -0.81264466 1.27526060 35.48075748
22100 -0.98174865 1.36828919 33.70656052
22200 -1.02833936 1.47616680 36.16757663
22300 -0.81822644 1.21966348 33.69276993
22400 -0.55626715 1.17267638 40.97882753
22500 -0.61023926 0.98323783 34.34091844
22600 -0.65893530 1.13783162 36.46827858
22700 -0.74125254 1.35964741 40.27428318
22800 -0.76674058 1.38112402 40.17315641
22900 -0.68603218 1.28847744 39.83661432
23000 -0.92416249 1.43942726 37.56836022
23100 -0.76442232 1.27936717 37.06417266
23200 -0.83976702 1.37521655 37.79658077
23300 -0.45883186 1.09905672 42.67094780
23400 -0.64160590 1.07196638 35.36539781
23500 -0.50019775 1.04505034 39.75911184
23600 -0.51190101 1.07568165 40.07275695
23700 -0.69575158 1.36090088 41.77213746
23800 -0.67813913 1.11969843 35.35361238
23900 -0.54922707 1.11741055 39.76203412
24000 -0.61796239 1.15089478 38.21054476
24100 -0.67765692 1.28872221 40.12000763
24200 -0.47939985 1.14693237 43.13211875
24300 -0.61556145 1.08316188 36.53754819
24400 -0.54573273 1.17038479 41.29790360
24500 -0.65526376 1.11862537 36.08822784
24600 -0.53502822 1.12647354 40.51561491
24700 -0.94738719 1.35667470 34.22365035
24800 -0.96885422 1.39685852 34.96722485
24900 -0.57842414 1.12404235 38.88627923
25000 -0.64471871 1.07659279 35.37480694
25100 -0.80541459 1.44323903 41.06818684
25200 -0.54663502 1.09935492 39.39192785
25300 -0.76560659 1.39442822 40.64310804
25400 -0.64714964 1.11786033 36.34197698
25500 -0.91275275 1.54549867 41.62241154
25600 -0.91938472 1.46691805 38.64088827
25700 -0.59629990 1.05507425 36.51429720
25800 -0.81201354 1.39757363 39.34140118
25900 -0.77939221 1.31488786 37.68539255
26000 -0.74504458 1.32065511 38.92672770
26100 -0.91795364 1.44446832 37.90747657
26200 -0.55571491 1.16333776 40.74475163
26300 -0.85370775 1.32658536 35.84951212
26400 -0.57257541 1.06219232 37.52803387
26500 -0.91531538 1.39393760 36.28715912
26600 -0.64466902 1.11653813 36.39166705
26700 -0.80483147 1.33583749 37.56944511
26800 -0.89203423 1.28658496 33.54294263
26900 -0.86369860 1.48732026 40.89663985
27000 -0.76567894 1.53631564 45.55504664
27100 -0.71162137 1.37877830 41.83430697
27200 -0.57654395 1.12722167 39.03625427
27300 -0.92799478 1.33149110 33.94281453
27400 -0.93481847 1.39280158 35.72574611
27500 -0.88458282 1.20010080 31.23476617
27600 -0.84991276 1.40563855 38.50022770
27700 -0.43525709 1.09816473 43.56349766
27800 -0.90526715 1.48535711 39.66835788
27900 -0.64862154 1.23799220 39.58962090
28000 -0.91207379 1.38081175 35.94618318
28100 -0.71576812 1.13198124 34.44895043
28200 -0.48798835 1.07924707 41.05842395
28300 -0.51104333 1.07127152 39.99513993
28400 -0.47214029 1.07967891 41.67141498
28500 -0.49361495 1.19642630 43.94504492
28600 -0.92894033 1.42737135 37.03222970
28700 -0.57603107 1.10608523 38.50673007
28800 -0.92004760 1.42391168 37.15494742
28900 -0.63757524 0.96478203 32.98800593
29000 -0.78686069 1.44641407 41.73492971
29100 -0.59652571 1.06499391 36.74941365
29200 -0.55077982 1.13220576 40.09220114
29300 -0.67571360 1.06083748 33.94720792
29400 -0.91544607 1.36648845 35.39137188
29500 -1.02429326 1.37477490 32.85557105
29600 -0.78667678 1.24180320 35.27424881
29700 -0.51040888 1.02755211 38.95920870
29800 -0.85929249 1.45041301 39.74056789
29900 -0.61515535 1.21226696 39.99778950
30000 -0.49827843 1.10486356 41.31891236
30100 -0.61436561 1.10706861 37.18565741
30200 -0.60069603 1.21036483 40.44720310
30300 -0.86419380 1.43464124 39.06385763
30400 -0.52409489 1.10489233 40.35875237
30500 -0.94194089 1.40230116 35.84961781
30600 -0.97026429 1.42037584 35.71203783
30700 -0.59875414 1.19077242 39.96631674
30800 -0.56329309 1.10772253 39.00425406
30900 -0.58212548 1.03143071 36.44485686
31000 -0.86957107 1.46339657 39.89569561
31100 -0.79186809 1.47173093 42.45622134
31200 -0.82350092 1.36206908 37.84814006
31300 -0.95485292 1.46193799 37.52606283
31400 -0.51709274 1.11468087 40.86973054
31500 -0.55388338 0.98270651 36.32665387
31600 -0.77049697 1.13542110 32.81989254
31700 -0.74680482 1.11428460 33.00303481
31800 -0.42453495 1.17173735 45.92475719
31900 -0.82999796 1.43895800 40.19589530
32000 -0.53635937 1.18379767 42.00766456
32100 -0.94395234 1.32919488 33.44655632
32200 -0.78581498 1.38106581 39.58771881
32300 -0.79954434 1.44421869 41.27733016
32400 -0.91417404 1.31353144 33.75772303
32500 -0.52852242 1.08995011 39.81556861
32600 -0.50397675 1.13660335 41.93120260
32700 -0.64011432 1.11615728 36.53638714
32800 -0.90600079 1.36700853 35.66531527
32900 -0.86232324 1.49359247 41.15690108
33000 -0.85866147 1.42635944 38.94171741
33100 -0.44596952 1.13715660 44.15738524
33200 -0.92385701 1.54606173 41.34275918
33300 -0.61763641 1.07444407 36.24810146
33400 -0.42831117 1.12375966 44.49550008
33500 -0.89639689 1.38733683 36.58836784
33600 -0.67851272 1.32666578 41.25630249
33700 -0.97275643 1.47650314 37.56812964
33800 -0.75648581 1.43334478 42.22337070
33900 -0.88538563 1.17473674 30.51017149
34000 -0.91592439 1.38566339 35.99971022
34100 -0.94484674 1.37808404 34.97963230
34200 -0.50946503 1.10759436 40.97055839
34300 -0.87189163 1.30371321 34.62628144
34400 -0.67285483 1.22874437 38.51159908
34500 -0.87527233 1.36033639 36.30341987
34600 -0.56302057 1.10107048 38.84368523
34700 -0.48287481 1.11166296 42.07496620
34800 -0.62953227 1.15648829 37.96261058
34900 -0.87953070 1.50244104 40.98487450
35000 -0.53497371 1.26855666 44.48711206
35100 -0.48617793 1.21689551 44.80235840
35200 -0.52717261 1.08577040 39.75993263
35300 -0.90110070 1.41351545 37.32303935
35400 -0.94476012 1.50264745 39.21821197
35500 -0.76535266 1.50031486 44.27060435
35600 -0.85658723 1.50447092 41.70637682
35700 -0.96654253 1.42069767 35.81880724
35800 -0.88999820 1.49709709 40.50335199
35900 -0.77644593 1.40843545 40.77281631
36000 -0.48306610 1.11786540 42.22816306
36100 -0.86180139 1.46082537 40.02718484
36200 -0.52379945 1.17689860 42.27943261
36300 -0.87174494 1.54612164 42.78090172
36400 -0.63151063 1.00040297 33.99880992
36500 -0.83924185 1.60412363 45.87890384
36600 -0.59284907 1.02227859 35.84953364
36700 -0.54295599 1.06407576 38.64227941
36800 -0.56382634 1.29577816 44.25889149
36900 -0.96499066 1.35953799 33.85577262
37000 -0.92287444 1.45349304 38.08353246
37100 -0.84866040 1.39282419 38.11362788
37200 -0.52658409 0.99596942 37.62443030
37300 -0.92379666 1.48016848 38.98356750
37400 -0.68669784 1.23811535 38.32492157
37500 -0.54399427 1.09081864 39.27133750
37600 -0.54060444 1.01990806 37.66578194
37700 -0.63826216 1.20652553 39.04237158
37800 -0.96150803 1.22883648 29.97863528
37900 -0.54160838 1.18477879 41.84302865
38000 -0.86721541 1.42215436 38.55724071
38100 -0.92363725 1.63863629 44.84879826
38200 -0.84451139 1.41369299 38.92363636
38300 -0.56756166 1.13206432 39.48398654
38400 -0.55655943 1.07280128 38.36468823
38500 -0.75456092 1.36261188 39.95264667
38600 -0.92799145 1.42853002 37.09669425
38700 -0.51814947 1.20806314 43.35509285
38800 -0.59759216 1.18464348 39.83731191
38900 -0.53141337 1.12208636 40.53363322
39000 -0.74755301 1.37498350 40.57007179
39100 -0.84188505 1.39476666 38.37302031
39200 -0.96808700 1.37645778 34.32059037
39300 -0.74332493 1.15518190 34.19060465
39400 -0.56318647 1.11711865 39.25060261
39500 -0.93190210 1.53123799 40.58656025
39600 -0.57835505 1.18019569 40.39381148
39700 -0.79371423 1.33047100 37.73503837
39800 -0.64327607 1.13857949 37.01612936
39900 -0.62609996 1.14123297 37.67270917
40000 -0.88532114 1.52957862 41.79733939
40100 -0.92742886 1.46986610 38.52670794
40200 -0.71741354 1.11740346 34.01542456
40300 -0.53216961 1.25371542 44.15167417
40400 -0.94266352 1.44539998 37.27846927
40500 -0.92838645 1.43491721 37.30195334
40600 -0.44994566 1.10533430 43.17473585
40700 -0.71100677 1.01202142 31.62709341
40800 -0.89558325 1.50449125 40.61139594
40900 -0.86896059 1.46202487 39.86553601
41000 -0.42211036 1.24531440 48.09616693
41100 -0.66356160 1.12028396 35.85322898
41200 -0.48541630 1.19247491 44.14455263
41300 -0.50547925 1.02889851 39.17500794
41400 -0.66428889 1.32945348 41.81572712
41500 -0.63275308 1.26737891 40.99041028
41600 -0.57162230 0.96455995 35.28386463
41700 -0.81368737 1.20208758 33.33022734
41800 -0.83486638 1.44562056 40.28069838
41900 -0.76379639 1.28965846 37.39341180
42000 -0.99323942 1.28268455 30.75021255
42100 -0.72230316 1.08091059 32.92914021
42200 -0.57528326 1.11994986 38.89141890
42300 -0.93420352 1.37956892 35.31001898
42400 -0.89571627 1.41378906 37.48044766
42500 -0.57033347 0.96013565 35.23231439
42600 -0.84182245 1.33735452 36.52894523
42700 -0.97855098 1.40001889 34.82259964
42800 -0.61388093 1.08439043 36.62657782
42900 -0.82007402 1.55028535 44.42455383
43000 -0.96965347 1.24509216 30.23817121
43100 -0.53961735 1.16567031 41.39246887
43200 -0.89593797 1.25710590 32.55664076
43300 -0.72382201 1.24315464 37.26948731
43400 -0.83326578 1.30983770 35.92211864
43500 -0.86812961 1.39409996 37.59986610
43600 -0.95618042 1.35072078 33.80363256
43700 -0.85306844 1.52631010 42.59081135
43800 -0.87099581 1.30900796 34.81388780
43900 -0.54554554 1.14438546 40.60442755
44000 -0.80012838 1.42748892 40.69272874
44100 -0.52579388 1.15553729 41.62580189
44200 -0.63118800 1.18305030 38.62957806
44300 -0.43278979 1.14907436 44.98834803
44400 -0.82028339 1.48049222 41.91387180
44500 -0.64125572 1.16264511 37.72883053
44600 -0.93702894 1.40629270 36.11199726
44700 -0.69902379 1.12757469 34.87439781
44800 -0.86460972 1.52512460 42.21870247
44900 -0.65815475 1.10022675 35.51764101
45000 -0.49721631 1.15143190 42.57906419
45100 -0.70298695 1.17796871 36.09722656
45200 -0.63884623 1.07061976 35.42583851
45300 -0.59132463 1.13489461 38.71461172
45400 -0.78100746 1.24113725 35.42728151
45500 -0.70387056 1.40318760 42.88471170
45600 -0.85167332 1.41564061 38.78237491
45700 -0.83879840 1.48279531 41.45279800
45800 -0.75513781 1.34471825 39.36492655
45900 -0.58933620 1.19222668 40.33775679
46000 -0.87724709 1.26831005 33.40818601
46100 -0.68351765 0.99361785 32.09779188
46200 -0.95462606 1.37777864 34.71295109
46300 -0.46196416 1.14487695 43.74396465
46400 -0.64227604 1.02089577 34.10873985
46500 -0.84583033 1.40910422 38.73282059
46600 -0.96687319 1.42704496 36.02351402
46700 -0.78435134 1.58759744 46.88314601
46800 -0.90006519 1.41005101 37.23615337
46900 -0.77646955 1.31015394 37.62881829
47000 -0.57816831 1.13594173 39.20772850
47100 -0.60499202 1.05289751 36.15721042
47200 -0.93988556 1.47937960 38.52632373
47300 -0.65710122 1.00924573 33.33593464
47400 -0.85777303 1.35703509 36.69376346
47500 -0.93302828 1.27558418 32.09812734
47600 -0.71714933 1.45134146 44.07854058
47700 -0.88212238 1.38979048 37.06501859
47800 -0.84095243 1.41754707 39.15529308
47900 -0.84030619 1.28975058 35.10482755
48000 -0.57410815 1.04259090 36.99686012
48100 -0.47157629 1.06825639 41.40912136
48200 -0.61292000 1.20644997 39.91100574
48300 -0.79763644 1.43389136 40.98374933
48400 -0.96241165 1.44972291 36.90913025
48500 -0.80439473 1.28012378 35.87211325
48600 -0.45854118 1.17405504 44.66314662
48700 -0.78063533 1.15035211 32.90629802
48800 -0.72251848 1.15831706 34.93408391
48900 -0.57579017 1.16323601 40.02217337
49000 -0.65195279 1.11692402 36.15553372
49100 -0.92353469 1.46124119 38.33255965
49200 -0.56511554 1.16914154 40.56403381
49300 -0.95785414 1.50141783 38.83120797
49400 -0.51413567 1.09310688 40.42722950
49500 -0.94063334 1.39000367 35.47959150
49600 -0.45879920 1.07781899 42.13678299
49700 -0.96138458 1.19639307 29.06319331
49800 -0.67379045 1.19804698 37.61076027
49900 -0.96307927 1.33759647 33.20941861
50000 -0.86426716 1.55897120 43.46556128
50100 -0.53595475 1.07898262 39.26743470
50200 -0.65333958 1.06880073 34.89026455
50300 -0.96741661 1.29718828 31.84719683
50400 -0.65724208 1.26572534 40.11179269
50500 -0.62642306 1.33870620 43.38818642
50600 -0.90535836 1.49133341 39.87627882
50700 -0.66636519 1.13375708 36.11232251
50800 -0.54809641 0.94892007 35.78807658
50900 -0.56976459 1.20796445 41.47346420
51000 -0.62782025 1.07590785 35.93387138
51100 -0.91641170 1.54401166 41.46867160
51200 -0.72958389 1.42247494 42.70245091
51300 -0.72605731 1.14299615 34.41113489
51400 -1.00249321 1.32960690 31.95671515
51500 -0.93335619 1.13235716 28.06480749
51600 -0.91708911 1.36356851 35.25305144
51700 -0.89493873 1.27830319 33.21363686
51800 -0.50367140 1.11349787 41.33896392
51900 -0.64409079 1.19183296 38.43327906
52000 -0.88333702 1.49790357 40.71733422
52100 -0.77038529 1.47337878 43.16820970
52200 -0.51223396 1.16485207 42.37939769
52300 -0.96211696 1.42992223 36.24364025
52400 -0.61550599 1.06522174 36.09356910
52500 -0.86358075 1.39414806 37.73042295
52600 -0.86583102 1.25804257 33.42654453
52700 -0.78910777 1.40419833 40.24701501
52800 -0.54695843 1.08758776 39.08203617
52900 -0.69822604 1.05135451 32.97681294
53000 -0.55144055 1.12945804 39.99608339
53100 -0.60782787 1.12381179 37.84607860
53200 -0.65433966 1.02568846 33.81410493
53300 -0.79769614 1.23682941 34.79736089
53400 -0.61209179 1.17986062 39.19978254
53500 -0.89509833 1.40352152 37.15646126
53600 -0.73873826 1.33935698 39.70951482
53700 -0.55372295 1.17231052 41.06074473
53800 -0.57870694 1.17231255 40.16525855
53900 -0.75806784 1.20669582 35.14798691
54000 -0.76001120 1.31074537 38.15382984
54100 -0.57207133 1.11535269 38.88669348
54200 -0.49774747 1.13273783 42.06274526
54300 -0.56228775 1.26063757 43.26151964
54400 -0.53035285 1.18387211 42.22995474
54500 -0.88765303 1.21702651 31.62681357
54600 -0.57819626 1.14004871 39.31536445
54700 -0.66015339 1.04988863 34.19841101
54800 -0.63623524 1.17771412 38.31038266
54900 -0.58897069 1.01856527 35.89885597
55000 -0.53439485 1.03699507 38.29797518
55100 -0.84730119 1.60116418 45.53318784
55200 -0.92573692 1.47107389 38.61409649
55300 -0.63853987 1.19775626 38.78690920
55400 -0.55743083 1.12686795 39.71172898
55500 -0.58629338 1.09097742 37.75802188
55600 -0.61004386 1.10582736 37.30374804
55700 -0.76758431 1.42804821 41.70102990
55800 -0.78093137 1.42452968 41.17360488
55900 -0.59782813 1.21266084 40.61258171
56000 -0.53806125 1.03226148 38.05083524
56100 -0.88264158 1.45035468 39.07952232
56200 -0.52740693 1.20784190 43.00697142
56300 -0.61179543 1.26030900 41.50301592
56400 -0.87576546 1.50579078 41.20978316
56500 -0.57632877 1.12611796 39.01503208
56600 -0.57327698 1.16326787 40.11259825
56700 -0.94653245 1.45402533 37.47174378
56800 -0.70819803 1.27447978 38.69417832
56900 -0.72050042 1.04045826 31.99499065
57000 -0.58137745 1.01153192 36.00302068
57100 -0.61615094 1.08445162 36.54951598
57200 -0.79638953 1.34536957 38.12297888
57300 -0.62471162 1.15131629 37.98920880
57400 -0.86429796 1.52146814 42.09561890
57500 -0.63816535 1.09013274 35.93702201
57600 -0.80938622 1.44889529 41.14294358
57700 -0.78397610 1.30887052 37.36046116
57800 -0.85751868 1.39938720 38.07557659
57900 -0.51721179 1.11451154 40.86093768
58000 -0.58215275 1.19559699 40.68559332
58100 -0.57019471 1.22373134 41.90580688
58200 -0.86719808 1.33072071 35.59428108
58300 -0.60441344 1.11098379 37.63236759
58400 -0.87730289 1.47991188 40.25252592
58500 -0.86897371 1.41565834 38.29004588
58600 -0.73367335 1.14128074 34.12375015
58700 -0.56305290 1.08906881 38.53796014
58800 -0.62991472 1.28362500 41.57308518
58900 -0.80350269 1.42245649 40.42244041
59000 -0.88171955 1.36842407 36.38234673
59100 -0.80318997 1.35129652 38.10686359
59200 -0.66876242 1.06457890 34.26986391
59300 -0.98244948 1.35543685 33.27685278
59400 -0.89726333 1.43673816 38.20958250
59500 -0.77573347 1.41888652 41.14307060
59600 -0.93727869 1.46119200 37.96334899
59700 -0.74878471 1.36866121 40.32734269
59800 -0.73462764 1.21573160 36.13816868
59900 -0.81701673 1.37978077 38.61099319
60000 -0.76892204 1.25341645 36.15573876
60100 -0.54144954 1.10709106 39.77856872
60200 -0.67804446 1.10225735 34.90720669
60300 -0.78004115 1.28232947 36.67369699
60400 -0.53768263 1.06434660 38.84137892
60500 -0.79401176 1.46484230 42.15244773
60600 -0.85384189 1.43133172 39.24719797
60700 -0.66741001 1.45819013 45.94005151
60800 -0.87814785 1.20999169 31.69291831
60900 -0.88905179 1.38548732 36.73128817
61000 -0.68078538 1.04516337 33.39834422
61100 -0.74118511 1.29429966 38.23923219
61200 -0.63814766 1.24764165 40.22536032
61300 -0.63377343 1.17843451 38.41416777
61400 -0.75703393 1.31110664 38.25735279
61500 -0.63496115 1.06353388 35.38337461
61600 -0.82332482 1.48179410 41.86988982
61700 -0.90555557 1.39832632 36.69741120
61800 -0.98751381 1.41606880 35.12760141
61900 -0.90568366 1.43108535 37.78699838
62000 -0.82157045 1.38176193 38.54100423
62100 -1.00428262 1.25084817 29.52923194
62200 -0.98700865 1.22015325 29.07626149
62300 -0.49082785 1.06708579 40.64923682
62400 -0.71257392 1.44118064 43.87848310
62500 -0.90052360 1.52989192 41.38793642
62600 -0.91221986 1.39565788 36.42776625
62700 -0.78607360 1.31535217 37.49640359
62800 -0.90614213 1.48140648 39.50581441
62900 -0.55137172 1.17520351 41.22493252
63000 -0.67015843 1.13130450 35.92149700
63100 -0.58031485 1.15477827 39.63317815
63200 -0.94371584 1.51179882 39.57230120
63300 -0.87227129 1.32349130 35.22553337
63400 -0.96013971 1.20224941 29.25941457
63500 -0.57136440 1.16811869 40.31252448
63600 -0.70875315 1.15555094 35.30160337
63700 -0.50826435 1.18183968 42.99157410
63800 -0.42215911 1.25908380 48.49775618
63900 -0.51890390 1.04197610 38.98804606
64000 -0.79859027 1.36107681 38.55678900
64100 -0.67984748 1.28631593 39.97501010
64200 -0.79206618 1.30998025 37.14944417
64300 -0.54042015 1.21803763 42.81878703
64400 -0.60914438 1.01593626 35.13070046
64500 -0.79255115 1.31499870 37.28943151
64600 -0.94982379 1.29551327 32.25428224
64700 -0.93703856 1.40703217 36.13626731
64800 -0.70153857 1.15833140 35.61000861
64900 -0.84987134 1.58732919 44.93546510
65000 -0.90470957 1.36693894 35.69841196
65100 -0.52554925 1.21200037 43.19287330
65200 -0.70699212 1.17611940 35.91683881
65300 -0.47529463 1.11321570 42.40326451
65400 -0.68320614 1.29589022 40.15418875
65500 -0.93601770 1.43748324 37.18523833
65600 -0.74147204 1.29516198 38.25639066
65700 -0.88202929 1.42793769 38.33493162
65800 -0.96162692 1.39609920 35.12919696
65900 -0.53737679 0.98796115 37.04575113
66000 -0.77993409 1.31730947 37.74369432
66100 -0.65213248 1.17248154 37.62828443
66200 -0.90452830 1.52512248 41.10546561
66300 -0.62789717 1.27073717 41.25651495
66400 -1.01268677 1.40541280 34.14383106
66500 -0.91596941 1.27558616 32.55685751
66600 -0.61540962 1.00874288 34.74567312
66700 -0.92635297 1.39203918 35.92705966
66800 -0.79791274 1.14835236 32.32988193
66900 -0.93157810 1.63303100 44.41788295
67000 -0.63647374 1.03007773 34.52314440
67100 -0.56218991 1.14476669 40.01282439
67200 -0.69250827 1.23978034 38.18281311
67300 -0.87693013 1.36388949 36.37072680
67400 -0.99426087 1.34805242 32.74335166
67500 -0.65277995 1.17963291 37.80242992
67600 -0.78431517 1.38561313 39.78144091
67700 -0.66816882 1.00363268 32.83589527
67800 -0.63908183 1.29299890 41.54330733
67900 -0.89932789 1.54404436 41.93631218
68000 -0.90797858 1.36371726 35.50550993
68100 -0.78129849 1.24929945 35.65618221
68200 -0.66866856 1.28715711 40.37089643
68300 -0.91960120 1.46494920 38.56682320
68400 -0.63647029 1.06152130 35.28246676
68500 -0.51857883 1.12658824 41.12444543
68600 -0.60102546 1.03290471 35.81446450
68700 -0.87001552 1.45715036 39.66760061
68800 -0.59944075 1.10791744 37.72725589
68900 -0.62037639 1.21577328 39.91677808
69000 -0.63316575 1.16806641 38.15155492
69100 -0.59658562 1.07632188 37.02786504
69200 -0.87396675 1.27715612 33.76417057
69300 -0.90019291 1.47615082 39.48515927
69400 -0.54613104 1.14724060 40.65921817
69500 -0.73409393 1.10440154 33.14895844
69600 -0.56365449 1.09572108 38.68472153
69700 -0.59426676 1.06173399 36.74859442
69800 -0.88785302 1.45672658 39.15308718
69900 -0.47419806 1.14820328 43.36412274
70000 -0.77371392 0.99393880 29.23827099
70100 -0.51545236 1.10229318 40.61206292
70200 -0.57587840 0.99377272 35.78878650
70300 -0.41465426 1.19564095 46.97469815
70400 -0.73406293 1.12453133 33.67052972
70500 -0.76151525 0.97621642 29.21310426
70600 -0.67770335 1.00910980 32.64641813
70700 -0.56458734 1.21819098 41.94860266
70800 -0.51346641 1.08050723 40.13496037
70900 -0.94597825 1.37387154 34.81331758
71000 -0.37973424 1.07572498 45.20911709
71100 -0.50830056 1.18942204 43.19980606
71200 -0.58193731 1.10977246 38.39166416
71300 -0.82064411 1.12440509 31.02077874
71400 -0.86113889 1.48621442 40.93054521
71500 -0.58966739 1.21549937 40.97996140
71600 -0.86607004 1.54370844 42.85299442
71700 -0.67241619 1.05523232 33.91946071
71800 -0.85488381 1.37157828 37.24331938
71900 -0.87913199 1.37683230 36.72648883
72000 -0.78724333 1.39511107 40.00369851
72100 -0.77807208 1.37246737 39.54474662
72200 -0.81920646 1.42869344 40.16559236
72300 -0.60468083 1.02185723 35.42513300
72400 -0.87978664 1.47828439 40.12596510
72500 -0.78136079 1.31591038 37.65694992
72600 -0.55506759 1.10511163 39.23354405
72700 -0.58134908 1.03965078 36.66875072
72800 -0.45310003 1.04680803 41.59521596
72900 -0.61403323 1.07083661 36.28326340
73000 -0.48842041 1.09635951 41.47324380
73100 -0.44997389 1.11576783 43.44244918
73200 -0.61205860 1.24350177 41.00147118
73300 -0.54634771 1.14177228 40.50581713
73400 -0.77364784 1.36523904 39.44723788
73500 -0.61197950 0.97784012 34.15897234
73600 -0.50583381 1.19488359 43.44372506
73700 -0.89264878 1.35702220 35.71265529
73800 -0.94182253 1.40826714 36.05041418
73900 -0.99674338 1.45552105 36.23227499
74000 -0.56048818 1.05588943 37.80693065
74100 -0.59070983 1.04856622 36.55274150
74200 -0.50953859 1.03814226 39.24389770
74300 -0.98594321 1.36528221 33.50326908
74400 -0.89029225 1.41826931 37.78020041
74500 -0.72567014 1.39736725 41.99216328
74600 -0.62991942 1.06332612 35.55063827
74700 -0.89493990 1.45559856 38.91786516
74800 -0.50747639 1.08938166 40.58097548
74900 -0.78833344 1.48145718 42.90272587
75000 -0.48984856 1.22633102 44.93290225
75100 -0.56807445 1.06227597 37.69096063
75200 -0.69017555 1.08360679 34.03583354
75300 -0.61370728 1.22974898 40.54662777
75400 -0.90063006 1.49749516 40.22383516
75500 -0.67380064 1.09774734 34.93267972
75600 -0.71352512 1.22817563 37.16656121
75700 -0.62974588 1.05110620 35.25804523
75800 -0.79486466 1.33664157 37.89374025
75900 -0.52021122 1.12628475 41.05608258
76000 -0.69832060 1.04708085 32.87018284
76100 -0.66660588 0.99666780 32.72774674
76200 -0.72320630 1.23868531 37.15942244
76300 -0.88058562 1.39058899 37.13415063
76400 -0.72849031 1.20727821 36.09366306
76500 -0.49639440 1.11138158 41.55722209
76600 -0.90851386 1.43826739 37.95290382
76700 -0.81910605 1.28105409 35.46301787
76800 -0.86304312 1.12482244 29.80406103
76900 -0.73812840 1.33752603 39.67114537
77000 -0.88772603 1.41235246 37.65395564
77100 -0.50704805 1.22011822 44.10968857
77200 -0.90075167 1.45892851 38.87238424
77300 -0.91200910 1.46013260 38.60612741
77400 -0.62695991 1.27861813 41.52405626
77500 -0.53652620 1.17817749 41.84686704
77600 -0.54319972 1.25687732 43.84134088
77700 -0.76569275 1.56640472 46.66141724
77800 -0.66535366 1.05973086 34.26441736
77900 -0.59323532 1.13504540 38.65134563
78000 -0.84001135 1.42400268 39.39896088
78100 -0.60130241 1.14057617 38.51470949
78200 -0.80034043 1.54562634 44.84054561
78300 -0.90108095 1.36869669 35.85452789
78400 -0.87709337 1.36679672 36.45956392
78500 -0.88116412 1.54426245 42.44822816
78600 -0.52886342 1.12340704 40.66176362
78700 -0.56028771 1.28006914 43.91171789
78800 -0.76442667 1.58282514 47.31406089
78900 -0.59702418 1.34407677 44.57789027
79000 -0.65833923 1.17653759 37.53060387
79100 -0.91311047 1.44058200 37.90640278
79200 -0.93555072 1.41230046 36.35095988
79300 -0.94025850 1.40613679 36.02113557
79400 -0.67560276 1.18094139 37.07624997
79500 -0.48981728 1.12118540 42.05898585
79600 -0.90684265 1.43553612 37.90588974
79700 -0.75943189 1.31422655 38.27905515
79800 -0.59504163 1.12361076 38.28789308
79900 -0.87397442 1.31611733 34.94899588
80000 -0.60833093 1.10472052 37.33493687
80100 -0.88849622 1.52116274 41.40488383
80200 -0.73961853 1.18539822 35.13083337
80300 -0.91228033 1.37014953 35.59524849
80400 -0.91214342 1.47016974 38.95004812
80500 -0.82858133 1.53882372 43.75485457
80600 -0.62198165 1.01908331 34.76015038
80700 -0.73037302 1.48085643 44.67939257
80800 -0.65425194 1.07266106 34.95517300
80900 -0.88309960 1.24622125 32.59423131
81000 -0.73442931 1.32070979 39.26287451
81100 -0.91201610 1.44976592 38.24959563
81200 -0.68398483 1.47873719 46.10452070
81300 -0.58487945 1.16585920 39.77070472
81400 -0.92835243 1.37872680 35.43899756
81500 -0.73189478 1.30800509 38.95109196
81600 -0.58373959 1.11989804 38.58976863
81700 -0.80152095 1.30060171 36.57775731
81800 -0.80433206 1.43059930 40.67175348
81900 -0.84728287 1.44006901 39.73180640
82000 -0.57997399 1.24786336 42.25473378
82100 -0.70883097 1.37677917 41.85942113
82200 -0.87216785 1.31047270 34.82585518
82300 -0.88830183 1.56751414 43.10713946
82400 -0.78851613 1.12976594 32.12127132
82500 -0.55425562 1.08613192 38.78097825
82600 -0.78080264 1.39088703 40.06083754
82700 -0.94679328 1.35187615 34.08641658
82800 -0.58542317 1.05019036 36.77871183
82900 -0.59454585 1.12832275 38.42852437
83000 -0.83429403 1.53432916 43.42429647
83100 -0.71353534 0.98014539 30.81566316
83200 -0.51553443 1.13243092 41.39061064
83300 -0.62566219 1.28886641 41.87703007
83400 -0.63113297 1.07235368 35.73203445
83500 -0.80475217 1.04192767 29.42402775
83600 -0.64240982 1.08217829 35.59265540
83700 -0.89869067 1.41255575 37.35733834
83800 -0.81881521 1.18818175 32.79080359
83900 -0.88562616 1.53470965 41.97511520
84000 -0.71452937 1.39398799 42.23748978
84100 -0.71259499 1.24012927 37.54139502
84200 -0.72716290 1.31364779 39.27501434
84300 -0.80295623 1.30559300 36.68739968
84400 -0.44142996 1.13198092 44.19755535
84500 -0.65425477 1.23547763 39.32698473
84600 -0.57141988 1.04846761 37.23463345
84700 -0.59937697 1.16861346 39.33530183
84800 -0.67692834 1.07998295 34.38105635
84900 -0.69852513 1.24567008 38.15779473
85000 -0.76978238 1.36605088 39.59202818
85100 -0.90829323 1.39365622 36.46895413
85200 -0.80997823 1.58809225 46.13117561
85300 -0.61708352 1.16889330 38.72683259
85400 -0.60597412 1.28213198 42.35536801
85500 -0.67719325 1.02059730 32.93176233
85600 -0.90860086 1.43445661 37.82131000
85700 -0.84441172 1.12801854 30.42158917
85800 -0.86973635 1.50495187 41.34979685
85900 -0.72741831 1.09357869 33.08507404
86000 -0.68223569 1.14041195 35.76220339
86100 -0.42148899 1.14842153 45.41526993
86200 -0.82020922 1.44114401 40.55774123
86300 -0.64777853 1.24798740 39.90871834
86400 -0.55660431 1.12631288 39.72702190
86500 -0.74727290 1.30777470 38.45944894
86600 -0.60968176 1.34616127 44.20186468
86700 -0.46613276 1.14428736 43.56820355
86800 -0.87327995 1.48716589 40.62017398
86900 -0.87420866 1.33026318 35.38205215
87000 -0.65703610 1.35194594 42.76748145
87100 -0.76725759 1.46484803 42.96822389
87200 -0.72191650 1.31703573 39.54693540
87300 -0.75185151 1.03702446 30.92213095
87400 -0.87304495 1.40441399 37.80125119
87500 -0.59890381 1.04507753 36.18056470
87600 -0.70892914 1.20931571 36.77772430
87700 -0.92617657 1.41033239 36.53601302
87800 -0.45588639 1.08304569 42.37984384
87900 -0.89787655 1.45082867 38.67309157
88000 -0.58947562 1.02027543 35.92121133
88100 -0.65864982 1.29651827 40.98921276
88200 -0.94222571 1.55319112 41.11473165
88300 -0.73275047 1.19005531 35.47680203
88400 -0.91130662 1.47488296 39.13689681
88500 -0.54763269 1.26082420 43.79645746
88600 -0.78041260 1.31688606 37.71600687
88700 -0.53474895 1.16026892 41.42426967
88800 -0.57204266 1.25398984 42.71642878
88900 -0.78552172 1.40236879 40.29520879
89000 -0.91129554 1.45097872 38.31075073
89100 -0.55267752 1.17593585 41.19772195
89200 -0.49687647 1.09263701 41.06017580
89300 -0.63249998 1.33428017 43.04093792
89400 -0.79469856 1.25602957 35.44746406
89500 -0.68198290 1.18553745 36.99227666
89600 -0.93062810 1.52632227 40.44255459
89700 -0.53870260 1.07126944 38.97506499
89800 -0.64248558 1.11886299 36.52602114
89900 -0.68847257 1.03080954 32.80178714
90000 -0.92572407 1.46180217 38.29307531
90100 -0.85072082 1.48373262 41.14134894
90200 -0.83243293 1.58807511 45.46879233
90300 -0.62946191 1.25030817 40.59994833
90400 -0.52639956 1.07590378 39.54153238
90500 -0.62035523 1.19695610 39.38763275
90600 -0.65265876 1.24384723 39.62335976
90700 -0.87556174 1.51099726 41.40143173
90800 -0.51027455 1.00671060 38.47593049
90900 -0.93368782 1.51761049 40.04681965
91000 -0.58209231 1.12889396 38.88300956
91100 -0.77178864 1.33641753 38.58860213
91200 -0.86843782 1.50721282 41.46711776
91300 -0.88916959 1.35818402 35.84623252
91400 -0.93840157 1.27309538 31.88084762
91500 -0.54858025 1.13922400 40.35718471
91600 -0.94665431 1.34420965 33.84703990
91700 -0.96381997 1.24634118 30.42526010
91800 -0.91782743 1.35177645 34.85641031
91900 -0.84002055 1.27792952 34.75734316
92000 -0.69671081 0.97531806 31.25196439
92100 -0.89511909 1.40680010 37.26450423
92200 -0.48706998 1.21246598 44.64295528
92300 -0.87860242 1.16896969 30.54234407
92400 -0.61282759 1.12230283 37.63303110
92500 -0.46023957 1.03196979 40.96385846
92600 -0.77769932 1.43777392 41.71961226
92700 -0.87265098 1.42098155 38.36434181
92800 -0.87954145 1.35556294 36.03110223
92900 -0.58505618 1.04320701 36.62292198
93000 -0.51946700 1.12012067 40.92286205
93100 -0.71505085 1.02753799 31.86153216
93200 -0.87672054 1.57199646 43.59762736
93300 -0.50395897 1.19988074 43.65339522
93400 -0.77955501 1.44986707 42.07527183
93500 -0.84125413 1.38390494 38.03575097
93600 -0.74986967 1.31539768 38.61291613
93700 -0.91473933 1.48692052 39.46520098
93800 -0.69682120 1.33176044 40.81473976
93900 -0.72279246 1.12247875 33.97526292
94000 -0.53942625 1.22271347 42.98837189
94100 -0.70723935 1.28117327 38.92559149
94200 -0.76452324 1.29975673 37.67761653
94300 -0.96173010 1.33898000 33.28793772
94400 -0.68616388 1.48027189 46.08658397
94500 -0.46835913 1.14192218 43.42003089
94600 -0.52554572 1.13018666 40.96134326
94700 -0.64052979 1.24925397 40.19142633
94800 -0.78074209 1.31739872 37.72181789
94900 -0.62386552 1.04830723 35.39206262
95000 -0.64083740 1.33728578 42.85113114
95100 -0.56624947 1.23106446 42.25737463
95200 -0.94642069 1.51713710 39.69240492
95300 -0.91993149 1.41937773 37.00600855
95400 -0.56430915 1.25195086 42.93346295
95500 -0.53000308 1.03279756 38.35892652
95600 -0.51735659 1.04232312 39.05371577
95700 -0.54676496 1.10513290 39.53486946
95800 -0.91068546 1.39540754 36.46128939
95900 -0.64476844 1.17161740 37.85351426
96000 -0.76613790 1.26296374 36.52273622
96100 -0.46595409 1.13798322 43.40781700
96200 -0.89569165 1.44029180 38.37363387
96300 -0.92330014 1.39555660 36.12464673
96400 -0.63115608 1.24270009 40.32006454
96500 -0.85597335 1.45682712 40.05562377
96600 -0.54900945 1.04092575 37.85939843
96700 -0.57565250 1.04133160 36.91155324
96800 -0.48395283 1.08190508 41.27766006
96900 -0.91696004 1.20382569 30.44949671
97000 -0.71445398 1.29020045 38.96517106
97100 -0.69523534 1.47352709 45.55410720
97200 -0.49916933 1.04736741 39.85365512
97300 -0.70909280 0.99780587 31.36011268
97400 -0.72439566 1.39166586 41.84542202
97500 -0.64430421 1.34795941 43.07040194
97600 -0.84476012 1.39765702 38.38499004
97700 -0.88791609 1.29627870 33.95080609
97800 -0.71107631 1.42134809 43.25673707
97900 -0.48911310 1.17270182 43.45970614
98000 -0.71267226 1.24617836 37.71480847
98100 -0.65501228 1.26073430 40.03906811
98200 -0.84403039 1.38770952 38.07962424
98300 -0.60025920 1.15480458 38.93098990
98400 -0.63263429 1.11686407 36.80970101
98500 -0.92405460 1.53101815 40.78890206
98600 -0.70549940 1.44592067 44.26838861
98700 -0.56045844 1.19207939 41.36250599
98800 -0.82363960 1.37158474 38.15018651
98900 -0.96123244 1.52303895 39.51749334
99000 -0.91957433 1.54266831 41.33397757
99100 -0.71376667 1.24080428 37.52328463
99200 -0.95243921 1.52732271 39.90158283
99300 -0.92617593 1.33203191 34.00852538
99400 -0.93339932 1.41229556 36.40810588
99500 -0.61702339 1.11617006 37.32840873
99600 -0.56272215 1.18439000 41.06806117
99700 -0.88951881 1.47992352 39.91192923
99800 -0.96728749 1.41732784 35.68676105
99900 -0.51684248 1.14626428 41.70844674
100000 -0.84869837 1.41288817 38.77607906
100100 -0.90133406 1.32283648 34.39636723
100200 -0.67767329 1.31015226 40.77278147
100300 -0.88638448 1.44665536 38.84857977
100400 -0.80561808 1.36120884 38.35055318
100500 -0.92307563 1.38207505 35.68956935
100600 -0.84979005 1.40238558 38.39608179
100700 -0.48544225 1.14726141 42.91165119
100800 -0.58759504 1.12777787 38.65907794
100900 -0.89156401 1.47873651 39.81367709
101000 -0.84617747 1.39475954 38.24873847
101100 -0.85286606 1.29747420 34.97699653
101200 -0.80860256 1.27833734 35.69300321
101300 -0.80480782 1.25265766 35.04512932
101400 -0.63308596 1.07094530 35.63033220
101500 -0.53388019 1.15217925 41.23844534
101600 -0.90137497 1.35878436 35.52832978
101700 -0.65918337 1.14267351 36.58830284
101800 -0.91005723 1.26551627 32.41780089
101900 -0.89785963 1.41607454 37.49760718
102000 -0.91743621 1.37472941 35.60335770
102100 -0.60585361 1.03566062 35.71164216
102200 -0.89441221 1.36394556 35.88550703
102300 -0.88377741 1.29908560 34.15153209
102400 -0.83464821 1.49112400 41.86644680
102500 -0.66490873 1.31939088 41.48198044
102600 -0.58857620 1.22531025 41.29815894
102700 -0.70903038 1.20258339 36.58495050
102800 -0.89298660 1.36525709 35.96705565
102900 -0.73046388 1.51287152 45.81053443
103000 -0.89743899 1.49284185 40.14703583
103100 -0.59803751 1.24298321 41.47535977
103200 -0.85973913 1.47733713 40.65932398
103300 -0.94929937 1.39338410 35.36186997
103400 -0.78562484 1.19026979 33.84257542
103500 -0.91503665 1.41777187 37.08473807
103600 -0.61640105 1.12166007 37.49252215
103700 -0.52113388 1.19745900 42.94699516
103800 -0.53255259 1.19920786 42.57535186
103900 -0.89180510 1.30433095 34.08852779
104000 -0.88860698 1.49668977 40.52755446
104100 -0.52392664 1.16556984 41.96568045
104200 -0.90018100 1.27752400 33.04581944
104300 -0.88768154 1.31508415 34.53356518
104400 -0.93047947 1.55499632 41.49360382
104500 -0.95568582 1.32316582 32.95066696
104600 -0.66809344 1.11348506 35.52583082
104700 -0.58056281 1.04675994 36.86783377
104800 -0.87698116 1.37054817 36.58357349
104900 -0.55864167 1.03024622 37.25602154
105000 -0.92868423 1.51157718 39.96413387
105100 -0.46457823 1.21093540 45.45668598
105200 -0.81420760 1.19475297 33.10972236
105300 -0.47000675 1.07765929 41.70254248
105400 -0.93762500 1.42528261 36.73032428
105500 -0.68097264 1.33494651 41.43404889
105600 -0.81611399 1.32176975 36.79472721
105700 -0.89898932 1.57827391 43.21311536
105800 -0.59372432 1.18370448 39.94718585
105900 -0.71706516 1.33629343 40.30243734
106000 -0.71641713 1.26295942 38.08722448
106100 -0.80452288 1.45059558 41.34622230
106200 -0.51800695 1.13483151 41.36216116
106300 -0.72985304 1.28670562 38.36764690
106400 -0.68692310 1.15541826 36.00869227
106500 -0.46468892 1.03178075 40.78833405
106600 -0.91263110 1.36460912 35.40739642
106700 -0.62326305 1.06403426 35.79660086
106800 -0.62024611 1.17217579 38.70710931
106900 -0.80360797 1.26671015 35.49543573
107000 -0.82608990 1.26662190 34.82670585
107100 -0.60354832 1.05085322 36.15791585
107200 -0.56748247 1.15276737 40.03670361
107300 -0.81604744 1.62849476 47.49474591
107400 -0.77666555 1.30442793 37.44713653
107500 -0.47787577 1.11916722 42.45913324
107600 -0.94772781 1.49660925 38.92573162
107700 -0.72963242 1.18229149 35.36100398
107800 -0.90464542 1.42793269 37.70905231
107900 -0.59054557 1.18249196 40.02562893
108000 -0.63845351 1.03145661 34.48848160
108100 -0.68676063 1.19416779 37.07459403
108200 -0.92483451 1.17189088 29.35258144
108300 -0.71097342 1.24166668 37.63823758
108400 -0.53866462 1.20522330 42.52035723
108500 -0.75457625 1.06145908 31.42927814
108600 -0.48223670 1.28506320 46.94728464
108700 -0.92983651 1.36143933 34.84170818
108800 -0.61283313 1.09630451 36.96383461
108900 -0.79142065 1.29542128 36.72391154
109000 -1.07031581 1.38001701 31.92946160
109100 -0.57424147 1.25801612 42.75636720
109200 -0.97150859 1.40253481 35.08616138
109300 -0.84479808 1.38283009 37.89822163
109400 -0.61959758 1.09900577 36.79854498
109500 -0.54733093 1.13867863 40.38809836
109600 -0.74905048 1.41610790 41.87573795
109700 -0.57852857 1.18338802 40.47557677
109800 -0.94624858 1.34899121 34.00913425
109900 -0.89622766 1.38927611 36.65646611
110000 -0.91855117 1.47153284 38.82369012
110100 -0.78729403 1.12902949 32.13898292
110200 -0.71587679 1.00934365 31.40815065
110300 -0.62384224 1.14565174 37.86779779
110400 -0.58419106 1.07850572 37.51910800
110500 -0.85116869 1.37734099 37.53633767
110600 -0.77198133 1.21316301 34.90110321
110700 -0.58370262 1.24107647 41.92496037
110800 -0.61613049 1.03885647 35.43125693
110900 -0.91817168 1.20915025 30.56665984
111000 -0.63304323 1.05838334 35.32255965
111100 -0.74999559 1.23967023 36.34182602
111200 -0.76240541 1.19491842 34.68354310
111300 -0.58810283 1.12548402 38.58113081
111400 -0.75976744 1.19899007 34.87894481
111500 -0.66286684 1.07550848 34.73702778
111600 -0.86138627 1.51067263 41.79081744
111700 -0.49200840 1.08063920 40.94146868
111800 -0.91401621 1.38728665 36.10448977
111900 -0.93598893 1.35003544 34.31386984
112000 -0.71623068 1.08591755 33.24917219
112100 -0.78569504 1.38585607 39.74745765
112200 -0.59428198 1.38941992 46.13279593
112300 -0.77466553 1.50505631 44.15287578
112400 -0.58679071 1.18433713 40.20901251
112500 -0.94000465 1.49679085 39.13608096
112600 -0.91565273 1.39641931 36.35960986
112700 -0.64929744 1.21938587 39.03246971
112800 -0.90370353 1.34754986 35.10685745
112900 -0.65858991 1.32209926 41.77739497
113000 -0.62664717 1.05939240 35.56634332
113100 -0.75536184 1.28046180 37.37790857
113200 -0.82357241 1.22571106 33.70794653
113300 -0.62915467 1.39891452 45.23440542
113400 -0.88439274 1.49016904 40.41445332
113500 -0.49142724 1.14286284 42.56836505
113600 -0.60211728 1.27014310 42.13145870
113700 -0.86210724 1.37079969 37.01204709
113800 -0.71332443 1.13516318 34.61129192
113900 -0.87174332 1.34884219 36.03654552
114000 -0.50390834 1.15577549 42.44478967
114100 -0.47807335 1.07367628 41.29566604
114200 -0.62324315 1.18395196 38.92711667
114300 -0.92106288 1.47774353 38.97240381
114400 -0.47255700 1.07304684 41.49030184
114500 -0.99881606 1.29508861 30.98512014
114600 -0.58889762 1.16313090 39.55478073
114700 -0.59165695 1.07279122 37.11330680
114800 -0.77723397 1.38101310 39.84739827
114900 -0.60786378 1.17106549 39.10583935
115000 -0.60411724 1.01489114 35.28137650
115100 -0.70725740 1.53349067 47.29773206
115200 -0.86503842 1.36627500 36.78301442
115300 -0.93477106 1.37206023 35.05165404
115400 -0.91928061 1.28128183 32.63790551
115500 -0.58555218 1.16866101 39.82306771
115600 -0.85559826 1.44443962 39.64188505
115700 -0.59674528 1.07851276 37.07689430
115800 -0.83634030 1.48642137 41.65156219
115900 -0.52758776 1.16226379 41.74115899
116000 -0.55243823 1.16452721 40.89542942
116100 -0.98129398 1.51702957 38.78519934
116200 -0.57576302 1.11301249 38.69457223
116300 -0.55845092 1.13162040 39.79961522
116400 -0.89406105 1.39005819 36.74191776
116500 -0.74909247 1.38922605 40.98553125
116600 -0.82830735 1.45484424 40.78825446
116700 -0.90157140 1.47803037 39.51292880
116800 -0.88798897 1.42325013 38.01111800
116900 -0.97656499 1.21521059 29.20152880
117000 -0.93281696 1.45014116 37.70208035
117100 -0.54083367 1.06829102 38.82356911
117200 -0.61867850 1.11055604 37.12618558
117300 -0.95143048 1.40615115 35.72718635
117400 -0.83981671 1.40928928 38.91294072
117500 -0.55742477 1.15087108 40.34735198
117600 -0.70059704 1.31011012 40.02023673
117700 -0.93384581 1.40103871 36.02285034
117800 -0.82604183 1.02919574 28.48937902
117900 -0.62207006 1.12953992 37.50281192
118000 -0.88228424 1.24350502 32.53790541
118100 -0.79383333 1.41569594 40.48652107
118200 -0.65875836 1.05335836 34.32944559
118300 -0.68819431 1.11700606 34.95269666
118400 -0.59267548 1.29080411 43.08261129
118500 -0.75538615 1.42272118 41.89954742
118600 -0.81940284 1.38528404 38.71970114
118700 -0.53171930 1.11045816 40.22115274
118800 -0.85255062 1.60583060 45.55998863
118900 -0.86764879 1.45345895 39.60760948
119000 -0.69467275 1.01507410 32.22803493
119100 -0.58620811 1.12381301 38.60441392
119200 -0.84375661 1.26632141 34.30321574
119300 -0.63350368 1.09584565 36.24068223
119400 -1.00370280 1.40746578 34.43466867
119500 -0.48838305 1.08080730 41.08251322
119600 -0.91061026 1.34350235 34.79010244
119700 -0.90831264 1.37209733 35.76620999
119800 -0.49497335 1.01710743 39.29094453
119900 -0.88792302 1.35687820 35.83916431
120000 -0.45933702 1.05659917 41.59235428
120100 -0.59942829 1.02909450 35.77976876
120200 -0.84807515 1.36823057 37.33086062
120300 -0.42700366 1.15876822 45.47572969
120400 -0.54948028 1.23120611 42.86603715
120500 -0.66492325 1.27328677 40.07954044
120600 -0.72317622 1.13010555 34.16250775
120700 -0.77411427 1.20669678 34.65301828
120800 -0.68335233 1.08623472 34.32586748
120900 -0.92167160 1.44012378 37.65911033
121000 -0.72366338 1.15704590 34.86328780
121100 -0.78916510 1.53561020 44.81152735
121200 -0.88091574 1.49291435 40.60845657
121300 -0.69003694 1.12121804 35.00172766
121400 -0.91453928 1.40739471 36.75252117
121500 -0.79306516 1.44359013 41.45087199
121600 -0.82318754 1.39126395 38.80375874
121700 -0.55918435 1.14409449 40.10308519
121800 -0.51048231 1.19532075 43.28254153
121900 -0.89100541 1.23210117 31.96507617
122000 -0.64442358 1.11884272 36.45977034
122100 -0.68166502 1.09102166 34.50214897
122200 -0.85328089 1.53998711 43.08158822
122300 -0.60766992 1.11365523 37.58782718
122400 -0.99301741 1.34286784 32.61061388
122500 -0.79015953 1.32095034 37.54589642
122600 -0.50551101 1.08940611 40.65497554
122700 -0.58169951 1.09866258 38.11562156
122800 -0.73862677 1.14943741 34.18448509
122900 -0.80777633 1.05771922 29.71665188
123000 -0.38617504 1.09987894 45.55730074
123100 -0.78128672 1.24062332 35.40385674
123200 -0.84186557 1.36933749 37.54583154
123300 -0.91628699 1.35313502 34.94133338
123400 -0.73301765 1.03943675 31.57203951
123500 -0.58241618 1.09230101 37.92871498
123600 -0.81677149 1.38984181 38.94644101
123700 -0.53317542 1.15620021 41.37226562
123800 -0.53693640 1.10593055 39.91360751
123900 -0.83307612 1.44131053 40.18597131
124000 -0.89721782 1.34357762 35.15946174
124100 -0.79277445 1.29942809 36.80497994
124200 -0.55453745 1.18738035 41.44566508
124300 -0.86318270 1.39594939 37.80095455
124400 -0.48375167 1.00940559 39.53504686
124500 -0.60061398 1.25938809 41.86546883
124600 -0.71039837 1.36185792 41.32790129
124700 -0.49469425 1.18140314 43.48792852
124800 -0.65601593 1.05442579 34.44748489
124900 -0.81818128 1.54646195 44.34007656
125000 -0.86431360 1.51964081 42.02936595
125100 -0.63697327 1.06327190 35.30831867
125200 -0.75950904 1.17135216 34.12334208
125300 -0.78650361 1.34084950 38.27893678
125400 -0.95356941 1.33426516 33.35247585
125500 -0.88319874 1.32950648 35.10639384
125600 -0.87200145 1.30849418 34.76973363
125700 -0.43568549 1.13817079 44.58506654
125800 -0.86013734 1.46294775 40.14789189
125900 -0.38048453 1.06618441 44.94237547
126000 -0.89758666 1.48504295 39.86826103
126100 -0.67226850 1.16920550 36.86549433
126200 -0.74974553 1.33264376 39.15315778
126300 -0.62907141 1.09003175 36.24511676
126400 -0.92144416 1.58648890 42.90989368
126500 -0.81048224 1.07344224 30.02349962
126600 -0.54707928 1.00368595 37.05217959
126700 -0.93394094 1.49303143 39.16424668
126800 -0.93839246 1.48203179 38.65879614
126900 -0.65439218 1.13563073 36.56270807
127000 -0.59001305 1.04653870 36.52825328
127100 -0.57802887 1.06781400 37.47222981
127200 -0.54617855 1.04110735 37.96655164
127300 -0.83198289 1.30071644 35.68015741
127400 -0.74767248 1.36525110 40.25243274
127500 -0.63751197 1.26674392 40.80918430
127600 -0.78173737 1.28426762 36.68030418
127700 -0.62465902 1.18890173 39.01532333
127800 -0.76147284 1.36390450 39.77950375
127900 -0.97875002 1.41031690 35.15868216
128000 -0.78456696 1.13681084 32.42658290
128100 -0.99441034 1.27029809 30.35025149
128200 -0.58348105 1.14865956 39.35698991
128300 -0.51500870 1.07881851 40.03546965
128400 -0.71200395 1.33168237 40.32053234
128500 -0.51866564 1.13016082 41.21486526
128600 -0.54202808 1.01939636 37.60184557
128700 -0.90512451 1.38720630 36.34425805
128800 -0.62505071 1.21807912 39.82137060
128900 -0.95404840 1.45526701 37.31717620
129000 -0.54840163 1.05076472 38.11902481
129100 -0.91962951 1.48906833 39.40842450
129200 -0.92105127 1.35016921 34.71825236
129300 -0.82728689 1.19876385 32.83610751
129400 -0.89219583 1.48473956 40.00654137
129500 -0.92380018 1.48519440 39.15971679
129600 -0.64828798 1.30899799 41.71951833
129700 -0.80578546 1.20930444 33.76846107
129800 -0.56506620 1.12039507 39.26821135
129900 -0.73906221 1.22186972 36.17288231
130000 -0.79210766 1.19516621 33.78249475
130100 -0.65135543 1.19609595 38.30640423
130200 -0.61864619 1.07868452 36.31886395
130300 -0.46329477 1.15969001 44.08991871
130400 -0.66845287 1.14343141 36.29880150
130500 -0.62809180 1.03097041 34.83096058
130600 -0.88630298 1.54124449 42.19445651
130700 -0.74765341 1.24252724 36.49801975
130800 -0.96175810 1.34881920 33.59810503
130900 -0.72517230 1.04772796 32.02103846
131000 -0.93200465 1.16342290 28.93024065
131100 -0.85498935 1.29354718 34.79682685
131200 -0.62897217 1.36690872 44.19814187
131300 -0.54628310 1.03295520 37.76770542
131400 -0.78836964 1.41442389 40.60919041
131500 -0.85492813 1.43484545 39.33494727
131600 -0.56984322 1.13413387 39.45683289
131700 -0.64829593 1.04770208 34.54439017
131800 -0.94502420 1.49410013 38.90816406
131900 -0.93473353 1.41761571 36.55010565
132000 -0.67494369 1.36312712 42.52736799
132100 -0.83623089 1.38193900 38.11754622
132200 -0.58820713 1.06739736 37.10140813
132300 -0.83127756 1.55899999 44.41691369
132400 -0.86230171 1.54122473 42.86918880
132500 -0.66637214 1.21319830 38.28377082
132600 -0.82448677 1.35652653 37.64189187
132700 -0.69065773 1.20089671 37.13483261
132800 -0.87467635 1.39546732 37.46009495
132900 -0.95609044 1.35466384 33.93143836
133000 -0.97004854 1.38726348 34.62172261
133100 -0.87003849 1.42227527 38.48144881
133200 -0.48771663 1.09696120 41.51513868
133300 -0.66914346 1.13840371 36.14246927
133400 -0.88745957 1.30632750 34.27031676
133500 -0.54248437 1.22005390 42.80093380
133600 -0.53597215 1.06701575 38.96972028
133700 -0.67051372 1.26241416 39.57046283
133800 -0.93453331 1.40910514 36.27174694
133900 -0.89271886 1.57869904 43.40212930
134000 -0.54625500 1.10210396 39.47588789
134100 -0.78829299 1.48888899 43.16502592
134200 -0.51448303 1.07838494 40.04416443
134300 -0.90253152 1.48719253 39.80784854
134400 -0.83664018 1.49325223 41.88359901
134500 -0.96562012 1.48850863 38.17297859
134600 -0.58226167 1.23434083 41.78105895
134700 -0.57239828 1.14403853 39.62780821
134800 -0.78587911 1.15907778 32.98122987
134900 -0.90276593 1.47078147 39.22744613
135000 -0.50832407 1.17753024 42.87087138
135100 -0.73919984 1.07400584 32.22080829
135200 -0.92185861 1.37319166 35.43416899
135300 -0.46178575 1.09667017 42.49651638
135400 -0.82550093 1.29091161 35.57193732
135500 -0.80852802 1.41874999 40.14821278
135600 -0.72523766 1.14853726 34.58488622
135700 -0.80225945 1.47318239 42.19424518
135800 -0.79370879 1.33251673 37.79920792
135900 -0.48227770 1.15572400 43.25828881
136000 -0.85173944 1.32347040 35.80901178
136100 -0.79168791 1.50370468 43.58691407
136200 -0.65721424 1.14930116 36.83098191
136300 -0.87357475 1.35755721 36.26232835
136400 -0.50220620 1.11603473 41.45942773
136500 -0.87786744 1.38599376 37.06001502
136600 -0.51579236 1.16098373 42.14247681
136700 -0.86036210 1.47837443 40.67781980
136800 -0.81718839 1.34299037 37.42734978
136900 -0.93161734 1.36930546 35.04687596
137000 -0.92643318 1.41531289 36.69507781
137100 -0.85795321 1.37160247 37.15634740
137200 -0.88655306 1.28619501 33.68338109
137300 -0.77906930 1.27730769 36.55271845
137400 -0.89651815 1.42709412 37.90418463
137500 -0.72407160 1.29617943 38.83857122
137600 -0.68493577 1.21727347 37.78481066
137700 -0.56523261 1.14639508 39.94694931
137800 -0.50154498 1.07619020 40.47202948
137900 -0.84508545 1.34577098 36.70004729
138000 -0.56601742 1.07846489 38.16547703
138100 -0.77851906 1.65507785 49.66107397
138200 -0.64936395 1.35355574 43.07702471
138300 -0.45237414 1.11729668 43.38912769
138400 -0.91743896 1.30189593 33.31210108
138500 -0.53737472 1.09601207 39.64441549
138600 -0.88819716 1.45493741 39.08198055
138700 -0.44754894 1.07916275 42.60538139
138800 -0.75240673 1.03224905 30.79084045
138900 -1.01158496 1.40450627 34.14101462
139000 -0.58830230 1.07656651 37.32543992
139100 -0.64451101 1.15838089 37.50319682
139200 -0.60151275 1.18629080 39.74557396
139300 -0.87692772 1.38186145 36.95168223
139400 -0.87206980 1.42013711 38.35242516
139500 -0.80152119 1.58191469 46.15123992
139600 -0.53426366 1.18467927 42.10874132
139700 -0.42467233 1.10300151 44.10236714
139800 -0.87634463 1.34076625 35.65166161
139900 -0.86418787 1.29546849 34.59291065
140000 -0.63479233 1.09000039 36.04865956
140100 -0.66861825 1.13100959 35.96498142
140200 -0.88277446 1.37570678 36.58811213
140300 -0.84204327 1.33470823 36.43945678
140400 -0.85189543 1.43382444 39.38730903
140500 -0.68986517 1.24322817 38.36941304
140600 -0.53191224 1.15264692 41.32316367
140700 -0.74736322 1.21104250 35.60445076
140800 -0.61745970 1.06586712 36.04189574
140900 -0.52143663 1.08388799 39.92425904
141000 -0.57115385 1.14518425 39.70273516
141100 -0.77961990 1.20475230 34.42994170
141200 -0.89914913 1.44833817 38.55277481
141300 -0.56777323 1.08482663 38.26187580
141400 -0.49986837 1.16054466 42.72464596
141500 -0.79226071 1.45771802 41.95926419
141600 -0.75501990 1.33633060 39.10427542
141700 -0.78862113 1.46704152 42.39153679
141800 -0.85775329 1.48587634 41.01519796
141900 -0.87239548 1.42192572 38.40320742
142000 -1.05370302 1.42929771 33.95102875
142100 -0.93781329 1.35909345 34.55400816
142200 -0.87218706 1.53001713 42.18139621
142300 -0.68263113 1.31660672 40.80821127
142400 -0.88510244 1.36708892 36.24493078
142500 -0.63654679 1.09653269 36.15429206
142600 -0.94731460 1.49621000 38.92246635
142700 -0.63912703 1.12371244 36.76638603
142800 -0.65505166 1.23500112 39.28642046
142900 -0.61768824 1.05684750 35.81271048
143000 -0.62332616 1.43074317 46.49672488
143100 -0.75812718 1.26135426 36.72307492
143200 -0.88132374 1.36636854 36.32725743
143300 -0.90682250 1.53625234 41.44634897
143400 -0.52972745 1.05355627 38.86891456
143500 -0.70387339 1.16027687 35.58677861
143600 -0.60514012 1.25995810 41.72419021
143700 -0.66472796 1.21338888 38.34402196
143800 -0.61018706 1.04142282 35.69892310
143900 -0.75094552 1.28770935 37.73373725
144000 -0.68018956 1.04826014 33.49284129
144100 -0.97563197 1.42523640 35.73738536
144200 -0.95970455 1.52488921 39.62399292
144300 -0.63050619 1.10918933 36.68429961
144400 -0.86118105 1.34116435 36.09305139
144500 -0.53136220 1.08989720 39.70986683
144600 -0.64467671 1.20724510 38.84478429
144700 -0.96271282 1.49396339 38.44071458
144800 -0.44604834 1.05150094 41.98224803
144900 -0.89478124 1.44089060 38.41914684
145000 -0.40791103 1.05863217 43.65585273
145100 -0.63703760 1.16284063 37.87762908
145200 -0.73841068 1.38565905 41.20441458
145300 -0.79899953 1.48570995 42.73028238
145400 -0.85764850 1.55024183 43.33222500
145500 -0.57470675 1.06869068 37.61212616
145600 -0.59148066 1.05814110 36.75858448
145700 -0.80230096 1.51677991 43.73524374
145800 -0.53777446 1.07921700 39.20672698
145900 -0.71831253 1.02699851 31.74411187
146000 -0.87171533 1.45329226 39.48697383
146100 -0.63374289 1.23696173 40.06523677
146200 -0.72377073 1.57478083 48.28913582
146300 -0.81092958 1.30747796 36.50738262
146400 -0.64980391 1.16739070 37.56810020
146500 -0.62397894 1.15388919 38.08339911
146600 -0.61486978 1.15804850 38.50967875
146700 -0.90338182 1.52833057 41.25291080
146800 -0.93001597 1.41407195 36.55767239
146900 -0.74615152 1.25549856 36.92416082
147000 -0.64509722 1.14083934 37.01427058
147100 -0.90114917 1.35507979 35.41627021
147200 -0.76572715 1.16502910 33.75897027
147300 -0.83590186 1.36575452 37.60361449
147400 -0.59355455 1.09402632 37.57922729
147500 -0.93571260 1.47497569 38.48331056
147600 -0.82703029 1.31629304 36.30348029
147700 -0.65179238 1.22970832 39.24366258
147800 -0.58015707 1.10696413 38.38261589
147900 -0.64428898 1.26199532 40.43831631
148000 -0.67740806 1.17932171 36.97197076
148100 -0.71623476 1.37751374 41.64493884
148200 -0.48957001 1.07608268 40.91974311
148300 -0.68639215 1.19791500 37.19124397
148400 -0.90463726 1.18856389 30.35916807
148500 -0.88136586 1.44071830 38.78620814
148600 -0.70518965 1.00283075 31.60188043
148700 -0.68116666 1.37008975 42.54566160
148800 -0.94028047 1.34250133 33.96143860
148900 -0.49127849 1.20798496 44.35738313
149000 -0.78902502 1.38132178 39.49873476
149100 -0.75478964 1.03559683 30.79642683
149200 -0.58900200 1.11576467 38.29654782
149300 -0.95939595 1.32302579 32.84962383
149400 -0.76885259 1.53174604 45.29113138
149500 -0.70035443 1.33715675 40.86902123
149600 -0.48648237 1.18620167 43.93022213
149700 -0.57645792 1.13145702 39.15042392
149800 -0.62354419 1.08302402 36.25859747
149900 -0.85946500 1.45730845 39.97248335
150000 -0.75109843 1.44796647 42.88859224
150100 -0.61993996 1.05006087 35.56979732
150200 -0.75134783 1.39262391 41.02642218
150300 -0.92986312 1.36589780 34.98407617
150400 -0.84261502 1.21140627 32.74525182
150500 -0.91866537 1.52754482 40.80838215
150600 -0.51882096 1.08387475 40.02069828
150700 -0.64321458 1.11795637 36.47775118
150800 -0.93008406 1.30414603 33.04067016
150900 -0.64160977 1.21852141 39.26818752
151000 -0.86923130 1.51495973 41.72184119
151100 -0.90139163 1.53518704 41.55637099
151200 -0.92608047 1.38339858 35.65188767
151300 -0.69776961 1.00665260 31.93111283
151400 -0.35345605 1.20826203 49.80102719
151500 -0.81340718 1.33609592 37.32224353
151600 -0.60353515 1.03325983 35.73522978
151700 -0.97090627 1.38382010 34.48725948
151800 -0.60005828 1.02247355 35.60116515
151900 -0.50011816 1.13789073 42.10972919
152000 -0.49766922 1.03500929 39.61300637
152100 -0.95937531 1.25786474 30.87831363
152200 -0.40734511 1.15937624 46.27003351
152300 -0.82154435 1.50992080 42.91788999
152400 -0.60181623 1.22615656 40.85740897
152500 -0.40857025 1.20118074 47.37118620
152600 -0.86098370 1.31314351 35.22501315
152700 -0.93159971 1.36005334 34.75019674
152800 -0.88475532 1.43413989 38.46831920
152900 -0.69018377 1.22190572 37.74459017
153000 -0.55434109 1.06032410 38.13706261
153100 -0.54388400 1.20119698 42.21695582
153200 -0.77091101 1.50677821 44.32944739
153300 -0.74572606 1.13448006 33.56414135
153400 -0.43338792 1.05310771 42.51515014
153500 -0.58172261 1.22643352 41.57275716
153600 -0.84063246 1.22552419 33.20448456
153700 -0.50215546 1.06965065 40.28683353
153800 -0.90623767 1.43107741 37.77157777
153900 -0.95669435 1.51068312 39.19176096
154000 -0.88003232 1.29320596 34.07745386
154100 -0.58067355 1.19388768 40.69041649
154200 -0.84732734 1.36115705 37.12522074
154300 -0.56675266 1.05633245 37.59278723
154400 -0.69076913 1.31713435 40.55733569
154500 -0.87523247 1.39476105 37.42123286
154600 -0.70900086 1.23943876 37.63721279
154700 -0.81227927 1.16652644 32.39025306
154800 -0.52993077 1.09285430 39.83721706
154900 -0.56463651 1.17782133 40.81850020
155000 -0.52078913 1.11422930 40.72118797
155100 -0.92782955 1.34496600 34.37110576
155200 -0.85735974 1.57926968 44.41795424
155300 -0.45891890 1.05876631 41.66143049
155400 -0.73809022 1.30637539 38.70516101
155500 -0.95641847 1.29526343 32.07409515
155600 -0.91124370 1.51944812 40.71751455
155700 -0.60037960 1.35003357 44.64903170
155800 -0.86141756 1.27870856 34.16590204
155900 -0.74319404 1.40565349 41.71148019
156000 -0.83935704 1.39559695 38.47359255
156100 -0.52312094 1.07719070 39.69451330
156200 -0.55616414 1.14135562 40.13922173
156300 -0.76914676 1.51202896 44.57133323
156400 -0.75833770 1.34932085 39.41125859
156500 -0.79291186 1.27860849 36.17155112
156600 -0.60815725 1.27986831 42.21137771
156700 -0.69335969 1.18039331 36.47717909
156800 -0.78719425 1.36860636 39.14255172
156900 -0.91228167 1.57212515 42.61960791
157000 -0.55710294 1.06185352 38.07485335
157100 -0.57430760 1.18888286 40.77775020
157200 -0.86963788 1.36437599 36.59175266
157300 -0.73962496 1.32789532 39.32234985
157400 -0.61796691 1.08778114 36.57047862
157500 -0.58092184 1.31774468 44.32243374
157600 -0.56867221 1.10178045 38.65918172
157700 -0.70845658 1.03284883 32.20006624
157800 -0.90823841 1.40428864 36.82104724
157900 -0.44298671 1.16833659 45.10958639
158000 -0.91550560 1.48351073 39.32463079
158100 -0.84083915 1.41568585 39.09638217
158200 -0.67548131 1.21355295 37.99115070
158300 -0.66389018 1.30376932 41.03501002
158400 -0.58965275 1.15487690 39.30549655
158500 -0.47965575 1.06377622 40.99077857
158600 -0.52582661 1.04629675 38.83645741
158700 -0.89372304 1.52325647 41.33547463
158800 -0.87001872 1.39411177 37.54684288
158900 -0.88702052 1.48692352 40.22696382
159000 -0.58087795 1.08008508 37.67596961
159100 -0.53360293 1.18545497 42.15438836
159200 -0.95576811 1.47099094 37.81595043
159300 -0.86587229 1.49496875 41.10477812
159400 -0.58698221 1.10660762 38.13178113
159500 -0.61951167 1.26651956 41.41970861
159600 -0.60656598 1.17779800 39.33523504
159700 -0.84820893 1.50200671 41.85907176
159800 -0.82503069 1.19981132 32.93162844
159900 -0.99075537 1.39421104 34.32156728
160000 -0.88535228 1.45767190 39.25524276
160100 -0.56781379 1.32247691 44.93632759
160200 -0.69815958 1.19213134 36.64530762
160300 -0.59413485 1.21572993 40.82924120
160400 -0.87055189 1.28604725 34.12753756
160500 -0.89334877 1.28359420 33.41644926
160600 -0.80737245 1.47500569 42.10501661
160700 -0.87536795 1.38225603 37.00835038
160800 -0.45229491 1.14623397 44.15307402
160900 -0.84187361 1.45005319 40.22878088
161000 -0.82945100 1.42598391 39.77322073
161100 -0.55395155 1.09462280 39.00644434
161200 -0.58784999 1.13854015 38.93343632
161300 -0.67187024 1.31714988 41.18085626
161400 -0.76716956 1.24405368 35.93614834
161500 -0.45298590 1.29467935 48.35873204
161600 -0.71900610 1.22588160 36.92487516
161700 -0.90453740 1.43703166 38.01966534
161800 -0.93099969 1.40436891 36.20893329
161900 -0.75011409 1.05348883 31.37369116
162000 -0.92297792 1.32175023 33.77400268
162100 -0.50965908 1.14389899 41.91246382
162200 -0.69667479 1.03358859 32.59984743
162300 -0.66807667 1.15878611 36.72249045
162400 -0.80648760 1.38503168 39.09474415
162500 -0.88987205 1.52337146 41.44631562
162600 -0.66328788 1.18692729 37.65109155
162700 -0.90047298 1.46228514 38.99589833
162800 -0.54138488 1.13005236 40.37710054
162900 -0.78209978 1.25676498 35.85070960
163000 -0.68314883 1.01163485 32.52550629
163100 -0.52837267 1.17649330 42.09980676
163200 -0.61377737 1.21561642 40.14047276
163300 -0.90311966 1.39814858 36.75827693
163400 -0.50437784 1.19706024 43.55886547
163500 -0.56106774 1.02254841 36.98654461
163600 -0.60979876 1.10638151 37.32648110
163700 -0.57491652 1.23692767 42.11680704
163800 -0.67052675 1.03750792 33.55400677
163900 -0.61387958 1.11416199 37.38526059
164000 -0.65597798 1.08064421 35.09605044
164100 -0.59037592 1.12812318 38.57002805
164200 -0.56552889 1.21804105 41.91056002
164300 -0.65085713 1.14359865 36.89285723
164400 -0.86054680 1.17104887 31.10926523
164500 -0.51268127 0.98653970 37.92414041
164600 -0.89966121 1.41948375 37.56202695
164700 -0.68988053 1.13189957 35.28632166
164800 -0.90941570 1.31999488 34.08701791
164900 -1.00405455 1.37567741 33.38359123
165000 -0.82187754 1.33373082 36.99766846
165100 -0.94552452 1.45943152 37.68437335
165200 -0.57476606 1.29360533 43.80162080
165300 -0.47256421 1.16013762 43.74696737
165400 -0.82968214 1.43015320 39.90696942
165500 -0.48572306 1.09208683 41.46692987
165600 -0.85060843 1.33863346 36.31573954
165700 -0.53313493 1.15583587 41.36394914
165800 -0.63258623 1.05685379 35.30079687
165900 -0.95537419 1.31500543 32.70601862
166000 -0.86763260 1.29813395 34.57632804
166100 -0.56051648 1.16708309 40.67328072
166200 -0.63175964 1.27953281 41.38700806
166300 -0.45705092 1.14205122 43.85805844
166400 -0.70680741 1.36012379 41.38829979
166500 -0.42805118 1.11037733 44.15875690
166600 -0.60494015 1.12601138 38.00414752
166700 -0.75940018 1.21266413 35.27519937
166800 -0.57809846 1.14527383 39.45765383
166900 -0.83894341 1.46900109 40.96720545
167000 -0.88583926 1.48685119 40.25730533
167100 -0.43706018 1.05788233 42.48793403
167200 -0.91201387 1.43183897 37.63978044
167300 -0.56369185 1.01537172 36.72376711
167400 -0.64657398 1.02555377 34.07292414
167500 -0.51456286 1.25035029 44.70304099
167600 -0.61400764 1.20158333 39.73655007
167700 -0.68139827 1.14121684 35.81114622
167800 -0.63757435 1.03141913 34.51752536
167900 -0.88740374 1.34517641 35.48177239
168000 -0.94580874 1.32778459 33.35356989
168100 -0.83157110 1.24408883 34.00411122
168200 -0.51835494 1.05286203 39.27165759
168300 -0.96534704 1.41013726 35.49714844
168400 -0.68902077 1.32001539 40.70380881
168500 -0.58098428 1.12364730 38.78506643
168600 -0.95335537 1.22966075 30.21481026
168700 -0.82850232 1.62218834 46.88439582
168800 -0.69933352 1.26622981 38.73593057
168900 -0.81555116 1.41647386 39.86351812
169000 -0.65507907 1.05069643 34.38829847
169100 -0.62656116 1.00766189 34.33613549
169200 -0.66107328 1.05505009 34.29309301
169300 -0.83461643 1.41231698 39.16484248
169400 -0.94351296 1.28153738 31.99821196
169500 -0.61056499 1.06534621 36.26796004
169600 -0.88239312 1.47002287 39.76510875
169700 -0.91803031 1.23648492 31.35144739
169800 -0.50901264 1.06076841 39.81187487
169900 -0.84425545 1.37686910 37.72018662
170000 -0.73285475 1.18115583 35.22751551
170100 -0.91501179 1.48468055 39.37908582
170200 -0.65933100 1.08318718 35.04722359
170300 -0.59866635 1.14107991 38.62033218
170400 -0.73841551 1.36291029 40.46817773
170500 -0.57137375 1.06354275 37.60411606
170600 -0.59937917 1.15413971 38.94393514
170700 -0.49943218 1.11950332 41.65338695
170800 -0.87869143 1.52035282 41.64936467
170900 -0.91967037 1.46633575 38.61298654
171000 -0.84917766 1.49088163 41.43723780
171100 -0.66704750 1.11651748 35.63913549
171200 -0.80935652 1.38487222 39.00404254
171300 -0.57482411 1.22742442 41.84636398
171400 -0.72862127 1.41853369 42.60095383
171500 -0.53677907 1.17594925 41.77650305
171600 -0.79958681 1.18654677 33.31796979
171700 -0.97993242 1.29310722 31.40208765
171800 -0.94256202 1.25380822 31.20001022
171900 -0.83308322 1.39861443 38.75548484
172000 -0.67553869 1.14325114 36.05875942
172100 -0.54435755 1.15565240 40.94903763
172200 -0.63324399 1.08881326 36.07157728
172300 -0.65698557 1.14907580 36.83263522
172400 -0.76716194 1.39192245 40.51287758
172500 -0.88557064 1.52161164 41.50246168
172600 -0.61937107 1.05362876 35.67611499
172700 -0.55845421 1.09540278 38.86371336
172800 -0.81310047 1.45631525 41.28717709
172900 -0.62676962 1.08031321 36.07985236
173000 -0.51068687 1.14703389 41.95768654
173100 -0.55112622 1.15393173 40.65705712
173200 -0.79290102 1.45293601 41.77551526
173300 -0.68953031 1.29955215 40.05797816
173400 -0.91403723 1.36400036 35.34965063
173500 -0.79170251 1.39011492 39.70479895
173600 -0.94272202 1.37010076 34.77745896
173700 -0.79097029 1.56577933 45.86616344
173800 -0.93619440 1.27341994 31.94916904
173900 -0.79956012 1.45388297 41.60762906
174000 -0.57954569 1.05951385 37.21422292
174100 -0.49381411 1.14516529 42.53966283
174200 -0.87863349 1.36921040 36.49407871
174300 -0.55654743 1.29928419 44.62761582
174400 -0.92631983 1.39951966 36.17401538
174500 -0.70218446 1.07976672 33.54823346
174600 -0.61716893 1.18504017 39.16669427
174700 -0.55404303 1.09163042 38.92734593
174800 -0.59987205 1.20675531 40.37419762
174900 -0.45061402 1.09260190 42.82449404
175000 -0.43349843 0.99755998 41.19804358
175100 -0.65244023 0.97958795 32.81469749
175200 -0.93302004 1.29011919 32.53543358
175300 -0.70359944 1.24247610 37.90006378
175400 -0.88449310 1.54530470 42.39341878
175500 -0.63085644 1.13741154 37.40841584
175600 -0.54113282 1.10001610 39.60907892
175700 -0.76898249 1.25569857 36.22089026
175800 -0.70913982 1.19598356 36.39674135
175900 -0.93231010 1.52187680 40.23713055
176000 -0.45394192 1.08492794 42.50219682
176100 -0.85774871 1.51742502 42.13660871
176200 -0.61387141 1.09451684 36.88246088
176300 -0.74109429 1.40085858 41.61888716
176400 -0.54130254 1.20221137 42.33945782
176500 -0.92602936 1.27145581 32.16224854
176600 -0.81832126 1.34061329 37.31888165
176700 -0.77185607 1.32823471 38.33034241
176800 -0.71656117 1.10058851 33.61020187
176900 -0.55500539 1.13476806 40.00681344
177000 -0.93192305 1.32017752 33.48535798
177100 -0.88112404 1.53210824 42.00627167
177200 -0.88567296 1.55178665 42.59850847
177300 -0.62088854 1.15730464 38.28167154
177400 -0.75482260 1.43735108 42.41085905
177500 -0.53118008 1.16366711 41.64707961
177600 -0.99150153 1.30664756 31.52166738
177700 -0.75401232 1.43608812 42.39325378
177800 -0.72294960 1.28555307 38.55269909
177900 -0.91962967 1.47024005 38.74959307
178000 -0.83119384 1.49256587 42.01812689
178100 -0.81358520 1.60309277 46.59239563
178200 -0.52346016 1.08190070 39.79968624
178300 -0.48004539 1.11055521 42.15382578
178400 -0.74994574 1.17348876 34.47941635
178500 -0.69951127 1.14004885 35.18718127
178600 -0.65815523 1.22755617 38.96790689
178700 -0.76063039 1.36471203 39.83152533
178800 -0.77480237 1.36232122 39.31821199
178900 -0.94276692 1.27268421 31.75296753
179000 -0.78103759 1.54487769 45.39670015
179100 -0.67688301 1.01608635 32.83620284
179200 -0.91195874 1.44425041 38.06266208
179300 -0.50937830 1.11652966 41.20433506
179400 -0.56043791 1.07293590 38.22825897
179500 -0.91478627 1.46145864 38.57646031
179600 -0.74948738 1.36093498 40.05720291
179700 -0.56500858 1.13764344 39.72262537
179800 -0.74744852 1.25343188 36.82284506
179900 -0.43079607 1.13758188 44.76100501
180000 -0.90739651 1.30945815 33.81687180
180100 -0.91578938 1.35802937 35.11089678
180200 -0.87032641 1.38286291 37.17017739
180300 -0.56310691 1.06938173 38.04422441
180400 -0.93527533 1.48239086 38.75423431
180500 -0.65436308 1.14349606 36.77203220
180600 -0.89253016 1.43413460 38.25212475
180700 -0.94027115 1.44494372 37.32620736
180800 -0.85940496 1.55054808 43.29335886
180900 -0.68377321 1.31464294 40.70995174
181000 -0.49833441 1.09001311 40.93907514
181100 -0.87462065 1.45061625 39.31334492
181200 -0.88277755 1.38381146 36.85137900
181300 -0.62750294 1.03478698 34.94207932
181400 -0.75392338 1.41226344 41.59541012
181500 -0.55580941 1.03759671 37.53347418
181600 -0.75495429 1.17326882 34.31719408
181700 -0.91389241 1.42214730 37.26236334
181800 -0.54042108 1.09739964 39.56840798
181900 -0.68070073 1.28877856 40.02120226
182000 -0.63661727 1.12790403 36.96144131
182100 -0.57844966 1.26926857 42.93956373
182200 -0.73233645 1.26415641 37.61496591
182300 -0.57691779 1.20063523 41.01232869
182400 -0.66091063 1.13727623 36.38741718
182500 -0.68795229 1.09791474 34.47024525
182600 -0.84202371 1.41996308 39.20512674
182700 -0.60848131 1.10113632 37.23804562
182800 -0.85418306 1.60680127 45.55023209
182900 -0.88658227 1.19348222 30.99427116
183000 -0.60360787 1.10644244 37.54368817
183100 -0.67477055 1.13892506 35.96944238
183200 -0.61399108 1.16288561 38.67077468
183300 -0.83404617 1.31328000 36.00534865
183400 -0.68299688 1.07360402 34.02182709
183500 -0.90117366 1.41851066 37.48787641
183600 -0.76039428 1.31530317 38.28245314
183700 -0.84080744 1.34592357 36.82862352
183800 -0.88253256 1.32474881 34.97666347
183900 -0.95207138 1.42346418 36.28813013
184000 -0.83558864 1.41635623 39.27127234
184100 -0.79305646 1.22297854 34.53890793
184200 -0.62250316 1.08196283 36.26783846
184300 -0.61537150 1.13228385 37.80621738
184400 -0.53277154 1.08324014 39.49062648
184500 -0.76686525 1.43554694 41.97661017
184600 -0.88766328 1.15807181 29.99414783
184700 -0.80110653 1.20641981 33.82708912
184800 -0.58132148 1.02432647 36.30501546
184900 -0.89859517 1.54285656 41.91302396
185000 -0.61032712 1.04578892 35.79923695
185100 -0.88131844 1.23786974 32.40138445
185200 -0.89073628 1.44869305 38.79733340
185300 -0.56104769 1.16972383 40.72602220
185400 -0.54473961 1.09572357 39.36846461
185500 -0.60518837 1.17013344 39.17362995
185600 -0.67049238 1.12015522 35.61891750
185700 -0.88997280 1.30763711 34.24066569
185800 -0.82502129 1.27402797 35.07847215
185900 -0.86736686 1.32047938 35.27058632
186000 -0.57194636 1.18640396 40.79333655
186100 -0.65355620 1.12658175 36.35305334
186200 -0.94491493 1.31417826 32.95500596
186300 -0.56567971 1.21160151 41.72245837
186400 -0.75129823 1.34828282 39.59746772
186500 -0.41517997 1.17080157 46.26878235
186600 -0.51481106 1.25064151 44.70234670
186700 -0.84791950 1.49575541 41.64566089
186800 -0.96528802 1.32492134 32.75572543
186900 -0.54876564 1.08688198 38.99865595
187000 -0.63122017 0.99686106 33.92740523
187100 -0.95118720 1.46896557 37.86542044
187200 -0.64697529 1.19201417 38.34064228
187300 -0.78407053 1.27621811 36.36777789
187400 -0.83533687 1.48401054 41.59607277
187500 -0.57259249 1.16576451 40.20470969
187600 -0.93302801 1.48038141 38.74371655
187700 -0.54952522 1.20112434 42.00996083
187800 -0.56450756 1.09950613 38.75039130
187900 -0.63262205 1.06182239 35.42122075
188000 -0.54062119 1.19763440 42.23616457
188100 -0.58848883 1.06212938 36.96177382
188200 -0.83174338 1.16796385 31.85611093
188300 -0.88800809 1.50620084 40.88218575
188400 -0.61468618 1.29241578 42.36308016
188500 -0.84339386 1.18086072 31.87040099
188600 -0.87598708 1.37843660 36.86678305
188700 -0.65684384 1.01363027 33.44667426
188800 -0.85286134 1.56036376 43.84254960
188900 -0.84275322 1.42298775 39.28545268
189000 -0.71902463 1.26595869 38.09244902
189100 -0.66687855 1.23586842 38.91555755
189200 -0.67435055 1.11553616 35.37102006
189300 -0.56114738 1.17390737 40.83662739
189400 -1.00204214 1.38513228 33.74112699
189500 -0.85694366 1.23186976 32.91727180
189600 -0.54131080 1.14950260 40.89512473
189700 -0.42246048 1.16765818 45.89539078
189800 -0.69414831 1.24045733 38.14887326
189900 -0.94925603 1.26963843 31.49128128
190000 -0.89387531 1.46689109 39.33723401
190100 -0.42544923 1.23368391 47.62745850
190200 -0.78618049 1.54181315 45.12819346
190300 -0.67913164 1.20073675 37.50930114
190400 -0.43380569 1.14193349 44.75834183
190500 -0.40372565 1.18166592 47.02199480
190600 -0.88810953 1.00018407 26.03798913
190700 -0.64056317 1.07777775 35.54536181
190800 -0.68408574 1.33143547 41.22151352
190900 -0.93169294 1.22455264 30.64100888
191000 -0.93396027 1.33126421 33.77628537
191100 -0.58275484 1.17478041 40.08909973
191200 -0.90332535 1.35659440 35.40485677
191300 -0.97493155 1.48277885 37.73192289
191400 -0.73678089 1.33646874 39.68045284
191500 -0.85324921 1.39076877 37.91440183
191600 -0.45206075 1.12766367 43.67143843
191700 -0.90410462 1.26846915 32.66807032
191800 -0.53955628 1.20933233 42.60359196
191900 -0.92368344 1.11843191 27.95997695
192000 -0.77161101 1.11197245 32.17383300
192100 -0.70607820 1.41036546 43.05132346
192200 -0.51514223 1.28088224 45.58650936
192300 -0.66369270 1.25403694 39.55099943
192400 -0.89361985 1.40410038 37.21648569
192500 -0.76209492 1.29866041 37.71927730
192600 -0.61581661 1.29086044 42.27683346
192700 -0.69129205 1.26511556 38.96519240
192800 -0.92165398 1.37312420 35.43750401
192900 -0.51631069 1.05835127 39.48131475
193000 -0.57592724 1.07747745 37.78680619
193100 -0.95200376 1.44499936 37.01899223
193200 -0.78724974 1.42533408 41.00858733
193300 -0.82058895 1.48813452 42.17316581
193400 -1.01594947 1.48975651 36.94711101
193500 -0.61778989 1.21436273 39.96604477
193600 -0.42327135 1.16881472 45.89488410
193700 -0.54889157 1.06830178 38.53070103
193800 -0.89284450 1.14383360 29.46919042
193900 -0.72368183 1.40068937 42.16510597
194000 -0.62437248 1.14262808 37.76911903
194100 -0.66726901 1.31416687 41.24174696
194200 -0.87771239 1.49820421 40.88540814
194300 -0.57681484 1.08901635 38.04462473
194400 -0.88676006 1.39215532 37.01318445
194500 -0.76155181 1.22526103 35.56720909
194600 -0.88129439 1.44751127 39.01986617
194700 -0.83875923 1.45631189 40.53393173
194800 -0.64759870 1.36049746 43.35828783
194900 -0.43677498 1.06657842 42.71261811
195000 -0.76470272 1.12927649 32.83675635
195100 -0.86002524 1.49025385 41.10447961
195200 -0.44683843 1.05684358 42.08167799
195300 -0.89857315 1.48323482 39.77761353
195400 -0.90468726 1.54535468 41.83717910
195500 -0.59711125 1.07269859 36.91934175
195600 -0.70560666 1.21059395 36.92121011
195700 -1.00630581 1.41958763 34.77403926
195800 -0.84920416 1.32985758 36.08093818
195900 -0.62892461 1.11025597 36.76593876
196000 -0.81330102 1.33434170 37.27034441
196100 -0.92642854 1.30872454 33.27899603
196200 -0.45973160 1.10021167 42.66573258
196300 -0.87577146 1.22318273 32.13445726
196400 -0.40085506 1.12927693 45.72808261
196500 -0.95253610 1.36869706 34.47400904
196600 -0.76827702 1.10118285 31.99944882
196700 -0.63332147 1.11575439 36.75746707
196800 -0.54730531 1.14326886 40.51078164
196900 -0.85213926 1.22427131 32.83676392
197000 -0.74525281 1.29819917 38.22999638
197100 -0.58224353 1.38212967 46.31968849
197200 -0.85156407 1.48234324 41.06839560
197300 -0.75637974 1.40018252 41.11841559
197400 -0.59870361 1.12321787 38.14918847
197500 -0.94385895 1.37490772 34.90274892
197600 -0.93752705 1.42676985 36.78297244
197700 -0.80546797 1.46264189 41.73256707
197800 -0.75998560 1.30178982 37.88007572
197900 -0.74508322 1.44283295 42.90162220
198000 -0.44092052 1.11331489 43.73085588
198100 -0.89986316 1.40682051 37.13442177
198200 -0.94391978 1.21688655 30.09770593
198300 -0.72135765 1.30124969 39.07971311
198400 -0.63953260 1.04999316 34.89697856
198500 -0.52459175 1.14028345 41.26288125
198600 -0.66920784 1.05337464 33.98082445
198700 -0.77965713 1.44911165 42.04629315
198800 -0.82401531 1.36724342 37.99919514
198900 -0.80986363 1.50872116 43.22085939
199000 -0.87478877 1.40692180 37.83527195
199100 -0.72513374 1.08017639 32.82046008
199200 -0.88023718 1.49992209 40.87559408
199300 -0.45432438 1.08360384 42.45417238
199400 -0.68053923 1.11151192 35.06241971
199500 -0.83513942 1.30003230 35.56723751
199600 -0.62493654 1.06553424 35.77596567
199700 -0.91491027 1.54013114 41.36753328
199800 -0.90379950 1.52538363 41.13486736
199900 -0.85964007 1.56407610 43.78628298
