0 0.74570942 1.51162864 50.07373285
100 0.59448883 1.47021937 108.61922425
200 0.58553877 1.44061507 119.52932698
300 0.59808546 1.48013650 104.93763007
400 0.59177454 1.42472086 121.21331500
500 0.59389857 1.40814549 125.04871176
600 0.57769088 1.45696970 118.70436002
700 0.63414277 1.50122297 86.68190943
800 0.59787517 1.46152384 109.28763119
900 0.61632939 1.41786272 113.40229121
1000 0.62392143 1.41846472 110.34860491
1100 0.58783300 1.42409303 123.00314517
1200 0.60188675 1.48719420 101.89023290
1300 0.60467824 1.40594535 121.37371551
1400 0.59765192 1.43326384 116.51607961
1500 0.62900072 1.45006349 100.05436303
1600 0.62104863 1.47173426 97.85469632
1700 0.60478291 1.45039467 109.24968259
1800 0.62671655 1.44580447 101.97795162
1900 0.59281998 1.44558223 115.26198501
2000 0.59071925 1.43288633 119.43022259
2100 0.60191102 1.41554986 119.69335674
2200 0.58890580 1.45225316 115.18846932
2300 0.56960996 1.44453187 125.24977645
2400 0.60522163 1.48985924 100.00455173
2500 0.59483452 1.46633986 109.37806311
2600 0.62341478 1.43942224 104.85859944
2700 0.57874454 1.42065545 127.74477112
2800 0.61993030 1.43838625 106.44736695
2900 0.56651989 1.45698206 123.48136060
3000 0.60803631 1.45474091 106.89377849
3100 0.57520194 1.45372128 120.55330022
3200 0.58400201 1.43682312 121.15819762
3300 0.56053625 1.43512126 131.64456926
3400 0.59055261 1.47997985 108.02801558
3500 0.59335324 1.49034857 104.65765643
3600 0.56661403 1.46327699 121.93059283
3700 0.60854505 1.45070843 107.69163253
3800 0.60678126 1.48714065 99.96503961
3900 0.58849822 1.45976890 113.52234759
4000 0.57630641 1.46884131 116.47529902
4100 0.60124985 1.46662335 106.73317040
4200 0.60353690 1.45226863 109.27690943
4300 0.58887618 1.43670687 119.17303318
4400 0.60080084 1.47420920 105.17072858
4500 0.62068514 1.45882149 101.02341946
4600 0.61581758 1.43845438 108.00112202
4700 0.61311864 1.43978805 108.69372402
4800 0.62024709 1.42246908 110.61784228
4900 0.58454868 1.44910762 117.77339474
5000 0.62728175 1.47373948 95.05635986
5100 0.57418078 1.47532068 115.90140229
5200 0.58034743 1.40779763 130.74525300
5300 0.57427345 1.43673098 125.27683488
5400 0.63091405 1.45251912 98.73561322
5500 0.56921790 1.45805019 122.05646651
5600 0.56525252 1.51461965 111.68562453
5700 0.53372344 1.47662148 133.65589737
5800 0.56813476 1.48532831 116.29576244
5900 0.61960499 1.45194107 103.11679690
6000 0.64221273 1.44347543 96.90829135
6100 0.58734952 1.41960628 124.45052843
6200 0.54079844 1.44691653 137.45865873
6300 0.61692182 1.41034538 115.32434595
6400 0.60026196 1.44646282 112.03580201
6500 0.59893239 1.47131801 106.57534217
6600 0.61633091 1.39896639 118.91160287
6700 0.60263405 1.45306483 109.43833751
6800 0.60336452 1.43197616 114.57824093
6900 0.58796168 1.44989714 116.16351056
7000 0.58507739 1.46552101 113.57058277
7100 0.56772254 1.45329118 123.86452486
7200 0.63976983 1.41491618 105.51928028
7300 0.60985176 1.45197364 106.86636393
7400 0.62825358 1.43380836 104.52669442
7500 0.58709722 1.44877819 116.80055227
7600 0.59634227 1.47958928 105.76022656
7700 0.54832868 1.49813272 122.37868935
7800 0.59680647 1.47059979 107.59473972
7900 0.59787321 1.49023088 102.85451905
8000 0.56847752 1.45457663 123.22213922
8100 0.63443026 1.48189041 90.60651177
8200 0.60148332 1.43248252 115.19057228
8300 0.60217130 1.46453791 106.85503443
8400 0.64307460 1.42880741 100.47057970
8500 0.59635962 1.45343988 111.85872566
8600 0.57538296 1.49513174 111.13531493
8700 0.59961771 1.44168579 113.51610546
8800 0.60924486 1.46999745 102.79537613
8900 0.63363478 1.43222059 102.96464563
9000 0.62512928 1.46064137 98.91030514
9100 0.61333544 1.39199135 122.18940394
9200 0.59750503 1.43209829 116.88676248
9300 0.59326311 1.44479083 115.28330974
9400 0.65841176 1.42855592 95.18220672
9500 0.61455180 1.38655623 123.40865530
9600 0.63148624 1.46362828 95.83699345
9700 0.58365536 1.44081731 120.25926426
9800 0.58815433 1.46913895 111.45683980
9900 0.59613080 1.43697892 116.14520800
10000 0.62817919 1.43477010 104.29881030
10100 0.60463304 1.42245407 116.67338679
10200 0.58172886 1.45617273 117.20124254
10300 0.60163232 1.46102031 107.90405194
10400 0.60633301 1.42545634 115.17396037
10500 0.60804556 1.43894651 110.88860278
10600 0.59890178 1.44268089 113.54645103
10700 0.62387271 1.40278466 114.90434894
10800 0.61660058 1.46416279 101.30715319
10900 0.59394324 1.39414319 129.21524018
11000 0.61243125 1.39843245 120.57626469
11100 0.61046814 1.44208908 109.12655938
11200 0.60582258 1.44904584 109.17691346
11300 0.60907269 1.44176505 109.75472762
11400 0.56309298 1.45854550 124.59401010
11500 0.61222020 1.43816189 109.46618371
11600 0.60369606 1.43544818 113.52224166
11700 0.61230628 1.40371495 119.04562447
11800 0.61591781 1.47689395 98.64771851
11900 0.61895307 1.42774051 109.66099808
12000 0.59971503 1.47403366 105.64442142
12100 0.58083382 1.49028325 109.84070325
12200 0.61294139 1.45998051 103.71185959
12300 0.61832647 1.44951371 104.20903327
12400 0.57935451 1.53861541 101.49380667
12500 0.56608236 1.40344273 138.11536570
12600 0.62981908 1.46376849 96.41961990
12700 0.60797807 1.43201768 112.74785984
12800 0.62507442 1.44457646 102.90518512
12900 0.59963750 1.43927374 114.13415697
13000 0.59651033 1.47577111 106.54125164
13100 0.60269120 1.43831515 113.16661985
13200 0.58120811 1.49430369 108.84881088
13300 0.62218546 1.42619265 108.85714566
13400 0.65269503 1.42919373 96.97838746
13500 0.59838985 1.46557641 108.12256514
13600 0.60024969 1.46506185 107.49812162
13700 0.58147991 1.42509349 125.36632862
13800 0.60136258 1.44823521 111.14865157
13900 0.62119220 1.44437911 104.41869719
14000 0.60943816 1.43006977 112.70043976
14100 0.60213694 1.43721495 113.67550086
14200 0.61535294 1.42462556 111.89221927
14300 0.59959865 1.44186084 113.47853527
14400 0.56660486 1.43284117 129.60259526
14500 0.59392181 1.44071861 116.06316960
14600 0.64045800 1.41335544 105.71777697
14700 0.61380519 1.44332924 107.51315510
14800 0.63227804 1.43480919 102.77280283
14900 0.64515478 1.46754036 89.97630592
15000 0.60233139 1.49029087 101.05912275
15100 0.62570914 1.43453214 105.28341694
15200 0.58567383 1.46879006 112.56210667
15300 0.60192268 1.43537334 114.24640892
15400 0.59397454 1.43707401 116.99337413
15500 0.55146831 1.50558696 119.48855403
15600 0.63200861 1.40683162 110.68268114
15700 0.57336171 1.47140058 117.13896444
15800 0.59352576 1.45287715 113.14550639
15900 0.64445803 1.41038081 105.14468101
16000 0.61041844 1.44677187 107.94913946
16100 0.59352255 1.49698883 103.21872629
16200 0.62248073 1.44222490 104.48440116
16300 0.62690577 1.44702974 101.59662822
16400 0.56929701 1.43844362 126.95840241
16500 0.62100520 1.45856891 100.96301489
16600 0.56228396 1.46374450 123.70599703
16700 0.56503127 1.49832322 114.93566133
16800 0.58274552 1.44398871 119.82154147
16900 0.62860751 1.47485429 94.31148781
17000 0.57672188 1.49196796 111.22084804
17100 0.55169960 1.43441727 135.75372010
17200 0.59957539 1.46195359 108.50297921
17300 0.62620790 1.36723918 125.22514655
17400 0.57840808 1.45676014 118.45268824
17500 0.54416049 1.49769583 124.35831623
17600 0.56434133 1.40144513 139.46674515
17700 0.61175022 1.44122111 108.85220104
17800 0.61266195 1.39714360 120.87638279
17900 0.59867759 1.49046172 102.48298367
18000 0.56913785 1.45158863 123.67520020
18100 0.62580665 1.41544093 110.49726141
18200 0.58772333 1.47524677 110.24303304
18300 0.57356755 1.49913069 111.09655910
18400 0.56816179 1.48527231 116.29611248
18500 0.62135100 1.41054565 113.57944479
18600 0.63388627 1.43562816 101.96586441
18700 0.62402783 1.46148330 99.12264619
18800 0.57750602 1.46052500 117.92472090
18900 0.63350217 1.43004730 103.59756033
19000 0.62258494 1.42789516 108.24158643
19100 0.58300295 1.45478491 117.00848845
19200 0.58592545 1.44783840 117.52160030
19300 0.60041803 1.41815502 119.55117174
19400 0.61242959 1.39829975 120.61692962
19500 0.59214229 1.43687658 117.79092557
19600 0.59456184 1.42272922 120.62959297
19700 0.58826338 1.39741356 130.54279877
19800 0.58440905 1.48327487 109.84280880
19900 0.60872005 1.42094910 115.48470267
20000 0.61734366 1.38296547 123.46838252
20100 0.60998090 1.42449085 114.01009814
20200 0.61897789 1.43267980 108.31896751
20300 0.57302699 1.48591425 114.06932684
20400 0.63834581 1.41594021 105.74185664
20500 0.59221554 1.43749128 117.59949735
20600 0.61350852 1.44851687 106.30971410
20700 0.60817903 1.42658634 114.13935166
20800 0.60835045 1.44655461 108.81196941
20900 0.60098291 1.46974304 106.11645317
21000 0.59784807 1.46601479 108.23762555
21100 0.59995594 1.43016455 116.42321005
21200 0.58294911 1.42543324 124.65917555
21300 0.64409822 1.43852530 97.51754797
21400 0.59717106 1.48456430 104.34184833
21500 0.62172223 1.40396815 115.36446318
21600 0.54242120 1.49655392 125.38433051
21700 0.58663992 1.44521976 117.88976335
21800 0.58987735 1.46662958 111.33117059
21900 0.57199580 1.50575858 110.45866082
22000 0.64811273 1.41410987 102.77890877
22100 0.61078870 1.46929149 102.35592767
22200 0.59956121 1.46030001 108.90365370
22300 0.58376401 1.41997872 125.83216029
22400 0.62714703 1.45683525 99.07421699
22500 0.56708360 1.46040456 122.41129292
22600 0.58195586 1.48986764 109.45825629
22700 0.57680806 1.41767806 129.39855040
22800 0.59770310 1.41808080 120.66061628
22900 0.58570836 1.44131315 119.27822237
23000 0.57732065 1.46289524 117.43825167
23100 0.56107376 1.48419319 119.61441147
23200 0.59873635 1.45689649 110.05591544
23300 0.61489773 1.48260098 97.78304603
23400 0.62976807 1.44358256 101.41079238
23500 0.61875628 1.48941543 94.84631812
23600 0.58343936 1.44983477 118.05270482
23700 0.62015420 1.45207119 102.87576461
23800 0.63397826 1.38909672 115.31638032
23900 0.59647267 1.44776302 113.22890155
24000 0.57699468 1.43894941 123.54045588
24100 0.62160716 1.44324450 104.55226446
24200 0.57678739 1.43403859 124.92219189
24300 0.59877562 1.41066481 122.34792498
24400 0.59793373 1.46170241 109.22151163
24500 0.60148006 1.42702475 116.66681460
24600 0.61068906 1.42600166 113.31904799
24700 0.58589558 1.46977031 112.24409101
24800 0.58459262 1.42289840 124.67429395
24900 0.63028459 1.39691853 114.27393149
25000 0.56839615 1.45919923 122.13344732
25100 0.61318503 1.42964496 111.35883476
25200 0.60145064 1.44702820 111.41816000
25300 0.59408808 1.44058622 116.02999580
25400 0.65013044 1.40874202 103.61996232
25500 0.59178230 1.49329295 104.68474629
25600 0.61878251 1.43251127 108.43849576
25700 0.60333890 1.44807302 110.40361657
25800 0.61743734 1.41685327 113.26313106
25900 0.55772396 1.44404461 130.56062986
26000 0.59974356 1.47386107 105.67201750
26100 0.62172932 1.45541207 101.45598312
26200 0.57246232 1.50292482 110.81354837
26300 0.59213256 1.41684247 123.26701813
26400 0.60167918 1.43553766 114.29990093
26500 0.59335961 1.45929692 111.64718962
26600 0.62494794 1.50459943 89.42271425
26700 0.61139780 1.46403931 103.34455912
26800 0.62639763 1.39845210 115.25493314
26900 0.61002127 1.44147828 109.45844425
27000 0.60962421 1.44611819 108.42461593
27100 0.64615242 1.43762518 97.02432734
27200 0.60614147 1.43501362 112.67116248
27300 0.62566849 1.40126610 114.68301172
27400 0.55150941 1.50231947 120.11070266
27500 0.59375073 1.41306068 123.68632369
27600 0.62058354 1.44063795 105.61276193
27700 0.60959942 1.41829959 115.88386557
27800 0.61471477 1.46913478 100.87173103
27900 0.60955170 1.45153748 107.09175023
28000 0.60746222 1.47555731 102.23021453
28100 0.57735562 1.42827959 126.23012491
28200 0.64807323 1.41609463 102.22735368
28300 0.60909473 1.41490519 117.04298885
28400 0.58329921 1.45047323 117.95158041
28500 0.57812403 1.46729407 116.06569324
28600 0.65092234 1.44364142 93.78746645
28700 0.61099102 1.44746941 107.54984123
28800 0.59706738 1.46150800 109.61656467
28900 0.59797087 1.44370893 113.65626467
29000 0.56405852 1.47103952 121.23393563
29100 0.65352181 1.38879975 108.44636773
29200 0.59191054 1.43846074 117.46989598
29300 0.60557820 1.47980654 102.02685649
29400 0.63866986 1.43481570 100.44108992
29500 0.63319237 1.45707617 96.77991334
29600 0.60582481 1.44011571 111.45696328
29700 0.62280235 1.44465885 103.73858508
29800 0.60186626 1.41200350 120.72622746
29900 0.62760851 1.43672518 103.99452696
30000 0.64494743 1.43388751 98.43909382
30100 0.63758402 1.43902998 99.72534735
30200 0.59115373 1.45194321 114.34372092
30300 0.60184600 1.42264517 117.72615653
30400 0.64392944 1.44844725 95.03251591
30500 0.59853951 1.44834333 112.25080395
30600 0.57900221 1.45832829 117.82217745
30700 0.59879469 1.43456792 115.70994274
30800 0.56287271 1.46622384 122.86577893
30900 0.61273937 1.44328349 107.93708097
31000 0.61134472 1.41999159 114.72882124
31100 0.61788578 1.41630350 113.24748826
31200 0.57252766 1.42266678 129.82316001
31300 0.59157396 1.47039232 109.76575964
31400 0.61990974 1.46148633 100.67868804
31500 0.59313405 1.39598898 128.98130340
31600 0.61617646 1.43298063 109.30992799
31700 0.57667789 1.46113650 118.12869005
31800 0.63636592 1.42978813 102.62209952
31900 0.57418531 1.48445971 113.88788102
32000 0.59327230 1.44797175 114.47283185
32100 0.56835424 1.43742223 127.63257312
32200 0.59931315 1.45936374 109.22787957
32300 0.60465729 1.49207418 99.76450353
32400 0.57785012 1.44565159 121.45181832
32500 0.60174408 1.47811620 103.92010001
32600 0.64101532 1.42321059 102.74118810
32700 0.60283577 1.45683493 108.43433799
32800 0.60251834 1.45376341 109.31206545
32900 0.60406217 1.42652755 115.77697394
33000 0.59730937 1.44541614 113.48634407
33100 0.60142564 1.43738662 113.91365569
33200 0.57229632 1.49415487 112.65132680
33300 0.61375329 1.43146406 110.64903545
33400 0.59709780 1.46036860 109.87669702
33500 0.61248739 1.42930471 111.72098099
33600 0.59567553 1.44494640 114.26530898
33700 0.58008523 1.48745987 110.75085944
33800 0.61965399 1.44869073 103.90971933
33900 0.62740513 1.42604171 106.94004236
34000 0.63462719 1.47851911 91.27553687
34100 0.60631534 1.46602777 104.86530777
34200 0.58006168 1.46411601 115.99472728
34300 0.59345718 1.46965130 109.16879322
34400 0.59247903 1.47991707 107.25491766
34500 0.58314501 1.44004684 120.67186169
34600 0.61359781 1.44601130 106.90845406
34700 0.63283506 1.41977778 106.66729303
34800 0.58569002 1.45012254 117.04575414
34900 0.62075380 1.41728479 111.87778454
35000 0.61665496 1.45720153 102.95225983
35100 0.56751505 1.44230345 126.72537439
35200 0.55050427 1.46683458 128.20626005
35300 0.56754786 1.46071969 122.13496005
35400 0.56213392 1.44896111 127.37361453
35500 0.59648174 1.45523747 111.36783991
35600 0.61198220 1.41776928 115.10599729
35700 0.63782139 1.44531330 98.01933073
35800 0.58004937 1.40904487 130.50670931
35900 0.60487333 1.45623463 107.77332099
36000 0.60275964 1.45490656 108.93535129
36100 0.64628298 1.45552268 92.44244289
36200 0.56822174 1.47063885 119.51950418
36300 0.58083621 1.44897272 119.35648938
36400 0.62942272 1.44813734 100.38115993
36500 0.58612533 1.47710361 110.48752152
36600 0.63614289 1.39410978 112.98041083
36700 0.61031997 1.46157690 104.34804929
36800 0.58749145 1.48675022 107.81938839
36900 0.59410617 1.47474160 107.74557216
37000 0.57852285 1.44907787 120.30245144
37100 0.59723941 1.43015899 117.51512886
37200 0.56088661 1.43180967 132.37331006
37300 0.61746275 1.41183465 114.68700864
37400 0.59953945 1.45584747 109.98955481
37500 0.60995306 1.47171435 102.12547708
37600 0.60698777 1.45024728 108.41751566
37700 0.57294923 1.45177778 121.99331418
37800 0.61963754 1.43094630 108.53274679
37900 0.61443558 1.44525855 106.77656330
38000 0.58519501 1.47271029 111.86189699
38100 0.63051849 1.42401985 106.34081500
38200 0.61249492 1.49304546 96.49518673
38300 0.60367768 1.44023293 112.27515664
38400 0.57193703 1.46861303 118.38891765
38500 0.65460508 1.41845637 99.28223263
38600 0.60410727 1.42932850 114.99705708
38700 0.64099496 1.46527481 91.99026569
38800 0.61615033 1.42633844 111.11560991
38900 0.61280791 1.45180668 105.75882068
39000 0.61601964 1.46942156 100.30366886
39100 0.65065644 1.41782196 100.83268569
39200 0.56897762 1.46202843 121.20537784
39300 0.57153503 1.48555024 114.78546383
39400 0.63119063 1.43370844 103.46577217
39500 0.61461941 1.48176616 98.07210415
39600 0.59188502 1.49198695 104.91363295
39700 0.59619876 1.46574098 108.96636365
39800 0.60997872 1.46249218 104.26328104
39900 0.57736685 1.43244058 125.10341357
40000 0.60456126 1.43931209 112.16499224
40100 0.61557853 1.39718207 119.73928033
40200 0.57662258 1.46936768 116.21985480
40300 0.60711156 1.44309588 110.18052589
40400 0.65006267 1.42566740 98.85725630
40500 0.62718654 1.48066526 93.54880273
40600 0.61449093 1.41590071 114.66482534
40700 0.62478691 1.44598664 102.65382421
40800 0.56260753 1.47792479 120.31478816
40900 0.59581822 1.46913020 108.33188699
41000 0.60288683 1.43068280 115.11531254
41100 0.55787855 1.47727268 122.53941554
41200 0.61017276 1.40788972 118.64684606
41300 0.60706824 1.43853103 111.38069455
41400 0.56080757 1.47101130 122.66290671
41500 0.57902086 1.43881843 122.71962392
41600 0.63715613 1.42295699 104.20425175
41700 0.63614385 1.41972276 105.47331349
41800 0.61068189 1.46164578 104.19066409
41900 0.57036123 1.43056281 128.59293714
42000 0.61660377 1.44142746 106.92621642
42100 0.60101528 1.44414635 112.32495096
42200 0.59704727 1.43759205 115.61441506
42300 0.58026554 1.42867960 124.89588901
42400 0.61007650 1.46316741 104.06500644
42500 0.62389181 1.39859421 116.15141050
42600 0.59892790 1.40315479 124.48795187
42700 0.61446746 1.39055866 122.19464040
42800 0.63273901 1.45262175 98.03831598
42900 0.60517266 1.43210744 113.82752662
43000 0.58865250 1.43415972 119.93890931
43100 0.61642078 1.42553071 111.23320736
43200 0.57227381 1.42274688 129.90949233
43300 0.64360095 1.41305590 104.67859897
43400 0.61437498 1.44819129 106.05714221
43500 0.54899024 1.47972537 125.96535837
43600 0.64546906 1.40032903 107.74744142
43700 0.59713111 1.45690979 110.69809543
43800 0.60598815 1.41565861 118.04768284
43900 0.58495786 1.50438385 105.26282787
44000 0.57885278 1.46932087 115.28892080
44100 0.63343438 1.46233784 95.42682589
44200 0.57513169 1.44666913 122.34480602
44300 0.62285074 1.44718571 103.07831526
44400 0.61550817 1.43438042 109.19386469
44500 0.59583671 1.40730307 124.50972954
44600 0.58444926 1.39449333 133.00837026
44700 0.60672581 1.41586605 117.69834574
44800 0.54653628 1.49002205 124.86004152
44900 0.57766699 1.46402714 117.02417950
45000 0.57624072 1.45709214 119.28807805
45100 0.60690420 1.46898802 103.94542095
45200 0.60681992 1.45658155 106.92155996
45300 0.62582541 1.38913132 118.32297790
45400 0.60317708 1.45882011 107.81808630
45500 0.62214923 1.40069632 116.17695081
45600 0.62657507 1.39831936 115.22869352
45700 0.63073996 1.44959928 99.52674652
45800 0.59254567 1.43789721 117.35845033
45900 0.56375405 1.48772970 117.68460231
46000 0.58324862 1.42311712 125.17292069
46100 0.61748473 1.42915588 109.83723696
46200 0.61620266 1.46041769 102.35004228
46300 0.58679493 1.51580518 102.33308106
46400 0.62446489 1.47489084 95.85037550
46500 0.61256706 1.43939522 109.00956673
46600 0.56410997 1.47350676 120.64965356
46700 0.62688880 1.44675234 101.67317274
46800 0.55677631 1.49448088 119.34267427
46900 0.62792300 1.47200593 95.21129444
47000 0.53800515 1.49101037 128.55795330
47100 0.55882059 1.44413683 130.05261944
47200 0.60213854 1.41294748 120.34644349
47300 0.61663597 1.45145374 104.37161112
47400 0.61481223 1.48703055 96.86280402
47500 0.57971933 1.46162701 116.72876017
47600 0.57707663 1.47739101 114.20946897
47700 0.60355585 1.42807271 115.55621014
47800 0.63959621 1.45874653 94.04706558
47900 0.58376545 1.41013274 128.63711443
48000 0.64113741 1.44998362 95.64527335
48100 0.60195692 1.45955800 108.12532377
48200 0.63209078 1.42657246 105.05990403
48300 0.58020036 1.41705719 128.14418378
48400 0.60203634 1.44705018 111.17934517
48500 0.58967764 1.44377822 117.00701821
48600 0.61567608 1.42485188 111.70568083
48700 0.59732525 1.45490340 111.10964976
48800 0.56985937 1.50178905 112.15427358
48900 0.60477453 1.41431073 118.91076572
49000 0.63143144 1.47033692 94.29395579
49100 0.60163366 1.49190577 100.99947421
49200 0.58143259 1.43172246 123.58575534
49300 0.59720360 1.47591147 106.23030666
49400 0.58894376 1.46150402 112.92378049
49500 0.60168881 1.46554689 106.81003315
49600 0.59658024 1.45054169 112.48847496
49700 0.57363692 1.41117036 132.60401804
49800 0.58868083 1.41779633 124.41118453
49900 0.56779096 1.48161248 117.24888354
50000 0.62529806 1.40953494 112.38574765
50100 0.58011043 1.51251888 105.72820822
50200 0.60448351 1.48079025 102.24310543
50300 0.56040847 1.46083107 125.22124421
50400 0.62267503 1.41082635 112.99776526
50500 0.62244527 1.46047020 99.96104994
50600 0.56595825 1.48148122 118.07134625
50700 0.60310197 1.48036555 102.88366841
50800 0.60731622 1.42211444 115.71046763
50900 0.58554577 1.44383999 118.69513098
51000 0.60614070 1.42058331 116.59941853
51100 0.61182256 1.47808407 99.96420182
51200 0.63210376 1.44933309 99.09076994
51300 0.62600572 1.45349403 100.31845872
51400 0.56795257 1.40080989 138.08985291
51500 0.62105160 1.46336200 99.79971485
51600 0.56415355 1.49176024 116.66296041
51700 0.58667628 1.46149463 113.86065587
51800 0.60966472 1.45668305 105.78238418
51900 0.62113812 1.43203318 107.67126985
52000 0.61826359 1.45141864 103.75768808
52100 0.62869760 1.41213937 110.36460680
52200 0.58311340 1.44614558 119.11825060
52300 0.58917615 1.46538280 111.91073541
52400 0.61283213 1.42514198 112.72294567
52500 0.65662733 1.39172311 106.46971850
52600 0.59555592 1.40804261 124.40706447
52700 0.61321844 1.45085262 105.83719820
52800 0.60353443 1.39251725 125.86529489
52900 0.61174218 1.41345886 116.42498015
53000 0.62160971 1.41034621 113.53926652
53100 0.57918473 1.49077268 110.43078138
53200 0.62978655 1.40881715 110.92272504
53300 0.59621855 1.47949846 105.83019238
53400 0.61464410 1.40865116 116.69165902
53500 0.60924242 1.44363370 109.20758146
53600 0.61549691 1.46053556 102.59292243
53700 0.58885206 1.45074551 115.58521312
53800 0.56457126 1.41488150 135.44537506
53900 0.57677198 1.44452367 122.19505409
54000 0.65033827 1.44199669 94.41451765
54100 0.57794485 1.47384886 114.63744274
54200 0.56921799 1.45896868 121.83462048
54300 0.61033969 1.45473833 105.99422037
54400 0.61589536 1.40339520 117.75539353
54500 0.62485138 1.40622402 113.52040535
54600 0.61850792 1.43724273 107.28879322
54700 0.60077238 1.48311316 103.21129837
54800 0.58790986 1.49510177 105.90078276
54900 0.60383492 1.43784328 112.83645935
55000 0.56411698 1.51300529 112.48051356
55100 0.57460001 1.42064376 129.50252906
55200 0.59235625 1.45178286 113.89258762
55300 0.64292877 1.35927182 121.79777817
55400 0.62883735 1.44951974 100.25103732
55500 0.62551910 1.47749528 94.87214918
55600 0.63305706 1.42415995 105.36742736
55700 0.57418186 1.42057172 129.70062478
55800 0.60658636 1.44183410 110.71196142
55900 0.60295490 1.42274759 117.25685485
56000 0.62688697 1.39321756 116.66440052
56100 0.63151316 1.44444774 100.54475619
56200 0.61737484 1.42204612 111.83018537
56300 0.63246286 1.46798174 94.45801075
56400 0.57132321 1.46188958 120.23018230
56500 0.59189285 1.50284114 102.71152935
56600 0.59653491 1.41936420 120.77026543
56700 0.61083218 1.45093428 106.74266374
56800 0.61671228 1.43464264 108.66200347
56900 0.66143322 1.41396769 98.22097149
57000 0.57867390 1.44421562 121.47066599
57100 0.61219250 1.42410085 113.25749773
57200 0.58384510 1.45945814 115.52264456
57300 0.61472299 1.43592668 109.08654772
57400 0.60769035 1.42010941 116.12280303
57500 0.58616815 1.47509130 110.92036029
57600 0.57682820 1.47028590 115.92147146
57700 0.60761096 1.44317604 109.96385187
57800 0.63857389 1.45556091 95.18965193
57900 0.58360771 1.44620988 118.89598037
58000 0.61835411 1.43594714 107.68874638
58100 0.59137922 1.40756050 126.24590271
58200 0.59874676 1.41058824 122.38166651
58300 0.61895185 1.44679594 104.65499685
58400 0.55564119 1.53822040 111.81369831
58500 0.57435495 1.46873495 117.32861695
58600 0.60143583 1.47117836 105.60637318
58700 0.61751211 1.43870645 107.28565151
58800 0.60731198 1.42131476 115.93467028
58900 0.62045803 1.48275983 95.62269781
59000 0.58863733 1.46189074 112.95763289
59100 0.59609694 1.46842511 108.38230563
59200 0.55501544 1.50449741 118.11626188
59300 0.60766419 1.46401824 104.80738923
59400 0.57271117 1.46435146 119.05298966
59500 0.60791782 1.44001481 110.66036783
59600 0.58623730 1.40857430 128.06425634
59700 0.60592117 1.44339845 110.57124120
59800 0.65974589 1.42057003 96.92698649
59900 0.58697269 1.40447008 128.96474841
60000 0.59991837 1.47399001 105.57291277
60100 0.59571145 1.44576939 114.04121754
60200 0.56941278 1.44815914 124.41458655
60300 0.59025074 1.45327299 114.38433451
60400 0.60457821 1.41211783 119.61727023
60500 0.61991810 1.41843408 111.87080875
60600 0.60455716 1.47541730 103.40621481
60700 0.61570171 1.42962746 110.39324396
60800 0.63379208 1.42847830 103.91613629
60900 0.58747749 1.44517030 117.55649825
61000 0.57933717 1.48447835 111.70339759
61100 0.61075368 1.44781864 107.55406895
61200 0.58615116 1.43953464 119.55653245
61300 0.63212068 1.45143941 98.55877973
61400 0.60937093 1.48556096 99.28758657
61500 0.62254856 1.42500153 109.04687386
61600 0.57787378 1.46844626 115.90384007
61700 0.58538068 1.42700781 123.21695667
61800 0.58401862 1.41732955 126.47154533
61900 0.58657382 1.39341314 132.45835330
62000 0.59516223 1.48140278 105.83918342
62100 0.59458796 1.41297279 123.37177059
62200 0.61826353 1.45213063 103.58097957
62300 0.59069646 1.42564159 121.40096322
62400 0.58011519 1.42801826 125.13866181
62500 0.54810452 1.44664290 134.19967418
62600 0.60165982 1.44225035 112.55488895
62700 0.58557454 1.44953117 117.24154807
62800 0.63511403 1.47426386 92.04928799
62900 0.55742459 1.43382620 133.36074134
63000 0.61967331 1.41534677 112.83792755
63100 0.60171035 1.43433460 114.60637689
63200 0.62172492 1.46936284 98.14276857
63300 0.63625188 1.44319564 99.13058778
63400 0.61309929 1.45050854 105.96907564
63500 0.59226968 1.40067067 127.92102937
63600 0.64830151 1.41301952 103.02481270
63700 0.56308478 1.45464953 125.54588226
63800 0.58466853 1.43978116 120.10703670
63900 0.57844271 1.49289338 110.30185225
64000 0.60172364 1.41834749 118.97609808
64100 0.61278570 1.43964781 108.85908760
64200 0.55220458 1.48520857 123.32804819
64300 0.62607203 1.43747999 104.36944151
64400 0.64083648 1.45239942 95.15224226
64500 0.58426370 1.43322789 122.00201596
64600 0.55578319 1.44817721 130.37164566
64700 0.60471097 1.46969716 104.64640762
64800 0.61330765 1.41418957 115.60928678
64900 0.60698640 1.39350475 124.19951514
65000 0.62958285 1.37849018 120.28871407
65100 0.58472563 1.43270682 121.94922204
65200 0.60125550 1.44756125 111.36124649
65300 0.62621505 1.44695648 101.87310447
65400 0.57657381 1.45036914 120.80265067
65500 0.58253736 1.43227988 122.97455654
65600 0.66182667 1.42510510 94.96420472
65700 0.59123257 1.45142647 114.43980448
65800 0.61462284 1.48495754 97.37940652
65900 0.60487612 1.46396735 105.91714613
66000 0.52865734 1.46284597 139.20296706
66100 0.61061611 1.42548640 113.48876659
66200 0.60664809 1.44624528 109.55858991
66300 0.62417442 1.43466729 105.82315522
66400 0.63658339 1.47299588 91.80124917
66500 0.60929454 1.42918939 112.99457143
66600 0.62425669 1.40098936 115.29520135
66700 0.53814158 1.52450104 122.05654137
66800 0.59077244 1.48972871 105.84060587
66900 0.54082190 1.52315386 121.05954163
67000 0.58742428 1.43404506 120.47537832
67100 0.56408575 1.46025790 123.74875333
67200 0.59750267 1.42773480 118.06621827
67300 0.59976297 1.45754308 109.48752000
67400 0.61183617 1.48385561 98.69477715
67500 0.57856445 1.42168223 127.53435339
67600 0.58052212 1.42534179 125.69941277
67700 0.57997413 1.45147113 119.09416583
67800 0.61396344 1.42684906 111.81783082
67900 0.57336963 1.51627736 107.88374217
68000 0.54638638 1.48034015 127.00788214
68100 0.62148420 1.45471611 101.71919671
68200 0.60466116 1.46687338 105.32041050
68300 0.60370862 1.44574523 110.84617062
68400 0.61707226 1.46429305 101.09570915
68500 0.61405772 1.46307707 102.54195895
68600 0.60751529 1.43937516 110.98477720
68700 0.58113453 1.42265141 126.18526313
68800 0.62786392 1.39664904 115.25353326
68900 0.61525017 1.48593574 96.92796892
69000 0.57255573 1.45570035 121.19546253
69100 0.59143840 1.52217725 99.27175481
69200 0.57237566 1.43735316 125.92297039
69300 0.58985990 1.45136807 115.01636666
69400 0.60235748 1.44438524 111.72923919
69500 0.63363394 1.44710391 99.09026089
69600 0.57801106 1.46012087 117.80833067
69700 0.58509013 1.46602684 113.44681986
69800 0.60926831 1.43363920 111.80966645
69900 0.61898654 1.44607640 104.82422643
70000 0.56686323 1.47517321 119.07727514
70100 0.60409668 1.40849691 120.85674613
70200 0.57222875 1.45520878 121.45549012
70300 0.56724243 1.47279798 119.44993529
70400 0.59667326 1.43899609 115.39774918
70500 0.61879822 1.44510639 105.14277593
70600 0.60444022 1.42767956 115.31298154
70700 0.63911113 1.40614242 108.29652658
70800 0.57554508 1.46995533 116.54126564
70900 0.58628480 1.44117436 119.07548935
71000 0.57871533 1.42300138 127.10450634
71100 0.60254472 1.43655890 113.68595793
71200 0.59925174 1.44612198 112.52661013
71300 0.60814024 1.48521261 99.84384943
71400 0.63114628 1.42781974 105.06758003
71500 0.61426999 1.41564106 114.82382177
71600 0.58114749 1.46855875 114.50123880
71700 0.59399486 1.46756913 109.43214151
71800 0.56632046 1.43647720 128.76110640
71900 0.62747810 1.42831526 106.29258172
72000 0.57744895 1.44158190 122.66465364
72100 0.60312947 1.45452531 108.88201911
72200 0.58777616 1.47412835 110.47324739
72300 0.57830352 1.45101309 119.91120386
72400 0.63242258 1.40783567 110.23657726
72500 0.58825249 1.47593864 109.86975214
72600 0.58321824 1.47135375 112.99307298
72700 0.60280091 1.44218118 112.11883049
72800 0.58897885 1.47683130 109.37132806
72900 0.60468219 1.46985726 104.62092767
73000 0.63059962 1.40952492 110.41620638
73100 0.56461815 1.43780355 129.15216684
73200 0.61053091 1.43128839 111.94604971
73300 0.58313675 1.44931288 118.30950136
73400 0.60142979 1.46449421 107.16059241
73500 0.59088210 1.44198689 116.97411078
73600 0.58711984 1.48813427 107.67855792
73700 0.60502151 1.42003281 117.19481814
73800 0.55199987 1.42637596 137.78711844
73900 0.60876503 1.43209509 112.41891999
74000 0.61325534 1.44521601 107.24315772
74100 0.58980570 1.46379627 112.02578151
74200 0.60032963 1.40577584 123.15213309
74300 0.58202236 1.46208179 115.65519286
74400 0.61934226 1.44551226 104.83216336
74500 0.63763858 1.40184535 110.10099440
74600 0.54813567 1.45194312 132.85679463
74700 0.63977431 1.42631144 102.33398830
74800 0.61017783 1.40965618 118.13042783
74900 0.61069394 1.46557395 103.25738945
75000 0.59031561 1.47309446 109.66371032
75100 0.60051785 1.42839479 116.67768794
75200 0.58127418 1.41368578 128.65357113
75300 0.60407308 1.41532258 118.89968029
75400 0.56890633 1.43766681 127.33022574
75500 0.59593890 1.47966471 105.90650681
75600 0.65960103 1.40622011 101.08904132
75700 0.64007806 1.39053808 112.65524406
75800 0.56151928 1.45391415 126.41179312
75900 0.56818124 1.47216902 119.18719905
76000 0.55500803 1.46594134 126.40065265
76100 0.62554869 1.41894422 109.60307018
76200 0.62794069 1.43985444 103.05192268
76300 0.57983249 1.46117525 116.78899617
76400 0.54958947 1.45531751 131.36958443
76500 0.61075448 1.45214757 106.47145356
76600 0.55946831 1.49993315 117.04746029
76700 0.60414911 1.46273278 106.49683118
76800 0.60360288 1.40454330 122.21266883
76900 0.57729931 1.42328370 127.62389189
77000 0.60686789 1.45668963 106.87639694
77100 0.60004639 1.42421592 118.00987552
77200 0.56812483 1.44758683 125.11428611
77300 0.59407356 1.44646656 114.52774043
77400 0.56379713 1.46824429 121.99182683
77500 0.61755237 1.43854533 107.31236508
77600 0.57488129 1.41728784 130.32604100
77700 0.55091183 1.49282038 122.30178905
77800 0.58180014 1.43645734 122.17292812
77900 0.59453490 1.47140271 108.32933436
78000 0.63344489 1.41253793 108.49854696
78100 0.56977644 1.47603035 117.62735637
78200 0.64867844 1.40380621 105.57880117
78300 0.56123331 1.46785097 123.20468888
78400 0.61645372 1.41868663 113.12247985
78500 0.58925395 1.42770433 121.42862585
78600 0.57117477 1.42914893 128.62569057
78700 0.59988536 1.46996492 106.50393247
78800 0.59780407 1.46478945 108.54278252
78900 0.59185450 1.45889738 112.35661088
79000 0.57301684 1.47699298 116.02337734
79100 0.56839523 1.45380289 123.44784666
79200 0.56453152 1.44039966 128.51256523
79300 0.59782428 1.48662596 103.63689611
79400 0.64015150 1.44452571 97.37902726
79500 0.63611704 1.41562462 106.64008215
79600 0.63878693 1.45836687 94.43072675
79700 0.59297250 1.49418465 104.01567208
79800 0.62129198 1.42146249 110.50145353
79900 0.62645811 1.47237090 95.67427420
80000 0.56950460 1.43647539 127.38575335
80100 0.61346835 1.46414380 102.51743070
80200 0.61341167 1.46327171 102.74541083
80300 0.64092938 1.38149764 115.18773001
80400 0.63537502 1.44260347 99.60217294
80500 0.59157451 1.39439394 130.10322531
80600 0.66323703 1.45669747 86.30271011
80700 0.60135758 1.45736055 108.89484160
80800 0.58534124 1.47624828 111.00336026
80900 0.61710775 1.47131702 99.45119218
81000 0.56797860 1.44312931 126.31252290
81100 0.55843108 1.43270038 133.21609922
81200 0.60009055 1.50369725 99.23116738
81300 0.59489573 1.43565012 116.99516383
81400 0.58916089 1.46957320 110.94264152
81500 0.61567305 1.40939907 116.07805258
81600 0.61900493 1.46151834 101.01537131
81700 0.58235977 1.45298966 117.71873366
81800 0.65102665 1.42416778 98.93290446
81900 0.59401332 1.49835876 102.74218943
82000 0.62442667 1.44463226 103.13400669
82100 0.56597903 1.51218580 111.82418889
82200 0.61964483 1.44218483 105.56935737
82300 0.60415230 1.45150115 109.22353991
82400 0.63259900 1.43988500 101.32165485
82500 0.60858814 1.42537091 114.31218944
82600 0.57217523 1.46829132 118.36147526
82700 0.59913621 1.43359626 115.83136481
82800 0.62113752 1.40700759 114.69066559
82900 0.58578265 1.41838835 125.44056543
83000 0.54708677 1.46524362 130.12047336
83100 0.62469750 1.43820364 104.69465068
83200 0.61625363 1.40330499 117.64460321
83300 0.63298542 1.45471308 97.43268841
83400 0.63612382 1.44887656 97.73442553
83500 0.57370496 1.43176866 126.83775779
83600 0.62300310 1.48718138 93.70921208
83700 0.58798938 1.46138608 113.34467720
83800 0.60580779 1.43119214 113.82258223
83900 0.64598228 1.42044639 101.73938228
84000 0.56441281 1.46103727 123.41969136
84100 0.57160210 1.45669646 121.36068963
84200 0.59686960 1.45211577 111.98035494
84300 0.60004397 1.40815880 122.56805803
84400 0.60730843 1.47573681 102.25032275
84500 0.64484481 1.43557887 98.02687290
84600 0.57749736 1.48522604 112.31816716
84700 0.60945513 1.40901923 118.59755146
84800 0.60292408 1.44819528 110.53745300
84900 0.59954616 1.45392716 110.45756198
85000 0.60227073 1.43449293 114.34128920
85100 0.59061277 1.45276909 114.36051405
85200 0.57110586 1.42032840 131.08319401
85300 0.56124494 1.47351143 121.90153732
85400 0.59592886 1.46506072 109.23497681
85500 0.58287112 1.45302311 117.49704476
85600 0.62106728 1.43955751 105.71014986
85700 0.51905838 1.44408881 148.39768754
85800 0.60515428 1.39815099 123.50798107
85900 0.64262791 1.43109152 100.01329204
86000 0.58003844 1.44593805 120.45759143
86100 0.60792257 1.40124231 121.49043630
86200 0.59540557 1.44812839 113.56797860
86300 0.58604542 1.43329916 121.24386863
86400 0.62929297 1.45629157 98.40874929
86500 0.55774437 1.47336139 123.47754857
86600 0.61090475 1.44773208 107.51711010
86700 0.61994958 1.41207280 113.67019780
86800 0.60801827 1.44464383 109.42822742
86900 0.59990317 1.50646562 98.76651574
87000 0.63005340 1.48214333 92.16100997
87100 0.62251459 1.45426239 101.44110293
87200 0.60459154 1.44921661 109.62008032
87300 0.61224994 1.48324149 98.66718059
87400 0.58412223 1.43826272 120.73036453
87500 0.57623823 1.44176861 123.12874453
87600 0.55774057 1.49470777 118.86915258
87700 0.60003368 1.44932965 111.40434015
87800 0.63532953 1.44344505 99.40249700
87900 0.59920182 1.44961893 111.66493060
88000 0.54734137 1.41886872 141.96731349
88100 0.58425631 1.45911815 115.43344186
88200 0.63539812 1.39526996 112.89746487
88300 0.58719155 1.42920961 121.86912695
88400 0.58422245 1.44099073 119.97838862
88500 0.60271920 1.44179518 112.25088232
88600 0.57724956 1.38533333 138.86652498
88700 0.63287981 1.47217932 93.33974608
88800 0.58631697 1.49448108 106.68583932
88900 0.60809529 1.44442481 109.45398967
89000 0.61292082 1.38848522 123.43587553
89100 0.62352569 1.42095756 109.79879507
89200 0.61050336 1.47877559 100.32393414
89300 0.61342423 1.43235061 110.53851156
89400 0.55305819 1.47776340 124.57304376
89500 0.60151991 1.43214421 115.26655138
89600 0.60534618 1.42713407 115.10372582
89700 0.56968527 1.46150255 121.02589833
89800 0.59979967 1.44266223 113.19151589
89900 0.56227383 1.50188680 115.42652206
90000 0.56389491 1.40153817 139.63355563
90100 0.62241756 1.43138733 107.36063312
90200 0.58632959 1.45822900 114.78821261
90300 0.60353679 1.42048358 117.65625365
90400 0.60080757 1.49948415 99.78060206
90500 0.56015276 1.45002666 127.97613370
90600 0.56835348 1.50078203 113.00326007
90700 0.63943438 1.42734220 102.17491914
90800 0.58638206 1.51223726 103.16732323
90900 0.62437843 1.47431246 96.01321528
91000 0.66033347 1.39201455 105.11419542
91100 0.56883121 1.47594940 118.05259934
91200 0.57270777 1.44037708 124.99135543
91300 0.58228464 1.47142457 113.36642532
91400 0.60191409 1.46171696 107.62559857
91500 0.60544465 1.45249307 108.46680073
91600 0.59208037 1.40970530 125.33471802
91700 0.60361088 1.42559941 116.21000863
91800 0.61344752 1.41317808 115.84481727
91900 0.56894348 1.45435764 123.07494464
92000 0.61632014 1.40996376 115.66562773
92100 0.57799977 1.46398180 116.89439168
92200 0.58591684 1.45980533 114.57917117
92300 0.65111611 1.43157748 96.88531048
92400 0.58692396 1.43080034 121.55013528
92500 0.60275040 1.41652353 119.08307633
92600 0.63714524 1.47615510 90.88505685
92700 0.63860484 1.47827056 89.88520398
92800 0.59275688 1.43680957 117.55808272
92900 0.63231849 1.42925480 104.24632659
93000 0.57732278 1.46132037 117.81199984
93100 0.57929309 1.43828544 122.74440797
93200 0.61692687 1.48800726 95.84297307
93300 0.60940430 1.44791944 108.05480597
93400 0.59303118 1.49082407 104.68909528
93500 0.61601009 1.44233690 106.91926025
93600 0.57438356 1.45896603 119.62336618
93700 0.58307576 1.47828921 111.49074619
93800 0.58209123 1.45878907 116.41522634
93900 0.59780858 1.49899357 101.08076110
94000 0.58615052 1.45454195 115.76052160
94100 0.57104028 1.47071103 118.28993509
94200 0.62614492 1.44070752 103.50010318
94300 0.59891950 1.45089891 111.45845978
94400 0.60691350 1.43838359 111.48006959
94500 0.57827192 1.48051612 113.01387315
94600 0.63811263 1.45112450 96.45074084
94700 0.60667603 1.44161379 110.73359154
94800 0.61268838 1.38413626 124.89009585
94900 0.60834965 1.40048255 121.55034945
95000 0.63453686 1.36891377 121.59070003
95100 0.61947180 1.45261025 103.00169893
95200 0.60825693 1.43755173 111.17086330
95300 0.59189384 1.45677436 112.85467448
95400 0.61900547 1.43917247 106.59391464
95500 0.59580577 1.49162444 103.39667533
95600 0.61159538 1.43765295 109.84206379
95700 0.55778377 1.47648039 122.75810332
95800 0.59356220 1.44645573 114.73819130
95900 0.58130860 1.42204559 126.28057158
96000 0.60126589 1.46712183 106.61056482
96100 0.58195674 1.43727283 121.89286497
96200 0.61206701 1.45274182 105.81430355
96300 0.60901482 1.45545705 106.33533449
96400 0.57073815 1.45746457 121.54458504
96500 0.65233791 1.40863864 102.88018578
96600 0.60484225 1.45129852 109.00103710
96700 0.57969002 1.39110433 136.03850680
96800 0.56591933 1.49875254 114.46328440
96900 0.61044549 1.48949456 98.03262903
97000 0.63072080 1.39902050 113.47789110
97100 0.58860597 1.44166773 117.99030302
97200 0.63344820 1.42661566 104.54961259
97300 0.58759940 1.40583795 128.30278325
97400 0.61321564 1.41565942 115.22585379
97500 0.58449943 1.48731939 108.93688248
97600 0.57297919 1.45721443 120.64580144
97700 0.62533358 1.45001110 101.43468983
97800 0.57145807 1.41536745 132.33193890
97900 0.61277877 1.44623598 107.16822858
98000 0.60026812 1.43487341 115.03884188
98100 0.59763154 1.43974241 114.81719555
98200 0.62156471 1.41747599 111.51654031
98300 0.57381674 1.49027762 112.80782090
98400 0.59276064 1.46026384 111.65866292
98500 0.54806843 1.47481913 127.47428484
98600 0.61631734 1.45580139 103.42267182
98700 0.59913603 1.43660597 115.03416770
98800 0.58339038 1.41273451 128.04252143
98900 0.56764700 1.47336473 119.14633304
99000 0.58836680 1.47397442 110.26472661
99100 0.59650068 1.45736223 110.84239611
99200 0.55349561 1.50888490 117.94557664
99300 0.61160639 1.49550499 96.33390389
99400 0.62789067 1.44034737 102.94241850
99500 0.60558203 1.44141399 111.21612906
99600 0.58987725 1.40701649 127.02000502
99700 0.61076522 1.42075435 114.74092134
99800 0.62944572 1.41430052 109.46733304
99900 0.56626463 1.38608468 143.33460013
100000 0.57566390 1.46931371 116.63864588
100100 0.58231476 1.44745205 119.12071178
100200 0.58314663 1.43565071 121.82363779
100300 0.60199220 1.44312539 112.19738668
100400 0.60599023 1.44092466 111.18186515
100500 0.60320963 1.46006628 107.50539584
100600 0.60740053 1.43664662 111.74467368
100700 0.60053850 1.48103347 103.75791485
100800 0.62678650 1.48250255 93.29672816
100900 0.59196986 1.44843317 114.88723408
101000 0.59345092 1.45956729 111.54501929
101100 0.60494171 1.40370400 121.93118393
101200 0.55601708 1.45948097 127.48511639
101300 0.60078839 1.44814852 111.39953690
101400 0.60421438 1.45097547 109.32973458
101500 0.61762110 1.48793895 95.59175684
101600 0.61646406 1.45957657 102.45161974
101700 0.60998189 1.47687421 100.94962314
101800 0.61195470 1.46315907 103.33639082
101900 0.63632593 1.45976729 94.98529125
102000 0.62280677 1.47273312 96.96248285
102100 0.59414460 1.46065211 111.00300720
102200 0.60777004 1.42615579 114.41749670
102300 0.58902271 1.43291601 120.11809331
102400 0.59297697 1.44790466 114.60990284
102500 0.56493609 1.40143160 139.21184435
102600 0.56764458 1.47409730 118.98162155
102700 0.59466035 1.40300097 126.25432969
102800 0.60136677 1.40451107 123.11107907
102900 0.61731019 1.36720162 128.60312582
103000 0.62132006 1.45281518 102.24941888
103100 0.63736903 1.43049283 102.06766783
103200 0.58714035 1.45241758 115.87507037
103300 0.62122086 1.38830400 120.31401774
103400 0.55964195 1.50768719 115.44971422
103500 0.59227986 1.44622903 115.31770845
103600 0.64143147 1.40065355 109.08984615
103700 0.59649881 1.45718672 110.88575168
103800 0.65450921 1.47345546 85.34315868
103900 0.59050207 1.44833544 115.51180311
104000 0.56252314 1.46353163 123.65164794
104100 0.63632305 1.40742991 108.92909110
104200 0.62039885 1.43521513 107.10402823
104300 0.61564470 1.44546564 106.25836828
104400 0.58579514 1.45867648 114.90135452
104500 0.61434490 1.42989934 110.84211218
104600 0.64409333 1.43953699 97.25526651
104700 0.59803110 1.51755799 97.43203976
104800 0.58185620 1.42668343 124.77309506
104900 0.61205286 1.48280898 98.83746206
105000 0.58166140 1.42514266 125.27686849
105100 0.65064362 1.40445032 104.69974585
105200 0.56407062 1.41925539 134.42597816
105300 0.61263607 1.41304654 116.19655080
105400 0.60006605 1.44270277 113.07451452
105500 0.62327350 1.47719751 95.78190293
105600 0.58260416 1.45395054 117.37981003
105700 0.63238137 1.43478945 102.74004694
105800 0.58337607 1.46876641 113.52223643
105900 0.58517604 1.44334587 118.97512910
106000 0.56375218 1.42483704 133.01340537
106100 0.61970307 1.46352187 100.27382856
106200 0.60066127 1.43188590 115.67829424
106300 0.60759724 1.45123691 107.93150012
106400 0.56681525 1.42501197 131.63372505
106500 0.60620537 1.44393172 110.32258480
106600 0.61493198 1.44521774 106.59569045
106700 0.58157055 1.46472154 115.21958009
106800 0.54928038 1.42433272 139.57031196
106900 0.61290691 1.39249666 122.19968072
107000 0.60614379 1.44993467 108.82769358
107100 0.56338428 1.47564762 120.48363627
107200 0.64599121 1.42543795 100.35327272
107300 0.60660444 1.45208503 108.11095018
107400 0.60078904 1.44110865 113.19706265
107500 0.63666079 1.46826773 92.85761279
107600 0.60225988 1.47373855 104.69572181
107700 0.57420632 1.48288881 114.21876437
107800 0.55381776 1.49064679 121.45367839
107900 0.61894500 1.43485947 107.75120971
108000 0.60818192 1.45386105 107.05289413
108100 0.60863795 1.40253601 120.82454097
108200 0.60637206 1.43154338 113.50595587
108300 0.58517357 1.48838664 108.43058861
108400 0.58740225 1.49485189 106.16132617
108500 0.64225936 1.40064712 108.79525460
108600 0.57174535 1.46130818 120.18791568
108700 0.63099350 1.45670129 97.68003136
108800 0.57972978 1.46928872 114.92737649
108900 0.65378496 1.41804957 99.68044932
109000 0.59906741 1.42154251 119.14275863
109100 0.63414541 1.43885757 101.02247473
109200 0.60373938 1.45324769 108.95459060
109300 0.64923006 1.48554557 84.51512769
109400 0.60859658 1.46132550 105.08107562
109500 0.57990173 1.44956088 119.60115208
109600 0.61469550 1.39787489 119.86956952
109700 0.60645921 1.41822178 117.13665833
109800 0.60876482 1.44299844 109.55738314
109900 0.54702431 1.46976776 129.09693035
110000 0.58182636 1.44736339 119.34722636
110100 0.60631907 1.42356377 115.70083353
110200 0.64266811 1.45036843 95.00100141
110300 0.59008325 1.45801589 113.29402800
110400 0.59783821 1.46409751 108.69204525
110500 0.63461553 1.46197773 95.08020681
110600 0.65711876 1.39570441 105.08167684
110700 0.60274133 1.45791610 108.20953394
110800 0.62359219 1.45824485 100.06419758
110900 0.62739881 1.43230002 105.24746353
111000 0.58795365 1.44854914 116.50486260
111100 0.62695414 1.38118190 120.40409456
111200 0.60278375 1.43356175 114.38504536
111300 0.60490658 1.43366407 113.51682175
111400 0.58273267 1.43826061 121.30976500
111500 0.58528342 1.42638590 123.42725632
111600 0.61632920 1.48548109 96.61082334
111700 0.57154193 1.46606278 119.15147008
111800 0.59583116 1.45915089 110.68037334
111900 0.59793187 1.39926202 126.05105436
112000 0.61081169 1.43223582 111.58259745
112100 0.61970529 1.46107136 100.85548201
112200 0.58636177 1.44657484 117.66044992
112300 0.60479758 1.39493777 124.62395892
112400 0.58494135 1.45425544 116.33203426
112500 0.62621944 1.43550655 104.83434612
112600 0.60818903 1.44358814 109.63143883
112700 0.58955089 1.39643923 130.30880829
112800 0.59826136 1.41296692 121.89096491
112900 0.59313975 1.44678302 114.82705363
113000 0.57546757 1.44762255 121.96108146
113100 0.61564564 1.45150879 104.73807618
113200 0.60746403 1.46959958 103.58442041
113300 0.59104423 1.42650526 121.02209526
113400 0.59878100 1.45339198 110.89609834
113500 0.65535328 1.45061685 90.48665848
113600 0.62525214 1.43867205 104.36412667
113700 0.64346148 1.41962380 102.86526362
113800 0.61972704 1.45562524 102.16327469
113900 0.59793660 1.49037272 102.79928717
114000 0.59592930 1.47589062 106.74907316
114100 0.61993098 1.42950064 108.81118087
114200 0.63807026 1.44078662 99.09235420
114300 0.61297060 1.39898337 120.20138496
114400 0.55801748 1.44783387 129.46815183
114500 0.54063251 1.45946717 134.43726767
114600 0.62100452 1.43967034 105.70455166
114700 0.63162156 1.40896151 110.20303998
114800 0.59285972 1.45149136 113.75987548
114900 0.60462829 1.44453369 110.79091441
115000 0.61832214 1.40887890 115.21474132
115100 0.60547434 1.45832576 107.02846531
115200 0.57654782 1.46098943 118.21890172
115300 0.63036560 1.46818540 95.18380206
115400 0.57085221 1.47178685 118.12453065
115500 0.62538453 1.44411413 102.90716483
115600 0.60139532 1.44339191 112.36670226
115700 0.60960229 1.42724436 113.40300464
115800 0.58900762 1.48778174 106.97566329
115900 0.61674827 1.41853888 113.05112533
116000 0.57799991 1.44821198 120.74064119
116100 0.58847838 1.43931846 118.65245340
116200 0.59199431 1.47349450 108.88669204
116300 0.61282201 1.40900635 117.29205214
116400 0.63392601 1.48400522 90.33195493
116500 0.59496997 1.41292872 123.22962481
116600 0.62080279 1.40267069 116.09762134
116700 0.57228450 1.43446356 126.72507291
116800 0.56215316 1.44091427 129.41763250
116900 0.61041593 1.46699888 103.03263626
117000 0.62016858 1.41782418 111.94755187
117100 0.59154738 1.44209139 116.67519710
117200 0.58966129 1.46990745 110.66021933
117300 0.60463547 1.36689419 133.63629714
117400 0.58815346 1.47250559 110.68564001
117500 0.57579711 1.43571561 124.89716593
117600 0.61579725 1.43517159 108.87291831
117700 0.60002210 1.45397454 110.25542345
117800 0.57450861 1.46733281 117.58847204
117900 0.59281801 1.43598687 117.75005100
118000 0.60370308 1.46345995 106.50122324
118100 0.62312638 1.45064303 102.10631047
118200 0.61325158 1.44555867 107.15736694
118300 0.60462540 1.46188013 106.51107301
118400 0.59424890 1.45638266 111.99168258
118500 0.59064246 1.42238856 122.32085094
118600 0.60057280 1.45003151 111.01316510
118700 0.60546347 1.45209183 108.55876604
118800 0.58328482 1.48774286 109.35231739
118900 0.62695842 1.44498623 102.09602188
119000 0.59118805 1.45623997 113.27308100
119100 0.62876708 1.41889166 108.41788972
119200 0.59359532 1.43883365 116.68631582
119300 0.63197803 1.41705474 107.74909701
119400 0.60681790 1.40300886 121.39795103
119500 0.60988941 1.46248608 104.29957026
119600 0.63775997 1.46587284 93.01668522
119700 0.57889597 1.47876767 113.13617193
119800 0.61854034 1.42014669 111.91467400
119900 0.62650643 1.46572360 97.19143828
120000 0.58627508 1.44807216 117.31797229
120100 0.60274165 1.43798242 113.23370562
120200 0.61554162 1.46681598 101.09151421
120300 0.56750521 1.45743359 122.94510233
120400 0.60693168 1.48523414 100.31353824
120500 0.64054452 1.38818340 113.21891821
120600 0.60516738 1.47676905 102.86242844
120700 0.55886364 1.48834132 119.70034229
120800 0.56537382 1.44614638 126.67078650
120900 0.61504979 1.44630371 106.27423575
121000 0.56945925 1.45912582 121.69285682
121100 0.55839388 1.49725792 118.06015637
121200 0.59866988 1.47909333 104.93281187
121300 0.58543023 1.48463142 109.12585835
121400 0.65983439 1.44761682 89.70495737
121500 0.59438341 1.49461306 103.35430484
121600 0.60116723 1.48188177 103.32157237
121700 0.59094388 1.45626768 113.36617372
121800 0.61641415 1.40643635 116.65885850
121900 0.55175546 1.50300926 119.86425834
122000 0.58494773 1.50618914 104.91551751
122100 0.60178025 1.42013670 118.45121694
122200 0.56162513 1.46084798 124.68310691
122300 0.58919579 1.49707882 104.96854977
122400 0.65493736 1.42838506 96.42145053
122500 0.60547925 1.46988802 104.29907279
122600 0.59796216 1.46331189 108.82784247
122700 0.57686051 1.47798765 114.16825647
122800 0.62002286 1.43012371 108.60791823
122900 0.55452091 1.50803045 117.65196385
123000 0.62459024 1.41917629 109.89722093
123100 0.60731282 1.46131431 105.58703838
123200 0.63573839 1.39008070 114.36824568
123300 0.62166811 1.43023147 107.95503979
123400 0.59625684 1.42825053 118.42815583
123500 0.59890304 1.44388309 113.23732101
123600 0.60590874 1.52522982 92.92626744
123700 0.61269252 1.45666883 104.60857366
123800 0.61172619 1.41303407 116.55299571
123900 0.59871205 1.41681465 120.61298016
124000 0.61314241 1.46296285 102.92270088
124100 0.59619468 1.46073697 110.15276459
124200 0.60655438 1.49351497 98.71776300
124300 0.57824708 1.44308475 121.94048481
124400 0.57310265 1.45955868 120.02668923
124500 0.60742302 1.47518922 102.32828634
124600 0.56230780 1.47894452 120.21999176
124700 0.55779410 1.40323740 141.80704946
124800 0.59557081 1.42524425 119.52684552
124900 0.58799127 1.45427288 115.06650639
125000 0.60558443 1.40225959 122.10649784
125100 0.60869912 1.45764400 105.92640519
125200 0.59336279 1.42944571 119.27672064
125300 0.58198650 1.46228413 115.62206297
125400 0.58873413 1.47373672 110.16734375
125500 0.56143995 1.45443426 126.31872280
125600 0.59044990 1.40440777 127.55302436
125700 0.59785721 1.41732472 120.81206956
125800 0.59496333 1.41239204 123.38652257
125900 0.56623542 1.47311800 119.81357396
126000 0.54727599 1.46848762 129.27850839
126100 0.59336061 1.48273144 106.28060959
126200 0.51823433 1.48049967 140.13927675
126300 0.57281441 1.44341793 124.16094382
126400 0.57417617 1.47820112 115.26033983
126500 0.55981892 1.46991399 123.34947737
126600 0.58111070 1.45628034 117.43376035
126700 0.64382318 1.44132407 96.88758357
126800 0.62534971 1.43132279 106.27514310
126900 0.59685535 1.40239988 125.54571993
127000 0.62628228 1.42855086 106.67478488
127100 0.63849179 1.43464954 100.54952744
127200 0.57632393 1.47418164 115.24767270
127300 0.60260497 1.40886619 121.34085144
127400 0.58137880 1.39505353 134.11802756
127500 0.65503182 1.40920186 101.78330256
127600 0.62329471 1.48085915 94.96479403
127700 0.62615438 1.47980441 94.12332397
127800 0.55583259 1.48761187 121.19670499
127900 0.59614645 1.48104669 105.51912123
128000 0.63718469 1.43925146 99.81237768
128100 0.56141777 1.47444302 121.61516234
128200 0.62321314 1.44878668 102.53823475
128300 0.58756063 1.40657417 128.10247686
128400 0.57753909 1.48347672 112.67777635
128500 0.61558256 1.42818709 110.82951241
128600 0.62797709 1.49368698 90.48305325
128700 0.57515653 1.45711476 119.74260878
128800 0.63550092 1.43302576 102.06741398
128900 0.61988777 1.44577610 104.55755182
129000 0.62057666 1.43492926 107.11228265
129100 0.66036430 1.43401321 93.05069081
129200 0.59139604 1.44169436 116.83950228
129300 0.62695246 1.40543045 112.96784511
129400 0.58502446 1.47367273 111.71436744
129500 0.62604094 1.47900396 94.34231185
129600 0.61272314 1.45295742 105.50670011
129700 0.61444752 1.46930699 100.93499078
129800 0.59746527 1.42228144 119.58090271
129900 0.58150326 1.47890739 112.01073219
130000 0.62295907 1.40400384 114.88679518
130100 0.60269378 1.46279797 107.05851831
130200 0.59747418 1.43452999 116.25068191
130300 0.62267516 1.45300393 101.69054749
130400 0.62051942 1.40649611 115.07502378
130500 0.60593755 1.39787882 123.28121186
130600 0.61107452 1.43957553 109.54196815
130700 0.58913119 1.42699609 121.67215593
130800 0.59863444 1.48745962 103.13386178
130900 0.65033404 1.44190616 94.43935695
131000 0.61682296 1.45771166 102.76414338
131100 0.59496521 1.41238945 123.38650418
131200 0.59146274 1.42934754 120.07772283
131300 0.63176537 1.45261298 98.39853727
131400 0.66664206 1.43034942 91.91947609
131500 0.61711829 1.42925247 109.95131524
131600 0.57806032 1.45556172 118.89158445
131700 0.58318862 1.44359105 119.73863644
131800 0.60644851 1.44929251 108.86851087
131900 0.60756732 1.41504678 117.60087387
132000 0.58372450 1.42267637 125.09684526
132100 0.62446664 1.41466552 111.22053488
132200 0.63734377 1.43828199 100.00792896
132300 0.59129079 1.42364571 121.70745530
132400 0.62983042 1.38452696 118.27437841
132500 0.63912294 1.49502030 86.12446403
132600 0.59573172 1.44747805 113.60008666
132700 0.62836606 1.46203300 97.37003863
132800 0.65616906 1.44292198 92.15441264
132900 0.58755115 1.48863152 107.39534538
133000 0.61136832 1.43482794 110.67540085
133100 0.60886070 1.48349713 99.93172335
133200 0.60090432 1.42510072 117.42348566
133300 0.63366502 1.41564492 107.52956346
133400 0.55196995 1.46307780 128.43152822
133500 0.58599448 1.43854403 119.87989618
133600 0.63527856 1.47991540 90.72948096
133700 0.60298681 1.43387486 114.22103393
133800 0.60022709 1.43007356 116.33933381
133900 0.64144637 1.43998723 98.08367068
134000 0.64793827 1.42145205 100.76820972
134100 0.60700965 1.48394282 100.56105985
134200 0.62464357 1.45816150 99.68915295
134300 0.55140925 1.43632277 135.37967392
134400 0.61377598 1.38536948 124.08067736
134500 0.66008508 1.41772198 97.61151858
134600 0.54036113 1.45234213 136.30115835
134700 0.58970938 1.44213080 117.41745861
134800 0.54239362 1.49852401 124.99808938
134900 0.58859598 1.45305505 115.11753829
135000 0.60977179 1.43324389 111.71844084
135100 0.63158062 1.44255889 101.00438239
135200 0.58327971 1.45436397 116.99642940
135300 0.60808771 1.40940471 119.02043317
135400 0.60765271 1.44605365 109.21257283
135500 0.58217349 1.39021500 135.27286896
135600 0.64158555 1.44449823 96.87103660
135700 0.59203612 1.44925487 114.65382316
135800 0.56953177 1.48064435 116.70989636
135900 0.61813318 1.46389657 100.78354719
136000 0.61827887 1.42666006 110.21287320
136100 0.61139743 1.42693834 112.78731340
136200 0.58774023 1.44397034 117.75465088
136300 0.58851491 1.46147577 113.10689469
136400 0.61849080 1.42556546 110.43179069
136500 0.58871921 1.47496151 109.89710511
136600 0.60359123 1.44575484 110.89025715
136700 0.61912531 1.48164592 96.37201770
136800 0.57929609 1.50351169 107.79971662
136900 0.60209746 1.43538051 114.17495406
137000 0.57767431 1.45516511 119.15155589
137100 0.60402269 1.43854657 112.57796353
137200 0.62129564 1.43883074 105.81318553
137300 0.58809067 1.43934000 118.80646638
137400 0.62787793 1.48449203 92.45926068
137500 0.60046047 1.48884313 102.10952974
137600 0.61331531 1.40781156 117.44956754
137700 0.59953647 1.43113170 116.33060287
137800 0.62470517 1.41599092 110.75368134
137900 0.58964212 1.47602346 109.27954115
138000 0.61056653 1.42572307 113.44313276
138100 0.61484795 1.46265059 102.33842073
138200 0.59051322 1.44719758 115.79424278
138300 0.63308749 1.47846385 91.85152664
138400 0.63473588 1.45088392 97.73834806
138500 0.59104700 1.42403499 121.69962090
138600 0.58428770 1.44212721 119.65754500
138700 0.62382429 1.39429496 117.48186669
138800 0.62306992 1.41021693 113.02525778
138900 0.59309170 1.44153691 116.18876900
139000 0.58724179 1.42208690 123.80251820
139100 0.59628778 1.44485463 114.04135760
139200 0.60313945 1.47464786 104.14094345
139300 0.63110903 1.43273817 103.75471678
139400 0.56278568 1.43476286 130.75354873
139500 0.60054133 1.39307611 126.88474877
139600 0.61817451 1.43299591 108.54094345
139700 0.56741271 1.43532807 128.59149518
139800 0.56603441 1.46594960 121.55286237
139900 0.58489138 1.44965444 117.49403608
140000 0.57792106 1.48306457 112.60580517
140100 0.62776546 1.41745313 109.19564303
140200 0.62443606 1.43248784 106.30551462
140300 0.59457614 1.50525748 101.14657555
140400 0.56369809 1.44352491 128.06941373
140500 0.57586644 1.49220695 111.53361492
140600 0.60407471 1.44508696 110.86874557
140700 0.58938208 1.47869575 108.79132152
140800 0.56924328 1.47557713 117.95848937
140900 0.62975987 1.43475954 103.71512845
141000 0.60120537 1.41212072 120.95581909
141100 0.59982903 1.41515974 120.63538954
141200 0.53016181 1.45965187 139.25757186
141300 0.60251490 1.45449829 109.13274817
141400 0.58288087 1.46777243 113.95900711
141500 0.62505353 1.44446361 102.94184878
141600 0.59923010 1.43806180 114.61406943
141700 0.60414847 1.43441679 113.61643700
141800 0.59694042 1.45558108 111.09881606
141900 0.58265363 1.43535693 122.10697373
142000 0.56932918 1.48326727 116.22521525
142100 0.59394040 1.43861796 116.60248415
142200 0.65546321 1.45803343 88.62671088
142300 0.60695061 1.44429998 109.93516034
142400 0.58889152 1.45748868 113.91095897
142500 0.60382567 1.43064794 114.75231833
142600 0.60142102 1.44648704 111.56701270
142700 0.59806427 1.42092975 119.71626863
142800 0.58725011 1.45214457 115.89739298
142900 0.60073236 1.47085667 105.96065589
143000 0.58447527 1.43683484 120.95835248
143100 0.55744592 1.43052544 134.23532801
143200 0.55839999 1.46077776 126.11892331
143300 0.58208585 1.47259554 113.18250995
143400 0.62190465 1.42751215 108.60286082
143500 0.60820486 1.45383001 107.05154813
143600 0.59492567 1.46696467 109.19533974
143700 0.61940737 1.36123784 129.80527388
143800 0.59780865 1.46803009 107.78395896
143900 0.57661813 1.47410196 115.14106805
144000 0.58284606 1.49409699 108.20672869
144100 0.59725047 1.41722540 121.08433102
144200 0.60278117 1.41216646 120.31547467
144300 0.59536452 1.41255851 123.17624003
144400 0.60288473 1.42162630 117.59622499
144500 0.62389410 1.42721619 107.93332769
144600 0.57548559 1.43990999 123.92965002
144700 0.63906527 1.44842577 96.78173542
144800 0.62772219 1.41695171 109.35355066
144900 0.57843319 1.46992128 115.32739709
145000 0.61763023 1.45741786 102.52636623
145100 0.59112990 1.44650161 115.71809538
145200 0.58710214 1.47799808 109.88474747
145300 0.60627929 1.45237717 108.16653050
145400 0.59714891 1.48563633 104.12039075
145500 0.60368133 1.38525376 128.06684088
145600 0.59760834 1.48716656 103.60855889
145700 0.57928240 1.46477523 116.16699532
145800 0.61286645 1.45349479 105.31859975
145900 0.59805665 1.40663922 123.80950121
146000 0.60062731 1.48387997 103.10320614
146100 0.56321782 1.49084656 117.26191610
146200 0.54669081 1.47707112 127.59325561
146300 0.63858455 1.41196215 106.79346510
146400 0.59735200 1.47388418 106.62688719
146500 0.60787594 1.41009257 118.90379702
146600 0.60441492 1.45369625 108.57654844
146700 0.61688238 1.45847011 102.55789849
146800 0.61013774 1.46572004 103.43984127
146900 0.62307094 1.41879314 110.57640732
147000 0.61297358 1.45452907 105.02271098
147100 0.56530016 1.42917248 131.15574767
147200 0.61962731 1.45717498 101.82368732
147300 0.62129734 1.42726334 108.90049425
147400 0.62759514 1.46444268 97.08631715
147500 0.59128083 1.45482463 113.58115906
147600 0.60391849 1.42318867 116.75253565
147700 0.62198972 1.45694060 100.98482157
147800 0.57771583 1.46114967 117.68670060
147900 0.58701014 1.45995929 114.09008382
148000 0.60578298 1.45455668 107.82474196
148100 0.59761293 1.48484925 104.10259964
148200 0.61466987 1.39000007 122.28963037
148300 0.55384858 1.47619380 124.57015242
148400 0.63977706 1.38276344 115.19980182
148500 0.60445712 1.36239899 135.21430901
148600 0.65003331 1.42162538 99.98455629
148700 0.60754315 1.43641515 111.74967861
148800 0.59519171 1.44676762 113.99819471
148900 0.59670277 1.45096695 112.33305723
149000 0.57261167 1.47125782 117.49188614
149100 0.62946840 1.48262276 92.27326600
149200 0.60910184 1.50418724 95.57200320
149300 0.61546774 1.41561137 114.37097588
149400 0.60712375 1.38778135 125.91611598
149500 0.61513435 1.44144503 107.48611854
149600 0.59782237 1.42621725 118.35191766
149700 0.61778338 1.43313321 108.65371494
149800 0.59540388 1.47357696 107.48270774
149900 0.64778607 1.44704353 94.02081447
150000 0.59411393 1.48163897 106.21252110
150100 0.61265050 1.41819440 114.72701799
150200 0.60433941 1.42977735 114.78378890
150300 0.60000391 1.48921299 102.21401608
150400 0.58795073 1.47412029 110.40312050
150500 0.53927960 1.48986370 128.21027652
150600 0.57568368 1.43764265 124.43786053
150700 0.59605468 1.48945548 103.75041020
150800 0.59175483 1.42137702 122.14744280
150900 0.62776473 1.42109730 108.17290769
151000 0.63489913 1.40638120 109.75532275
151100 0.62619123 1.46118390 98.38306210
151200 0.62880165 1.42912282 105.58133094
151300 0.56987704 1.44402669 125.26404673
151400 0.60968319 1.42749467 113.30318307
151500 0.64749813 1.43184828 98.08145647
151600 0.56440721 1.45764103 124.23947255
151700 0.58096832 1.39562591 134.11556909
151800 0.62036499 1.42143890 110.85951414
151900 0.58487070 1.46792297 113.09604352
152000 0.63037624 1.39334106 115.33071724
152100 0.57030708 1.47534244 117.55351308
152200 0.61357480 1.42962134 111.21452581
152300 0.61825021 1.41634130 113.09758013
152400 0.60112820 1.44299083 112.57621524
152500 0.62302754 1.41110783 112.78345895
152600 0.57099433 1.43052458 128.33143322
152700 0.56744717 1.48738550 116.15343725
152800 0.64209810 1.44265380 97.16041803
152900 0.57003485 1.43056922 128.73148995
153000 0.58417715 1.45400883 116.71014838
153100 0.56469365 1.45271937 125.31966126
153200 0.60542477 1.43864856 111.99709459
153300 0.64663981 1.37253862 116.04718685
153400 0.57083861 1.49081979 113.96793107
153500 0.58487034 1.42099889 125.08712446
153600 0.55430445 1.40675094 142.31976550
153700 0.53604860 1.45331532 138.05211615
153800 0.58648418 1.43961757 119.39717174
153900 0.59160181 1.44107266 116.91622496
154000 0.58510111 1.48064328 110.12923048
154100 0.60922638 1.43228712 112.18710422
154200 0.55580056 1.41393754 139.57243880
154300 0.61081730 1.45848222 104.89700441
154400 0.65134429 1.45206855 91.51540396
154500 0.62475881 1.40306631 114.48778380
154600 0.57359196 1.43104026 127.08157965
154700 0.60781206 1.45317135 107.36788227
154800 0.58509217 1.41449600 126.83051930
154900 0.56034318 1.47706106 121.49994438
155000 0.62259602 1.42302985 109.57311267
155100 0.56330473 1.47959064 119.64152176
155200 0.60843083 1.45856223 105.80930482
155300 0.59986690 1.46696952 107.20485199
155400 0.58175718 1.44241786 120.63781007
155500 0.58287938 1.52149560 102.92671596
155600 0.60039083 1.44057028 113.49563328
155700 0.63110699 1.43619500 102.83756314
155800 0.57201864 1.44032014 125.30083851
155900 0.61587503 1.44970177 105.10059930
156000 0.57933141 1.42777255 125.53492437
156100 0.56829861 1.45533469 123.11360131
156200 0.58374065 1.45438545 116.79917759
156300 0.60738080 1.47134518 103.21643443
156400 0.57303171 1.48352436 114.58181078
156500 0.60754157 1.42287746 115.41025884
156600 0.62881141 1.43197210 104.80996275
156700 0.59094544 1.47504289 108.96566759
156800 0.56201391 1.44194137 129.21303647
156900 0.60819826 1.45122158 107.69965021
157000 0.63486611 1.47158672 92.74769208
157100 0.60712530 1.45384804 107.47065860
157200 0.58086987 1.43790212 122.18268039
157300 0.62018136 1.44033676 105.84359931
157400 0.57777453 1.44823036 120.83114917
157500 0.61324418 1.43285344 110.47367513
157600 0.59350129 1.44856616 114.23008948
157700 0.61556888 1.44969042 105.22108621
157800 0.56193742 1.43036314 132.30143059
157900 0.61409991 1.43969743 108.33815274
158000 0.61801993 1.39690763 118.88687735
158100 0.61738289 1.49120807 94.99495959
158200 0.58048099 1.46976176 114.50292316
158300 0.59714896 1.49621193 101.90927018
158400 0.59599602 1.44566960 113.95158351
158500 0.62010207 1.35570935 131.42924605
158600 0.60250267 1.44228530 112.21049701
158700 0.63177115 1.39305751 114.90308840
158800 0.59376677 1.43850072 116.70365369
158900 0.57024451 1.49223214 113.92863273
159000 0.56642785 1.43990665 127.81667824
159100 0.57261710 1.47550507 116.52705942
159200 0.62368418 1.44873924 102.37278303
159300 0.54538443 1.44016465 137.09486087
159400 0.60612129 1.46636777 104.86222944
159500 0.58497559 1.45536418 116.04597241
159600 0.61070865 1.41160706 117.35912048
159700 0.60524287 1.41118566 119.62345900
159800 0.57076506 1.47862134 116.62557052
159900 0.60347460 1.44591521 110.89573774
160000 0.60271964 1.47306872 104.66474648
160100 0.57795224 1.47852834 113.58700455
160200 0.61278766 1.44354769 107.85059228
160300 0.58588858 1.45918072 114.74109657
160400 0.63169302 1.42770401 104.89756968
160500 0.59637248 1.44837072 113.11623444
160600 0.59652272 1.39666037 127.40442372
160700 0.58371216 1.43213210 122.52439066
160800 0.59169739 1.45574170 113.18657086
160900 0.61381460 1.42617505 112.05963320
161000 0.61049408 1.42487174 113.70521042
161100 0.56613038 1.42290830 132.51132576
161200 0.59944412 1.42688993 117.51706143
161300 0.58392641 1.45995207 115.37011907
161400 0.61017165 1.43380555 111.41281560
161500 0.56802061 1.45960285 122.19849289
161600 0.60303093 1.44713926 110.76149935
161700 0.61386612 1.39902324 119.84319037
161800 0.56851814 1.44940484 124.48726341
161900 0.59767364 1.44747609 112.81741141
162000 0.61832492 1.45900707 101.87672885
162100 0.59117142 1.41904579 123.03803804
162200 0.60118730 1.40736392 122.34372254
162300 0.59127628 1.41312407 124.67643763
162400 0.57332401 1.46753612 118.04593108
162500 0.59573203 1.43791662 116.06014470
162600 0.63270304 1.43787863 101.80733558
162700 0.59479970 1.39918207 127.33935600
162800 0.60684397 1.43150579 113.33040280
162900 0.56488695 1.45982523 123.50364318
163000 0.57485145 1.47229732 116.29990186
163100 0.61484697 1.44660185 106.27673918
163200 0.63252544 1.42824683 104.44366895
163300 0.55782662 1.49108067 119.58229248
163400 0.65170912 1.40916137 102.94682082
163500 0.59424550 1.46880011 109.04505125
163600 0.64189892 1.44934903 95.53114710
163700 0.60778310 1.40396803 120.73451065
163800 0.64363013 1.39954871 108.63523112
163900 0.57148320 1.45406856 122.05446174
164000 0.62549021 1.48151033 93.99765924
164100 0.51542701 1.48119582 141.34312521
164200 0.57014037 1.40786787 135.06023937
164300 0.58067680 1.49181268 109.58695598
164400 0.60003648 1.45356332 110.35092634
164500 0.62155579 1.46928768 98.22409690
164600 0.57732869 1.42863858 126.14402799
164700 0.57439607 1.43908740 124.60704472
164800 0.60018968 1.44192440 113.22565523
164900 0.58294433 1.41804785 126.71622349
165000 0.56492384 1.50338834 113.97370477
165100 0.62346883 1.42297370 109.25964675
165200 0.59815566 1.46373538 108.64992161
165300 0.59645036 1.44293169 114.46821332
165400 0.59819616 1.46425924 108.51001348
165500 0.64820066 1.42601144 99.41625175
165600 0.57705959 1.47013589 115.85805038
165700 0.63762445 1.44036528 99.36311260
165800 0.58989258 1.42697260 121.36602729
165900 0.60908814 1.42169174 115.13378412
166000 0.57445729 1.44241677 123.71786176
166100 0.60336519 1.46714136 105.77115665
166200 0.59335413 1.41229509 124.06749016
166300 0.60153140 1.43068912 115.65278927
166400 0.61676200 1.45342788 103.83458656
166500 0.55062038 1.48294527 124.52740022
166600 0.56376493 1.44951417 126.52209494
166700 0.58408212 1.43137626 122.57319672
166800 0.57692582 1.46846158 116.30090123
166900 0.60708452 1.41205736 118.64676755
167000 0.64033617 1.42834159 101.57818161
167100 0.62075072 1.42227286 110.48118907
167200 0.59300415 1.46686809 109.99805615
167300 0.65826858 1.42404579 96.46554299
167400 0.56009935 1.44747120 128.64168969
167500 0.59056852 1.42776320 120.87350823
167600 0.60636599 1.42198055 116.12127359
167700 0.61604945 1.41622293 113.97372544
167800 0.61209820 1.45617595 104.95898591
167900 0.61974385 1.45958953 101.19596829
168000 0.59426762 1.41979333 121.56726890
168100 0.61089188 1.43429832 111.00125306
168200 0.57635561 1.44680110 121.79212581
168300 0.56870453 1.45795964 122.29966060
168400 0.64484357 1.43003263 99.50923538
168500 0.58817499 1.44760740 116.65093307
168600 0.59603606 1.49662187 102.27476511
168700 0.62779031 1.47193524 95.27679318
168800 0.58131062 1.48434826 110.90323380
168900 0.58009100 1.48862378 110.50173962
169000 0.58526716 1.45744036 115.41925394
169100 0.59000119 1.46170681 112.44133485
169200 0.61628045 1.45458197 103.73535133
169300 0.60234701 1.43415409 114.40097357
169400 0.60117171 1.49129732 101.31040529
169500 0.62193660 1.47282096 97.27112620
169600 0.59303574 1.44961647 114.15591012
169700 0.61770156 1.46261192 101.25260134
169800 0.62200575 1.43933859 105.41201204
169900 0.58780454 1.48418641 108.24030184
170000 0.56092036 1.51362256 113.76374038
170100 0.65132858 1.40294467 104.90681477
170200 0.58427892 1.43761903 120.83389592
170300 0.61177854 1.45706873 104.86575083
170400 0.62424691 1.45030253 101.76960485
170500 0.61829480 1.47606732 97.92235098
170600 0.59609164 1.41020941 123.56027254
170700 0.56796276 1.46260613 121.50601335
170800 0.54572512 1.46478223 130.84653064
170900 0.55602148 1.47614495 123.61400606
171000 0.58140500 1.46763981 114.60651448
171100 0.56243697 1.46192198 124.07127475
171200 0.64031775 1.46176910 93.06264305
171300 0.62772904 1.43471009 104.48220073
171400 0.55254166 1.46944877 126.68641940
171500 0.61804849 1.41762232 112.81205380
171600 0.58276194 1.45303362 117.53999606
171700 0.63808910 1.38205300 116.03489540
171800 0.60689628 1.40449066 120.92815534
171900 0.49626514 1.47702681 151.73292451
172000 0.60193891 1.46206078 107.53385376
172100 0.61358834 1.42560576 112.30308779
172200 0.58998601 1.43835028 118.28602314
172300 0.56775340 1.48070726 117.46321474
172400 0.57265916 1.43304096 126.94366057
172500 0.61802485 1.43321604 108.53934707
172600 0.59966935 1.46019542 108.88543313
172700 0.54587339 1.41968250 142.40443930
172800 0.61000996 1.39308830 123.14351010
172900 0.55440337 1.46513571 126.85879550
173000 0.58729129 1.47523647 110.42356125
173100 0.56873200 1.46878290 119.72671857
173200 0.58640561 1.44466135 118.12907552
173300 0.61409630 1.38893305 122.84215569
173400 0.64839437 1.40915426 104.10888233
173500 0.62751747 1.43514784 104.44495055
173600 0.61013618 1.45260933 106.59797178
173700 0.57714669 1.44073349 123.01202358
173800 0.59605561 1.46271730 109.73707249
173900 0.61387382 1.39549899 120.90714877
174000 0.58742253 1.47483231 110.46032858
174100 0.60036067 1.42540361 117.55738344
174200 0.61098712 1.43973404 109.53469458
174300 0.58524250 1.45570170 115.85272120
174400 0.57729073 1.46172307 117.72951290
174500 0.54258784 1.41806747 144.35591744
174600 0.59573295 1.48510317 104.80624696
174700 0.60686037 1.47418685 102.77517554
174800 0.58947165 1.36065095 141.84565057
174900 0.58300487 1.43962593 120.83979942
175000 0.65165805 1.44063898 94.30512565
175100 0.60349151 1.45096988 109.61749191
175200 0.61465516 1.44006751 108.02776988
175300 0.63002999 1.42429642 106.44513772
175400 0.63530926 1.46751943 93.52327605
175500 0.65270686 1.42461379 98.22504375
175600 0.61245282 1.40211150 119.46518874
175700 0.59294889 1.44778458 114.65161479
175800 0.60068452 1.44210553 112.98120420
175900 0.60351956 1.43477673 113.77006236
176000 0.60197487 1.50439264 98.34312081
176100 0.59817872 1.50055137 100.62004909
176200 0.56770030 1.41830674 133.11706341
176300 0.63468412 1.44206174 99.99391891
176400 0.58976432 1.40852887 126.62436676
176500 0.62024691 1.45233729 102.77461177
176600 0.58930358 1.40549613 127.70203750
176700 0.61616776 1.39451501 120.32413605
176800 0.55450485 1.43248167 135.01599277
176900 0.64056230 1.42574253 102.20630850
177000 0.60060199 1.40161043 124.27755204
177100 0.56003340 1.46084302 125.38333692
177200 0.61763948 1.45177848 103.90674587
177300 0.62731267 1.41917478 108.87932360
177400 0.62241202 1.40940913 113.50786826
177500 0.59012716 1.48406637 107.31154014
177600 0.55937880 1.41249516 138.40303864
177700 0.56965284 1.48037064 116.71786536
177800 0.58675150 1.45034114 116.55193364
177900 0.58117670 1.48348919 111.14494436
178000 0.58865098 1.45966515 113.48443041
178100 0.68415204 1.43445963 85.13581116
178200 0.57727227 1.45815821 118.59309277
178300 0.61001433 1.43929904 110.02690827
178400 0.59677124 1.41092649 123.07846461
178500 0.60633199 1.45977240 106.34190000
178600 0.60296923 1.48482335 101.96721286
178700 0.61505319 1.47909981 98.49046822
178800 0.64743759 1.37233884 115.83104564
178900 0.60991531 1.45118710 107.03696077
179000 0.61233715 1.41406408 116.02091732
179100 0.60851408 1.46526255 104.18144999
179200 0.64520638 1.41876389 102.48612971
179300 0.60340641 1.38977248 126.76379325
179400 0.60214983 1.47191241 105.15435140
179500 0.58695780 1.48370880 108.69287143
179600 0.61539304 1.46298608 102.04905408
179700 0.58515515 1.43197852 121.96588102
179800 0.60622070 1.43816112 111.81086917
179900 0.62646334 1.42360211 107.96271419
180000 0.59680220 1.46878962 108.01335472
180100 0.58019293 1.46682772 115.30364240
180200 0.60351837 1.44273502 111.69147792
180300 0.62070518 1.45127331 102.86476380
180400 0.62340830 1.45777590 100.24691184
180500 0.60143538 1.44055370 113.08306886
180600 0.58107507 1.43896411 121.81891654
180700 0.57018164 1.42941071 128.98119393
180800 0.60221526 1.46580005 106.54115960
180900 0.59156584 1.45100528 114.40841475
181000 0.62050401 1.45540388 101.92223256
181100 0.59726249 1.43977743 114.95664666
181200 0.56196263 1.49330454 117.29987598
181300 0.60632279 1.45757241 106.87644231
181400 0.60056386 1.47641846 104.76896635
181500 0.57648867 1.50694933 108.31520350
181600 0.56091229 1.49190176 118.05144614
181700 0.57963878 1.46963298 114.88626038
181800 0.66188448 1.46703469 84.29746794
181900 0.61529346 1.44060893 107.64142384
182000 0.63543108 1.44253822 99.59853112
182100 0.59150467 1.38858352 131.92433161
182200 0.55303407 1.44354703 132.77333321
182300 0.63545556 1.42440692 104.42209784
182400 0.62827578 1.38624290 118.31120927
182500 0.62653125 1.46987393 96.21845703
182600 0.56144673 1.46639877 123.44925264
182700 0.59759872 1.46283910 109.08604267
182800 0.62189901 1.40800691 114.11016368
182900 0.63820254 1.44430484 98.13870864
183000 0.60095862 1.40893416 121.97667296
183100 0.59111633 1.44537068 116.01097559
183200 0.61064020 1.44821724 107.49780610
183300 0.58672630 1.44799894 117.14984391
183400 0.62401504 1.47953044 94.98575779
183500 0.60092215 1.41898624 119.11593119
183600 0.57426075 1.51110794 108.46705868
183700 0.59546705 1.47838753 106.37949792
183800 0.57517300 1.45194169 121.00545549
183900 0.55490749 1.44843818 130.69534496
184000 0.56819987 1.46960461 119.76669248
184100 0.57952574 1.42049276 127.46145026
184200 0.62302387 1.47448365 96.48431288
184300 0.58826417 1.41643154 124.96873486
184400 0.57122430 1.44555047 124.29658026
184500 0.60482428 1.47672701 103.00733778
184600 0.56879829 1.42719697 130.17820459
184700 0.60974296 1.40749155 118.93087400
184800 0.64358880 1.45894773 92.56756761
184900 0.62076984 1.44134227 105.35967022
185000 0.61800529 1.45476602 103.02983238
185100 0.56718639 1.46771511 120.64194566
185200 0.56221234 1.46813278 122.71022051
185300 0.61366088 1.41902780 114.10164404
185400 0.60242562 1.44876679 110.59175836
185500 0.59044560 1.44425246 116.57080446
185600 0.55318665 1.49283185 121.28040600
185700 0.60756908 1.45223547 107.69464549
185800 0.61156729 1.45730390 104.89068471
185900 0.58763982 1.51848117 101.49500022
186000 0.61265539 1.46348440 102.98773720
186100 0.60098585 1.46983433 106.09426524
186200 0.59138225 1.44072588 117.09576653
186300 0.61249046 1.46324542 103.10818652
186400 0.61260228 1.43514726 110.11198093
186500 0.60763274 1.45619790 106.69576251
186600 0.61893116 1.43846251 106.80766079
186700 0.63727620 1.44391076 98.57512934
186800 0.59348816 1.44926237 114.06061947
186900 0.62407451 1.40040150 115.53961520
187000 0.60831320 1.44757609 108.56818936
187100 0.57272383 1.44897340 122.78963922
187200 0.57831708 1.45436931 119.07546199
187300 0.55483255 1.41859772 138.68065159
187400 0.55173763 1.50558053 119.36904155
187500 0.60094937 1.41539834 120.11975602
187600 0.58295956 1.46960951 113.50125353
187700 0.62895563 1.40161360 113.35418264
187800 0.58694600 1.43650462 120.02171097
187900 0.62655155 1.42239006 108.26551119
188000 0.59057882 1.41300001 124.99734934
188100 0.56540845 1.47199754 120.42747023
188200 0.63398089 1.39222745 114.34696545
188300 0.61165435 1.44605110 107.65119280
188400 0.60657521 1.46038307 106.09966921
188500 0.60151472 1.48061715 103.45967738
188600 0.60520201 1.45975812 106.79080710
188700 0.60549413 1.39313905 124.89926035
188800 0.62796730 1.40380289 113.07052867
188900 0.56717491 1.45694071 123.20768780
189000 0.59553351 1.48347944 105.23714722
189100 0.62791442 1.41978565 108.48387938
189200 0.60424408 1.44083694 111.89412049
189300 0.59695061 1.48015972 105.38927883
189400 0.58853690 1.46420360 112.45091117
189500 0.57235300 1.48309521 114.96482047
189600 0.59309931 1.38872881 131.22896343
189700 0.61983894 1.43086641 108.47766043
189800 0.61550977 1.47005820 100.35298543
189900 0.59200314 1.51027993 101.22757208
190000 0.54858548 1.47945894 126.20671452
190100 0.60491814 1.45892089 107.10440676
190200 0.58427747 1.43591124 121.28404606
190300 0.61888252 1.42719081 109.83769410
190400 0.60660545 1.41244138 118.72461375
190500 0.55621644 1.47603207 123.55273852
190600 0.62138354 1.48779012 94.19172904
190700 0.57794156 1.44068510 122.68877190
190800 0.58242749 1.46219758 115.45839818
190900 0.60468995 1.39549142 124.49775421
191000 0.60446804 1.47641345 103.21823867
191100 0.58091895 1.43602295 122.65640702
191200 0.59385751 1.51711292 99.19970422
191300 0.60434578 1.42840857 115.15208068
191400 0.58028949 1.46471201 115.75867322
191500 0.60028655 1.40090657 124.61386243
191600 0.62383190 1.46955412 97.30387236
191700 0.57536097 1.45776728 119.49749970
191800 0.60819996 1.40815848 119.33937348
191900 0.62519077 1.42705182 107.49133492
192000 0.57426743 1.45175119 121.43784829
192100 0.63078652 1.42539182 105.86412419
192200 0.58781536 1.47795421 109.60025645
192300 0.60131074 1.44426325 112.17720476
192400 0.60343490 1.48483982 101.77888938
192500 0.57304014 1.46537559 118.67166643
192600 0.61634017 1.42656162 110.98170752
192700 0.56078831 1.46847425 123.25553989
192800 0.59189277 1.43138138 119.35373928
192900 0.63051866 1.44785621 100.04647435
193000 0.62803134 1.45652372 98.82069033
193100 0.59766050 1.49090478 102.79893961
193200 0.59148009 1.45393749 113.71763619
193300 0.62277229 1.44210562 104.40512752
193400 0.62301077 1.44116941 104.55707596
193500 0.58907496 1.47307282 110.17766608
193600 0.56783686 1.41963028 132.68607828
193700 0.58239905 1.44902454 118.68961695
193800 0.59525286 1.44122360 115.39273875
193900 0.58563602 1.44123419 119.32862710
194000 0.59339872 1.41808323 122.40083224
194100 0.62824158 1.41135554 110.75997388
194200 0.58623973 1.45141036 116.49718408
194300 0.60877186 1.42437078 114.51546102
194400 0.63550898 1.43012441 102.84326723
194500 0.62714211 1.45388392 99.79806544
194600 0.60166817 1.46959448 105.87747745
194700 0.61932223 1.45601306 102.22259602
194800 0.59359390 1.45054917 113.69581663
194900 0.60059149 1.45684212 109.32645430
195000 0.58690903 1.44421704 118.03453404
195100 0.61237199 1.43151850 111.16889372
195200 0.58582205 1.42809340 122.73828627
195300 0.57274114 1.47902581 115.68986455
195400 0.62409512 1.45546427 100.55110176
195500 0.59897314 1.41553099 120.87258178
195600 0.58079017 1.45508038 117.86125189
195700 0.60769943 1.43177760 112.92149695
195800 0.60295492 1.42289617 117.21566453
195900 0.57036086 1.39846319 137.75712147
196000 0.62800854 1.42341026 107.43976517
196100 0.63598555 1.43082035 102.48209984
196200 0.60893435 1.42715257 113.68903178
196300 0.59691328 1.49535583 102.17907175
196400 0.58443086 1.43746974 120.80992265
196500 0.61651977 1.43220707 109.38507052
196600 0.60596181 1.43753002 112.07829110
196700 0.56418138 1.44744825 126.86012871
196800 0.58298597 1.42636576 124.38820038
196900 0.64988677 1.43018258 97.69035702
197000 0.58318644 1.44217642 120.10327293
197100 0.63649131 1.38637185 115.25059387
197200 0.56431763 1.47809675 119.53008852
197300 0.59651565 1.39877712 126.76742089
197400 0.61827330 1.42745306 109.99855352
197500 0.55019076 1.49308265 122.57157223
197600 0.61105929 1.41278419 116.88389738
197700 0.56968916 1.48032716 116.71178761
197800 0.60575317 1.43921263 111.72030676
197900 0.54509792 1.41941785 142.83112167
198000 0.59432046 1.41114840 124.00556617
198100 0.57174377 1.47219879 117.64839616
198200 0.56756867 1.47976108 117.75102093
198300 0.57418958 1.48456219 113.86398340
198400 0.59435513 1.44366737 115.12708920
198500 0.57127058 1.50003403 111.89765076
198600 0.57427053 1.46642606 117.90118395
198700 0.56888175 1.40455676 136.57482855
198800 0.58190790 1.47281695 113.20657078
198900 0.63115894 1.44071126 101.63718889
199000 0.60556975 1.45159211 108.64085107
199100 0.64142194 1.39259427 111.53825377
199200 0.59000484 1.45288047 114.58204611
199300 0.60563464 1.42207557 116.38301200
199400 0.61684226 1.43498408 108.52164659
199500 0.60817798 1.48705845 99.43429923
199600 0.61579681 1.44967787 105.13663087
199700 0.61422739 1.47096413 100.63896743
199800 0.54475451 1.47993612 127.83828553
199900 0.62978937 1.43969037 102.40850602
