0 -0.57058206 0.09965001 0.43276881
100 -0.53299012 0.33052944 28.81707226
200 -0.56380299 0.29007695 18.71973597
300 -0.57137273 0.27421384 15.58499175
400 -0.49635723 0.23925782 15.06728244
500 -0.56516677 0.29026659 18.70736421
600 -0.55784950 0.21472264 7.46897382
700 -0.50943402 0.26116114 17.08755448
800 -0.56910332 0.27495019 15.78108742
900 -0.56243103 0.28968407 18.69573602
1000 -0.54434634 0.29922340 21.39364602
1100 -0.53071358 0.23618040 11.67285460
1200 -0.50648067 0.28175753 20.89083221
1300 -0.51023739 0.18617430 7.74166849
1400 -0.57462371 0.30710587 21.76839909
1500 -0.51726239 0.29926207 23.27544187
1600 -0.56589753 0.26370675 13.98143920
1700 -0.49653619 0.25969308 18.10331964
1800 -0.54217532 0.25390553 13.51530319
1900 -0.49651780 0.25245811 16.97602087
2000 -0.58203944 0.26015467 12.98605078
2100 -0.51698487 0.34040180 32.34226888
2200 -0.53954798 0.24850111 12.85351265
2300 -0.58625961 0.24605434 10.76033419
2400 -0.57643930 0.23689418 9.64756222
2500 -0.51035743 0.23911360 13.69419268
2600 -0.52540051 0.33931559 31.41851809
2700 -0.55077916 0.28666624 18.63348765
2800 -0.46850402 0.31999854 32.84527393
2900 -0.55461019 0.24924637 12.16735613
3000 -0.55929759 0.24522427 11.37338745
3100 -0.56416552 0.34456140 30.54719415
3200 -0.54872433 0.29279173 19.89892252
3300 -0.49904063 0.24096639 15.03215804
3400 -0.54690187 0.29675902 20.76676191
3500 -0.52894865 0.31128561 24.84495099
3600 -0.54371027 0.27928951 17.65663121
3700 -0.51972517 0.26522917 16.87236369
3800 -0.47494852 0.26911045 22.11810833
3900 -0.55063608 0.24861217 12.26118641
4000 -0.51270977 0.27965709 19.94812770
4100 -0.55067748 0.20981089 7.24557111
4200 -0.51609913 0.30384792 24.29666497
4300 -0.52449019 0.21874959 9.90159784
4400 -0.52495059 0.30585644 24.00464430
4500 -0.51428744 0.27775084 19.47100152
4600 -0.52130737 0.28560710 20.32126213
4700 -0.47460988 0.24155970 17.88091638
4800 -0.54915928 0.28440176 18.29439440
4900 -0.52763058 0.30012001 22.64267616
5000 -0.53418641 0.22472162 9.94345552
5100 -0.57098952 0.24983133 11.64551813
5200 -0.50682734 0.24107472 14.29161043
5300 -0.48391266 0.27377304 21.83667040
5400 -0.45290635 0.21971397 17.98398842
5500 -0.49607728 0.30303414 26.01139629
5600 -0.56785462 0.23044666 9.02482772
5700 -0.52013984 0.26401955 16.64002902
5800 -0.61107331 0.31052888 22.22251350
5900 -0.50434732 0.28909308 22.45281486
6000 -0.52450524 0.24111010 12.80575994
6100 -0.54812451 0.29299728 19.96950901
6200 -0.46550130 0.21643141 15.82308651
6300 -0.55370729 0.26139636 14.09590062
6400 -0.56814176 0.27458063 15.74667206
6500 -0.49025471 0.24261320 16.19127679
6600 -0.52803832 0.27003043 17.04441540
6700 -0.53275820 0.22689639 10.31207710
6800 -0.56986836 0.19296726 4.77541339
6900 -0.48969736 0.31061582 28.26284783
7000 -0.53111441 0.29483165 21.35229724
7100 -0.49154890 0.27423174 21.05916932
7200 -0.51443687 0.29983823 23.62818436
7300 -0.56111754 0.24219480 10.86560339
7400 -0.56868074 0.31961462 24.60573932
7500 -0.54303127 0.21719998 8.49063606
7600 -0.57045989 0.26649604 14.29677439
7700 -0.55057970 0.20381865 6.61033925
7800 -0.56868288 0.23753034 9.94767761
7900 -0.50131533 0.29034945 22.98578846
8000 -0.54075869 0.20469868 7.23567278
8100 -0.51310103 0.22140692 11.14553580
8200 -0.54555028 0.22722833 9.57590914
8300 -0.53353506 0.15621582 3.78890315
8400 -0.52919143 0.24936498 13.66187611
8500 -0.53102506 0.24963350 13.57386246
8600 -0.50495370 0.28706487 22.01353338
8700 -0.55765265 0.30316384 21.53442212
8800 -0.56007620 0.26811336 14.92800637
8900 -0.51777456 0.24065321 13.27217418
9000 -0.55741562 0.21433607 7.44308290
9100 -0.48080723 0.30121538 27.34727361
9200 -0.49250410 0.27847482 21.70431432
9300 -0.53693096 0.22265723 9.51124954
9400 -0.52688116 0.24658180 13.41629475
9500 -0.55579678 0.34198147 30.25447741
9600 -0.49897564 0.26032007 17.95422310
9700 -0.45708205 0.27705791 25.88752145
9800 -0.51767136 0.22957891 11.78435036
9900 -0.53753561 0.23314509 10.81470798
10000 -0.54645770 0.29775773 20.98744793
10100 -0.52925102 0.25426142 14.40100213
10200 -0.56814548 0.32792923 26.48322167
10300 -0.53567691 0.26683242 15.98525824
10400 -0.50208868 0.29689012 24.17617349
10500 -0.55559343 0.27866132 16.94590540
10600 -0.55261424 0.26890245 15.38672468
10700 -0.55593901 0.23309211 9.82744029
10800 -0.56796354 0.26643091 14.36279135
10900 -0.50800700 0.30616832 25.48404365
11000 -0.55610087 0.28036507 17.22934643
11100 -0.53579024 0.22019659 9.28505700
11200 -0.55314654 0.26659222 14.97410741
11300 -0.55602348 0.22802268 9.16187085
11400 -0.50279392 0.28619862 22.05947483
11500 -0.57772415 0.31301521 22.93584753
11600 -0.55159961 0.30195519 21.56424812
11700 -0.56522571 0.30209319 21.02545478
11800 -0.52459534 0.27244999 17.71243020
11900 -0.45570860 0.26804109 24.52890786
12000 -0.59638907 0.20045128 5.05174905
12100 -0.51010051 0.28254219 20.70178501
12200 -0.52772921 0.26502057 16.22742765
12300 -0.52802105 0.23329554 11.47433539
12400 -0.50740039 0.28115138 20.69525493
12500 -0.54926057 0.24625371 11.98231864
12600 -0.49460786 0.24274034 15.74115417
12700 -0.57647184 0.25523565 12.32583983
12800 -0.48213348 0.27723250 22.65193799
12900 -0.54515155 0.25689291 13.81186858
13000 -0.49561041 0.18665931 9.20351149
13100 -0.50527341 0.25591526 16.64134778
13200 -0.52460362 0.31984504 27.00822777
13300 -0.43960315 0.26041871 25.73065728
13400 -0.55482204 0.20684170 6.72809839
13500 -0.50451323 0.23615260 13.82762741
13600 -0.53314389 0.24209220 12.32996733
13700 -0.46403582 0.21790663 16.19411675
13800 -0.53053774 0.23896967 12.06878737
13900 -0.50518140 0.26228114 17.66286809
14000 -0.55676661 0.27112420 15.57630886
14100 -0.49355966 0.26560346 19.37702647
14200 -0.55721168 0.22409007 8.61459269
14300 -0.48169286 0.23870946 16.61844619
14400 -0.53620562 0.29404721 20.86202045
14500 -0.52129389 0.32914817 29.35176783
14600 -0.46651517 0.24114308 18.86978429
14700 -0.49458202 0.18830260 9.45514993
14800 -0.44908433 0.26054849 24.27567890
14900 -0.53250990 0.29870056 22.01841389
15000 -0.55455674 0.24657663 11.77489988
15100 -0.50305854 0.20302446 10.00584270
15200 -0.55305082 0.25699620 13.42601540
15300 -0.51124631 0.23813427 13.47914689
15400 -0.47335227 0.23969711 17.77746536
15500 -0.53034008 0.27794081 18.25771770
15600 -0.54856635 0.21887730 8.38861633
15700 -0.48959806 0.22409148 13.79364080
15800 -0.51392553 0.25139971 15.16534342
15900 -0.53337395 0.30286538 22.79669691
16000 -0.52322843 0.29727697 22.40603837
16100 -0.47575832 0.24599803 18.37571033
16200 -0.53168578 0.25515935 14.37062858
16300 -0.51070736 0.26668755 17.87895740
16400 -0.45121560 0.22635168 19.05077310
16500 -0.50247366 0.30736561 26.25594231
16600 -0.56890005 0.27541839 15.86940951
16700 -0.50203552 0.30338484 25.48121769
16800 -0.52969140 0.28326391 19.26447946
16900 -0.52185730 0.19276829 7.35611834
17000 -0.51369227 0.16560051 5.87622563
17100 -0.52731510 0.23718209 12.05101042
17200 -0.62486195 0.26599523 14.08626674
17300 -0.53645879 0.30196940 22.41456295
17400 -0.54289665 0.27835209 17.53513083
17500 -0.50642949 0.25927077 17.06130872
17600 -0.52871862 0.21313004 8.93972020
17700 -0.54086111 0.25859364 14.32467475
17800 -0.54759183 0.22899681 9.69339694
17900 -0.50743562 0.31166535 26.68519255
18000 -0.54234955 0.26151573 14.70545202
18100 -0.54498117 0.22930473 9.87339220
18200 -0.48678780 0.29051654 24.55677785
18300 -0.50057600 0.24224379 15.05921296
18400 -0.54735027 0.28809016 19.07495124
18500 -0.57559507 0.32032889 24.57021104
18600 -0.50490895 0.28057499 20.82481751
18700 -0.46447993 0.33467412 36.71881556
18800 -0.58914229 0.27499049 15.36978057
18900 -0.51410796 0.26161783 16.74888189
19000 -0.62099036 0.27024361 14.71174022
19100 -0.57256610 0.26552698 14.07589952
19200 -0.53333215 0.22698126 10.28442146
19300 -0.46205719 0.35020578 40.81557623
19400 -0.54611161 0.28846384 19.21128936
19500 -0.48941338 0.26673883 20.01561823
19600 -0.49010403 0.27099932 20.65894634
19700 -0.50191445 0.26783425 18.89455580
19800 -0.50700737 0.25818381 16.83487441
19900 -0.51420827 0.24949321 14.85422078
20000 -0.52629630 0.23114458 11.31556858
20100 -0.45952686 0.35156539 41.50892360
20200 -0.53895322 0.28509161 18.99280717
20300 -0.55713150 0.27114170 15.56359512
20400 -0.53319393 0.24539051 12.80072592
20500 -0.48591407 0.29091954 24.73293648
20600 -0.50472253 0.20806398 10.37780988
20700 -0.57133043 0.20530456 5.95549730
20800 -0.52486180 0.26097617 15.77953865
20900 -0.55976099 0.27708425 16.48900562
21000 -0.54558815 0.31919415 25.50336347
21100 -0.51190359 0.27785253 19.69624933
21200 -0.52503122 0.27142162 17.50284514
21300 -0.48510635 0.25247392 18.22442366
21400 -0.56711410 0.29477517 19.50942479
21500 -0.54049383 0.18714816 5.56789319
21600 -0.51219499 0.25045311 15.17292826
21700 -0.48238862 0.30701144 28.34308637
21800 -0.53772481 0.27566808 17.36873670
21900 -0.51080775 0.29560678 23.10863397
22000 -0.54455539 0.31916108 25.55284273
22100 -0.51805990 0.26296266 16.63550385
22200 -0.52179293 0.26279285 16.30892945
22300 -0.49542821 0.29162486 23.82767258
22400 -0.56399216 0.24768925 11.55433923
22500 -0.57122838 0.24018245 10.23946326
22600 -0.55464989 0.30823405 22.70902522
22700 -0.53985090 0.20768353 7.60682809
22800 -0.51754138 0.25626094 15.60845289
22900 -0.46091660 0.23592271 18.90958792
23000 -0.51808484 0.23588848 12.58788566
23100 -0.51557961 0.24345873 13.85360533
23200 -0.54840658 0.27279455 16.25991869
23300 -0.57031599 0.26766211 14.49586149
23400 -0.53504261 0.23452016 11.15756796
23500 -0.51117373 0.24777300 14.86348225
23600 -0.52806373 0.26113327 15.56937847
23700 -0.49728625 0.27656952 20.86345507
23800 -0.54276084 0.25461575 13.59117531
23900 -0.55031884 0.26307348 14.53058906
24000 -0.48061880 0.20396153 12.52993573
24100 -0.53471229 0.22518878 9.96735765
24200 -0.53739403 0.23198922 10.67033144
24300 -0.58396714 0.24921063 11.26043245
24400 -0.50117871 0.29950838 24.78462083
24500 -0.57183956 0.22858146 8.66310056
24600 -0.49529629 0.29267143 24.04257348
24700 -0.51749169 0.26338708 16.75147964
24800 -0.50392839 0.24063477 14.50394627
24900 -0.46542071 0.27120016 23.71053875
25000 -0.55979381 0.34228758 30.15990535
25100 -0.50957306 0.31995289 28.27815138
25200 -0.52116246 0.26855635 17.31329966
25300 -0.52254946 0.23621959 12.27718211
25400 -0.54550297 0.30103563 21.69262564
25500 -0.49688361 0.27601090 20.80641416
25600 -0.50220899 0.25537924 16.85289506
25700 -0.48874726 0.21317167 12.59249983
25800 -0.57600004 0.30783168 21.88500234
25900 -0.48262841 0.30895950 28.72008128
26000 -0.50083983 0.22077903 12.21015646
26100 -0.56258120 0.28891384 18.54430334
26200 -0.54639471 0.28545194 18.63297386
26300 -0.55265668 0.21462579 7.69023038
26400 -0.51604637 0.23737416 12.95993595
26500 -0.51324272 0.23855964 13.36279935
26600 -0.49191560 0.34661722 36.25114625
26700 -0.60007735 0.28114259 16.40632136
26800 -0.52127740 0.24524459 13.64661891
26900 -0.53195020 0.23941853 12.03415151
27000 -0.48110489 0.30830006 28.76248013
27100 -0.55125749 0.23769114 10.66734139
27200 -0.50734916 0.25635272 16.51517579
27300 -0.49648550 0.20099007 10.45712292
27400 -0.47892708 0.29908650 27.14704368
27500 -0.55052525 0.28172983 17.73674153
27600 -0.54259998 0.30098869 21.84560724
27700 -0.51348759 0.28190874 20.28759370
27800 -0.50302767 0.29077741 22.89982577
27900 -0.53144345 0.32148599 26.87802133
28000 -0.48245787 0.24270665 17.09067051
28100 -0.48809521 0.27375706 21.35709868
28200 -0.54384825 0.30745549 23.09540071
28300 -0.47765549 0.28645565 24.86694436
28400 -0.50491027 0.24967061 15.72167407
28500 -0.54577296 0.25423324 13.36423149
28600 -0.50445150 0.29331005 23.24914571
28700 -0.54792786 0.30511134 22.39108545
28800 -0.52461483 0.20626957 8.48807222
28900 -0.49141415 0.31490981 28.98855593
29000 -0.45164116 0.27847653 26.93210871
29100 -0.56787384 0.27462217 15.76249611
29200 -0.58818388 0.30647773 21.38633723
29300 -0.54984920 0.24372469 11.58594434
29400 -0.49765659 0.27269600 20.14904068
29500 -0.58533360 0.22635941 8.09090173
29600 -0.50962843 0.23461951 13.14471630
29700 -0.57868171 0.31725632 23.82738888
29800 -0.51543381 0.30326815 24.23469013
29900 -0.53403636 0.22281695 9.71760270
30000 -0.49613670 0.28217503 21.98766408
30100 -0.51342138 0.27003111 18.20321798
30200 -0.53005657 0.26930094 16.77744510
30300 -0.48886087 0.22487200 13.97246066
30400 -0.57165324 0.32574755 25.88274859
30500 -0.48547605 0.27653480 22.14013577
30600 -0.56011777 0.21947363 7.93227023
30700 -0.53643437 0.26704726 15.97268922
30800 -0.53575722 0.30283388 22.63435837
30900 -0.53487935 0.24772132 13.03114344
31000 -0.58043486 0.25844341 12.74355375
31100 -0.52592360 0.22102652 10.06736645
31200 -0.50996181 0.22644800 12.04798620
31300 -0.50820116 0.26321774 17.53352914
31400 -0.56323518 0.33934766 29.31947767
31500 -0.55808273 0.22859967 9.14746623
31600 -0.50410810 0.29063180 22.76786920
31700 -0.46953464 0.21886730 15.57532219
31800 -0.57178129 0.30880736 22.19840520
31900 -0.51790050 0.25546558 15.45493667
32000 -0.51421137 0.29232759 22.17479577
32100 -0.55433197 0.26724271 15.02784720
32200 -0.53159602 0.28240448 18.97524887
32300 -0.51877000 0.24085505 13.21922813
32400 -0.51875075 0.22430454 11.02653033
32500 -0.53712628 0.20966941 7.99024199
32600 -0.52875658 0.25199219 14.08862589
32700 -0.52713778 0.29231467 21.14691825
32800 -0.50648893 0.32331500 29.30695497
32900 -0.54852370 0.24589975 11.96827363
33000 -0.48577054 0.28510056 23.65529345
33100 -0.55766185 0.25103704 12.30235248
33200 -0.52140998 0.31964787 27.21078819
33300 -0.52263393 0.25493122 14.99459523
33400 -0.50979730 0.22540672 11.93168574
33500 -0.50256515 0.24777885 15.66606895
33600 -0.57037183 0.25533998 12.50416937
33700 -0.55607986 0.22278636 8.50273447
33800 -0.54687220 0.18915196 5.38531734
33900 -0.52180883 0.27863389 19.01196387
34000 -0.48128721 0.23355675 15.96506591
34100 -0.51665295 0.24995440 14.71652729
34200 -0.57433507 0.25344626 12.10222092
34300 -0.49179997 0.26589135 19.61359381
34400 -0.53336261 0.25183128 13.74664008
34500 -0.47676148 0.28524190 24.75114724
34600 -0.55535438 0.22011588 8.21052810
34700 -0.60524969 0.18683802 3.78420065
34800 -0.53696473 0.24398028 12.35188368
34900 -0.53208425 0.25510515 14.33507883
35000 -0.56014157 0.26930653 15.12669809
35100 -0.52064972 0.28924797 21.05563087
35200 -0.45687078 0.31261846 32.84629234
35300 -0.50118065 0.27497829 20.19133409
35400 -0.52511314 0.25975154 15.56429781
35500 -0.46618390 0.24552518 19.54216296
35600 -0.54269523 0.27767635 17.42636075
35700 -0.54263262 0.23596399 10.88861189
35800 -0.55085167 0.25176605 12.72424553
35900 -0.56625327 0.28898497 18.42707999
36000 -0.58016905 0.26345139 13.55481185
36100 -0.50020604 0.25115604 16.40349130
36200 -0.48166454 0.28418465 23.96363277
36300 -0.56739740 0.31515328 23.67693215
36400 -0.48496535 0.27943680 22.71526840
36500 -0.49533127 0.34760955 36.13301616
36600 -0.55514246 0.29131125 19.30609629
36700 -0.55174884 0.25704952 13.49636270
36800 -0.53297154 0.29264608 20.80266287
36900 -0.53262437 0.30615597 23.51988022
37000 -0.55739344 0.32703660 26.68046732
37100 -0.50849415 0.30862351 25.94854418
37200 -0.50702592 0.25765445 16.74955339
37300 -0.52547416 0.31903908 26.76610881
37400 -0.48297195 0.27140237 21.53716775
37500 -0.46408563 0.23765451 18.71073984
37600 -0.53273934 0.23045268 10.77094868
37700 -0.52810959 0.28437633 19.58143013
37800 -0.47230209 0.26678661 22.06226467
37900 -0.59154382 0.24051311 9.90772079
38000 -0.53960887 0.26298665 15.10586736
38100 -0.52873775 0.26791549 16.63696054
38200 -0.52596946 0.20063598 7.80406073
38300 -0.55164701 0.26919328 15.48218864
38400 -0.47779826 0.24759880 18.35933546
38500 -0.49293980 0.24444167 16.16264064
38600 -0.54528379 0.27295960 16.45444328
38700 -0.56211305 0.28966967 18.70500332
38800 -0.55138641 0.22499479 8.99348920
38900 -0.55464252 0.29827429 20.68499650
39000 -0.51613097 0.27291249 18.46637135
39100 -0.56827189 0.25216717 12.08076013
39200 -0.52554891 0.24061512 12.65778862
39300 -0.51127197 0.24792563 14.87732750
39400 -0.55915735 0.23435720 9.85999015
39500 -0.52970488 0.25704941 14.80296055
39600 -0.53732600 0.21238298 8.27898214
39700 -0.52612627 0.25662569 14.99446792
39800 -0.45256690 0.27491068 26.16513141
39900 -0.50385979 0.27541320 20.00636471
40000 -0.50976676 0.27096216 18.68504876
40100 -0.51370930 0.24555333 14.31592816
40200 -0.52609277 0.22996701 11.17685073
40300 -0.54253616 0.25255306 13.28726551
40400 -0.54643288 0.28646933 18.82012413
40500 -0.48913904 0.24392459 16.50221966
40600 -0.55548090 0.22966497 9.39747735
40700 -0.48955764 0.25093791 17.48988380
40800 -0.48464598 0.28219689 23.25112838
40900 -0.50445826 0.21428266 11.09437488
41000 -0.51993672 0.29208006 21.65243894
41100 -0.53583193 0.22165957 9.45929577
41200 -0.50148776 0.19903286 9.75608481
41300 -0.49100294 0.26322508 19.26139175
41400 -0.55418989 0.23405792 10.03504609
41500 -0.57562623 0.28934161 18.22216251
41600 -0.48776733 0.30650745 27.62074947
41700 -0.48269631 0.27052853 21.42006800
41800 -0.49877398 0.29544684 24.22308778
41900 -0.50114843 0.22812510 13.09383725
42000 -0.50817501 0.23113556 12.81418221
42100 -0.53422707 0.26787318 16.25374187
42200 -0.56966959 0.26894801 14.73168196
42300 -0.57461998 0.29713025 19.75223985
42400 -0.55665373 0.30570361 22.09643691
42500 -0.55116934 0.26257783 14.40799269
42600 -0.51026710 0.27738113 19.75803019
42700 -0.56456512 0.26513174 14.26206171
42800 -0.49363123 0.24797571 16.60556225
42900 -0.55420924 0.32633271 26.66164431
43000 -0.49083529 0.28914738 23.84683193
43100 -0.49609539 0.28345037 22.22510260
43200 -0.51802673 0.24258625 13.52522811
43300 -0.52517799 0.26315815 16.10945722
43400 -0.56902871 0.26005065 13.28771629
43500 -0.50556628 0.30071084 24.60128493
43600 -0.48023728 0.26461454 20.72052790
43700 -0.50510778 0.29232340 22.99641109
43800 -0.49677371 0.26623899 19.14553531
43900 -0.50945471 0.27190244 18.87444998
44000 -0.51632073 0.29858461 23.21903356
44100 -0.50214484 0.22713033 12.86887714
44200 -0.48741232 0.29118302 24.61346641
44300 -0.49275834 0.25972029 18.50567219
44400 -0.53409948 0.28479497 19.24602942
44500 -0.53347052 0.24677463 12.98448259
44600 -0.51751576 0.22659183 11.41457087
44700 -0.49179974 0.29011696 23.92587718
44800 -0.47872719 0.24877889 18.42112675
44900 -0.52683365 0.26854144 16.87976569
45000 -0.58648212 0.23938863 9.80596165
45100 -0.61525207 0.22843402 8.36396203
45200 -0.51689437 0.32317083 28.35588311
45300 -0.56157919 0.21104404 6.90346910
45400 -0.49275883 0.27021498 20.23690367
45500 -0.50442450 0.19034881 8.64879197
45600 -0.49544407 0.30607456 26.69933285
45700 -0.50268491 0.30596081 25.94504064
45800 -0.52360562 0.33244764 29.93400358
45900 -0.47386530 0.25027350 19.24604294
46000 -0.52127963 0.25528957 15.15587386
46100 -0.52729732 0.25754015 15.05228915
46200 -0.50852912 0.27077842 18.76609504
46300 -0.52058901 0.28010862 19.37261003
46400 -0.56440248 0.31191661 23.08791554
46500 -0.55414234 0.28114737 17.45864807
46600 -0.53918807 0.22440623 9.58750099
46700 -0.46788273 0.30130352 28.98904155
46800 -0.53616975 0.27533979 17.40917162
46900 -0.51662562 0.25558338 15.57873810
47000 -0.48159628 0.30013449 27.03662665
47100 -0.51817395 0.31092145 25.59167975
47200 -0.52946505 0.31157030 24.86858485
47300 -0.48518842 0.23053149 15.11008512
47400 -0.54755694 0.22208766 8.82783507
47500 -0.55375530 0.31950145 25.15972979
47600 -0.53448889 0.28001812 18.34911364
47700 -0.52751116 0.28372473 19.50470461
47800 -0.51137867 0.31804499 27.69867849
47900 -0.49928459 0.26370701 18.47178955
48000 -0.53246688 0.27359341 17.34769668
48100 -0.48458175 0.28662319 24.07479382
48200 -0.52725631 0.25651742 14.89467299
48300 -0.48717326 0.26375490 19.77277047
48400 -0.53470709 0.19517089 6.66033150
48500 -0.55492350 0.27189504 15.78989771
48600 -0.60286139 0.28139104 16.45544784
48700 -0.52932093 0.25509234 14.52458209
48800 -0.52081223 0.30123370 23.38285355
48900 -0.53319126 0.29705062 21.64617717
49000 -0.51988254 0.31234289 25.75415454
49100 -0.51670264 0.27874471 19.44406156
49200 -0.58987715 0.19172802 4.25825092
49300 -0.48230989 0.29000674 24.97676215
49400 -0.54764620 0.26041890 14.23757131
49500 -0.52965735 0.21643494 9.25259184
49600 -0.54674921 0.28490031 18.51188620
49700 -0.48776044 0.20530494 11.84342484
49800 -0.51984975 0.26034207 16.06682140
49900 -0.50656483 0.27281053 19.29680568
50000 -0.50044509 0.27658806 20.54726088
50100 -0.52078369 0.30315506 23.77360168
50200 -0.57073112 0.22219241 7.89382582
50300 -0.48930781 0.24725817 16.96886444
50400 -0.49095750 0.26465090 19.50009174
50500 -0.48749082 0.24144711 16.33280049
50600 -0.49437725 0.29798276 25.17666925
50700 -0.57478206 0.20367763 5.69249803
50800 -0.47618403 0.23930146 17.36764521
50900 -0.50684837 0.25234026 15.94238989
51000 -0.58275512 0.19227428 4.40596474
51100 -0.47777303 0.27860251 23.41914557
51200 -0.56771730 0.31613271 23.87775945
51300 -0.55428575 0.29372434 19.80945586
51400 -0.52266673 0.23002282 11.44318470
51500 -0.56747679 0.26582590 14.27799370
51600 -0.52641564 0.24185262 12.76841106
51700 -0.56777430 0.29392933 19.32354114
51800 -0.52571387 0.29769563 22.30099484
51900 -0.52824820 0.22384511 10.24296604
52000 -0.54584239 0.25394400 13.31590113
52100 -0.53421403 0.25381621 13.99360965
52200 -0.57017688 0.25197651 11.99313908
52300 -0.54732307 0.26959767 15.76911499
52400 -0.49816401 0.22932354 13.54757298
52500 -0.51380590 0.26290787 16.98419909
52600 -0.47161345 0.25555842 20.34076397
52700 -0.50574624 0.23250131 13.22018350
52800 -0.52272186 0.25135416 14.43999605
52900 -0.53215062 0.27705069 17.97524201
53000 -0.55960499 0.23248098 9.59148388
53100 -0.55567771 0.24526851 11.53370231
53200 -0.50643129 0.22948472 12.76069757
53300 -0.52711654 0.25733456 15.03308130
53400 -0.54520364 0.15934500 3.26223490
53500 -0.49900488 0.20691106 10.81499446
53600 -0.51618926 0.23808802 13.04627111
53700 -0.53838019 0.27013805 16.37197834
53800 -0.50853887 0.30660322 25.52501333
53900 -0.50115355 0.26973732 19.29068815
54000 -0.49353973 0.33437564 33.13286513
54100 -0.58646684 0.21607775 6.82859512
54200 -0.48073526 0.24694224 17.90805041
54300 -0.49909226 0.26221171 18.24750667
54400 -0.49689085 0.26700116 19.26044182
54500 -0.56919001 0.27820523 16.35318048
54600 -0.56481760 0.32108108 25.05732350
54700 -0.54505988 0.24814709 12.48298844
54800 -0.52567237 0.27114102 17.40692169
54900 -0.51574774 0.29135548 21.85768209
55000 -0.48246876 0.29463783 25.84873766
55100 -0.53873595 0.26525067 15.53053367
55200 -0.53955514 0.22812058 10.03423148
55300 -0.53592098 0.27680409 17.68290320
55400 -0.56743542 0.18684555 4.30130102
55500 -0.51954354 0.33060473 29.82589317
55600 -0.48119174 0.34835432 37.89763694
55700 -0.50710838 0.27373792 19.40685815
55800 -0.53611866 0.28925184 19.94854108
55900 -0.52449840 0.25354771 14.63869534
56000 -0.57197880 0.29205297 18.83476450
56100 -0.54456345 0.33250139 28.56505497
56200 -0.49071001 0.28291170 22.70049650
56300 -0.49635712 0.27773717 21.16617460
56400 -0.52944782 0.24103394 12.43409209
56500 -0.58769881 0.22139545 7.44408676
56600 -0.51509372 0.19565624 8.17959630
56700 -0.49015306 0.30534377 27.11620563
56800 -0.55916123 0.24841918 11.84802892
56900 -0.55437012 0.28691257 18.50919672
57000 -0.56020997 0.25626003 13.00022114
57100 -0.51441637 0.16506837 5.77922509
57200 -0.59320953 0.21506682 6.64324120
57300 -0.48942992 0.24379199 16.45094020
57400 -0.54284197 0.30566009 22.78155711
57500 -0.55674396 0.27634312 16.48399085
57600 -0.50560050 0.26136269 17.47459236
57700 -0.57525074 0.29402543 19.12919610
57800 -0.54061198 0.22790601 9.94344226
57900 -0.50885135 0.22548271 12.02699296
58000 -0.55280235 0.31261595 23.71657984
58100 -0.56458753 0.25759818 13.04561475
58200 -0.47376128 0.31120196 30.27124212
58300 -0.52926984 0.31326948 25.24331306
58400 -0.55480559 0.28980522 19.03427747
58500 -0.48061271 0.27518696 22.47189811
58600 -0.54460334 0.25565424 13.64851613
58700 -0.54263754 0.27236641 16.50031467
58800 -0.54812275 0.25823949 13.86549208
58900 -0.55640036 0.28741486 18.51262873
59000 -0.56277525 0.24817426 11.67064672
59100 -0.55267406 0.28537057 18.30099661
59200 -0.51917581 0.26673723 17.16692685
59300 -0.56224450 0.30121942 20.95736635
59400 -0.53533109 0.26599745 15.86861136
59500 -0.55126245 0.29259287 19.73368072
59600 -0.59954248 0.27754331 15.76091893
59700 -0.48124482 0.30450170 27.96186993
59800 -0.53395870 0.26190182 15.28682578
59900 -0.50358145 0.26098681 17.60664515
60000 -0.51292994 0.25979442 16.55772579
60100 -0.56901589 0.27596891 15.96253568
60200 -0.50427544 0.28827933 22.30614877
60300 -0.53881321 0.23889215 11.51742651
60400 -0.51392094 0.31456908 26.72474675
60500 -0.52819155 0.28908329 20.45447265
60600 -0.56120168 0.19828960 5.58307783
60700 -0.55534911 0.31067857 23.18958123
60800 -0.56848794 0.23487631 9.59231504
60900 -0.54165427 0.24747162 12.57605125
61000 -0.47547998 0.25871954 20.34856408
61100 -0.52506192 0.25328811 14.55647942
61200 -0.47883564 0.28339133 24.15658981
61300 -0.54951562 0.29891984 21.05888795
61400 -0.55090930 0.26867725 15.43095567
61500 -0.56569201 0.25297102 12.28858534
61600 -0.54567105 0.19186230 5.69515854
61700 -0.54761991 0.26818422 15.51480307
61800 -0.55418496 0.32669264 26.74428649
61900 -0.58861647 0.27677001 15.68861067
62000 -0.50425479 0.24674086 15.35001295
62100 -0.50242492 0.31226405 27.28846176
62200 -0.56054263 0.24646156 11.50393558
62300 -0.51931498 0.29267763 21.81737099
62400 -0.50768750 0.32130164 28.74800644
62500 -0.57459787 0.28081046 16.66884585
62600 -0.48633875 0.28693532 23.93184736
62700 -0.53636230 0.21326215 8.43903571
62800 -0.53290291 0.23028649 10.73829436
62900 -0.55942015 0.24221787 10.93632316
63000 -0.54080981 0.24442117 12.18047593
63100 -0.57023489 0.21520188 7.07871784
63200 -0.52318768 0.28416709 19.90882423
63300 -0.50197626 0.28721476 22.32901007
63400 -0.53284293 0.25344152 14.02718511
63500 -0.48967994 0.25792453 18.55533655
63600 -0.55399571 0.24228003 11.18000153
63700 -0.61665595 0.25843567 12.68964100
63800 -0.48819377 0.26925933 20.57467704
63900 -0.49793165 0.26480329 18.78903507
64000 -0.59466713 0.25624844 12.22100786
64100 -0.51786644 0.24340287 13.65515190
64200 -0.50846776 0.23939992 13.90524479
64300 -0.50921985 0.21926406 11.23247662
64400 -0.48777668 0.28533093 23.47081454
64500 -0.53252632 0.26186038 15.37573986
64600 -0.51479431 0.26400818 17.07934560
64700 -0.52351776 0.25401085 14.78443726
64800 -0.53778511 0.30699029 23.35783634
64900 -0.55933539 0.24848539 11.85076065
65000 -0.56412859 0.31278973 23.28311320
65100 -0.54752889 0.29453571 20.29868034
65200 -0.53343323 0.23828375 11.77676496
65300 -0.50629989 0.24675716 15.15868727
65400 -0.61336656 0.18337903 3.56536391
65500 -0.52162085 0.31561190 26.31589235
65600 -0.56961522 0.21745103 7.35898981
65700 -0.48077560 0.28931505 25.02732277
65800 -0.55991528 0.21033603 6.89041223
65900 -0.48858173 0.24985964 17.43597113
66000 -0.53908291 0.31072312 24.05756290
66100 -0.57720396 0.30723277 21.73254106
66200 -0.51563754 0.27852025 19.49325130
66300 -0.55078972 0.30559264 22.34499207
66400 -0.52302094 0.29345261 21.67484463
66500 -0.53795474 0.28765511 19.53202670
66600 -0.51165973 0.24081791 13.81684375
66700 -0.54107728 0.26648683 15.59487565
66800 -0.53555255 0.31491520 25.17100828
66900 -0.51143958 0.26337218 17.26670973
67000 -0.53765012 0.27050812 16.48026313
67100 -0.52439639 0.23514509 11.99005118
67200 -0.52343114 0.31236435 25.48070330
67300 -0.56042737 0.32478652 26.04748631
67400 -0.49819284 0.27851660 21.11643646
67500 -0.58626588 0.28317270 16.87043181
67600 -0.50856146 0.26677496 18.08744662
67700 -0.49008341 0.29246280 24.56179347
67800 -0.53638434 0.28024019 18.26673872
67900 -0.48215114 0.26404254 20.39915405
68000 -0.52631214 0.19959308 7.67434113
68100 -0.54072354 0.24759566 12.64908831
68200 -0.47842026 0.30068647 27.52834645
68300 -0.51795466 0.27914747 19.41262668
68400 -0.55992672 0.29737589 20.28155414
68500 -0.51131152 0.29521067 22.98642668
68600 -0.52632263 0.19294523 7.03358554
68700 -0.53017649 0.22484711 10.23106155
68800 -0.53601548 0.26298834 15.32960958
68900 -0.53132484 0.24966901 13.55854480
69000 -0.54842712 0.31869111 25.24278229
69100 -0.55268030 0.27518699 16.46481763
69200 -0.53044871 0.23673463 11.76687063
69300 -0.53226757 0.25558778 14.39761946
69400 -0.56994971 0.19668756 5.12575230
69500 -0.55981619 0.24950652 11.98346855
69600 -0.50368179 0.20409759 10.05675375
69700 -0.52324593 0.22485377 10.73982534
69800 -0.48920084 0.22138507 13.50539501
69900 -0.51506585 0.25630882 15.82312904
70000 -0.52746417 0.25267541 14.28561359
70100 -0.49443737 0.24641893 16.29098647
70200 -0.49396785 0.27974181 21.77496760
70300 -0.54097889 0.24452529 12.18552549
70400 -0.48332609 0.24270005 16.98805353
70500 -0.53445629 0.28904208 20.01644239
70600 -0.52374195 0.23893390 12.55895868
70700 -0.56287708 0.23642900 9.99549107
70800 -0.56750167 0.32900349 26.74936902
70900 -0.60519688 0.22737816 8.12610134
71000 -0.56713001 0.28357379 17.38988599
71100 -0.53736881 0.26236573 15.14264839
71200 -0.53992119 0.29689323 21.18820406
71300 -0.55140543 0.23448564 10.22391012
71400 -0.49553044 0.17590319 8.33759145
71500 -0.49444693 0.24961255 16.76268287
71600 -0.55507955 0.30389214 21.79492505
71700 -0.58695587 0.25062440 11.42892947
71800 -0.51192678 0.24376645 14.21284185
71900 -0.46619044 0.27755551 24.71547923
72000 -0.57395893 0.25245453 11.96026088
72100 -0.45949339 0.20953958 15.87051400
72200 -0.50969957 0.26826122 18.23300400
72300 -0.50630676 0.24286663 14.59464853
72400 -0.55490709 0.30220341 21.45979453
72500 -0.49646052 0.32019635 29.60342831
72600 -0.57453831 0.24916137 11.44870638
72700 -0.54253986 0.20682253 7.35636059
72800 -0.52200413 0.27728597 18.75683509
72900 -0.55242861 0.23744257 10.57674865
73000 -0.52520798 0.24151793 12.81058623
73100 -0.56816835 0.16323348 2.50586340
73200 -0.55139091 0.35013661 32.46558352
73300 -0.49079158 0.23503851 15.08093910
73400 -0.51002699 0.29032566 22.15949941
73500 -0.54892473 0.29662356 20.63475411
73600 -0.57561699 0.22034434 7.53864514
73700 -0.56405720 0.23585982 9.87488760
73800 -0.54057200 0.31497747 24.87350021
73900 -0.61866142 0.22563473 8.06616742
74000 -0.54080075 0.24006023 11.56071003
74100 -0.50454887 0.28753340 22.13984733
74200 -0.56949567 0.21320197 6.87259978
74300 -0.48690550 0.28431487 23.38116879
74400 -0.53108845 0.25088413 13.75741121
74500 -0.53349565 0.22615798 10.16933260
74600 -0.50344883 0.29352520 23.38706566
74700 -0.54714153 0.27912574 17.44002512
74800 -0.49864158 0.29816198 24.77084978
74900 -0.52373161 0.27003481 17.36435287
75000 -0.50052177 0.24901702 16.05099524
75100 -0.53263862 0.31359857 25.08095148
75200 -0.53822168 0.29629759 21.17465328
75300 -0.58261501 0.22145001 7.52617089
75400 -0.49397887 0.26074898 18.54035753
75500 -0.56720517 0.23850103 10.12901825
75600 -0.51369291 0.26748135 17.74945896
75700 -0.55508738 0.24502045 11.52403657
75800 -0.55616575 0.27739442 16.69511151
75900 -0.57584285 0.31533071 23.47544086
76000 -0.53810284 0.27282833 16.85044521
76100 -0.53100228 0.26219668 15.53422319
76200 -0.56402116 0.25466564 12.60796832
76300 -0.54237255 0.32350501 26.63770698
76400 -0.53066645 0.31567417 25.66124341
76500 -0.50605120 0.26868247 18.64007710
76600 -0.50217016 0.23450332 13.83091023
76700 -0.52297415 0.23459932 12.02497949
76800 -0.52136424 0.25700467 15.41702365
76900 -0.53105084 0.30263362 22.90718571
77000 -0.51095714 0.32153745 28.50373651
77100 -0.47385891 0.21140895 14.16176339
77200 -0.53190955 0.22904138 10.64399305
77300 -0.52263153 0.27826929 18.88290997
77400 -0.53880910 0.30466443 22.81592757
77500 -0.50226292 0.25548460 16.86399860
77600 -0.55692259 0.28642626 18.30520605
77700 -0.53206250 0.31148930 24.67161401
77800 -0.50849093 0.27944495 20.28719986
77900 -0.49484749 0.23337212 14.42258667
78000 -0.52652843 0.22614580 10.65541777
78100 -0.54739199 0.26670580 15.27921300
78200 -0.49194089 0.25567815 17.95622905
78300 -0.53360446 0.28162996 18.69890447
78400 -0.53528493 0.30348632 22.79736229
78500 -0.53316005 0.29413512 21.07801200
78600 -0.46114896 0.23641536 18.94438063
78700 -0.51655840 0.28879257 21.30256750
78800 -0.56853570 0.30441451 21.38764683
78900 -0.50981892 0.26996216 18.50988153
79000 -0.51282870 0.19017355 7.86505222
79100 -0.53819487 0.28625217 19.25487268
79200 -0.63532025 0.21179438 6.87275170
79300 -0.54903719 0.30608651 22.53442815
79400 -0.52144541 0.24298520 13.30779590
79500 -0.57666064 0.26937624 14.61651790
79600 -0.51351345 0.30814836 25.40283076
79700 -0.51046815 0.25611747 16.19430756
79800 -0.57017660 0.28944081 18.38862770
79900 -0.51877254 0.25968644 16.04882898
80000 -0.59230945 0.21770295 6.95656494
80100 -0.57470951 0.22598994 8.25653706
80200 -0.56988754 0.24864458 11.50098621
80300 -0.47797579 0.27204958 22.24548316
80400 -0.50802737 0.26702869 18.17877427
80500 -0.51730522 0.28040569 19.69231992
80600 -0.57127361 0.31701943 23.96131904
80700 -0.51338768 0.28137996 20.20019186
80800 -0.48021265 0.24770184 18.08242147
80900 -0.54349198 0.28044807 17.87733006
81000 -0.49004496 0.32486166 31.32643963
81100 -0.57828806 0.22588557 8.15929240
81200 -0.50625906 0.26637995 18.23482514
81300 -0.51073017 0.30072332 24.12947663
81400 -0.50318209 0.27969224 20.83150461
81500 -0.59928811 0.20283782 5.28806214
81600 -0.57230141 0.26775397 14.45430361
81700 -0.54626743 0.32158196 25.99287623
81800 -0.51190930 0.25372299 15.69536405
81900 -0.52492014 0.25579884 14.95513131
82000 -0.54495159 0.23104344 10.10135496
82100 -0.46273369 0.25476112 21.39652180
82200 -0.52200096 0.27958366 19.16707070
82300 -0.56346499 0.27127389 15.33477579
82400 -0.58160500 0.24348735 10.46349735
82500 -0.49576171 0.21142166 11.64020360
82600 -0.48419405 0.21844370 13.71996441
82700 -0.55410084 0.20821548 6.90866136
82800 -0.57824024 0.25214290 11.81047397
82900 -0.50787915 0.30067381 24.37811446
83000 -0.56683373 0.32960080 26.90826560
83100 -0.53070410 0.24585346 13.03757629
83200 -0.51819823 0.25330417 15.09684850
83300 -0.49477297 0.24565910 16.14465081
83400 -0.53006560 0.19815207 7.26232415
83500 -0.50372766 0.24057211 14.51444033
83600 -0.52161198 0.29331659 21.75799272
83700 -0.55009730 0.29407198 20.07710529
83800 -0.48282811 0.23507648 15.98745364
83900 -0.51415758 0.29343368 22.39275458
84000 -0.51311857 0.27128866 18.44409428
84100 -0.53878157 0.33324669 29.07585707
84200 -0.53934343 0.27171088 16.58192225
84300 -0.54250869 0.26835169 15.82377052
84400 -0.52886418 0.31478872 25.59724951
84500 -0.55727270 0.27357040 15.97615244
84600 -0.55401682 0.27513687 16.39368880
84700 -0.47476153 0.25742294 20.23332801
84800 -0.61395040 0.26795067 14.20102134
84900 -0.52061244 0.27530399 18.51693755
85000 -0.52883445 0.26844970 16.71991792
85100 -0.57543179 0.30428022 21.16700180
85200 -0.54404087 0.20984995 7.59921773
85300 -0.53889529 0.23927721 11.56596280
85400 -0.58680777 0.18435766 3.64512493
85500 -0.52008982 0.24464508 13.65391898
85600 -0.50869800 0.26918901 18.48048828
85700 -0.56009785 0.27652933 16.37739352
85800 -0.49857764 0.17131721 7.68631972
85900 -0.55627481 0.28710139 18.45941154
86000 -0.58313700 0.23798455 9.66204798
86100 -0.54361818 0.26060543 14.48650679
86200 -0.53125117 0.30052512 22.46836321
86300 -0.54901046 0.30437563 22.18466506
86400 -0.52277718 0.28965092 20.96541740
86500 -0.51465025 0.21797934 10.60185217
86600 -0.58647040 0.29076790 18.28772008
86700 -0.54673892 0.23939930 11.13445310
86800 -0.54338142 0.26777073 15.67634079
86900 -0.55211834 0.30653650 22.47498882
87000 -0.49289747 0.24478947 16.21747203
87100 -0.49384973 0.22042514 12.88504694
87200 -0.54622205 0.24930420 12.59190603
87300 -0.50011830 0.32292193 29.83527059
87400 -0.55010786 0.25961214 13.98263125
87500 -0.48021457 0.30252382 27.68222408
87600 -0.53312524 0.26728665 16.22852770
87700 -0.49193351 0.28147134 22.30510639
87800 -0.50405802 0.26151845 17.64653630
87900 -0.50776960 0.30813057 25.91238989
88000 -0.51364512 0.23764701 13.20193245
88100 -0.56705285 0.25508807 12.56891291
88200 -0.57090683 0.30985374 22.44250319
88300 -0.49738908 0.32626062 30.86143517
88400 -0.55939852 0.28275925 17.52471196
88500 -0.53886266 0.31196155 24.33273583
88600 -0.62382405 0.26792626 14.38340782
88700 -0.54612573 0.27887535 17.44941490
88800 -0.50129864 0.27731408 20.59112172
88900 -0.53197584 0.25945727 15.02695389
89000 -0.52450567 0.26998213 17.29665947
89100 -0.54787282 0.30847744 23.09004346
89200 -0.52546422 0.27308508 17.75701341
89300 -0.51888868 0.30822799 24.96897077
89400 -0.51618057 0.27780855 19.32078871
89500 -0.58745665 0.26161121 13.13775945
89600 -0.51927446 0.24628517 13.95798145
89700 -0.54166011 0.25846196 14.25686727
89800 -0.51976086 0.22547744 11.09145306
89900 -0.52006555 0.34127736 32.30214109
90000 -0.59916334 0.23372398 8.94140106
90100 -0.56015556 0.27438135 15.99821672
90200 -0.57242621 0.23248784 9.15667050
90300 -0.51018486 0.28978103 22.04179886
90400 -0.50984991 0.23370754 13.00237227
90500 -0.54424172 0.27865938 17.51408002
90600 -0.52015475 0.29826820 22.84277182
90700 -0.53442895 0.25221509 13.73449822
90800 -0.53703258 0.32007899 26.19982820
90900 -0.52071823 0.29122446 21.42619696
91000 -0.52946528 0.28358672 19.33961635
91100 -0.51057966 0.28582665 21.26377054
91200 -0.52657788 0.26932164 17.03031220
91300 -0.54097839 0.29186666 20.14818278
91400 -0.46660696 0.30928369 30.79668272
91500 -0.50778210 0.22243814 11.74761937
91600 -0.55847710 0.21440071 7.40583686
91700 -0.50286625 0.21551637 11.38949910
91800 -0.52484003 0.23641646 12.12923595
91900 -0.49101121 0.29867306 25.67477063
92000 -0.63797942 0.22356662 8.35557296
92100 -0.56232911 0.26924558 15.03158072
92200 -0.54679323 0.27114557 16.06088282
92300 -0.55864193 0.28499808 17.96739030
92400 -0.52055991 0.24496601 13.66293540
92500 -0.55495767 0.21282533 7.37918286
92600 -0.52127571 0.25680822 15.39316615
92700 -0.57633977 0.22589269 8.20438790
92800 -0.53833718 0.25107457 13.31291394
92900 -0.49386301 0.28607002 22.94355627
93000 -0.57792540 0.24593363 10.89195600
93100 -0.56412356 0.23618513 9.91675481
93200 -0.54818657 0.26997001 15.78721718
93300 -0.54033192 0.26740753 15.79278086
93400 -0.55100798 0.22889591 9.50718758
93500 -0.52876403 0.20438010 7.98488484
93600 -0.54127607 0.28915544 19.61413988
93700 -0.59188788 0.30523746 21.09411095
93800 -0.48280241 0.26618243 20.67593765
93900 -0.50117231 0.19624440 9.51494828
94000 -0.49939656 0.24926154 16.20003033
94100 -0.51924733 0.28195434 19.81418747
94200 -0.60919146 0.27495382 15.34666114
94300 -0.51451589 0.29204263 22.09395196
94400 -0.44751372 0.21863327 18.66295908
94500 -0.56181124 0.19742530 5.47503496
94600 -0.50992798 0.24335541 14.33187194
94700 -0.53672841 0.26231779 15.17517995
94800 -0.52648305 0.25751952 15.10856970
94900 -0.52212613 0.23422876 12.04084935
95000 -0.52726351 0.22949816 11.03018534
95100 -0.56166441 0.29931486 20.59801452
95200 -0.54462480 0.28160762 18.02387096
95300 -0.56138980 0.31354574 23.54626612
95400 -0.56256212 0.28406572 17.64089252
95500 -0.53808704 0.27115462 16.56355903
95600 -0.54724461 0.20835801 7.26229536
95700 -0.49557806 0.26255823 18.66456049
95800 -0.54361594 0.27252569 16.47213712
95900 -0.55175651 0.27192886 15.94348362
96000 -0.53608799 0.28837626 19.78518034
96100 -0.53832087 0.29012439 19.97579896
96200 -0.49443592 0.34922219 36.62773858
96300 -0.55001106 0.31031014 23.36462528
96400 -0.51231959 0.28863577 21.63565411
96500 -0.51243443 0.30602509 25.05703255
96600 -0.58332092 0.26886746 14.39720513
96700 -0.52537525 0.28787049 20.43208729
96800 -0.53632820 0.26287546 15.29125761
96900 -0.51878902 0.29577460 22.46145791
97000 -0.54825613 0.28575956 18.59202040
97100 -0.46149789 0.30227875 30.04976430
97200 -0.51239767 0.25220420 15.42014302
97300 -0.53685107 0.27252169 16.87575957
97400 -0.58066371 0.23626972 9.47166465
97500 -0.47633525 0.19256512 11.93063612
97600 -0.54159628 0.30344647 22.40073134
97700 -0.55994044 0.26209967 13.94053570
97800 -0.56486817 0.30880079 22.41600783
97900 -0.49209794 0.23817247 15.36724310
98000 -0.57235517 0.19367868 4.76996546
98100 -0.48158022 0.27606361 22.51081894
98200 -0.47673298 0.30743254 29.11150846
98300 -0.55798584 0.26348304 14.24594743
98400 -0.56689603 0.29919253 20.38676782
98500 -0.56388624 0.26418975 14.13123830
98600 -0.54281984 0.27109271 16.27114360
98700 -0.53067608 0.24523148 12.94899417
98800 -0.56151891 0.19061693 4.84611087
98900 -0.55178897 0.29950151 21.06257749
99000 -0.55684081 0.25691826 13.24302758
99100 -0.53707081 0.27529321 17.34389550
99200 -0.57056479 0.30067339 20.56812059
99300 -0.55329389 0.25288505 12.77764911
99400 -0.51783801 0.26660156 17.25333686
99500 -0.56745837 0.27710524 16.21261248
99600 -0.57565646 0.16957875 2.71690510
99700 -0.53727403 0.29484186 20.94894904
99800 -0.49719369 0.22446215 13.02998189
99900 -0.49818465 0.29691508 24.57095810
100000 -0.52242511 0.23916846 12.69286129
100100 -0.53326589 0.22369044 9.87638290
100200 -0.52767053 0.23969147 12.37262944
100300 -0.49256289 0.34238353 35.14625269
100400 -0.50108288 0.25145663 16.36185358
100500 -0.52186633 0.28564665 20.28477568
100600 -0.55455809 0.26268123 14.26507477
100700 -0.56095580 0.25189509 12.29828358
100800 -0.48312719 0.21298061 13.21193692
100900 -0.49959629 0.30038124 25.11677241
101000 -0.52876339 0.30079081 22.69580208
101100 -0.49518540 0.28607896 22.80573978
101200 -0.50892882 0.18955150 8.15671543
101300 -0.52983261 0.25908466 15.11569544
101400 -0.57827234 0.28869959 18.03981317
101500 -0.53401747 0.25256898 13.81549495
101600 -0.51295359 0.29009643 21.85686563
101700 -0.54980705 0.24884506 12.33709242
101800 -0.51098542 0.28812223 21.65678413
101900 -0.46583340 0.31372098 31.83866560
102000 -0.57151332 0.23151593 9.05396517
102100 -0.58958774 0.33609459 27.92453452
102200 -0.51221871 0.22328608 11.45250665
102300 -0.54863822 0.19512003 5.84292638
102400 -0.51941456 0.21558926 9.92744481
102500 -0.56468034 0.27025004 15.11627756
102600 -0.51479321 0.23806034 13.16042672
102700 -0.50894862 0.29111957 22.40852082
102800 -0.58995762 0.22033872 7.29112794
102900 -0.50567058 0.23751295 13.90392508
103000 -0.55030459 0.32441913 26.41679044
103100 -0.54267019 0.25108702 13.05699810
103200 -0.54691166 0.26273506 14.65053499
103300 -0.52604648 0.28908063 20.61030329
103400 -0.51782914 0.24339306 13.65681010
103500 -0.49199777 0.32952889 32.17399763
103600 -0.54261787 0.27248819 16.52244327
103700 -0.49648268 0.30549565 26.47214972
103800 -0.58410467 0.31617585 23.49232916
103900 -0.48799141 0.25309309 17.99170958
104000 -0.57989616 0.24584290 10.83715758
104100 -0.53967857 0.31641186 25.23638325
104200 -0.51989938 0.25383548 15.04073152
104300 -0.57624041 0.30579135 21.45729785
104400 -0.50502797 0.29615228 23.74770221
104500 -0.51363281 0.27312448 18.71568856
104600 -0.54796307 0.28009472 17.57097423
104700 -0.53047567 0.25219346 13.99824110
104800 -0.50965753 0.27766116 19.86262602
104900 -0.51403653 0.17295448 6.35603747
105000 -0.50854405 0.28508536 21.31038962
105100 -0.52426790 0.18032464 6.09369914
105200 -0.56362048 0.25797162 13.13925075
105300 -0.51656968 0.26239918 16.66705575
105400 -0.56321034 0.27598284 16.16171891
105500 -0.54542371 0.26585891 15.24387502
105600 -0.56631100 0.25990575 13.35239950
105700 -0.50535137 0.25000134 15.72938260
105800 -0.54878434 0.27899889 17.33182238
105900 -0.56170280 0.22350941 8.36062511
106000 -0.52562683 0.26829493 16.92727544
106100 -0.50288131 0.26580204 18.46117787
106200 -0.51239052 0.30268631 24.37858011
106300 -0.53675321 0.28729705 19.54017050
106400 -0.55517137 0.31960755 25.11854145
106500 -0.50663030 0.27391827 19.48273215
106600 -0.52378213 0.24203186 12.99110699
106700 -0.49906069 0.26247707 18.29377007
106800 -0.57833054 0.20966093 6.24754279
106900 -0.53910984 0.25831203 14.38515481
107000 -0.55859508 0.14225802 1.75005360
107100 -0.54737940 0.28178714 17.90774611
107200 -0.48090525 0.28578876 24.35051115
107300 -0.52037359 0.30609349 24.40744689
107400 -0.54021553 0.28088245 18.14632168
107500 -0.51049465 0.29589814 23.19364381
107600 -0.51665788 0.29065349 21.64733036
107700 -0.52747998 0.19207622 6.86859118
107800 -0.51602658 0.22564763 11.41943204
107900 -0.54970602 0.22395733 8.94745214
108000 -0.50775127 0.27221925 19.08464916
108100 -0.50117561 0.28275011 21.58193194
108200 -0.54388472 0.24460937 12.03039757
108300 -0.57249857 0.27325863 15.38744156
108400 -0.57393599 0.20471771 5.82256571
108500 -0.52246810 0.23470040 12.07769618
108600 -0.57599234 0.25093098 11.67826480
108700 -0.53536020 0.31496032 25.19312184
108800 -0.56004310 0.25303896 12.50873839
108900 -0.50713163 0.24743947 15.18146630
109000 -0.51978414 0.32442767 28.40118134
109100 -0.47651767 0.22122400 14.97157134
109200 -0.55147560 0.24046755 11.04287567
109300 -0.48693567 0.27849628 22.32223134
109400 -0.50715253 0.19687976 9.00317068
109500 -0.55106677 0.26717976 15.17176720
109600 -0.58200199 0.25712480 12.50606474
109700 -0.47958236 0.26455460 20.78931133
109800 -0.52553645 0.27159649 17.49508795
109900 -0.51210338 0.22109850 11.19533166
110000 -0.57016940 0.20838112 6.31816576
110100 -0.50302907 0.25472588 16.67172860
110200 -0.54534037 0.25830810 14.02456461
110300 -0.51837452 0.31876122 27.25959480
110400 -0.53728500 0.21973125 9.13437170
110500 -0.50899784 0.25914390 16.80408637
110600 -0.53673924 0.29716167 21.43732312
110700 -0.47869610 0.22154850 14.74433726
110800 -0.55251669 0.23811380 10.66504399
110900 -0.51809278 0.29523130 22.41202676
111000 -0.58325106 0.30403673 20.95575771
111100 -0.57406668 0.30542155 21.43527566
111200 -0.48467705 0.27817956 22.52367031
111300 -0.53906579 0.21767899 8.78066118
111400 -0.49986054 0.22487650 12.81102590
111500 -0.48992648 0.26081856 18.98939494
111600 -0.55346614 0.21060184 7.19908359
111700 -0.50330833 0.19135716 8.84770534
111800 -0.53810740 0.25638205 14.14301929
111900 -0.50736293 0.16457104 6.37552278
112000 -0.56006997 0.26386384 14.22288313
112100 -0.50028468 0.23092745 13.54257039
112200 -0.54623973 0.26695446 15.38197934
112300 -0.57985852 0.20498340 5.71359662
112400 -0.58878931 0.24000208 9.86313077
112500 -0.52813140 0.21260570 8.92256938
112600 -0.50601164 0.25523644 16.46608177
112700 -0.54237774 0.27595497 17.14023805
112800 -0.51946764 0.23400374 12.22123191
112900 -0.52236601 0.26655369 16.88358424
113000 -0.60917025 0.31275918 22.67528141
113100 -0.48104870 0.25284225 18.75508179
113200 -0.56098851 0.20910548 6.71295089
113300 -0.54755395 0.24772644 12.28684488
113400 -0.57325858 0.21885722 7.42107152
113500 -0.53698826 0.25954591 14.71268898
113600 -0.56875640 0.28134967 16.93193306
113700 -0.56467904 0.26460773 14.17163828
113800 -0.51155611 0.25573946 16.03855075
113900 -0.55929321 0.31277243 23.46457467
114000 -0.50018034 0.23654540 14.30430462
114100 -0.50256231 0.26636640 18.58594225
114200 -0.55478192 0.28905535 18.89329986
114300 -0.50430864 0.29974623 24.52769590
114400 -0.58370846 0.26604477 13.91814073
114500 -0.52381772 0.31416704 25.83563112
114600 -0.50192777 0.28029561 21.06233421
114700 -0.53171235 0.26509405 15.95962477
114800 -0.54393367 0.24975712 12.78531425
114900 -0.51682873 0.29946834 23.35254020
115000 -0.54088487 0.28398681 18.67287201
115100 -0.50905674 0.26661946 18.01636090
115200 -0.51164263 0.29833623 23.57214197
115300 -0.53700454 0.22732735 10.09034088
115400 -0.55029210 0.26117874 14.22473068
115500 -0.54248563 0.26234163 14.83135427
115600 -0.52526977 0.28225693 19.40109818
115700 -0.51797552 0.24911342 14.48141333
115800 -0.56756971 0.26561603 14.24019642
115900 -0.54120386 0.25742268 14.11944293
116000 -0.59176815 0.19229193 4.29278203
116100 -0.54022001 0.33225321 28.75760038
116200 -0.50693324 0.26249480 17.53299161
116300 -0.54429160 0.23601133 10.80125379
116400 -0.55387365 0.27630832 16.60613212
116500 -0.49655658 0.25168137 16.85389034
116600 -0.53403555 0.27150583 16.88277854
116700 -0.49612697 0.30091144 25.57750631
116800 -0.55942375 0.32076137 25.19100823
116900 -0.47263873 0.24359433 18.42011297
117000 -0.50385315 0.24531806 15.18077723
117100 -0.48923569 0.24320899 16.38877340
117200 -0.52309069 0.27881390 18.94472581
117300 -0.53933211 0.27377030 16.93835485
117400 -0.52448616 0.26367493 16.24591152
117500 -0.50438894 0.24416700 14.96279902
117600 -0.47594513 0.25954694 20.42241939
117700 -0.52774259 0.33315815 29.79192885
117800 -0.49450452 0.32299830 30.42876932
117900 -0.52497305 0.19179196 7.02740342
118000 -0.53553457 0.26707073 16.03420979
118100 -0.52636116 0.30127575 22.96730378
118200 -0.55013269 0.33342984 28.48811967
118300 -0.54428137 0.25462758 13.50712668
118400 -0.51588572 0.26205000 16.66770790
118500 -0.53175255 0.25382660 14.16016920
118600 -0.54228491 0.27415953 16.83128730
118700 -0.60116993 0.28191884 16.54791577
118800 -0.51520042 0.27477935 18.86939441
118900 -0.56057417 0.19254861 5.05982020
119000 -0.54717140 0.27052384 15.93461952
119100 -0.52079047 0.24064789 13.02798947
119200 -0.50779127 0.24852807 15.28151788
119300 -0.54723460 0.28774210 19.01564150
119400 -0.56333486 0.28150961 17.14503502
119500 -0.54753163 0.31547359 24.59089989
119600 -0.55682434 0.23588511 10.16445100
119700 -0.52592678 0.26161977 15.80389629
119800 -0.54174009 0.23126786 10.31273452
119900 -0.52598169 0.28367271 19.60718705
120000 -0.55450272 0.28251342 17.69057487
120100 -0.49700915 0.23118636 13.90848747
120200 -0.60124121 0.23020977 8.47806193
120300 -0.56519335 0.29612893 19.83902902
120400 -0.54264137 0.26321814 14.96508623
120500 -0.45875431 0.27999865 26.17493020
120600 -0.53693434 0.30407566 22.81207684
120700 -0.50741063 0.32913250 30.53724644
120800 -0.49425948 0.27445025 20.80697392
120900 -0.58912410 0.28514908 17.19923295
121000 -0.49211772 0.31261071 28.42095055
121100 -0.45742927 0.23169160 18.83454477
121200 -0.54317709 0.22023096 8.84216271
121300 -0.53428047 0.26345523 15.51833348
121400 -0.54376063 0.26497520 15.18984110
121500 -0.52431347 0.24276742 13.05549306
121600 -0.55262080 0.31654920 24.56917344
121700 -0.46767270 0.23597228 17.99948817
121800 -0.57659695 0.24903311 11.37928528
121900 -0.57593788 0.23344946 9.19387224
122000 -0.52038094 0.21718684 10.03597531
122100 -0.48312087 0.22342794 14.44759399
122200 -0.55438209 0.32104192 25.47026145
122300 -0.56043728 0.18719049 4.58369498
122400 -0.57914648 0.28553673 17.42937357
122500 -0.54495521 0.24080433 11.42789384
122600 -0.55107564 0.17281343 3.84769403
122700 -0.49319675 0.25068910 17.05706992
122800 -0.53321358 0.24469386 12.69836855
122900 -0.54919626 0.34011557 30.11825427
123000 -0.54176392 0.30546540 22.80373615
123100 -0.50890838 0.29003484 22.20546231
123200 -0.49543946 0.29159124 23.82005491
123300 -0.59369663 0.24935088 11.17270944
123400 -0.49351005 0.31551688 28.89381617
123500 -0.56008375 0.25994631 13.58806450
123600 -0.55794823 0.25241708 12.49965808
123700 -0.48942624 0.26012231 18.93285425
123800 -0.53157465 0.34325149 31.92665915
123900 -0.48592354 0.34877129 37.45029631
124000 -0.43361362 0.31217058 36.35039100
124100 -0.56559405 0.32321047 25.50334135
124200 -0.56504473 0.31623279 23.98924635
124300 -0.53680155 0.27408730 17.15021568
124400 -0.53330243 0.31111973 24.51005231
124500 -0.51548049 0.26508815 17.19882211
124600 -0.53293038 0.27897449 18.26510020
124700 -0.55374103 0.28299056 17.81271877
124800 -0.53415356 0.27018961 16.65012902
124900 -0.51351081 0.22177952 11.15531494
125000 -0.54904735 0.24405444 11.67392746
125100 -0.55328013 0.28741989 18.65448097
125200 -0.52004244 0.28613576 20.51986597
125300 -0.53443106 0.23697421 11.53061042
125400 -0.55464039 0.24963148 12.22353635
125500 -0.50204609 0.23362246 13.72496527
125600 -0.54955709 0.27214225 16.08872037
125700 -0.56905637 0.24570692 11.09400677
125800 -0.52284821 0.27860401 18.92589652
125900 -0.55276049 0.25766545 13.54498231
126000 -0.54481299 0.30787871 23.12958228
126100 -0.48478654 0.27380057 21.74038932
126200 -0.52270597 0.33870924 31.47823536
126300 -0.54717991 0.29464983 20.33925865
126400 -0.56489885 0.34490604 30.60552849
126500 -0.59100216 0.23638700 9.34118792
126600 -0.52962197 0.27067434 17.04139869
126700 -0.55505636 0.24147702 11.01783841
126800 -0.48269410 0.29578420 26.04606364
126900 -0.55865039 0.27054506 15.39770395
127000 -0.55690068 0.29696495 20.32637191
127100 -0.52727290 0.30524127 23.70660483
127200 -0.52724284 0.29513177 21.68500663
127300 -0.47258632 0.31968576 32.24803899
127400 -0.54989052 0.27660368 16.84990909
127500 -0.58286994 0.22382405 7.81291672
127600 -0.51922274 0.29198644 21.69188011
127700 -0.55331869 0.28225618 17.69823041
127800 -0.56138236 0.31221453 23.26316348
127900 -0.53374439 0.17103098 4.71760309
128000 -0.52323957 0.27656771 18.53415919
128100 -0.52414613 0.24924519 14.01396786
128200 -0.45800123 0.27706847 25.75844693
128300 -0.48081928 0.29498282 26.11117278
128400 -0.47255678 0.28823399 25.83690428
128500 -0.52053106 0.22257269 10.66968856
128600 -0.45871845 0.23235839 18.73960914
128700 -0.53043491 0.25941903 15.12686436
128800 -0.53769631 0.27182939 16.70354533
128900 -0.49670237 0.28260755 22.00795858
129000 -0.50819439 0.23085791 12.77603078
129100 -0.54637468 0.30833404 23.13937364
129200 -0.57700857 0.26820368 14.41054232
129300 -0.46713135 0.20787797 14.64586742
129400 -0.60458215 0.19803874 4.81629553
129500 -0.55308478 0.26098663 14.05886662
129600 -0.54961376 0.23542927 10.43993031
129700 -0.50876727 0.24085489 14.08175515
129800 -0.53983702 0.25958215 14.54302331
129900 -0.54175902 0.28890748 19.53902327
130000 -0.50700285 0.25673286 16.60682850
130100 -0.53877871 0.23454438 10.92511864
130200 -0.53993143 0.28116467 18.21443546
130300 -0.53374203 0.27696134 17.85271635
130400 -0.52759466 0.28766716 20.23074726
130500 -0.47287145 0.25276254 19.74903200
130600 -0.50026888 0.26304894 18.26562733
130700 -0.53448043 0.22236214 9.63265367
130800 -0.52019404 0.28303948 19.93622115
130900 -0.53069506 0.23979028 12.17224870
131000 -0.50760063 0.21085139 10.41283688
131100 -0.53251454 0.25285282 13.95913591
131200 -0.49403096 0.22141291 12.98526592
131300 -0.56891241 0.20025257 5.50850809
131400 -0.58126377 0.23395350 9.14729333
131500 -0.50866102 0.28273036 20.86659753
131600 -0.61098185 0.19033989 4.14094866
131700 -0.53554466 0.26427896 15.57103331
131800 -0.51663579 0.25507222 15.49849297
131900 -0.52258240 0.22114721 10.33506586
132000 -0.51026269 0.29016700 22.10813546
132100 -0.50454975 0.29177802 22.94478028
132200 -0.52485018 0.22751112 10.95329017
132300 -0.51462635 0.31661739 27.10587641
132400 -0.54095273 0.23575453 10.95793647
132500 -0.47737187 0.19172404 11.72547847
132600 -0.53993043 0.28693178 19.27592119
132700 -0.52770612 0.25941505 15.31978169
132800 -0.54856364 0.18353313 4.81174120
132900 -0.47419059 0.23524085 17.05904719
133000 -0.54968031 0.26501189 14.88049706
133100 -0.57227860 0.20758760 6.17178418
133200 -0.55836884 0.29005409 18.92685607
133300 -0.51062721 0.25305147 15.70612443
133400 -0.57456231 0.30785016 21.92438326
133500 -0.55303590 0.16970630 3.53229780
133600 -0.52441343 0.33241399 29.86479699
133700 -0.57953039 0.26475200 13.78111334
133800 -0.50047267 0.23690986 14.32499980
133900 -0.52358936 0.25187848 14.45282903
134000 -0.55984512 0.21979943 7.98215848
134100 -0.55091589 0.28562211 18.43240940
134200 -0.52649987 0.25028382 13.99374709
134300 -0.51776752 0.22849813 11.63697575
134400 -0.54309182 0.23093119 10.19075874
134500 -0.59323158 0.32493471 25.32071849
134600 -0.63687609 0.22816427 8.89296333
134700 -0.53346929 0.23359081 11.13642045
134800 -0.53123792 0.31709760 25.92979549
134900 -0.43915004 0.19295056 17.25625738
135000 -0.49291231 0.29335968 24.42786859
135100 -0.59604981 0.24196512 10.08484945
135200 -0.57715963 0.25096105 11.65546006
135300 -0.46614228 0.28483338 26.04063407
135400 -0.54307716 0.23635946 10.91705596
135500 -0.50686624 0.29418023 23.18992879
135600 -0.52934479 0.27856105 18.43810469
135700 -0.56276802 0.27462341 15.93977816
135800 -0.49327902 0.24902582 16.79903022
135900 -0.45384356 0.36715335 46.36630857
136000 -0.52091310 0.25759699 15.54577486
136100 -0.52081626 0.24944299 14.30163553
136200 -0.48172649 0.30236244 27.46958949
136300 -0.52068261 0.28905375 21.01628532
136400 -0.58375367 0.29328600 18.81170971
136500 -0.50546233 0.28569607 21.71020127
136600 -0.50343409 0.17268543 7.30407350
136700 -0.48316176 0.25658183 19.08452251
136800 -0.53456114 0.22219161 9.60651660
136900 -0.54735175 0.28035277 17.64948026
137000 -0.53718978 0.28051170 18.26479988
137100 -0.52861860 0.34182742 31.78790407
137200 -0.49791942 0.29688362 24.59180158
137300 -0.53708411 0.22464752 9.74770689
137400 -0.52316793 0.27207503 17.75649084
137500 -0.58018387 0.23251063 8.97587358
137600 -0.52036937 0.31784382 26.89848423
137700 -0.51669595 0.28587983 20.74543855
137800 -0.54735209 0.23900264 11.04676733
137900 -0.54822930 0.28933620 19.26420196
138000 -0.52628630 0.22175230 10.12866587
138100 -0.56738165 0.32741663 26.39114077
138200 -0.49429588 0.25825276 18.10864767
138300 -0.58532138 0.31203366 22.58686851
138400 -0.53179730 0.30385736 23.10471514
138500 -0.50195508 0.32116781 29.26400282
138600 -0.52239552 0.22205134 10.45949191
138700 -0.57452045 0.28524875 17.48315247
138800 -0.50687733 0.30142738 24.62241040
138900 -0.49964817 0.25875486 17.63679754
139000 -0.53603307 0.29110198 20.30586858
139100 -0.52631361 0.29040044 20.84100618
139200 -0.50764015 0.20701558 9.99133765
139300 -0.51254667 0.27596956 19.30668611
139400 -0.49760932 0.22399662 12.92950607
139500 -0.59297351 0.25372200 11.83991189
139600 -0.50857850 0.23418663 13.18197147
139700 -0.57476017 0.26790258 14.41416310
139800 -0.53511865 0.23916712 11.78853824
139900 -0.53212150 0.26921324 16.62030596
140000 -0.50631021 0.22588742 12.31270956
140100 -0.51379429 0.19909375 8.62549837
140200 -0.57680356 0.31196161 22.73289948
140300 -0.59414263 0.20311746 5.33375962
140400 -0.55207042 0.25899278 13.78797435
140500 -0.45663341 0.25270024 21.93567138
140600 -0.55592095 0.21950995 8.11279613
140700 -0.52595848 0.25149670 14.21669774
140800 -0.52837739 0.26328357 15.89566094
140900 -0.48512349 0.22780703 14.76562582
141000 -0.60867007 0.25440347 11.95780134
141100 -0.50517720 0.25243768 16.11430478
141200 -0.53194417 0.22279046 9.85454614
141300 -0.54333503 0.30860106 23.36266064
141400 -0.53897667 0.28695370 19.33776571
141500 -0.55458098 0.29412469 19.87364060
141600 -0.52749012 0.21633329 9.39555896
141700 -0.51929940 0.33781316 31.53384341
141800 -0.56045117 0.27103176 15.40798615
141900 -0.54305005 0.26918776 15.93389692
142000 -0.51799967 0.26624054 17.17998527
142100 -0.57427438 0.28235084 16.95681775
142200 -0.53884861 0.24731015 12.71988592
142300 -0.49309896 0.22939382 14.08529740
142400 -0.56056945 0.26699523 14.72108752
142500 -0.52408471 0.28522346 20.03543067
142600 -0.46658405 0.21832231 15.89999266
142700 -0.52822897 0.26581379 16.32264726
142800 -0.51400682 0.26536928 17.37091328
142900 -0.52288831 0.31062359 25.15425452
143000 -0.56870531 0.31655348 23.93738395
143100 -0.52533316 0.35989372 36.55994137
143200 -0.59197994 0.29501264 19.04712482
143300 -0.52398570 0.30613295 24.13448415
143400 -0.55676178 0.28310226 17.69799097
143500 -0.57774055 0.31024970 22.35021001
143600 -0.49941626 0.26430878 18.55723128
143700 -0.58137817 0.26621034 13.98632479
143800 -0.52053111 0.27189973 17.93241023
143900 -0.55126530 0.26463537 14.73993861
144000 -0.47950978 0.24822486 18.24425081
144100 -0.48625336 0.25216140 18.04569568
144200 -0.52820747 0.30934409 24.48955743
144300 -0.52695372 0.33560005 30.42157117
144400 -0.52279852 0.25322351 14.71875710
144500 -0.46776043 0.27431091 23.93579818
144600 -0.56739928 0.29946088 20.42372503
144700 -0.57051274 0.27036287 14.94650284
144800 -0.58631262 0.26124644 13.09387891
144900 -0.46710071 0.20191588 14.02453358
145000 -0.57089303 0.24263583 10.59609721
145100 -0.52471693 0.32178135 27.42725441
145200 -0.59415402 0.31731852 23.63075812
145300 -0.55024762 0.25829186 13.76580571
145400 -0.47604104 0.24663384 18.43365356
145500 -0.52941305 0.27574796 17.93493204
145600 -0.58185837 0.29910517 19.98599374
145700 -0.55133553 0.28346328 18.01350233
145800 -0.51862239 0.31795066 27.06240257
145900 -0.50135763 0.29579859 24.03370345
146000 -0.50739643 0.25142656 15.75271134
146100 -0.49885733 0.29101926 23.35909828
146200 -0.48081585 0.28400098 24.03061092
146300 -0.59450770 0.26490113 13.61127407
146400 -0.57344672 0.24369812 10.67711377
146500 -0.51324746 0.26244380 16.95699493
146600 -0.49284113 0.29266824 24.30203696
146700 -0.46953123 0.26880586 22.75875876
146800 -0.61098599 0.12571558 0.39099139
146900 -0.48112102 0.30050741 27.16771637
147000 -0.51202348 0.28563839 21.10073990
147100 -0.52540362 0.30337931 23.46388103
147200 -0.55507658 0.24109511 10.96297130
147300 -0.52273254 0.29300464 21.61052583
147400 -0.48926576 0.22945995 14.51097532
147500 -0.54476343 0.26813058 15.65948563
147600 -0.52638901 0.26110608 15.68687339
147700 -0.49563726 0.27370895 20.53319081
147800 -0.52437843 0.27701741 18.52689231
147900 -0.53069872 0.23564348 11.60091135
148000 -0.51363646 0.25362398 15.52949437
148100 -0.52006768 0.20474018 8.67984049
148200 -0.49071936 0.26755363 20.00823890
148300 -0.50280876 0.29204625 23.16394972
148400 -0.52990335 0.29607927 21.68031044
148500 -0.51605865 0.25472771 15.49340775
148600 -0.51756595 0.23905869 13.06634686
148700 -0.50556780 0.29693566 23.85054827
148800 -0.51806093 0.23398003 12.33233067
148900 -0.52529309 0.25299038 14.49358900
149000 -0.50810463 0.27982303 20.39053999
149100 -0.50857720 0.30592057 25.38070490
149200 -0.47956445 0.29377331 26.02640897
149300 -0.47727924 0.34171071 36.74222719
149400 -0.56710038 0.28332866 17.34589090
149500 -0.56174871 0.29348630 19.45005413
149600 -0.55291053 0.25516496 13.14679129
149700 -0.53385883 0.22255446 9.69712475
149800 -0.54316502 0.22208974 9.06805999
149900 -0.55156035 0.26372501 14.57613846
150000 -0.52874125 0.22252320 10.04487226
150100 -0.57664603 0.28705857 17.76815910
150200 -0.49109177 0.22832164 14.16372218
150300 -0.50321053 0.22318627 12.27153012
150400 -0.55464432 0.32214836 25.70351497
150500 -0.56152566 0.24883006 11.81533122
150600 -0.57969059 0.29521036 19.25977905
150700 -0.51197651 0.30613663 25.12022273
150800 -0.50493210 0.24674535 15.28605211
150900 -0.54632436 0.22829798 9.67072226
151000 -0.55881159 0.22994678 9.29132568
151100 -0.51227086 0.29311207 22.49433629
151200 -0.52680123 0.24878234 13.74712164
151300 -0.52075998 0.10777892 3.16974578
151400 -0.50429678 0.25356701 16.37096575
151500 -0.53767772 0.28693044 19.41352843
151600 -0.53258502 0.26900952 16.55449906
151700 -0.53124418 0.23350445 11.27540026
151800 -0.57139160 0.31996377 24.60125011
151900 -0.50074945 0.24767934 15.82992960
152000 -0.47857105 0.30014665 27.40183494
152100 -0.53325953 0.30740089 23.73471013
152200 -0.56351244 0.20954483 6.66570631
152300 -0.48057959 0.26001257 19.93262866
152400 -0.55313670 0.32300499 25.96369763
152500 -0.54970566 0.26594963 15.03439994
152600 -0.47488843 0.19228124 12.08436649
152700 -0.51943908 0.23965361 12.99659595
152800 -0.55848789 0.28761829 18.46193840
152900 -0.53847410 0.26672705 15.79167190
153000 -0.54779097 0.25374991 13.18240903
153100 -0.47544825 0.24346874 18.04820934
153200 -0.57981212 0.25395047 12.05414934
153300 -0.56902602 0.27486778 15.76906481
153400 -0.54011103 0.32923297 28.06722151
153500 -0.48627554 0.27850288 22.39826547
153600 -0.52471983 0.17721446 5.81458857
153700 -0.48183663 0.27500875 22.29532312
153800 -0.51852077 0.25719119 15.67396769
153900 -0.50268753 0.25856271 17.30592462
154000 -0.57170377 0.17064212 2.89549295
154100 -0.55083005 0.26037510 14.06892907
154200 -0.51759810 0.27863235 19.34979440
154300 -0.48548340 0.25836249 19.09636536
154400 -0.51405938 0.26101982 16.65658641
154500 -0.52643436 0.28972514 20.70376526
154600 -0.51921851 0.25898976 15.90169692
154700 -0.59479820 0.23745258 9.46013509
154800 -0.52412552 0.22538375 10.73901049
154900 -0.58352857 0.24984270 11.36207117
155000 -0.45524751 0.27890861 26.48078657
155100 -0.45038901 0.32359293 36.18862445
155200 -0.55590803 0.28858319 18.75386018
155300 -0.48518692 0.28981558 24.60599922
155400 -0.59526843 0.30089605 20.19080575
155500 -0.52518036 0.27556760 18.21098021
155600 -0.56252191 0.28285525 17.42032448
155700 -0.52303990 0.26488542 16.55502911
155800 -0.47712913 0.15154565 8.87710298
155900 -0.51161888 0.28818388 21.61219792
156000 -0.58146574 0.20754114 5.95430758
156100 -0.49048121 0.24065534 15.88914572
156200 -0.58589203 0.25151746 11.57828705
156300 -0.50681063 0.24313566 14.58603804
156400 -0.50027038 0.24872924 16.03319180
156500 -0.52700592 0.27981934 18.83156607
156600 -0.51685260 0.23492212 12.55873436
156700 -0.50010239 0.28298120 21.73082682
156800 -0.52668619 0.32415930 27.81115276
156900 -0.48371873 0.25830205 19.29043641
157000 -0.54684627 0.25338551 13.17621741
157100 -0.50732678 0.29037639 22.41574756
157200 -0.48891194 0.27763906 21.94809672
157300 -0.53624724 0.28457060 19.06536014
157400 -0.52210683 0.16459404 5.11986821
157500 -0.54541609 0.30180537 21.85240491
157600 -0.51641928 0.27226467 18.33042749
157700 -0.46883322 0.23833537 18.17069844
157800 -0.57299078 0.22048591 7.62317671
157900 -0.55877041 0.25159953 12.34114792
158000 -0.54162829 0.26274201 14.94610866
158100 -0.57049452 0.27143171 15.12970293
158200 -0.57943749 0.25107489 11.62321933
158300 -0.54852898 0.28993993 19.36322171
158400 -0.55420175 0.33503838 28.67026022
158500 -0.52091992 0.27431734 18.32009641
158600 -0.52995723 0.26926015 16.77749358
158700 -0.50912485 0.34235842 33.49794762
158800 -0.50908588 0.29376967 22.90603111
158900 -0.53803265 0.25804663 14.40934426
159000 -0.50328408 0.24238724 14.81404728
159100 -0.59734176 0.28860285 17.78905049
159200 -0.53621705 0.25039110 13.34287438
159300 -0.52078284 0.24096791 13.07365511
159400 -0.56814309 0.21952264 7.65026241
159500 -0.47763947 0.30641467 28.78955654
159600 -0.52011134 0.28102014 19.57524515
159700 -0.54738591 0.20777764 7.19213152
159800 -0.54998557 0.18327244 4.71787175
159900 -0.53004964 0.23980893 12.21979466
160000 -0.49984125 0.26496601 18.62277915
160100 -0.57726879 0.23786516 9.76175501
160200 -0.45585571 0.27354029 25.44690553
160300 -0.51323749 0.32246730 28.50971666
160400 -0.55903924 0.26372331 14.24155362
160500 -0.52456846 0.24389503 13.19784764
160600 -0.51350633 0.25907034 16.39226316
160700 -0.58489179 0.21530235 6.76144488
160800 -0.50472706 0.19292547 8.85603841
160900 -0.56522275 0.28736283 18.15714291
161000 -0.53905140 0.22535185 9.71390854
161100 -0.60148448 0.22509244 7.82516057
161200 -0.55251203 0.31551110 24.35007145
161300 -0.50238726 0.23274267 13.57443082
161400 -0.54548133 0.23804724 11.01466359
161500 -0.51159078 0.27849525 19.83837151
161600 -0.52203201 0.24928879 14.18307517
161700 -0.58555510 0.28774811 17.72900359
161800 -0.59019868 0.29460171 18.98294504
161900 -0.49103336 0.15734813 7.58126792
162000 -0.52287100 0.29031393 21.08413640
162100 -0.49991660 0.30623248 26.27426055
162200 -0.55852707 0.31226461 23.38813502
162300 -0.53416053 0.26379854 15.58239846
162400 -0.53981158 0.26830143 15.97400864
162500 -0.52521026 0.31126165 25.11249476
162600 -0.51723530 0.21763970 10.34454738
162700 -0.56108763 0.30045568 20.84832626
162800 -0.54986447 0.26252230 14.46353397
162900 -0.50757238 0.19727516 9.00266081
163000 -0.48755930 0.30925638 28.21557087
163100 -0.51597180 0.27290667 18.47872835
163200 -0.56503082 0.29053185 18.76261468
163300 -0.49420951 0.23375805 14.54142103
163400 -0.57734173 0.23908698 9.92929251
163500 -0.51453959 0.22485932 11.44666553
163600 -0.50270377 0.32419052 29.86397319
163700 -0.48639039 0.17460633 9.23662371
163800 -0.54866294 0.26206029 14.44951509
163900 -0.52512351 0.25655119 15.05738204
164000 -0.57866812 0.25786356 12.68797577
164100 -0.54370767 0.22886118 9.88701470
164200 -0.56988553 0.27759848 16.22404994
164300 -0.51340399 0.25836353 16.28893799
164400 -0.52905523 0.26428949 16.01209810
164500 -0.48149371 0.22853970 15.28309844
164600 -0.59910592 0.27418271 15.17020710
164700 -0.53983802 0.30792045 23.42518974
164800 -0.58660541 0.23883969 9.72793687
164900 -0.47923865 0.29297030 25.91042007
165000 -0.53824346 0.25216339 13.48378315
165100 -0.53577338 0.27903538 18.08936278
165200 -0.55897184 0.24807007 11.80402840
165300 -0.55726158 0.24908289 12.02614111
165400 -0.54710488 0.26532238 15.06469156
165500 -0.46983145 0.23576485 17.68797258
165600 -0.50808335 0.27313035 19.21139377
165700 -0.52804570 0.28046719 18.87291450
165800 -0.44922826 0.30882989 33.17101986
165900 -0.52883275 0.24313568 12.77630020
166000 -0.50510308 0.27772444 20.29569980
166100 -0.52566786 0.23798974 12.28321716
166200 -0.52567937 0.28805478 20.44407753
166300 -0.56303831 0.24109469 10.63693932
166400 -0.53158076 0.30096757 22.53457838
166500 -0.54012375 0.24565558 12.40035668
166600 -0.45977172 0.31308671 32.53495828
166700 -0.48066488 0.27584770 22.58164186
166800 -0.52421974 0.26458403 16.41527541
166900 -0.56092596 0.28317391 17.53973035
167000 -0.56305210 0.27101250 15.30521141
167100 -0.51575665 0.21277490 9.90756086
167200 -0.58780169 0.30646644 21.38859509
167300 -0.52444229 0.19659510 7.51979015
167400 -0.55639065 0.27744955 16.69505921
167500 -0.53840226 0.30782696 23.49316458
167600 -0.51695895 0.24592711 14.09526903
167700 -0.58806375 0.29483377 19.05133611
167800 -0.57340581 0.21659821 7.15119636
167900 -0.51605648 0.29998623 23.52050278
168000 -0.53436212 0.27348636 17.20292325
168100 -0.52924840 0.24126774 12.48118235
168200 -0.57213680 0.27013760 14.86158110
168300 -0.48564605 0.30001724 26.54186072
168400 -0.53607853 0.23391544 11.00964990
168500 -0.49538420 0.27991429 21.65680824
168600 -0.52655036 0.22315200 10.28063222
168700 -0.52445476 0.24545409 13.43198851
168800 -0.53322461 0.33337858 29.46225764
168900 -0.49133647 0.29630852 25.17239786
169000 -0.54971200 0.27058232 15.81360584
169100 -0.51243811 0.27253997 18.71856242
169200 -0.48760234 0.28205280 22.88822822
169300 -0.51590890 0.31018713 25.62497262
169400 -0.51879890 0.26602072 17.07824897
169500 -0.53194462 0.26077569 15.24017867
169600 -0.53556873 0.27270902 16.98989690
169700 -0.51254560 0.23219312 12.56164696
169800 -0.48673972 0.26820635 20.56063405
169900 -0.50040358 0.29124455 23.24696248
170000 -0.49866563 0.28591932 22.41732361
170100 -0.48868097 0.25942646 18.90436079
170200 -0.51096016 0.27579925 19.41673381
170300 -0.54532031 0.29883141 21.26189938
170400 -0.49905567 0.24688843 15.88298443
170500 -0.48674435 0.27673017 22.03019749
170600 -0.51703304 0.22826023 11.66710179
170700 -0.48401842 0.26394466 20.16478977
170800 -0.54613189 0.32668957 27.14496800
170900 -0.56619732 0.26004233 13.37808452
171000 -0.46339115 0.25596978 21.49427538
171100 -0.51039406 0.27777669 19.81688718
171200 -0.49466258 0.20726675 11.30106398
171300 -0.49530838 0.24166009 15.51395803
171400 -0.53502777 0.29173001 20.49089315
171500 -0.54362788 0.22355190 9.22144399
171600 -0.52368820 0.26995740 17.35450389
171700 -0.54000270 0.25349702 13.58050493
171800 -0.55527820 0.23691480 10.37285045
171900 -0.55852374 0.32176382 25.44973521
172000 -0.53917636 0.22214229 9.30912737
172100 -0.53334884 0.13879742 2.97380860
172200 -0.54269144 0.23685666 11.00700832
172300 -0.48578430 0.31378939 29.37556462
172400 -0.49834750 0.17663629 8.10317590
172500 -0.49460024 0.27330720 20.57224754
172600 -0.56815908 0.26709131 14.46667505
172700 -0.56304283 0.21891150 7.75288824
172800 -0.51832656 0.26356308 16.71171593
172900 -0.58851985 0.26644721 13.91823409
173000 -0.52327349 0.24825845 13.93376231
173100 -0.51913354 0.29778453 22.82905119
173200 -0.54376818 0.23042412 10.08623360
173300 -0.53087735 0.20563870 7.96873787
173400 -0.52188668 0.24488096 13.54609192
173500 -0.55205329 0.30212525 21.57675089
173600 -0.55558442 0.22700064 9.05095308
173700 -0.54247981 0.28264535 18.33394739
173800 -0.54107343 0.29156222 20.08421319
173900 -0.56258375 0.24989442 11.93415616
174000 -0.52222530 0.24818297 14.00354814
174100 -0.50539144 0.26499376 18.08686057
174200 -0.54095610 0.28001444 17.94569009
174300 -0.48659134 0.23900532 16.09200113
174400 -0.53361340 0.24219860 12.31381081
174500 -0.52025248 0.24558129 13.77678890
174600 -0.55183979 0.28881749 18.98572449
174700 -0.51970805 0.30063182 23.34996273
174800 -0.54543752 0.30637516 22.78388555
174900 -0.51298668 0.24702814 14.59429612
175000 -0.51377441 0.28072629 20.04842174
175100 -0.53403595 0.25230748 13.77441210
175200 -0.56554386 0.23431151 9.61340381
175300 -0.58428550 0.24391483 10.47921196
175400 -0.54165994 0.25563301 13.81259818
175500 -0.55063649 0.31533434 24.40281593
175600 -0.53955029 0.25163095 13.32305698
175700 -0.53166054 0.29588297 21.52020889
175800 -0.53014988 0.19783497 7.22536017
175900 -0.49081807 0.23451285 15.00720029
176000 -0.50153968 0.25092700 16.23669629
176100 -0.57520413 0.30356439 21.02664809
176200 -0.56583758 0.24194359 10.65752711
176300 -0.54587383 0.23569163 10.67093086
176400 -0.48009904 0.26752478 21.22039718
176500 -0.63211530 0.23052009 9.03344310
176600 -0.53377436 0.24654893 12.93121235
176700 -0.50700691 0.28712496 21.83173238
176800 -0.51850774 0.25187666 14.85375427
176900 -0.57270419 0.27451099 15.59957336
177000 -0.50177547 0.28164555 21.32158147
177100 -0.44971896 0.26529041 24.95265592
177200 -0.52589317 0.23899087 12.40514225
177300 -0.48592061 0.27065046 21.06784299
177400 -0.55026704 0.23589743 10.47073983
177500 -0.53934185 0.21416264 8.35625956
177600 -0.52846848 0.21027940 8.63915294
177700 -0.55421526 0.27093451 15.65742479
177800 -0.55966917 0.23917834 10.49859244
177900 -0.55997189 0.25898312 13.43894169
178000 -0.46880559 0.23028025 17.09245864
178100 -0.52837847 0.22651997 10.56847281
178200 -0.51454522 0.26856774 17.85880203
178300 -0.48725455 0.30200184 26.75813975
178400 -0.48808650 0.26323639 19.58537604
178500 -0.49068171 0.24045648 15.83925509
178600 -0.57075651 0.22753054 8.55961070
178700 -0.53412997 0.29619710 21.41608135
178800 -0.52729318 0.28189832 19.18664101
178900 -0.52965240 0.21340663 8.90492417
179000 -0.51740287 0.21473913 9.99367658
179100 -0.52041659 0.23405975 12.15276772
179200 -0.54740210 0.30725841 22.86129280
179300 -0.49004673 0.24281801 16.24335259
179400 -0.52486003 0.22744607 10.94425822
179500 -0.50927171 0.24733625 14.96979666
179600 -0.51875075 0.29632030 22.57154982
179700 -0.52444462 0.19656331 7.51654411
179800 -0.58365043 0.23788057 9.63918041
179900 -0.52998892 0.29297305 21.07007533
180000 -0.56782325 0.24191473 10.58756725
180100 -0.56333130 0.29177837 19.06176944
180200 -0.50442858 0.23970898 14.32624758
180300 -0.46055391 0.20806506 15.56163483
180400 -0.54970430 0.28301862 18.01273618
180500 -0.51259298 0.29022366 21.91251462
180600 -0.47888107 0.21779421 14.27263540
180700 -0.48657757 0.25777574 18.87891615
180800 -0.47072742 0.28911180 26.23733723
180900 -0.59648291 0.25291158 11.69715990
181000 -0.49605655 0.30769650 26.97103921
181100 -0.55617617 0.23227535 9.70864834
181200 -0.53285856 0.26804945 16.37429528
181300 -0.53101044 0.25244687 13.99980448
181400 -0.54543984 0.24756086 12.37550946
181500 -0.51576102 0.24770933 14.45712541
181600 -0.51185232 0.29198870 22.31483726
181700 -0.53166382 0.23185714 11.02807004
181800 -0.60453487 0.24306902 10.24465523
181900 -0.55794254 0.22966365 9.29074556
182000 -0.49801676 0.24656557 15.94102386
182100 -0.54949566 0.26916691 15.58406523
182200 -0.48405666 0.23675782 16.07277978
182300 -0.52696405 0.18562331 6.33280060
182400 -0.48735701 0.29268623 24.90821172
182500 -0.54613955 0.29273147 20.02318319
182600 -0.50780982 0.24990852 15.48579684
182700 -0.51050719 0.18901179 7.96603099
182800 -0.51454482 0.31752395 27.30962806
182900 -0.53531638 0.29127076 20.38423733
183000 -0.54662126 0.21748299 8.32577178
183100 -0.52099064 0.23197355 11.82974878
183200 -0.49501767 0.25846815 18.06672227
183300 -0.52023825 0.28101669 19.56448939
183400 -0.56387798 0.22957932 9.04779999
183500 -0.53772753 0.31294202 24.61108287
183600 -0.44889985 0.21951029 18.55698173
183700 -0.48492337 0.32982076 33.03010721
183800 -0.53980911 0.25591975 13.96695556
183900 -0.53273018 0.23025533 10.74583954
184000 -0.52151146 0.28079653 19.42391860
184100 -0.55393811 0.27034123 15.56891599
184200 -0.56574217 0.21386993 7.06997944
184300 -0.60662775 0.31003759 22.07985832
184400 -0.48824543 0.21285609 12.61279085
184500 -0.53213751 0.29629494 21.56851100
184600 -0.51974434 0.29685172 22.59578475
184700 -0.52333367 0.23945964 12.66335885
184800 -0.51244746 0.27047563 18.36369384
184900 -0.56363940 0.27781142 16.46949673
185000 -0.55701459 0.37066323 37.55316444
185100 -0.56835883 0.26026198 13.34253269
185200 -0.50632493 0.31282087 27.03387025
185300 -0.54828811 0.26170320 14.41102172
185400 -0.53721585 0.27951337 18.08345036
185500 -0.49948541 0.30064336 25.18047132
185600 -0.54861049 0.24544551 11.89763918
185700 -0.53625670 0.31260813 24.63271328
185800 -0.52805158 0.29453153 21.50954530
185900 -0.46471835 0.18321235 12.61271027
186000 -0.54059442 0.29672478 21.11483101
186100 -0.48714616 0.24289177 16.57702352
186200 -0.55019249 0.32661494 26.91755996
186300 -0.49442607 0.21715621 12.43571623
186400 -0.54844240 0.32448855 26.52664830
186500 -0.53346353 0.27394131 17.34133966
186600 -0.49551246 0.28788635 23.10946309
186700 -0.56430815 0.25129188 12.08156999
186800 -0.57421914 0.27345101 15.37495343
186900 -0.49597801 0.32617523 30.98790446
187000 -0.52727865 0.25044288 13.96072684
187100 -0.50600415 0.26848701 18.61154591
187200 -0.57867051 0.26520484 13.87379282
187300 -0.53598276 0.26947004 16.40915095
187400 -0.50137674 0.29601036 24.07330475
187500 -0.51374118 0.29649728 23.02588331
187600 -0.45701821 0.20723691 15.97177346
187700 -0.55615131 0.26048925 13.83975351
187800 -0.55268612 0.29192116 19.53616695
187900 -0.57007288 0.27671121 16.06124253
188000 -0.51631733 0.25636710 15.72672907
188100 -0.48442759 0.24126070 16.65578309
188200 -0.49906263 0.28703834 22.58584699
188300 -0.54805993 0.26715963 15.32005691
188400 -0.51603419 0.25550211 15.61558095
188500 -0.46627225 0.31377083 31.79053894
188600 -0.53353180 0.32704418 27.98354158
188700 -0.52877458 0.18095683 5.81353435
188800 -0.53883435 0.28975824 19.87471226
188900 -0.52426327 0.25155220 14.35206021
189000 -0.49994417 0.30151162 25.30905148
189100 -0.52617126 0.28278022 19.42964676
189200 -0.54530968 0.31052841 23.65662152
189300 -0.49236619 0.26980636 20.20961844
189400 -0.48242134 0.30523036 27.97212146
189500 -0.54245582 0.28956723 19.62353430
189600 -0.52418901 0.23425463 11.88580633
189700 -0.49793168 0.30437674 26.09389641
189800 -0.52252261 0.21585989 9.71312957
189900 -0.57047908 0.24261246 10.60489893
190000 -0.52352663 0.31937608 26.98701969
190100 -0.55877616 0.26865518 15.07198667
190200 -0.49477227 0.29417615 24.38862595
190300 -0.52728502 0.23551973 11.82653316
190400 -0.53416693 0.28430763 19.15164711
190500 -0.55907543 0.28120320 17.25470938
190600 -0.50987389 0.34036933 32.95006533
190700 -0.52464804 0.28946826 20.78807091
190800 -0.51010996 0.22993053 12.48108110
190900 -0.50608669 0.29973749 24.35738726
191000 -0.50353697 0.22948836 13.03617611
191100 -0.55758987 0.23618901 10.17303235
191200 -0.59958851 0.25514240 12.03466635
191300 -0.49516077 0.24802509 16.45134518
191400 -0.57325127 0.32027836 24.61902534
191500 -0.56432779 0.31388902 23.51050954
191600 -0.53928198 0.31710590 25.41082491
191700 -0.51174248 0.29567396 23.03884532
191800 -0.52055402 0.28168253 19.66010227
191900 -0.49705133 0.23877063 14.92785887
192000 -0.54011230 0.27612976 17.30411367
192100 -0.57008697 0.20786072 6.26436228
192200 -0.56955107 0.22044854 7.71749477
192300 -0.56053249 0.17014945 3.23931492
192400 -0.51231435 0.27974290 19.99814130
192500 -0.51984489 0.31267392 25.82751765
192600 -0.47549678 0.30160430 28.07267319
192700 -0.46237651 0.25828136 21.99660682
192800 -0.58376615 0.24414980 10.52135189
192900 -0.53467958 0.20990621 8.17306657
193000 -0.48688729 0.31685602 29.91050928
193100 -0.52740485 0.22858050 10.90150007
193200 -0.49197351 0.27181089 20.59435221
193300 -0.53675670 0.25565975 14.11483681
193400 -0.57482154 0.29150448 18.65396079
193500 -0.56641026 0.27883902 16.55583373
193600 -0.56459230 0.21601558 7.35666031
193700 -0.54499926 0.27617740 17.03177851
193800 -0.56347060 0.22789671 8.84598281
193900 -0.53599227 0.29968586 21.98571634
194000 -0.53039087 0.30357256 23.14360848
194100 -0.54883227 0.22815645 9.52110644
194200 -0.48575844 0.24331952 16.79580893
194300 -0.57718736 0.28413905 17.21380287
194400 -0.54630208 0.19532923 5.98556466
194500 -0.55253483 0.25579687 13.26280312
194600 -0.53554337 0.28643701 19.45670745
194700 -0.53122039 0.27094248 16.97598349
194800 -0.54451389 0.23547705 10.71636984
194900 -0.53720874 0.25952451 14.69540545
195000 -0.56991298 0.25394408 12.30200437
195100 -0.53051763 0.23413838 11.41045282
195200 -0.55962173 0.20142551 5.95876902
195300 -0.53816630 0.26653386 15.77846620
195400 -0.54586416 0.30490286 22.45793442
195500 -0.50025679 0.26236247 18.15513903
195600 -0.55229794 0.29245094 19.65642594
195700 -0.55466968 0.31011113 23.10076202
195800 -0.47409594 0.28982005 25.94174150
195900 -0.55185630 0.23778861 10.65175871
196000 -0.57752843 0.26351512 13.62108369
196100 -0.50441593 0.26959153 18.94880022
196200 -0.48218113 0.28148940 23.40984336
196300 -0.58579512 0.23618224 9.37369022
196400 -0.55214765 0.23826788 10.70392741
196500 -0.48101113 0.28741346 24.64107865
196600 -0.49499910 0.25469280 17.47752654
196700 -0.52436150 0.33763731 31.09633644
196800 -0.47833447 0.28584326 24.67010855
196900 -0.52193789 0.18374211 6.55321766
197000 -0.53942163 0.24057996 11.71623166
197100 -0.48356071 0.13568188 7.41565198
197200 -0.52789734 0.27695510 18.25595111
197300 -0.54177053 0.29968666 21.63271698
197400 -0.52922487 0.26448774 16.03266845
197500 -0.49101307 0.24708071 16.75544253
197600 -0.52155523 0.28372660 19.95452298
197700 -0.55744293 0.26417851 14.38284432
197800 -0.51696929 0.24113821 13.40704630
197900 -0.55174566 0.26207916 14.29906778
198000 -0.50045061 0.19733678 9.69226470
198100 -0.53769471 0.20798216 7.77104751
198200 -0.54592670 0.26506711 15.08553585
198300 -0.53567747 0.29442813 20.96984224
198400 -0.52308324 0.24958335 14.14568358
198500 -0.49222871 0.22149974 13.18841860
198600 -0.52315773 0.26994896 17.39369180
198700 -0.53173553 0.29052978 20.48081661
198800 -0.53912420 0.21712734 8.71233780
198900 -0.54315667 0.23570750 10.82384475
199000 -0.53104236 0.28895405 20.22939367
199100 -0.55475480 0.28381915 17.91830456
199200 -0.46693758 0.30245753 29.34732859
199300 -0.50069021 0.24677558 15.70275272
199400 -0.57561016 0.21357287 6.74683010
199500 -0.49172687 0.25804346 18.35040362
199600 -0.54801245 0.29922239 21.19613399
199700 -0.59050101 0.19946559 4.99181677
199800 -0.51751303 0.29489151 22.39340087
199900 -0.56962911 0.28695750 17.93774936
