0 -0.57457827 1.46837696 0.82314070
100 -0.54027939 1.44717723 3.17839846
200 -0.52075932 1.49728006 3.14324146
300 -0.55806080 1.48568755 0.98187112
400 -0.58234351 1.51542830 0.27489198
500 -0.56347231 1.44364782 2.25492014
600 -0.54723598 1.48868357 1.45605168
700 -0.56211704 1.46093095 1.48075472
800 -0.63811001 1.41765713 4.11636000
900 -0.53408961 1.46399038 2.82043627
1000 -0.55563074 1.46634682 1.55058391
1100 -0.53678087 1.45914732 2.83279997
1200 -0.61497588 1.46154709 0.85145167
1300 -0.58092939 1.46457105 0.80944924
1400 -0.55209451 1.42805646 3.73540443
1500 -0.57138668 1.45414569 1.46066995
1600 -0.52660851 1.51259018 2.77241190
1700 -0.56805497 1.44952516 1.78409731
1800 -0.57932587 1.43042296 2.63419205
1900 -0.53805540 1.47914808 2.13596826
2000 -0.54311065 1.45592318 2.58958200
2100 -0.54963075 1.46826898 1.77195936
2200 -0.59877014 1.40925914 4.11770781
2300 -0.58769149 1.44382355 1.65364630
2400 -0.55413112 1.46622175 1.62246186
2500 -0.57654674 1.45350093 1.35610950
2600 -0.57858823 1.43971982 2.04608214
2700 -0.57752738 1.45181559 1.41337789
2800 -0.52663667 1.49799439 2.69310002
2900 -0.54641922 1.49462839 1.44987719
3000 -0.51575738 1.49340002 3.57018898
3100 -0.56929230 1.47855708 0.70138081
3200 -0.52297024 1.48197592 3.12922606
3300 -0.56179227 1.45610599 1.69325715
3400 -0.58633897 1.44421475 1.64930902
3500 -0.56423576 1.47221502 1.02554312
3600 -0.56313478 1.47742044 0.93444037
3700 -0.55806166 1.47275500 1.25055730
3800 -0.57318592 1.46587686 0.94169201
3900 -0.53075120 1.49051036 2.44272497
4000 -0.58314394 1.44474434 1.66865746
4100 -0.53312755 1.49012432 2.28472650
4200 -0.57346151 1.42008326 3.54548841
4300 -0.57417691 1.46147910 1.07534589
4400 -0.56514853 1.44573263 2.07978629
4500 -0.56748226 1.45031536 1.76298348
4600 -0.55377047 1.47840537 1.30174861
4700 -0.53614537 1.49908364 2.03912699
4800 -0.52852398 1.45553184 3.54311939
4900 -0.56330286 1.45532123 1.67143599
5000 -0.57088564 1.43527303 2.51861359
5100 -0.55313613 1.45631310 2.05238362
5200 -0.57219826 1.47420589 0.71913644
5300 -0.54284791 1.50202252 1.63522580
5400 -0.58088201 1.47545439 0.48399219
5500 -0.59299333 1.43812913 1.93854875
5600 -0.56356962 1.47890259 0.88613673
5700 -0.51053862 1.45102006 5.20118643
5800 -0.58217666 1.42839286 2.72262685
5900 -0.58422518 1.43649080 2.14113204
6000 -0.59236683 1.47555496 0.32791271
6100 -0.53978775 1.50531220 1.82686698
6200 -0.55497721 1.47799621 1.25560903
6300 -0.57238975 1.41845509 3.70594872
6400 -0.54827562 1.47583450 1.62969122
6500 -0.57381750 1.46105479 1.10112616
6600 -0.63880918 1.47079659 1.17949601
6700 -0.55362438 1.43479948 3.20090328
6800 -0.57452131 1.46450547 0.95451271
6900 -0.55625463 1.50621284 0.97612844
7000 -0.60165603 1.45130047 1.18719329
7100 -0.56398315 1.47848437 0.88006795
7200 -0.60405647 1.44001705 1.80720448
7300 -0.57535176 1.47724528 0.56265652
7400 -0.55213843 1.45751898 2.04768320
7500 -0.51178453 1.52050456 4.10120269
7600 -0.54807825 1.46820518 1.85338941
7700 -0.58993357 1.48012401 0.24819394
7800 -0.56978079 1.43830881 2.35950207
7900 -0.59543933 1.44803276 1.36069711
8000 -0.56295483 1.46885237 1.17125958
8100 -0.58130008 1.46928680 0.64649392
8200 -0.60426620 1.43907247 1.86518219
8300 -0.54709180 1.47206528 1.78981309
8400 -0.55792392 1.46215199 1.60143411
8500 -0.59255021 1.45640365 0.97807063
8600 -0.58463126 1.48964708 0.17169054
8700 -0.53763991 1.48131117 2.11902688
8800 -0.55581546 1.49303922 1.00036299
8900 -0.54695276 1.49243758 1.43560017
9000 -0.57474023 1.45980885 1.12669212
9100 -0.57414823 1.43277718 2.59361084
9200 -0.58924584 1.44574847 1.52944046
9300 -0.55144992 1.48077321 1.36339006
9400 -0.55307254 1.46891410 1.58425981
9500 -0.54378187 1.47653556 1.85552901
9600 -0.54778405 1.46470606 1.98608379
9700 -0.58087913 1.46538931 0.78175387
9800 -0.58046401 1.45367635 1.26376754
9900 -0.58971719 1.46428212 0.69075146
10000 -0.56211710 1.43710145 2.69567074
10100 -0.55220370 1.44998679 2.39290354
10200 -0.55100125 1.44060261 2.96446395
10300 -0.56750336 1.45594453 1.49845806
10400 -0.56790155 1.46817460 1.02158325
10500 -0.58149470 1.41683435 3.62948592
10600 -0.58306618 1.41614137 3.65951201
10700 -0.57221605 1.41454225 4.03748723
10800 -0.56317050 1.46896705 1.15972785
10900 -0.56438988 1.45526628 1.63459298
11000 -0.57133228 1.42256446 3.40905037
11100 -0.57973636 1.41154741 4.11723829
11200 -0.56401391 1.46271659 1.34252569
11300 -0.56536755 1.48872134 0.66330728
11400 -0.53518398 1.49258657 2.12803798
11500 -0.53905342 1.44388090 3.43191931
11600 -0.58431021 1.43789432 2.05164234
11700 -0.57732585 1.47121879 0.67123761
11800 -0.52807312 1.46380693 3.24170744
11900 -0.58469489 1.43415039 2.28520906
12000 -0.59086094 1.44434678 1.59040164
12100 -0.51739155 1.50088386 3.41246828
12200 -0.57575605 1.39153561 6.17614709
12300 -0.60767230 1.42706509 2.68918291
12400 -0.58161879 1.40200345 4.97059597
12500 -0.51973125 1.46428536 3.85930396
12600 -0.56709434 1.45893855 1.38441259
12700 -0.56841112 1.47180251 0.89647791
12800 -0.55840988 1.46415433 1.50732481
12900 -0.54288816 1.47978044 1.83529626
13000 -0.56179553 1.46679528 1.28106755
13100 -0.52875072 1.41728212 5.95935335
13200 -0.53571439 1.46210645 2.78428031
13300 -0.54594797 1.47412853 1.79547759
13400 -0.54937596 1.46518608 1.88740117
13500 -0.52652092 1.45861629 3.55589336
13600 -0.55943642 1.47498397 1.13560312
13700 -0.53358650 1.49429877 2.22162885
13800 -0.55746810 1.46448000 1.53531658
13900 -0.55561836 1.45825984 1.85598552
14000 -0.60540186 1.45949826 0.83478557
14100 -0.55524342 1.49971523 1.00161646
14200 -0.56704679 1.44152125 2.25283907
14300 -0.56238316 1.43245185 2.98888951
14400 -0.59474442 1.44444310 1.55709511
14500 -0.53047471 1.44521187 3.91775256
14600 -0.49174304 1.48739084 5.93928010
14700 -0.52588879 1.46813027 3.25407530
14800 -0.58399443 1.44497123 1.64217191
14900 -0.56331107 1.44199939 2.35507373
15000 -0.56297782 1.47202722 1.07655907
15100 -0.58875043 1.45585044 1.03786809
15200 -0.52119691 1.45625720 4.06167954
15300 -0.56056206 1.49828633 0.77914398
15400 -0.53330544 1.47790676 2.46813776
15500 -0.53965584 1.46805325 2.33100625
15600 -0.54989221 1.49027902 1.30264397
15700 -0.53961243 1.46530868 2.42507300
15800 -0.56855621 1.43788482 2.42350403
15900 -0.53960510 1.46046178 2.60540745
16000 -0.57714568 1.44524292 1.76032888
16100 -0.57272856 1.42110039 3.48443990
16200 -0.53007851 1.46644869 3.00735223
16300 -0.58493838 1.41759268 3.50890926
16400 -0.57356452 1.47255943 0.72590986
16500 -0.54771815 1.45485187 2.38587268
16600 -0.57941275 1.46680722 0.76279751
16700 -0.59438518 1.43397905 2.19514593
16800 -0.56978310 1.46145818 1.19926657
16900 -0.55134329 1.48067341 1.37049645
17000 -0.56288746 1.48078358 0.87330563
17100 -0.55515478 1.47477620 1.32366706
17200 -0.54492352 1.43847124 3.40960359
17300 -0.59327956 1.45024920 1.26015299
17400 -0.55025027 1.46271040 1.93277495
17500 -0.59040862 1.42557325 2.81566788
17600 -0.54676160 1.48316421 1.55888566
17700 -0.57792695 1.47477567 0.56174318
17800 -0.58251637 1.44228931 1.81810047
17900 -0.59300356 1.42830251 2.59473984
18000 -0.52985654 1.46776887 2.97947496
18100 -0.57916831 1.42846229 2.77580177
18200 -0.56976781 1.46930849 0.92797704
18300 -0.53800858 1.44516388 3.42496810
18400 -0.58567900 1.44193938 1.78806329
18500 -0.58830730 1.44594285 1.52944708
18600 -0.58622289 1.42990001 2.55190877
18700 -0.55408320 1.45207762 2.20245350
18800 -0.55253349 1.45883301 1.97389524
18900 -0.53993087 1.48050055 1.99426417
19000 -0.52414339 1.45227480 4.01595986
19100 -0.53392052 1.49235733 2.21245411
19200 -0.55489068 1.44871212 2.33264869
19300 -0.58935241 1.47899273 0.27733825
19400 -0.56776121 1.43749101 2.47335700
19500 -0.53777775 1.47263760 2.31015468
19600 -0.57824756 1.44437742 1.78352000
19700 -0.51743993 1.47908675 3.62676439
19800 -0.62697518 1.43116598 2.73289146
19900 -0.57424383 1.43747998 2.28606670
20000 -0.59066610 1.43139419 2.39693974
20100 -0.52167287 1.46213176 3.78457132
20200 -0.53116823 1.46195683 3.09254763
20300 -0.52839285 1.49849685 2.56492183
20400 -0.57814306 1.47114932 0.65504375
20500 -0.55071899 1.48312535 1.35668605
20600 -0.52021000 1.48447088 3.30379879
20700 -0.54490887 1.49027210 1.56483221
20800 -0.54766447 1.45298739 2.47459644
20900 -0.56892314 1.45702202 1.40643881
21000 -0.56418203 1.45306186 1.74305793
21100 -0.59572440 1.40197546 4.81354552
21200 -0.54782668 1.43037954 3.78453184
21300 -0.56300919 1.44695569 2.09100918
21400 -0.55035601 1.46599130 1.81055881
21500 -0.56159804 1.45341744 1.82232273
21600 -0.56575876 1.48862689 0.65090517
21700 -0.60268698 1.41239955 3.84052968
21800 -0.56967855 1.44647635 1.89208552
21900 -0.54869945 1.46722304 1.85303782
22000 -0.56039543 1.46319498 1.46156585
22100 -0.57812398 1.42672134 2.92416108
22200 -0.58432069 1.42471459 2.95686690
22300 -0.56480857 1.45133846 1.80319139
22400 -0.58451529 1.48261483 0.27101013
22500 -0.56366508 1.44724954 2.05141902
22600 -0.57583834 1.48685484 0.37829044
22700 -0.56547387 1.46575923 1.18224192
22800 -0.57345595 1.45022120 1.59125798
22900 -0.57903835 1.46277654 0.91248837
23000 -0.57741521 1.42188457 3.30604635
23100 -0.56319151 1.42609478 3.40842334
23200 -0.58489665 1.44561087 1.59314414
23300 -0.62195664 1.43683188 2.23615269
23400 -0.51881443 1.43422395 5.45879286
23500 -0.55073732 1.44831103 2.54928043
23600 -0.57483827 1.42957433 2.79644400
23700 -0.55882654 1.46578003 1.43312980
23800 -0.55363122 1.46297946 1.76029220
23900 -0.56573808 1.43515556 2.68933989
24000 -0.55902117 1.45235357 1.97472353
24100 -0.55867733 1.46405943 1.49964362
24200 -0.59720220 1.42275944 2.98696570
24300 -0.53974074 1.48371129 1.94825000
24400 -0.52249389 1.48411318 3.12979413
24500 -0.54636482 1.45171438 2.60411696
24600 -0.56894583 1.46743781 1.01232879
24700 -0.56687388 1.46623850 1.11858937
24800 -0.53522847 1.48743554 2.17660847
24900 -0.58086925 1.44825314 1.52186160
25000 -0.52033331 1.48644567 3.26525065
25100 -0.59507687 1.48604313 0.10951577
25200 -0.58680423 1.44558291 1.56767418
25300 -0.58688058 1.47100158 0.50651389
25400 -0.59209940 1.44395263 1.60186374
25500 -0.56632506 1.45652358 1.51210049
25600 -0.56179842 1.42644072 3.43516400
25700 -0.58085874 1.45534979 1.18001435
25800 -0.56453154 1.48206104 0.78990905
25900 -0.57223019 1.43188549 2.70537430
26000 -0.55138069 1.48007349 1.38045151
26100 -0.53169347 1.46795416 2.84635860
26200 -0.59886301 1.41781567 3.37777876
26300 -0.54259005 1.48741520 1.72713963
26400 -0.54821317 1.48999192 1.39101889
26500 -0.56987444 1.46117625 1.20741658
26600 -0.56949087 1.45648290 1.41227244
26700 -0.59055794 1.44758166 1.41841742
26800 -0.58962473 1.46402526 0.70091407
26900 -0.55051295 1.47457817 1.54761889
27000 -0.57681437 1.41247532 4.09907112
27100 -0.59359654 1.43423768 2.18284368
27200 -0.57313332 1.47208109 0.75064202
27300 -0.57018399 1.47016996 0.88941285
27400 -0.52798862 1.46698382 3.13785347
27500 -0.58651830 1.45616330 1.05170639
27600 -0.52630387 1.44648554 4.14745871
27700 -0.58389763 1.43929478 1.97220528
27800 -0.52574983 1.49606788 2.76427450
27900 -0.54962389 1.46231862 1.97881923
28000 -0.57383500 1.42692418 3.01234130
28100 -0.54856156 1.41855335 4.63973443
28200 -0.56749407 1.46638699 1.09323473
28300 -0.56923203 1.45828942 1.34322029
28400 -0.54030336 1.45297490 2.88752447
28500 -0.52345718 1.49734089 2.93293705
28600 -0.57440556 1.48287070 0.47424399
28700 -0.57360518 1.42446411 3.20117822
28800 -0.54573557 1.45961520 2.28778021
28900 -0.56934751 1.41491594 4.08943601
29000 -0.57236857 1.45842145 1.24613599
29100 -0.56836855 1.45207186 1.64882737
29200 -0.58212277 1.44574416 1.63164594
29300 -0.53689085 1.48454256 2.11084875
29400 -0.56930724 1.45910507 1.30722041
29500 -0.58091003 1.48455449 0.30149531
29600 -0.54250408 1.47475080 1.97165117
29700 -0.59185975 1.45091219 1.23793841
29800 -0.55233025 1.43668660 3.14049620
29900 -0.56041744 1.45829542 1.65302537
30000 -0.57717685 1.44218619 1.93166625
30100 -0.57145781 1.46241210 1.11375330
30200 -0.53588849 1.50328329 2.06053264
30300 -0.56322817 1.45003278 1.92444542
30400 -0.55026241 1.45991395 2.04035935
30500 -0.56345173 1.46487554 1.28475189
30600 -0.56395897 1.45680269 1.58248158
30700 -0.60220598 1.45449067 1.03798270
30800 -0.57837535 1.45210707 1.38067901
30900 -0.56832424 1.43058280 2.91105035
31000 -0.52664223 1.45129178 3.87692685
31100 -0.51961269 1.50303306 3.23565975
31200 -0.56601111 1.42549521 3.35310403
31300 -0.51398738 1.48008373 3.89741437
31400 -0.57725093 1.44140957 1.97517940
31500 -0.59756456 1.45739547 0.91053863
31600 -0.59428861 1.45939203 0.84081358
31700 -0.55417671 1.45660638 1.99139004
31800 -0.57046831 1.43446452 2.58350957
31900 -0.54060705 1.48163848 1.93233419
32000 -0.59555739 1.44988358 1.26569601
32100 -0.55329420 1.46981727 1.54621470
32200 -0.56185753 1.43884509 2.59738544
32300 -0.52106162 1.48344843 3.25261150
32400 -0.56884684 1.45543900 1.47810112
32500 -0.55010836 1.48575616 1.34603129
32600 -0.55195433 1.45934390 1.98065209
32700 -0.57805025 1.42188509 3.29186564
32800 -0.55604793 1.45806617 1.84511509
32900 -0.58477574 1.45726927 1.02884648
33000 -0.56685462 1.45287283 1.65979321
33100 -0.58943844 1.43420050 2.22056017
33200 -0.55587798 1.42981627 3.43625434
33300 -0.59056043 1.48188716 0.20859022
33400 -0.59979782 1.45624687 0.95718867
33500 -0.54522917 1.46156194 2.23866433
33600 -0.55276152 1.44263903 2.76087744
33700 -0.56693721 1.45681260 1.47914978
33800 -0.56459366 1.43873922 2.50324582
33900 -0.56687086 1.42557531 3.31828742
34000 -0.54083245 1.48096127 1.93163586
34100 -0.57035305 1.46030333 1.22738355
34200 -0.56977906 1.46349082 1.12311274
34300 -0.56705036 1.49679088 0.54798865
34400 -0.52225133 1.51135475 3.08689321
34500 -0.55889082 1.46366764 1.50500268
34600 -0.53319137 1.46705257 2.77446316
34700 -0.55882071 1.43581279 2.90786573
34800 -0.50987607 1.46027713 4.85011418
34900 -0.56300543 1.45101984 1.88382735
35000 -0.53337907 1.46697474 2.76450830
35100 -0.54575254 1.47159463 1.87482610
35200 -0.54835274 1.46145079 2.07674064
35300 -0.59075727 1.43573840 2.10749046
35400 -0.55936652 1.45155125 1.99918033
35500 -0.56076268 1.45959903 1.58590284
35600 -0.55440542 1.46945132 1.50604345
35700 -0.58503536 1.44744702 1.49287794
35800 -0.55759281 1.45081388 2.10882191
35900 -0.56252368 1.48799558 0.77429045
36000 -0.55582892 1.41227405 4.82346332
36100 -0.53559997 1.49868687 2.07454393
36200 -0.57008340 1.46267857 1.14394597
36300 -0.53173509 1.47936836 2.54288132
36400 -0.58239602 1.43042702 2.57514998
36500 -0.54045756 1.45056535 2.99454326
36600 -0.60174126 1.45504523 1.01198173
36700 -0.56854933 1.45415540 1.54543586
36800 -0.63135082 1.41747752 3.89641640
36900 -0.57074732 1.47608017 0.71393855
37000 -0.52597573 1.45558715 3.72604704
37100 -0.55320906 1.45218379 2.23789103
37200 -0.52776704 1.47156432 3.01309455
37300 -0.57421756 1.48108438 0.51126738
37400 -0.55694551 1.47811760 1.16626445
37500 -0.53356403 1.50253864 2.21009162
37600 -0.54175683 1.46605942 2.27211477
37700 -0.58508183 1.44580425 1.57986582
37800 -0.56995159 1.43598125 2.50065371
37900 -0.56208806 1.48300402 0.86308932
38000 -0.55244100 1.45117378 2.32292906
38100 -0.53930038 1.43201135 4.15345017
38200 -0.55669797 1.49345965 0.95892104
38300 -0.54347545 1.46919399 2.07201732
38400 -0.60954360 1.42769651 2.65943746
38500 -0.55928861 1.45168956 1.99565792
38600 -0.55144877 1.45504708 2.18899359
38700 -0.49937817 1.47244876 5.44191214
38800 -0.57600876 1.44050987 2.05732754
38900 -0.56238448 1.46196455 1.43081148
39000 -0.56576069 1.44363376 2.17474195
39100 -0.59296230 1.45893945 0.86774884
39200 -0.56636807 1.47790157 0.80972367
39300 -0.58083904 1.45044484 1.41142819
39400 -0.59230996 1.46825303 0.53350332
39500 -0.55265497 1.49194985 1.15317857
39600 -0.54786019 1.49034513 1.40588821
39700 -0.57219699 1.50665079 0.40862017
39800 -0.53032424 1.47097281 2.84864442
39900 -0.59647382 1.42969903 2.47733003
40000 -0.55753031 1.45845614 1.76478326
40100 -0.55459472 1.45797576 1.91383799
40200 -0.53754977 1.42673222 4.63409903
40300 -0.55245115 1.48893818 1.19162863
40400 -0.55521442 1.42123606 4.10475354
40500 -0.56381874 1.47225088 1.03954860
40600 -0.53065213 1.46558163 2.99687550
40700 -0.54158993 1.48399099 1.83401244
40800 -0.55141183 1.43702614 3.16325875
40900 -0.55142458 1.47324301 1.53775400
41000 -0.55102686 1.46571474 1.78692406
41100 -0.53794426 1.49215117 1.95625927
41200 -0.57462518 1.48267246 0.47206237
41300 -0.55573916 1.45770034 1.87414142
41400 -0.56260862 1.47315104 1.05949096
41500 -0.55374565 1.46968330 1.52928356
41600 -0.52351700 1.48580753 3.02553769
41700 -0.55120967 1.47070546 1.61933317
41800 -0.58414262 1.46288899 0.81434169
41900 -0.57219195 1.47023674 0.82956958
42000 -0.54801302 1.46270077 2.04693927
42100 -0.55134177 1.46991794 1.63627690
42200 -0.53270925 1.48156903 2.43387256
42300 -0.53094058 1.45787344 3.27192513
42400 -0.55696050 1.47465780 1.24731295
42500 -0.58084027 1.46907966 0.66158135
42600 -0.61085456 1.41002333 4.10681140
42700 -0.58479998 1.43925996 1.96019667
42800 -0.56207569 1.48014738 0.91618998
42900 -0.56534712 1.48436216 0.72268215
43000 -0.57495461 1.45183539 1.47355091
43100 -0.54197847 1.50106811 1.68381931
43200 -0.58049129 1.43847494 2.08296153
43300 -0.58277433 1.46448061 0.77917550
43400 -0.54826678 1.47218378 1.72503407
43500 -0.55737408 1.46683583 1.45841573
43600 -0.59146237 1.42606474 2.76965656
43700 -0.54471118 1.45488539 2.54609108
43800 -0.56849260 1.44049264 2.26692089
43900 -0.53216375 1.49464285 2.31522809
44000 -0.61551099 1.43802055 2.04102156
44100 -0.55834795 1.44106510 2.60410791
44200 -0.54106192 1.45240068 2.86969617
44300 -0.57074179 1.46963307 0.88909665
44400 -0.53135417 1.47524133 2.66262081
44500 -0.57635667 1.42091295 3.40688405
44600 -0.56956740 1.46994641 0.91468071
44700 -0.57380760 1.46428710 0.98072662
44800 -0.55514863 1.49231006 1.03539036
44900 -0.59178608 1.44890491 1.33908837
45000 -0.54875584 1.46430399 1.95008429
45100 -0.56938451 1.45724773 1.38253232
45200 -0.58402648 1.44295753 1.75449833
45300 -0.57309975 1.44660877 1.78712338
45400 -0.54066338 1.45551393 2.74992253
45500 -0.60179103 1.44016685 1.79160660
45600 -0.52611004 1.45925584 3.55990614
45700 -0.57349845 1.41706532 3.79024681
45800 -0.55879032 1.49443741 0.86459008
45900 -0.52680390 1.48236152 2.83439240
46000 -0.54046184 1.48261881 1.92344916
46100 -0.56520155 1.45103320 1.80433979
46200 -0.53012023 1.48368397 2.57469731
46300 -0.54870939 1.42564062 4.08002186
46400 -0.54314364 1.47402439 1.95368906
46500 -0.58482589 1.46192450 0.83999855
46600 -0.57136701 1.46837125 0.91011301
46700 -0.57040369 1.44606505 1.89246031
46800 -0.56415780 1.40673884 4.99115393
46900 -0.56511673 1.47487453 0.92406606
47000 -0.55394880 1.45539214 2.05528705
47100 -0.59053481 1.46096910 0.80650038
47200 -0.58184990 1.47384225 0.50682709
47300 -0.56054471 1.44479579 2.30211277
47400 -0.57127698 1.47306836 0.77516264
47500 -0.56252638 1.45595428 1.67214884
47600 -0.57765964 1.41084826 4.22356257
47700 -0.53157294 1.47361780 2.68914165
47800 -0.60931733 1.42706876 2.70288885
47900 -0.50401819 1.49101780 4.64659419
48000 -0.56287682 1.43197873 3.00251195
48100 -0.53307257 1.45834436 3.10723661
48200 -0.56980692 1.44042152 2.23060889
48300 -0.59297807 1.45777996 0.91591968
48400 -0.51588281 1.47604366 3.82480356
48500 -0.57817782 1.44081266 1.98967415
48600 -0.57505179 1.42508772 3.11713122
48700 -0.51418194 1.44777327 5.04618584
48800 -0.57712230 1.44686197 1.67351969
48900 -0.60460644 1.41791133 3.37988426
49000 -0.54063878 1.45897210 2.60352178
49100 -0.55108420 1.46395296 1.84607249
49200 -0.54530451 1.44309842 3.11469325
49300 -0.52584698 1.45526147 3.75010305
49400 -0.55898704 1.47380483 1.18412490
49500 -0.54606276 1.45960827 2.27035887
49600 -0.53683243 1.47907951 2.21390459
49700 -0.55747367 1.45400545 1.96199375
49800 -0.55429589 1.48769668 1.12011881
49900 -0.58678074 1.47975022 0.29240136
50000 -0.54590091 1.50450280 1.47349323
50100 -0.57088295 1.47414722 0.75808432
50200 -0.58674968 1.47443507 0.41456839
50300 -0.55179444 1.47158944 1.56546805
50400 -0.57823316 1.45377841 1.30511519
50500 -0.54594675 1.45166921 2.62880965
50600 -0.56451130 1.42894700 3.15398800
50700 -0.57820492 1.45848618 1.09921141
50800 -0.57762755 1.46421928 0.89039316
50900 -0.56550789 1.43613306 2.63434559
51000 -0.57933118 1.46827128 0.71695597
51100 -0.55031784 1.46653706 1.79404276
51200 -0.56845594 1.43125735 2.86029015
51300 -0.55170179 1.48878346 1.22926398
51400 -0.54141504 1.44680424 3.13099331
51500 -0.54631976 1.46499856 2.05333435
51600 -0.59218953 1.43368397 2.22940987
51700 -0.55633889 1.48569814 1.05541785
51800 -0.53426321 1.48922829 2.21867773
51900 -0.59137820 1.47513269 0.34635921
52000 -0.59969327 1.43570396 2.06703771
52100 -0.58051421 1.43060208 2.59788338
52200 -0.55183901 1.48783828 1.23369442
52300 -0.55113520 1.44647532 2.62633006
52400 -0.54121134 1.46728560 2.26316908
52500 -0.57164019 1.44582032 1.86985863
52600 -0.55148503 1.47380386 1.51997011
52700 -0.57162313 1.48687970 0.48869449
52800 -0.55939402 1.48628340 0.91849557
52900 -0.57690200 1.43076480 2.66351547
53000 -0.60320903 1.43959307 1.82964770
53100 -0.53566765 1.47722926 2.32857895
53200 -0.57606868 1.45688875 1.21564407
53300 -0.52210887 1.50565941 3.04952873
53400 -0.54600641 1.48935582 1.51430336
53500 -0.56531241 1.47447869 0.92728324
53600 -0.55524934 1.47131200 1.41281170
53700 -0.57319252 1.44865413 1.67751978
53800 -0.54772775 1.43054662 3.77807982
53900 -0.58060409 1.46319533 0.86539256
54000 -0.53821672 1.48977923 1.96081881
54100 -0.56503194 1.44406733 2.17561425
54200 -0.54277558 1.45846747 2.49979228
54300 -0.56091332 1.44512946 2.26927252
54400 -0.56808931 1.48061307 0.69707253
54500 -0.52966750 1.46404471 3.11972137
54600 -0.58545062 1.42721233 2.75486476
54700 -0.53255969 1.44003114 4.07223000
54800 -0.57176611 1.43715797 2.37313674
54900 -0.58794192 1.41707381 3.51107542
55000 -0.55825177 1.48324263 1.01186220
55100 -0.56458109 1.43218139 2.92693176
55200 -0.55076839 1.45890553 2.05625354
55300 -0.55112950 1.43629654 3.22322795
55400 -0.53795032 1.47288478 2.29269884
55500 -0.58135027 1.44782208 1.53517361
55600 -0.57634637 1.41463225 3.92357330
55700 -0.57897253 1.45033694 1.45428704
55800 -0.59781843 1.45165075 1.17120453
55900 -0.58351364 1.49716785 0.13991057
56000 -0.57121976 1.47045161 0.85070464
56100 -0.57759536 1.43546660 2.33326356
56200 -0.57151251 1.44962799 1.67443813
56300 -0.54918611 1.47407889 1.62697775
56400 -0.55784937 1.45168182 2.05566144
56500 -0.51352449 1.48089903 3.92143005
56600 -0.55894757 1.44570455 2.31664879
56700 -0.56606642 1.46732497 1.10957283
56800 -0.56350650 1.45470111 1.69188221
56900 -0.57137479 1.47881113 0.63418537
57000 -0.55455038 1.46018982 1.82525885
57100 -0.56075391 1.45126315 1.95776779
57200 -0.54037809 1.47136988 2.18722830
57300 -0.55178052 1.45519542 2.16628407
57400 -0.58039757 1.43750822 2.14473862
57500 -0.61570344 1.43229195 2.41548899
57600 -0.56533361 1.46607110 1.17646443
57700 -0.57229187 1.44283464 2.01780952
57800 -0.58066432 1.42571872 2.94578859
57900 -0.55381471 1.47843932 1.29897218
58000 -0.59583672 1.44107132 1.74496103
58100 -0.55786123 1.47168570 1.28868785
58200 -0.51134932 1.48026836 4.12413998
58300 -0.56933618 1.47010586 0.91696456
58400 -0.51729357 1.47773489 3.66804434
58500 -0.58866895 1.44363973 1.65243625
58600 -0.56356539 1.44765415 2.03378449
58700 -0.58398936 1.43650494 2.14398141
58800 -0.57927707 1.44394536 1.78578144
58900 -0.55206190 1.48218685 1.30768485
59000 -0.53212104 1.45289345 3.41328964
59100 -0.56455080 1.42884998 3.15948556
59200 -0.57837372 1.42745500 2.86523624
59300 -0.56178088 1.46683699 1.28024318
59400 -0.57408800 1.46156484 1.07434669
59500 -0.55923008 1.46848043 1.32783456
59600 -0.55689423 1.44525423 2.42760308
59700 -0.59344319 1.43120999 2.38752888
59800 -0.56194627 1.46089587 1.48860984
59900 -0.56493675 1.46678950 1.16618433
60000 -0.55395484 1.47533237 1.36432412
60100 -0.52422395 1.47404106 3.20793841
60200 -0.56436123 1.47969922 0.84112170
60300 -0.58380825 1.45860540 0.98784284
60400 -0.57293487 1.46216969 1.08182685
60500 -0.58545364 1.46112327 0.86149835
60600 -0.57067720 1.45204214 1.57989156
60700 -0.58058063 1.44713844 1.58572807
60800 -0.51876806 1.45836721 4.16595871
60900 -0.57186703 1.44435486 1.94392271
61000 -0.56588845 1.46336663 1.25280065
61100 -0.57259084 1.48199928 0.53764389
61200 -0.57989540 1.45710970 1.12188651
61300 -0.59034557 1.41007840 4.08955110
61400 -0.52797244 1.47310975 2.95552713
61500 -0.52279988 1.45353362 4.05949161
61600 -0.55157761 1.49314449 1.19586280
61700 -0.57469815 1.46921162 0.79405401
61800 -0.55417226 1.39861159 6.18989579
61900 -0.58689415 1.44878123 1.39756308
62000 -0.57999338 1.44987406 1.45643763
62100 -0.55479777 1.46521387 1.62665824
62200 -0.54764434 1.45312726 2.46908443
62300 -0.55098839 1.46842445 1.69957680
62400 -0.57326500 1.45734111 1.26727073
62500 -0.57880841 1.45312839 1.32301538
62600 -0.56636210 1.44819270 1.90775220
62700 -0.57180513 1.46849619 0.89372042
62800 -0.53780797 1.50204953 1.93602488
62900 -0.55315487 1.46216685 1.81290699
63000 -0.55166504 1.44369378 2.75332958
63100 -0.56198943 1.43862938 2.60557803
63200 -0.58973223 1.46961182 0.51443426
63300 -0.55278558 1.44422154 2.67021904
63400 -0.56639225 1.45575490 1.54355482
63500 -0.50865220 1.48568984 4.27460101
63600 -0.55275967 1.47180775 1.51322591
63700 -0.56605960 1.44517310 2.07896988
63800 -0.54136830 1.48164323 1.88732364
63900 -0.51242319 1.46339868 4.50467701
64000 -0.54961582 1.43986962 3.07711392
64100 -0.54645762 1.47278114 1.80382638
64200 -0.56155925 1.47389361 1.07961756
64300 -0.53537296 1.48301150 2.23263166
64400 -0.52946976 1.45702947 3.41049076
64500 -0.53721637 1.46248124 2.67472067
64600 -0.59301642 1.43520851 2.12335401
64700 -0.58230739 1.41487542 3.77961122
64800 -0.52690263 1.46751208 3.19934500
64900 -0.58479318 1.44266261 1.75941159
65000 -0.55198019 1.41129579 5.08716932
65100 -0.57046576 1.47791751 0.67995366
65200 -0.54544640 1.50209688 1.49024589
65300 -0.57224939 1.45434510 1.42723326
65400 -0.54843134 1.45197813 2.48271339
65500 -0.54056672 1.50739372 1.79349089
65600 -0.55637422 1.46382379 1.60596350
65700 -0.53820073 1.47473581 2.22871429
65800 -0.56895689 1.44795077 1.83639845
65900 -0.56538162 1.43430897 2.75687197
66000 -0.54604346 1.46333238 2.12791135
66100 -0.54881133 1.43877521 3.18437751
66200 -0.55678756 1.48691946 1.01920753
66300 -0.54300841 1.46349966 2.29015795
66400 -0.56840332 1.46794811 1.01283693
66500 -0.50192506 1.47212713 5.19779519
66600 -0.55351200 1.46063097 1.85552706
66700 -0.60750240 1.43288325 2.28047210
66800 -0.56378267 1.45735310 1.56522643
66900 -0.55941968 1.46353266 1.48831438
67000 -0.55810580 1.45090353 2.08279385
67100 -0.55882542 1.47494391 1.16157675
67200 -0.55128188 1.47033214 1.62681842
67300 -0.57935497 1.44523933 1.71247430
67400 -0.54644103 1.44528602 2.93109125
67500 -0.59229211 1.44143862 1.74442369
67600 -0.52918335 1.45602163 3.47454704
67700 -0.56591362 1.43268253 2.84676149
67800 -0.53702686 1.44713485 3.38017040
67900 -0.61039626 1.48632016 0.14761016
68000 -0.54905996 1.46999135 1.74770346
68100 -0.53879139 1.45709296 2.79375419
68200 -0.58808325 1.46190832 0.79649251
68300 -0.55040181 1.46892188 1.71291482
68400 -0.56476818 1.49396202 0.63886932
68500 -0.55409730 1.46413334 1.69673773
68600 -0.55077842 1.47508597 1.52173649
68700 -0.54386286 1.47811552 1.81515465
68800 -0.56667980 1.46314918 1.23410915
68900 -0.56314504 1.45490824 1.69577755
69000 -0.57739478 1.42502402 3.06619652
69100 -0.57733752 1.45732287 1.16746283
69200 -0.58385119 1.43357018 2.33685233
69300 -0.56695743 1.42634665 3.25831332
69400 -0.58107895 1.43651936 2.19389896
69500 -0.53347625 1.45140331 3.39352356
69600 -0.57021242 1.48545787 0.54938666
69700 -0.57718454 1.41075976 4.24218251
69800 -0.61832953 1.42327252 3.11153877
69900 -0.57622733 1.40345211 4.94331763
70000 -0.49613620 1.46928295 5.86561269
70100 -0.54185592 1.48695679 1.77542949
70200 -0.55589619 1.43127742 3.33396921
70300 -0.57832902 1.42767250 2.85044938
70400 -0.54823985 1.44028853 3.12228602
70500 -0.56292215 1.45334330 1.77580735
70600 -0.56125833 1.44814947 2.09469743
70700 -0.52902232 1.44433825 4.06803022
70800 -0.49568530 1.48202288 5.60236668
70900 -0.49352078 1.48336871 5.80721234
71000 -0.54353821 1.45780301 2.48426023
71100 -0.58639897 1.47967410 0.29906513
71200 -0.60998090 1.42421093 2.92180033
71300 -0.58002244 1.41064670 4.19155754
71400 -0.57994242 1.46674471 0.75411055
71500 -0.56485855 1.45095711 1.82006337
71600 -0.57170614 1.49082422 0.44236882
71700 -0.56474945 1.45378436 1.68924318
71800 -0.58290342 1.47595228 0.43529287
71900 -0.59509324 1.45462784 1.04135456
72000 -0.56011204 1.47859629 1.02458393
72100 -0.57351333 1.42361173 3.26835614
72200 -0.58438652 1.44566961 1.59778611
72300 -0.56341665 1.42647582 3.37207285
72400 -0.56506060 1.47069871 1.03966340
72500 -0.55486534 1.46188905 1.74479079
72600 -0.53342869 1.46325033 2.89113858
72700 -0.58415252 1.41927421 3.38389768
72800 -0.55016120 1.45805998 2.12143565
72900 -0.56847999 1.46621046 1.06762201
73000 -0.54921632 1.44979405 2.54980978
73100 -0.56858107 1.42624516 3.21346264
73200 -0.56498706 1.47363568 0.96049158
73300 -0.55309981 1.46103125 1.85909551
73400 -0.59372387 1.46495955 0.63361165
73500 -0.58277884 1.43250661 2.42596273
73600 -0.54024393 1.47098479 2.20633482
73700 -0.58392093 1.45722763 1.04400610
73800 -0.60723275 1.45961365 0.84168513
73900 -0.59551536 1.45075191 1.22274295
74000 -0.56105370 1.43288838 3.01039227
74100 -0.57367118 1.44190866 2.03390520
74200 -0.53515327 1.43879776 3.97540656
74300 -0.56713061 1.42547210 3.31740220
74400 -0.57139310 1.45643780 1.35800991
74500 -0.54586715 1.46385713 2.11833653
74600 -0.57708746 1.46315834 0.94114613
74700 -0.56147767 1.48718466 0.82410152
74800 -0.54191550 1.44031444 3.46808815
74900 -0.56399439 1.43528928 2.74194049
75000 -0.58536239 1.43581315 2.16710540
75100 -0.58692927 1.42996420 2.53792868
75200 -0.52333972 1.47922275 3.15424606
75300 -0.54905729 1.43470226 3.42947741
75400 -0.58304145 1.46717252 0.68261776
75500 -0.53366595 1.50238441 2.20294581
75600 -0.55913821 1.45877686 1.68451648
75700 -0.56003503 1.46185386 1.52616371
75800 -0.53840396 1.47773599 2.14487891
75900 -0.59158211 1.44283016 1.66962571
76000 -0.58486484 1.48392897 0.24367552
76100 -0.55097455 1.48808072 1.27278215
76200 -0.53769097 1.51485310 2.05151471
76300 -0.55570045 1.41249744 4.80957426
76400 -0.55402805 1.50006352 1.05671209
76500 -0.54748621 1.45037022 2.61040665
76600 -0.58794289 1.47624164 0.35491675
76700 -0.52146719 1.48859390 3.14875039
76800 -0.57013916 1.44664025 1.86946596
76900 -0.56065661 1.48236474 0.92945254
77000 -0.55624428 1.47241813 1.33766129
77100 -0.54680064 1.48448514 1.53544149
77200 -0.55553212 1.47985650 1.19157645
77300 -0.53344109 1.44950953 3.48968767
77400 -0.57027439 1.42770472 3.05510997
77500 -0.54966970 1.47152348 1.67202591
77600 -0.55497947 1.46315532 1.69218908
77700 -0.56532102 1.47564320 0.89794262
77800 -0.58304508 1.48628663 0.23776303
77900 -0.54921531 1.48022240 1.48511893
78000 -0.58615587 1.43730862 2.06093478
78100 -0.57901085 1.46293361 0.90723083
78200 -0.54977985 1.48213565 1.42059929
78300 -0.59045783 1.47058406 0.47817528
78400 -0.56725949 1.44082918 2.28656336
78500 -0.60631870 1.45058637 1.24081620
78600 -0.55556823 1.45677446 1.92131465
78700 -0.53754197 1.44469686 3.47972132
78800 -0.55187633 1.46327823 1.83218804
78900 -0.53901182 1.49423255 1.87641086
79000 -0.55589217 1.49713014 0.97686835
79100 -0.57033382 1.45074366 1.65313456
79200 -0.53493763 1.48103975 2.29630153
79300 -0.52964979 1.50863378 2.51184722
79400 -0.56910412 1.44376499 2.05846602
79500 -0.55558750 1.43496019 3.10132333
79600 -0.54089592 1.42174688 4.80842124
79700 -0.54340446 1.45421398 2.64970740
79800 -0.54309851 1.46700421 2.16325073
79900 -0.54325174 1.46762011 2.13441152
80000 -0.57754012 1.45580086 1.22900518
80100 -0.56204874 1.42786621 3.32179040
80200 -0.54748604 1.47569913 1.67412425
80300 -0.55521124 1.46286183 1.69263844
80400 -0.52369768 1.46064423 3.68546007
80500 -0.57463392 1.39968709 5.35305944
80600 -0.53456206 1.48999163 2.19114574
80700 -0.58558521 1.43828881 2.00802833
80800 -0.55932737 1.43012678 3.26826503
80900 -0.57444205 1.40148275 5.17942864
81000 -0.52927882 1.46677055 3.05284131
81100 -0.57516561 1.45668594 1.24642736
81200 -0.57516190 1.47736604 0.56461350
81300 -0.57442962 1.46619491 0.89831429
81400 -0.53677295 1.50801421 2.03094395
81500 -0.57335104 1.44098391 2.09653306
81600 -0.58152332 1.42285358 3.14647933
81700 -0.56906224 1.47847586 0.71021693
81800 -0.55338142 1.48453041 1.20629993
81900 -0.49666300 1.49125627 5.37749378
82000 -0.58354702 1.47471345 0.45505507
82100 -0.57099566 1.45900180 1.26105215
82200 -0.57582967 1.44133676 2.01279043
82300 -0.51933580 1.47027514 3.69513991
82400 -0.56452832 1.43269765 2.89392318
82500 -0.55853626 1.45109294 2.05557115
82600 -0.57066679 1.47201426 0.82181932
82700 -0.53923962 1.46003039 2.64469669
82800 -0.55910236 1.47672791 1.10710348
82900 -0.58038560 1.43105173 2.56929440
83000 -0.49895718 1.49527115 5.11600688
83100 -0.56150445 1.44603444 2.19709429
83200 -0.55502025 1.45834724 1.87906522
83300 -0.56207671 1.47282907 1.08821759
83400 -0.53490986 1.47050000 2.55348820
83500 -0.56270246 1.42439497 3.55361349
83600 -0.61637099 1.42943987 2.62337056
83700 -0.53093415 1.47167643 2.78615806
83800 -0.58296149 1.42864282 2.69107888
83900 -0.55194335 1.47354353 1.50469301
84000 -0.53405543 1.46907605 2.65248852
84100 -0.55928925 1.44136820 2.54752658
84200 -0.55990882 1.45820994 1.67685622
84300 -0.58910027 1.41295004 3.84825028
84400 -0.58522162 1.40870988 4.27614309
84500 -0.57816766 1.47513755 0.54739633
84600 -0.53540703 1.45258614 3.21016300
84700 -0.56692173 1.44826048 1.88557495
84800 -0.56355863 1.45824161 1.53586815
84900 -0.56867988 1.47344000 0.84319173
85000 -0.54715577 1.45369358 2.46839856
85100 -0.52805209 1.44460970 4.12229342
85200 -0.55129572 1.48390860 1.31551985
85300 -0.57394294 1.44737186 1.72434596
85400 -0.52997177 1.45596099 3.42169396
85500 -0.53085785 1.45868439 3.24380865
85600 -0.53913717 1.44775717 3.21679891
85700 -0.57257702 1.48459934 0.49460003
85800 -0.59621699 1.43569424 2.07477071
85900 -0.54734465 1.47762464 1.63662144
86000 -0.57998363 1.49012137 0.24912122
86100 -0.53452140 1.47334522 2.49896225
86200 -0.55961294 1.46681807 1.36607746
86300 -0.52869476 1.48099005 2.72290743
86400 -0.57521880 1.44309753 1.92599944
86500 -0.55024348 1.49925288 1.23813480
86600 -0.54987323 1.46264160 1.95417192
86700 -0.57453652 1.42829310 2.89513435
86800 -0.55058943 1.45704429 2.14329861
86900 -0.58213104 1.46662695 0.71653026
87000 -0.57018809 1.43815436 2.35681652
87100 -0.61313809 1.41495031 3.70302949
87200 -0.60561985 1.41187759 3.89857051
87300 -0.58767236 1.42619419 2.79963398
87400 -0.51695193 1.48399361 3.57659319
87500 -0.58675501 1.43212867 2.39097392
87600 -0.55413941 1.44166999 2.75279214
87700 -0.57541475 1.44623486 1.74756218
87800 -0.57966490 1.42589406 2.95260347
87900 -0.59276503 1.42948277 2.51251256
88000 -0.58139808 1.47288670 0.54058109
88100 -0.56005796 1.43393291 2.98011397
88200 -0.55779888 1.44197353 2.57400285
88300 -0.57639342 1.46995065 0.73011697
88400 -0.58994618 1.46024748 0.84067120
88500 -0.55553547 1.46633854 1.55509419
88600 -0.54459297 1.47104989 1.95402414
88700 -0.59349189 1.45449483 1.05653810
88800 -0.56020713 1.44759635 2.16480737
88900 -0.58921172 1.43788410 1.98738570
89000 -0.58544336 1.45674320 1.04152317
89100 -0.54418525 1.43940961 3.39324068
89200 -0.61540357 1.40806401 4.34474794
89300 -0.55291094 1.47853050 1.33915946
89400 -0.57744354 1.45445682 1.29148748
89500 -0.57897357 1.42039353 3.38965007
89600 -0.56975916 1.44125284 2.18286853
89700 -0.56776947 1.50156070 0.52062127
89800 -0.54208267 1.50182889 1.67888114
89900 -0.58434050 1.44437471 1.66969640
90000 -0.54752068 1.50532912 1.39123945
90100 -0.55933073 1.45941593 1.65052810
90200 -0.60205638 1.44632788 1.44246249
90300 -0.48616415 1.46413056 7.12260859
90400 -0.57155079 1.44346986 2.00250746
90500 -0.56806487 1.45923201 1.34094069
90600 -0.56324335 1.46391624 1.32654445
90700 -0.53720320 1.47233823 2.35430560
90800 -0.54546951 1.44964673 2.75451331
90900 -0.56410796 1.41811878 3.99638604
91000 -0.53466033 1.50159891 2.13591438
91100 -0.58616311 1.47094797 0.51773980
91200 -0.61183093 1.42385977 2.96865287
91300 -0.54879726 1.44933776 2.59419166
91400 -0.53799913 1.47598185 2.21048953
91500 -0.53073002 1.48843891 2.46599448
91600 -0.53847159 1.47821131 2.13024607
91700 -0.54424400 1.45078499 2.76542442
91800 -0.57710329 1.45473096 1.28677274
91900 -0.58336018 1.43096563 2.52131426
92000 -0.55035643 1.48675333 1.31997919
92100 -0.60588356 1.44931530 1.30177776
92200 -0.58647833 1.47180738 0.48882974
92300 -0.52623544 1.46147276 3.46277941
92400 -0.57152601 1.41874441 3.70661987
92500 -0.55526725 1.42137211 4.09168151
92600 -0.56753988 1.45509686 1.53497577
92700 -0.56932632 1.45869795 1.32336667
92800 -0.57382172 1.44729040 1.73180189
92900 -0.58642610 1.44340609 1.69356080
93000 -0.56457983 1.44931270 1.91189574
93100 -0.60142355 1.42300699 2.96497494
93200 -0.56691528 1.47960885 0.75519877
93300 -0.55760358 1.47771599 1.14701661
93400 -0.54250743 1.46894894 2.13478195
93500 -0.50885085 1.49138837 4.19116417
93600 -0.53418457 1.46912923 2.64233760
93700 -0.54805919 1.47005505 1.79727378
93800 -0.53237787 1.51361292 2.37903205
93900 -0.53108215 1.47514201 2.68379482
94000 -0.57252312 1.42596332 3.11820448
94100 -0.52933934 1.48782806 2.57054269
94200 -0.53425670 1.49220435 2.19147676
94300 -0.53594052 1.46391961 2.70270579
94400 -0.57637297 1.43185576 2.60093663
94500 -0.55745775 1.46527260 1.50791770
94600 -0.56781359 1.47496329 0.83140079
94700 -0.59498123 1.48035864 0.20548550
94800 -0.57933038 1.45287993 1.32376708
94900 -0.53399488 1.50869751 2.21616106
95000 -0.57766853 1.46049460 1.02968563
95100 -0.57169861 1.48642476 0.49262785
95200 -0.62281906 1.38580426 6.78068826
95300 -0.54510999 1.48063135 1.69402899
95400 -0.53983131 1.45460449 2.84051217
95500 -0.57902268 1.44742825 1.60191838
95600 -0.59008796 1.46010203 0.84504823
95700 -0.56959852 1.44694474 1.86955509
95800 -0.56445526 1.43563555 2.70310526
95900 -0.53504799 1.46376089 2.76601835
96000 -0.53402446 1.50319406 2.18148726
96100 -0.55541845 1.48000366 1.19368421
96200 -0.55588767 1.43439151 3.12518604
96300 -0.58064009 1.44982190 1.44632387
96400 -0.57457221 1.42993140 2.77809075
96500 -0.53221865 1.48107121 2.47630495
96600 -0.56853327 1.48573473 0.59682658
96700 -0.50920406 1.46128815 4.87125499
96800 -0.56574576 1.44032837 2.36702828
96900 -0.56887924 1.46191686 1.20941383
97000 -0.58191529 1.47056408 0.59676512
97100 -0.55165801 1.48354693 1.30382582
97200 -0.58279057 1.42220694 3.17396258
97300 -0.52906541 1.46624187 3.08566343
97400 -0.55634770 1.46376123 1.60938594
97500 -0.55171604 1.46496880 1.77926305
97600 -0.54614867 1.45477011 2.47285402
97700 -0.52804415 1.47883851 2.81272645
97800 -0.54539174 1.44873015 2.80532977
97900 -0.53109703 1.48128262 2.54898013
98000 -0.55466266 1.44444774 2.57076362
98100 -0.57003734 1.44524602 1.94787993
98200 -0.56694739 1.42545241 3.32490951
98300 -0.53225036 1.45346899 3.37757409
98400 -0.55951996 1.47503365 1.13097610
98500 -0.57714085 1.44731585 1.64908013
98600 -0.56357088 1.47303722 1.02703614
98700 -0.56474258 1.46131286 1.36989052
98800 -0.54032665 1.43548309 3.86167005
98900 -0.58614568 1.43577554 2.15836182
99000 -0.55079224 1.43964518 3.03205400
99100 -0.58332679 1.45192120 1.29478342
99200 -0.58642500 1.46358204 0.75527424
99300 -0.57551829 1.43429301 2.45838138
99400 -0.58645716 1.46710421 0.63277061
99500 -0.57941307 1.46650783 0.77277358
99600 -0.55940943 1.45579712 1.80074447
99700 -0.59730790 1.41827493 3.34311703
99800 -0.57974657 1.45606853 1.17008760
99900 -0.56456922 1.44658675 2.05415786
100000 -0.57436919 1.44186430 2.01834914
100100 -0.55733562 1.47261337 1.28513837
100200 -0.58293397 1.43872901 2.02269176
100300 -0.52786579 1.45492483 3.61755714
100400 -0.59368296 1.44539043 1.51105487
100500 -0.57624704 1.46436285 0.91710471
100600 -0.55192271 1.45986287 1.96120748
100700 -0.58390402 1.45210279 1.27661186
100800 -0.60870939 1.44009636 1.83214952
100900 -0.56762373 1.43203895 2.83346372
101000 -0.56693234 1.44835177 1.88050474
101100 -0.56758704 1.48253316 0.67784511
101200 -0.57460207 1.47849741 0.55370814
101300 -0.54024643 1.49447744 1.80049398
101400 -0.56151282 1.45494795 1.75547492
101500 -0.52623321 1.47157892 3.12464878
101600 -0.58345426 1.47623182 0.41934389
101700 -0.58773237 1.44358104 1.66679694
101800 -0.58136437 1.44412301 1.73476236
101900 -0.56723492 1.42246343 3.54273491
102000 -0.53055009 1.45089232 3.61742678
102100 -0.57436074 1.48147353 0.50030076
102200 -0.57882448 1.45426599 1.27000093
102300 -0.56729852 1.47532039 0.83923507
102400 -0.59477838 1.46731549 0.54777130
102500 -0.58318523 1.43963731 1.96319530
102600 -0.56243113 1.47390933 1.04607143
102700 -0.55655472 1.47723911 1.20277527
102800 -0.58525244 1.45198674 1.26138175
102900 -0.60139870 1.44089427 1.74772171
103000 -0.54778254 1.45509140 2.37172289
103100 -0.55953169 1.46273648 1.51312711
103200 -0.57614482 1.43508964 2.39121205
103300 -0.59245662 1.44986104 1.28540881
103400 -0.57821408 1.46500865 0.84951057
103500 -0.57135800 1.46520271 1.01560766
103600 -0.54207064 1.42274115 4.66237044
103700 -0.54300645 1.44491773 3.14116069
103800 -0.57958285 1.46463378 0.83381462
103900 -0.57294276 1.42902478 2.88478769
104000 -0.57614603 1.48630183 0.37832603
104100 -0.56900257 1.43348746 2.69237964
104200 -0.53907950 1.45694165 2.78266448
104300 -0.59648100 1.44707978 1.40646665
104400 -0.57025129 1.41623853 3.95048520
104500 -0.57169115 1.47395396 0.73989370
104600 -0.57401265 1.45984686 1.14380854
104700 -0.57426294 1.45222344 1.47249816
104800 -0.55647521 1.43125523 3.31012490
104900 -0.55675850 1.46232660 1.64455626
105000 -0.59681524 1.42827684 2.57717752
105100 -0.51731008 1.46464256 4.04388579
105200 -0.53136064 1.47669060 2.62734480
105300 -0.57169374 1.46668458 0.95558053
105400 -0.53690948 1.48940026 2.04638382
105500 -0.55564727 1.44952735 2.25732648
105600 -0.52641037 1.48910493 2.76706825
105700 -0.54491845 1.48999148 1.56707370
105800 -0.58160876 1.43726353 2.13705135
105900 -0.60640452 1.41099359 3.98157952
106000 -0.56046416 1.44735146 2.16747556
106100 -0.53741139 1.47273514 2.33035300
106200 -0.51796084 1.49689955 3.37001815
106300 -0.57784038 1.46096408 1.00742587
106400 -0.53211128 1.49257430 2.33200949
106500 -0.57482662 1.47971923 0.52250434
106600 -0.60708216 1.42617488 2.75015247
106700 -0.55968898 1.48394411 0.94138508
106800 -0.54509701 1.47843755 1.73963901
106900 -0.54323061 1.46409140 2.25609563
107000 -0.58704766 1.43208219 2.39029607
107100 -0.55818284 1.44936467 2.15630558
107200 -0.55054936 1.46268377 1.91893327
107300 -0.56839407 1.47154453 0.90432440
107400 -0.56022696 1.43038311 3.21420288
107500 -0.55914807 1.47596140 1.12336726
107600 -0.54825434 1.44447854 2.88012274
107700 -0.57255783 1.47140907 0.78525694
107800 -0.53154225 1.48022392 2.53877866
107900 -0.53808524 1.47620910 2.19972245
108000 -0.54033611 1.47240039 2.16075881
108100 -0.54514283 1.48332392 1.64370048
108200 -0.53531336 1.46147322 2.83433711
108300 -0.56784238 1.45471930 1.54222742
108400 -0.53506934 1.45965357 2.92191235
108500 -0.57390136 1.47976173 0.54536319
108600 -0.52055792 1.48099014 3.33620917
108700 -0.51349537 1.49222189 3.77177496
108800 -0.54652943 1.47997933 1.62996465
108900 -0.53572873 1.49227127 2.09526467
109000 -0.60142556 1.46889677 0.48472151
109100 -0.54572949 1.51814290 1.63722670
109200 -0.50898593 1.49927483 4.14204363
109300 -0.55370288 1.46064517 1.84611259
109400 -0.56725023 1.42920459 3.04226884
109500 -0.56168558 1.44212665 2.40865981
109600 -0.55647977 1.47118924 1.36203529
109700 -0.55212617 1.44178264 2.84058203
109800 -0.52097696 1.49376962 3.14172897
109900 -0.57372250 1.46272791 1.03985773
110000 -0.56945807 1.44258670 2.11454846
110100 -0.60458933 1.42233871 3.02616908
110200 -0.52050057 1.45784981 4.04839867
110300 -0.63070513 1.41716797 3.90197518
110400 -0.56626030 1.45313752 1.66722955
110500 -0.55119032 1.49956873 1.19128548
110600 -0.55212928 1.47665573 1.41828020
110700 -0.57314047 1.43808792 2.27727020
110800 -0.54621697 1.44756220 2.82116844
110900 -0.57392005 1.45427947 1.38526557
111000 -0.56506036 1.47094008 1.03262870
111100 -0.55559353 1.44257902 2.63455216
111200 -0.53144381 1.47288854 2.71749116
111300 -0.57239788 1.46558608 0.97309759
111400 -0.51742083 1.50817497 3.44307491
111500 -0.57154681 1.40752112 4.68096368
111600 -0.59293037 1.43573466 2.09000655
111700 -0.52806570 1.48849150 2.65349446
111800 -0.57775544 1.46790206 0.76254914
111900 -0.57505049 1.44524516 1.81028535
112000 -0.59150540 1.43761235 1.98218863
112100 -0.51803033 1.49518571 3.37110232
112200 -0.61941985 1.43818422 2.09916069
112300 -0.56616141 1.44343340 2.17241493
112400 -0.59434616 1.42662146 2.70818800
112500 -0.58700346 1.46072474 0.85572823
112600 -0.57078558 1.45434976 1.46871342
112700 -0.53664381 1.47906789 2.22607972
112800 -0.56554315 1.43703953 2.57564750
112900 -0.53029874 1.51108967 2.49062291
113000 -0.61231164 1.42459705 2.91859078
113100 -0.53504452 1.46541938 2.70751659
113200 -0.58102749 1.44629459 1.62211374
113300 -0.55909980 1.48114480 1.01417253
113400 -0.54672885 1.44281254 3.05411071
113500 -0.57514225 1.41740240 3.72013607
113600 -0.54308405 1.47782663 1.86554204
113700 -0.54423773 1.49845494 1.55590901
113800 -0.60526179 1.45207865 1.16207106
113900 -0.51520207 1.50605457 3.61367333
114000 -0.53088898 1.47170791 2.78838801
114100 -0.58397502 1.40985214 4.19171826
114200 -0.54150080 1.46512209 2.31931276
114300 -0.57451029 1.43255736 2.59911773
114400 -0.52536079 1.46384185 3.43921164
114500 -0.57246410 1.41838885 3.70930316
114600 -0.53183057 1.46118160 3.07696957
114700 -0.56613708 1.47686058 0.84106497
114800 -0.54584063 1.48684210 1.55318402
114900 -0.54781583 1.47454798 1.68549658
115000 -0.56404604 1.48497012 0.75929247
115100 -0.56960693 1.45700146 1.38630656
115200 -0.55032407 1.46017838 2.02672957
115300 -0.59240121 1.38709503 6.40263738
115400 -0.56991586 1.45862958 1.30828381
115500 -0.55214232 1.45241454 2.27736683
115600 -0.54912781 1.50497573 1.30636860
115700 -0.56061551 1.48194146 0.93862453
115800 -0.53890888 1.47886227 2.08946410
115900 -0.57278318 1.46010040 1.16636684
116000 -0.52419934 1.47628896 3.15397674
116100 -0.58771387 1.42187059 3.12757651
116200 -0.55628623 1.43579716 3.01644929
116300 -0.49571375 1.54587644 6.49013508
116400 -0.53801306 1.47413152 2.25577962
116500 -0.54778635 1.42380416 4.26603555
116600 -0.57911758 1.44450218 1.75804180
116700 -0.53876682 1.48581071 1.97541925
116800 -0.57916202 1.47584703 0.50879361
116900 -0.56036838 1.46673947 1.33846391
117000 -0.56460974 1.46083350 1.39324258
117100 -0.54867796 1.46986628 1.77099664
117200 -0.57924897 1.44827040 1.55327841
117300 -0.58199553 1.48505460 0.27376281
117400 -0.59195148 1.40062544 4.97004121
117500 -0.62011880 1.40579247 4.63991284
117600 -0.55619929 1.44837062 2.29204725
117700 -0.53893822 1.50053737 1.86441484
117800 -0.55404092 1.43648679 3.07308225
117900 -0.58934195 1.43097436 2.43906660
118000 -0.56658053 1.47140550 0.96725320
118100 -0.58163781 1.46137590 0.91449556
118200 -0.57053767 1.43279147 2.69250757
118300 -0.58964131 1.49458673 0.06830290
118400 -0.51737609 1.51437998 3.51674749
118500 -0.56505417 1.42986394 3.07013898
118600 -0.55713906 1.47365791 1.26548296
118700 -0.52693139 1.45905662 3.50769066
118800 -0.53470316 1.47951813 2.34159242
118900 -0.54706542 1.48124063 1.57699192
119000 -0.58381817 1.45958279 0.94770108
119100 -0.54199935 1.49154875 1.71774974
119200 -0.57303891 1.48431278 0.48649469
119300 -0.55928641 1.44157609 2.53547495
119400 -0.58393356 1.43364445 2.33059453
119500 -0.56072846 1.45246792 1.90077637
119600 -0.52771427 1.46192300 3.33754279
119700 -0.57671959 1.45927982 1.10005528
119800 -0.55988582 1.46594231 1.38453680
119900 -0.55690651 1.46410868 1.57261782
120000 -0.57070244 1.45937547 1.25434961
120100 -0.54461480 1.45371455 2.60493174
120200 -0.57960126 1.43540091 2.29457575
120300 -0.53692937 1.47081727 2.41476809
120400 -0.56501642 1.48207423 0.77259211
120500 -0.57189129 1.42234973 3.40983219
120600 -0.58399681 1.42686491 2.80242181
120700 -0.56615983 1.47790955 0.81657270
120800 -0.56977655 1.40796346 4.69209056
120900 -0.55467405 1.42621872 3.74905899
121000 -0.53356853 1.46958000 2.66925808
121100 -0.53560342 1.44631110 3.51470858
121200 -0.55778779 1.48899340 0.95150799
121300 -0.53166314 1.51181151 2.40471941
121400 -0.54764524 1.46173228 2.10271971
121500 -0.56448557 1.41421214 4.31041637
121600 -0.58972206 1.43353110 2.26187525
121700 -0.57653044 1.44775902 1.63997021
121800 -0.56240458 1.43357193 2.91305183
121900 -0.55687734 1.48107074 1.10894043
122000 -0.53147664 1.45437595 3.38850210
122100 -0.59228655 1.42289781 3.00212278
122200 -0.58795982 1.47294696 0.43841638
122300 -0.54692557 1.45843529 2.27226007
122400 -0.59795897 1.42625228 2.72144619
122500 -0.55771266 1.48365246 1.02773056
122600 -0.55292815 1.46658201 1.66626074
122700 -0.54873169 1.48894428 1.37533415
122800 -0.56082199 1.44088956 2.51448062
122900 -0.55429593 1.45055915 2.26662970
123000 -0.57662396 1.46159170 1.01081812
123100 -0.59025229 1.47552914 0.34692042
123200 -0.58190175 1.42094273 3.28879912
123300 -0.58895086 1.48280757 0.20883151
123400 -0.60678678 1.42578240 2.77715620
123500 -0.55402345 1.45544655 2.04942635
123600 -0.56799918 1.46477347 1.13248039
123700 -0.55509595 1.48627862 1.10232512
123800 -0.54810124 1.47484488 1.66313063
123900 -0.60485750 1.45699757 0.93640196
124000 -0.56122450 1.44411109 2.31355485
124100 -0.56775737 1.46045366 1.30175029
124200 -0.52507428 1.46110027 3.56352594
124300 -0.54271857 1.49213132 1.67153913
124400 -0.54322667 1.45385776 2.67615863
124500 -0.61100388 1.43513061 2.16456140
124600 -0.56817319 1.48946969 0.56191656
124700 -0.54002124 1.48086307 1.98183676
124800 -0.57544372 1.44962241 1.57045609
124900 -0.53881651 1.46901490 2.35174791
125000 -0.60436599 1.42159764 3.08299609
125100 -0.57822683 1.45740336 1.14427223
125200 -0.56026574 1.44343909 2.38897412
125300 -0.59349326 1.45735892 0.93029988
125400 -0.58767422 1.45480888 1.09708120
125500 -0.54082423 1.49316080 1.77427324
125600 -0.55246255 1.47021686 1.57342203
125700 -0.57755163 1.46198647 0.97447900
125800 -0.57967722 1.42299166 3.17165023
125900 -0.52585910 1.45650827 3.69420177
126000 -0.54801474 1.45743388 2.25717108
126100 -0.57746551 1.46348453 0.92059115
126200 -0.54339456 1.43629338 3.63135455
126300 -0.56178944 1.49631804 0.73680182
126400 -0.56034656 1.44966436 2.05303597
126500 -0.60421114 1.43787077 1.93888728
126600 -0.56025312 1.43911995 2.64309711
126700 -0.55867707 1.46984436 1.30847356
126800 -0.61459909 1.40809417 4.32990713
126900 -0.55730930 1.47356841 1.26056234
127000 -0.56180064 1.42729638 3.37250334
127100 -0.54879149 1.46505748 1.92164561
127200 -0.55107975 1.45298358 2.30186690
127300 -0.55411841 1.45211727 2.19893822
127400 -0.54221602 1.48831763 1.73773319
127500 -0.59939369 1.43758464 1.94802224
127600 -0.51528787 1.48536586 3.69515161
127700 -0.56970770 1.44516893 1.96203500
127800 -0.57291963 1.46354783 1.03105371
127900 -0.57443167 1.45309228 1.42703681
128000 -0.52586836 1.47800470 2.98964674
128100 -0.55696152 1.44191223 2.61325013
128200 -0.56346824 1.45313138 1.76561856
128300 -0.56278217 1.45535040 1.68937685
128400 -0.56357596 1.47034475 1.10307201
128500 -0.59307922 1.46918424 0.49875397
128600 -0.56211575 1.45680746 1.65040629
128700 -0.59551502 1.42928420 2.51041944
128800 -0.55040422 1.45031104 2.46436696
128900 -0.55411337 1.42180070 4.11035668
129000 -0.59835393 1.48207985 0.16192065
129100 -0.54836493 1.47225215 1.71806190
129200 -0.55389975 1.45990620 1.86637270
129300 -0.57656880 1.47783460 0.52016307
129400 -0.54469968 1.46080354 2.29724357
129500 -0.59826772 1.45057855 1.22274029
129600 -0.60382220 1.42697223 2.67383211
129700 -0.54422968 1.50325762 1.56047011
129800 -0.50134305 1.48111955 5.04483253
129900 -0.59573717 1.46702636 0.55271644
130000 -0.54663630 1.45460386 2.45424685
130100 -0.57678955 1.45214318 1.41450008
130200 -0.56554390 1.46874113 1.08216976
130300 -0.55738460 1.44310917 2.52631956
130400 -0.55588449 1.45512477 1.97998241
130500 -0.56262751 1.46549175 1.29376129
130600 -0.52961339 1.48484442 2.59198293
130700 -0.53943611 1.45322726 2.92783702
130800 -0.57962695 1.44760356 1.58022438
130900 -0.58534765 1.47053120 0.54155070
131000 -0.54546140 1.48394992 1.61603215
131100 -0.54574723 1.46117142 2.22551085
131200 -0.57290727 1.42462001 3.20807969
131300 -0.58379520 1.43852363 2.02096990
131400 -0.56217233 1.44368911 2.30092456
131500 -0.57040201 1.46655540 0.99729140
131600 -0.54560801 1.47074719 1.90710775
131700 -0.54773425 1.47985530 1.56875892
131800 -0.57524484 1.43330243 2.53069158
131900 -0.53479216 1.45882352 2.97378268
132000 -0.56958797 1.42922169 2.96723041
132100 -0.57807007 1.42246080 3.24662506
132200 -0.55599725 1.42519104 3.76631141
132300 -0.59511996 1.44872929 1.32625043
132400 -0.52809498 1.50423485 2.59413307
132500 -0.55431999 1.46602214 1.62057912
132600 -0.55677329 1.48938067 0.99065944
132700 -0.55828133 1.45958900 1.68674823
132800 -0.52721420 1.46794615 3.16261118
132900 -0.49128641 1.54793269 7.05809422
133000 -0.57103861 1.43204761 2.72814487
133100 -0.55606892 1.45546747 1.95654295
133200 -0.55521313 1.48410758 1.12921630
133300 -0.56161339 1.40581059 5.17258861
133400 -0.57845992 1.47612392 0.51702115
133500 -0.52210616 1.51714258 3.18065914
133600 -0.56290385 1.43724032 2.65745086
133700 -0.56422776 1.45656596 1.58308454
133800 -0.53781702 1.48301138 2.07766804
133900 -0.52554136 1.46143637 3.51562104
134000 -0.56391550 1.45390233 1.71354304
134100 -0.54752199 1.47268400 1.75005271
134200 -0.55822706 1.46330737 1.54566358
134300 -0.52259215 1.49011614 3.04483286
134400 -0.54072324 1.45286543 2.86770129
134500 -0.58938217 1.43540374 2.14270733
134600 -0.58248509 1.41577401 3.70039504
134700 -0.55716471 1.47272325 1.28944155
134800 -0.57212893 1.47233177 0.77116362
134900 -0.55786293 1.47704130 1.15131746
135000 -0.54204708 1.47310512 2.04093795
135100 -0.56755478 1.44168820 2.22647906
135200 -0.57096358 1.50179318 0.42316447
135300 -0.57651579 1.45638786 1.22676322
135400 -0.58759179 1.44729428 1.46592811
135500 -0.55014615 1.43651486 3.25788494
135600 -0.57080469 1.45526025 1.42700550
135700 -0.53513839 1.45043894 3.33166349
135800 -0.58632683 1.45881179 0.94171219
135900 -0.60148197 1.45556857 0.98817409
136000 -0.57150695 1.47993392 0.60725076
136100 -0.54506910 1.45329403 2.59942608
136200 -0.55479035 1.43601960 3.06870186
136300 -0.53649501 1.46249202 2.71986593
136400 -0.56873328 1.41368775 4.21370639
136500 -0.55462330 1.44917416 2.32115507
136600 -0.54557125 1.43710055 3.45941471
136700 -0.59763200 1.43514678 2.10577407
136800 -0.53918048 1.51529271 1.96644024
136900 -0.58077339 1.47991782 0.38647825
137000 -0.54008831 1.48667097 1.88353673
137100 -0.52548400 1.45541538 3.77021153
137200 -0.57231111 1.46267057 1.08008052
137300 -0.56946810 1.44228807 2.13143193
137400 -0.60796017 1.45677927 0.96569791
137500 -0.55926090 1.48965261 0.88337122
137600 -0.53661408 1.44120323 3.73741732
137700 -0.58506451 1.44328320 1.71993226
137800 -0.58133000 1.45748116 1.07821029
137900 -0.57211698 1.44491599 1.90585551
138000 -0.54453332 1.49669537 1.54373683
138100 -0.60305908 1.48494986 0.11793231
138200 -0.53894560 1.46003122 2.66257152
138300 -0.53319051 1.50362210 2.23831360
138400 -0.55944959 1.45587143 1.79583307
138500 -0.56093985 1.45394153 1.82353917
138600 -0.52611229 1.45218732 3.87272276
138700 -0.57932860 1.44577448 1.68385695
138800 -0.56653932 1.47553820 0.85899851
138900 -0.52844205 1.49482637 2.57365322
139000 -0.54048294 1.48193605 1.93429356
139100 -0.50893799 1.48140998 4.31893933
139200 -0.57543927 1.44077729 2.05527958
139300 -0.58534641 1.40779901 4.35787485
139400 -0.58841758 1.43289240 2.31879143
139500 -0.55011526 1.47791565 1.48810279
139600 -0.56419711 1.48799841 0.71294241
139700 -0.57954954 1.45639448 1.15983140
139800 -0.56117243 1.46307722 1.43543604
139900 -0.56314733 1.44785435 2.03864400
140000 -0.53844712 1.45965777 2.70812627
140100 -0.59691055 1.42531283 2.79385936
140200 -0.58096373 1.43632360 2.20853169
140300 -0.57551866 1.45444578 1.33726127
140400 -0.54156563 1.44859919 3.02830922
140500 -0.61214176 1.42985412 2.53393364
140600 -0.56097685 1.42997590 3.21309026
140700 -0.54189843 1.48121293 1.86437328
140800 -0.57488436 1.45295534 1.42199782
140900 -0.53569226 1.47121565 2.48201195
141000 -0.56610170 1.46614849 1.14750963
141100 -0.55434874 1.47569311 1.33743131
141200 -0.58694787 1.44520192 1.58659365
141300 -0.57797059 1.47571834 0.53744712
141400 -0.53980446 1.46474013 2.43338093
141500 -0.55813052 1.46339837 1.54636632
141600 -0.54936584 1.45281713 2.39502051
141700 -0.54750558 1.47482608 1.69469528
141800 -0.61123581 1.43221394 2.36059676
141900 -0.52352472 1.49509120 2.93628270
142000 -0.55349678 1.49665350 1.08687409
142100 -0.56880853 1.47721084 0.74612671
142200 -0.58003866 1.44535579 1.69222222
142300 -0.54831801 1.47196622 1.72846029
142400 -0.59148848 1.44068762 1.79520232
142500 -0.50546616 1.46910712 4.94550859
142600 -0.55555518 1.45089787 2.19318052
142700 -0.56516024 1.45284315 1.71878840
142800 -0.54384091 1.49244163 1.60548622
142900 -0.56046695 1.47581090 1.07398707
143000 -0.52651588 1.48400393 2.82789496
143100 -0.56675033 1.44574864 2.02437517
143200 -0.57347543 1.48709392 0.43505977
143300 -0.52748087 1.48422175 2.75398898
143400 -0.56274170 1.47932753 0.90776618
143500 -0.58540604 1.44077972 1.86001244
143600 -0.57219569 1.42886845 2.91638876
143700 -0.56256438 1.44494318 2.21633947
143800 -0.56495459 1.43592958 2.66659955
143900 -0.54853198 1.44738355 2.70872409
144000 -0.59963919 1.43640755 2.02206478
144100 -0.55300032 1.44401543 2.67162091
144200 -0.54995212 1.43374938 3.44696704
144300 -0.56868089 1.47818543 0.72838093
144400 -0.57722837 1.43051346 2.67346320
144500 -0.54420396 1.44330917 3.16352446
144600 -0.56720201 1.46081585 1.30555309
144700 -0.56473529 1.43597417 2.67145302
144800 -0.56975222 1.41470989 4.09466513
144900 -0.57146539 1.47320166 0.76618767
145000 -0.52078257 1.44984776 4.39532403
145100 -0.57992902 1.48423128 0.32574834
145200 -0.54618114 1.47022759 1.89143287
145300 -0.57946340 1.42764757 2.82831320
145400 -0.60507129 1.40996544 4.06597039
145500 -0.54950950 1.44731975 2.66224989
145600 -0.58177026 1.41841175 3.49448275
145700 -0.55865013 1.43297593 3.10101890
145800 -0.60743246 1.43484422 2.15025883
145900 -0.58653110 1.46137764 0.83654908
146000 -0.58613671 1.43416648 2.26312152
146100 -0.59532612 1.45210398 1.15793709
146200 -0.53249719 1.45612063 3.24101417
146300 -0.58213222 1.47201879 0.55110295
146400 -0.60476393 1.47500229 0.32379037
146500 -0.54529027 1.47864771 1.72453743
146600 -0.51328843 1.44796405 5.11331880
146700 -0.55429136 1.45851779 1.90502687
146800 -0.56209595 1.46007873 1.51521241
146900 -0.55657483 1.47221199 1.32895918
147000 -0.54849399 1.47228274 1.71055754
147100 -0.58588161 1.45820451 0.97309611
147200 -0.57087299 1.46740270 0.95548337
147300 -0.55474606 1.45287981 2.13411564
147400 -0.58755098 1.47540354 0.37998196
147500 -0.60244185 1.42351965 2.92760295
147600 -0.56165385 1.45458990 1.76625226
147700 -0.54057551 1.48532955 1.87324591
147800 -0.55850793 1.45033775 2.09396559
147900 -0.57858632 1.48744817 0.30804710
148000 -0.58139652 1.44688757 1.58350965
148100 -0.53214153 1.47113361 2.71902049
148200 -0.57249368 1.45768050 1.27376879
148300 -0.53691287 1.45154010 3.16417436
148400 -0.54400288 1.47961970 1.77551737
148500 -0.53308791 1.48532223 2.34633203
148600 -0.56999356 1.45300829 1.55430365
148700 -0.58707966 1.42067811 3.22944845
148800 -0.60485221 1.43351612 2.22182542
148900 -0.53803014 1.48432866 2.04292740
149000 -0.56254543 1.45555082 1.68928734
149100 -0.58316293 1.40389806 4.75953490
149200 -0.54947473 1.45240517 2.40903503
149300 -0.54878908 1.45305179 2.41334630
149400 -0.55234205 1.48127678 1.31091966
149500 -0.53805984 1.50331087 1.92377235
149600 -0.57124951 1.43726039 2.38142448
149700 -0.58959632 1.43968452 1.87309707
149800 -0.54956840 1.48815246 1.34185538
149900 -0.54802381 1.47149716 1.75696843
150000 -0.61095827 1.44798486 1.41282928
150100 -0.53871896 1.47531047 2.18246952
150200 -0.56720676 1.43672135 2.53979228
150300 -0.55421878 1.49511758 1.05987917
150400 -0.58405960 1.44251095 1.77954340
150500 -0.55625785 1.46236955 1.66471338
150600 -0.56903813 1.43811649 2.39410276
150700 -0.55585419 1.42622730 3.69563182
150800 -0.57208426 1.47529922 0.69470855
150900 -0.57236423 1.50415985 0.39052005
151000 -0.57845061 1.44887102 1.53927451
151100 -0.55852849 1.46844155 1.35791080
151200 -0.58497536 1.45087901 1.31930562
151300 -0.54195764 1.48379290 1.81579293
151400 -0.54474091 1.51318465 1.61370117
151500 -0.52847462 1.46374996 3.21497288
151600 -0.58642837 1.44497085 1.60619846
151700 -0.56379220 1.45297874 1.76100173
151800 -0.58012810 1.43188370 2.51736103
151900 -0.55667578 1.46234089 1.64759826
152000 -0.57639011 1.43116130 2.64809713
152100 -0.55304535 1.46093918 1.86524340
152200 -0.59279299 1.47443831 0.35267058
152300 -0.55133355 1.42950854 3.66873432
152400 -0.55558133 1.47042968 1.42371126
152500 -0.56215925 1.46953624 1.17998140
152600 -0.55749072 1.40906121 5.03845146
152700 -0.57276810 1.45959167 1.18720458
152800 -0.58299070 1.43987897 1.95192718
152900 -0.54712403 1.45896425 2.23990076
153000 -0.57070751 1.43296272 2.67602319
153100 -0.55108345 1.44496056 2.71108472
153200 -0.55677568 1.47766622 1.18356976
153300 -0.55606263 1.45732481 1.87583246
153400 -0.59221983 1.42915086 2.54006594
153500 -0.56948219 1.44643369 1.90034313
153600 -0.53430129 1.44940541 3.43806646
153700 -0.55672009 1.45254057 2.06277438
153800 -0.51415496 1.46312794 4.36445975
153900 -0.55908578 1.47724279 1.09593219
154000 -0.55075207 1.45341310 2.29784892
154100 -0.55205896 1.44120055 2.87785954
154200 -0.57696470 1.43863120 2.14837749
154300 -0.55392902 1.47023810 1.50415294
154400 -0.57310966 1.47271163 0.73387261
154500 -0.54714769 1.46215600 2.11276740
154600 -0.58729028 1.42321130 3.02902078
154700 -0.55781826 1.45950503 1.70957099
154800 -0.56359993 1.51142968 0.72780113
154900 -0.59175826 1.44015979 1.82438860
155000 -0.58078793 1.47754649 0.43663178
155100 -0.54175527 1.46764497 2.21964833
155200 -0.59513414 1.44313016 1.62892749
155300 -0.59126291 1.38902599 6.19578421
155400 -0.58599669 1.46097550 0.85950197
155500 -0.55260591 1.46258022 1.82321982
155600 -0.57031882 1.45737997 1.34871945
155700 -0.54128850 1.46744959 2.25328464
155800 -0.54796898 1.45613452 2.31570347
155900 -0.55908268 1.46709646 1.37843511
156000 -0.55790094 1.47614178 1.17077265
156100 -0.54002536 1.47981287 2.00223883
156200 -0.58401605 1.47981567 0.33144680
156300 -0.58749456 1.43187752 2.39852932
156400 -0.57130924 1.44937439 1.69305593
156500 -0.60375289 1.44226946 1.67344974
156600 -0.58890486 1.43118263 2.42946629
156700 -0.55206103 1.47660737 1.42267994
156800 -0.56504253 1.46726733 1.14672620
156900 -0.57447039 1.45901994 1.16556291
157000 -0.56330425 1.46347144 1.34045680
157100 -0.55422799 1.45010676 2.29220618
157200 -0.52828266 1.46803579 3.08254361
157300 -0.53681939 1.45808899 2.87416126
157400 -0.54075721 1.45868388 2.60836461
157500 -0.53376651 1.44764962 3.56371858
157600 -0.55841998 1.46064659 1.63879472
157700 -0.54171637 1.47367205 2.04507118
157800 -0.56879514 1.45065420 1.70437585
157900 -0.53789569 1.48112625 2.10658166
158000 -0.59327958 1.46235997 0.73096788
158100 -0.53092747 1.45871703 3.23764885
158200 -0.55107108 1.46155523 1.93601977
158300 -0.55179698 1.45592470 2.13308163
158400 -0.57744141 1.44824944 1.59350523
158500 -0.54759767 1.43874778 3.24891955
158600 -0.54894720 1.45068358 2.51924889
158700 -0.54380358 1.46046396 2.36056819
158800 -0.52842155 1.45451685 3.59609595
158900 -0.53908308 1.44155399 3.56340346
159000 -0.58511010 1.44169624 1.81051873
159100 -0.55041807 1.43423853 3.39146940
159200 -0.56357076 1.46282278 1.35461758
159300 -0.55458830 1.43835644 2.93107511
159400 -0.52865707 1.49393513 2.56329782
159500 -0.53373082 1.47954137 2.40507998
159600 -0.57768507 1.42101316 3.36843866
159700 -0.52831493 1.47431258 2.89929668
159800 -0.55803107 1.43837067 2.77978282
159900 -0.53715137 1.44078868 3.72796520
160000 -0.54098954 1.45711567 2.66064993
160100 -0.61843147 1.45638422 1.12102761
160200 -0.57443689 1.45634380 1.27966833
160300 -0.55699464 1.44745787 2.30506829
160400 -0.64435333 1.43435290 3.13838030
160500 -0.58150954 1.45445572 1.20808918
160600 -0.54327968 1.49028213 1.65581563
160700 -0.58613142 1.45171681 1.26180204
160800 -0.58299050 1.45676523 1.07928412
160900 -0.56476191 1.47351195 0.97167000
161000 -0.57449427 1.45074965 1.53806988
161100 -0.59699140 1.46097409 0.76603686
161200 -0.55411793 1.47095388 1.47442056
161300 -0.59298897 1.40981475 4.09126693
161400 -0.54774995 1.45970303 2.17695668
161500 -0.52549148 1.43373478 4.97129938
161600 -0.56935858 1.43262394 2.73921533
161700 -0.55427218 1.44837487 2.37809383
161800 -0.56554104 1.44844271 1.92278699
161900 -0.59699449 1.44461080 1.53849805
162000 -0.58239458 1.43902133 2.01417420
162100 -0.55059541 1.46050726 2.00024526
162200 -0.51430810 1.47154631 4.07635713
162300 -0.58602394 1.45913458 0.93265631
162400 -0.56422768 1.41980831 3.85518311
162500 -0.56567137 1.44338168 2.19204442
162600 -0.57377208 1.45892367 1.18758429
162700 -0.53394883 1.49270040 2.20802084
162800 -0.59366458 1.43984300 1.82950086
162900 -0.54406317 1.48002207 1.76402341
163000 -0.55485424 1.46926896 1.49126810
163100 -0.53319651 1.47399430 2.56950115
163200 -0.54632772 1.46115597 2.19478607
163300 -0.55645252 1.45330165 2.03855943
163400 -0.57846646 1.43106055 2.60817037
163500 -0.55610286 1.45675777 1.89842470
163600 -0.58313405 1.47687368 0.40964354
163700 -0.53870033 1.44275844 3.51712314
163800 -0.59667104 1.47785676 0.25070258
163900 -0.53865094 1.47403489 2.21894696
164000 -0.55550152 1.46925732 1.46261376
164100 -0.57056487 1.48877036 0.49626580
164200 -0.56633993 1.44779976 1.92893257
164300 -0.56075965 1.44729403 2.15886223
164400 -0.56231607 1.43585527 2.76731214
164500 -0.52623645 1.46481025 3.33969009
164600 -0.55309649 1.46722593 1.63703941
164700 -0.55650389 1.47353511 1.29615093
164800 -0.53774740 1.46704846 2.48059535
164900 -0.53745393 1.46290395 2.64406388
165000 -0.55689535 1.47069807 1.35830700
165100 -0.61413624 1.40953227 4.19212197
165200 -0.54740738 1.43010504 3.82564410
165300 -0.54031991 1.45955205 2.59887516
165400 -0.56837772 1.45818651 1.37416836
165500 -0.56765021 1.48824539 0.59233994
165600 -0.60259923 1.46500887 0.61556765
165700 -0.51328505 1.49816709 3.76142103
165800 -0.57191908 1.45831151 1.26323416
165900 -0.54607072 1.42575387 4.21042722
166000 -0.58830465 1.45083310 1.27708245
166100 -0.54237306 1.43509605 3.76669342
166200 -0.53317422 1.48276886 2.38129872
166300 -0.57854835 1.44353109 1.82445558
166400 -0.59052346 1.39858433 5.18747164
166500 -0.58031373 1.45552963 1.18258124
166600 -0.59100790 1.42091946 3.16729520
166700 -0.54685149 1.46848342 1.90902938
166800 -0.55051752 1.45936226 2.04997120
166900 -0.60499104 1.47617817 0.29619493
167000 -0.54830153 1.47232740 1.71925236
167100 -0.57115202 1.45380187 1.48323672
167200 -0.56368569 1.42206957 3.69594031
167300 -0.54686338 1.49940283 1.41192852
167400 -0.54599696 1.46445783 2.08978701
167500 -0.53956055 1.47490891 2.14124501
167600 -0.60133084 1.44814849 1.34517537
167700 -0.55813851 1.47755625 1.12805326
167800 -0.61649080 1.45086867 1.34291684
167900 -0.56386988 1.45317970 1.74876296
168000 -0.53136712 1.46158869 3.09295066
168100 -0.55629414 1.47563556 1.25191425
168200 -0.55573735 1.45730117 1.89118625
168300 -0.55370225 1.51576094 1.19594424
168400 -0.53858284 1.48396824 2.01454225
168500 -0.54371177 1.50228736 1.58679824
168600 -0.55144426 1.46788348 1.69456546
168700 -0.53574816 1.47253390 2.44134256
168800 -0.58693607 1.45032791 1.31899144
168900 -0.55612847 1.50188562 0.96413322
169000 -0.56678737 1.43440310 2.70301609
169100 -0.56376806 1.46235579 1.36491996
169200 -0.56098004 1.42155867 3.83779959
169300 -0.51890218 1.48056819 3.47722579
169400 -0.57419633 1.45095091 1.53582151
169500 -0.54399747 1.49930286 1.56838486
169600 -0.59693420 1.44586560 1.46996609
169700 -0.55046215 1.43438433 3.37970728
169800 -0.52239556 1.47448594 3.33670796
169900 -0.58971689 1.47584810 0.34452833
170000 -0.53146502 1.50360774 2.35502979
170100 -0.58434165 1.45842960 0.98664117
170200 -0.56584992 1.46655281 1.14247145
170300 -0.57911345 1.46723033 0.75504961
170400 -0.56323547 1.48951693 0.73076257
170500 -0.58341125 1.43881195 2.00958215
170600 -0.59400437 1.42033838 3.19096069
170700 -0.60202851 1.43774146 1.94012053
170800 -0.54969667 1.48304393 1.40896641
170900 -0.56676540 1.46003768 1.35076275
171000 -0.56191752 1.44230166 2.38968684
171100 -0.55834939 1.46415715 1.50974182
171200 -0.55153527 1.49057008 1.21887678
171300 -0.56572127 1.44242714 2.24483289
171400 -0.56261641 1.46656839 1.25760283
171500 -0.52905931 1.47517759 2.82436662
171600 -0.53428963 1.49384401 2.17787444
171700 -0.56031179 1.48931281 0.84468511
171800 -0.61092533 1.44721157 1.45299048
171900 -0.55549068 1.45331076 2.08048220
172000 -0.60289969 1.42806186 2.59175202
172100 -0.58655555 1.44755942 1.46538376
172200 -0.53989334 1.44668013 3.22790934
172300 -0.55807453 1.49047600 0.92422579
172400 -0.55088002 1.46361231 1.86841836
172500 -0.51953578 1.47998469 3.43755190
172600 -0.55480153 1.51000253 1.07147627
172700 -0.55470623 1.48815332 1.09593468
172800 -0.57303308 1.47380979 0.70657079
172900 -0.61098847 1.44610949 1.51246689
173000 -0.56877178 1.46301632 1.17149727
173100 -0.53389830 1.47479804 2.50228664
173200 -0.54210614 1.48405007 1.80304971
173300 -0.54171895 1.41182068 5.58613671
173400 -0.55795877 1.49657172 0.88960922
173500 -0.55724519 1.44549319 2.39948289
173600 -0.58858332 1.45220171 1.20750862
173700 -0.56577327 1.49602963 0.59361641
173800 -0.56378477 1.42441132 3.51259572
173900 -0.59990059 1.45042270 1.22895918
174000 -0.59061757 1.44873622 1.35800240
174100 -0.54980988 1.46912979 1.73600902
174200 -0.58217586 1.46513323 0.76669582
174300 -0.54491976 1.48607833 1.61382298
174400 -0.56053520 1.45843444 1.64258346
174500 -0.55400909 1.49379730 1.07681863
174600 -0.55778355 1.47019307 1.33534090
174700 -0.57953349 1.42695146 2.87748371
174800 -0.55024410 1.46131202 1.98620431
174900 -0.53867701 1.46288903 2.56886632
175000 -0.55712887 1.46488283 1.53557505
175100 -0.54820819 1.47847037 1.57295798
175200 -0.57486441 1.43860076 2.20083210
175300 -0.59055920 1.43717770 2.01788515
175400 -0.53214419 1.45230037 3.43983253
175500 -0.53423761 1.45047906 3.38850771
175600 -0.60036597 1.44292336 1.62893834
175700 -0.56534967 1.46403522 1.24705543
175800 -0.54874538 1.42551931 4.08720483
175900 -0.57548128 1.44501628 1.81218881
176000 -0.53019573 1.46279788 3.12831661
176100 -0.56592364 1.43572258 2.64639279
176200 -0.53510483 1.46214314 2.82226254
176300 -0.55296342 1.47752414 1.35880204
176400 -0.57462323 1.44848721 1.64877411
176500 -0.57516917 1.44956825 1.57996607
176600 -0.59186720 1.41661199 3.50985142
176700 -0.57519167 1.47590490 0.59801346
176800 -0.58415510 1.45230996 1.26270049
176900 -0.58936458 1.41623530 3.56481838
177000 -0.56627805 1.42222579 3.59299896
177100 -0.55590569 1.46703495 1.51550139
177200 -0.57423546 1.41896264 3.61543229
177300 -0.58260391 1.43611497 2.19196067
177400 -0.56125559 1.46561673 1.34166923
177500 -0.61305061 1.42670457 2.77126917
177600 -0.57974079 1.46804193 0.71587676
177700 -0.54530185 1.47767837 1.74507123
177800 -0.57371099 1.44907779 1.64209160
177900 -0.55816933 1.43515457 2.97736770
178000 -0.60636232 1.40574148 4.46257355
178100 -0.53868391 1.48259074 2.03137264
178200 -0.56662549 1.49295124 0.58177144
178300 -0.56841004 1.45142615 1.67867254
178400 -0.52466635 1.47518369 3.14550414
178500 -0.52739172 1.49215674 2.66673976
178600 -0.52722639 1.47211160 3.03688074
178700 -0.57458791 1.46358018 0.98608878
178800 -0.56379260 1.44678079 2.07162983
178900 -0.56052281 1.44017742 2.56859476
179000 -0.60200967 1.45273123 1.11918774
179100 -0.58603074 1.44463795 1.63004847
179200 -0.57393980 1.43870254 2.21825633
179300 -0.56603770 1.44880869 1.88699429
179400 -0.59494929 1.44544075 1.50111087
179500 -0.55189302 1.47323034 1.51544799
179600 -0.57134500 1.46350910 1.07634755
179700 -0.56017321 1.47677705 1.06273909
179800 -0.53246269 1.45912932 3.11585066
179900 -0.57922996 1.48278266 0.36391581
180000 -0.56772536 1.47828026 0.75669976
180100 -0.53743451 1.46624132 2.52704422
180200 -0.55285667 1.51168519 1.17951862
180300 -0.54225738 1.47996503 1.86780496
180400 -0.53029213 1.46821990 2.93458079
180500 -0.50626747 1.48111472 4.57122009
180600 -0.55910859 1.46438189 1.47037848
180700 -0.54844007 1.48284426 1.47637291
180800 -0.51380199 1.44820014 5.05666135
180900 -0.51046787 1.46152144 4.74830097
181000 -0.57387693 1.45498353 1.35444875
181100 -0.56703192 1.42172265 3.60711921
181200 -0.56499773 1.45563839 1.59655580
181300 -0.57813556 1.43924908 2.08436402
181400 -0.60153523 1.44733696 1.38787629
181500 -0.57240614 1.46960086 0.84276425
181600 -0.58213186 1.48242352 0.31410141
181700 -0.56468422 1.44348245 2.22071907
181800 -0.58433705 1.41915199 3.39086415
181900 -0.58645978 1.43624882 2.12377548
182000 -0.58153455 1.45158645 1.34242210
182100 -0.54464890 1.45625001 2.48890271
182200 -0.56116661 1.45869917 1.60689533
182300 -0.56940510 1.42239911 3.47897325
182400 -0.56422458 1.43323488 2.86873144
182500 -0.58365169 1.43176477 2.46165729
182600 -0.56104125 1.46132291 1.50685046
182700 -0.56467339 1.50041782 0.62407181
182800 -0.56101142 1.46362014 1.42180162
182900 -0.53758308 1.46611663 2.52197750
183000 -0.54444493 1.44849526 2.86955168
183100 -0.60605466 1.41879054 3.31581776
183200 -0.53372617 1.46189830 2.92197975
183300 -0.54905587 1.46876833 1.78536067
183400 -0.57290436 1.44553340 1.85039185
183500 -0.57683078 1.45812280 1.14525657
183600 -0.56989831 1.46988999 0.90636213
183700 -0.58907325 1.43563077 2.13139563
183800 -0.55678650 1.48000621 1.13357897
183900 -0.56851716 1.40969314 4.57324876
184000 -0.60811345 1.44176015 1.72885412
184100 -0.57125780 1.48427275 0.53673026
184200 -0.56574666 1.44494839 2.10198526
184300 -0.57078614 1.44213657 2.10081295
184400 -0.53757242 1.44516977 3.45177849
184500 -0.55991709 1.48115715 0.98084627
184600 -0.53218207 1.48956166 2.35411551
184700 -0.56345183 1.43759960 2.61478944
184800 -0.61408585 1.38562421 6.64011591
184900 -0.54993918 1.47803903 1.49418482
185000 -0.53771579 1.43139271 4.29314161
185100 -0.54827018 1.46652990 1.89811118
185200 -0.57725280 1.45864449 1.11385658
185300 -0.58960388 1.46222059 0.76768161
185400 -0.59132228 1.44538947 1.52880649
185500 -0.52488371 1.46717376 3.36000978
185600 -0.52059364 1.49263451 3.17981011
185700 -0.53739796 1.47594176 2.24890747
185800 -0.55368995 1.45326175 2.16454229
185900 -0.55307702 1.44324010 2.71172640
186000 -0.55237745 1.42232120 4.15095182
186100 -0.55685995 1.45972079 1.74173918
186200 -0.57517032 1.46621533 0.87895855
186300 -0.55758704 1.46900218 1.37986195
186400 -0.54983866 1.46489852 1.87413703
186500 -0.54757825 1.45739388 2.28166057
186600 -0.51944504 1.48680440 3.33161260
186700 -0.54857908 1.45501187 2.33402153
186800 -0.56902889 1.48807518 0.55070562
186900 -0.58709823 1.41525021 3.67449130
187000 -0.58503536 1.46652792 0.67216048
187100 -0.51813230 1.48804068 3.42267255
187200 -0.51887591 1.48699110 3.37517485
187300 -0.56854064 1.45890378 1.33929524
187400 -0.57117771 1.43448077 2.56174677
187500 -0.57810280 1.44773924 1.60533742
187600 -0.54530375 1.52110101 1.71846621
187700 -0.55128594 1.48341080 1.32413056
187800 -0.55673921 1.44144060 2.65034954
187900 -0.57139160 1.43864709 2.29130997
188000 -0.56256965 1.46941617 1.16820088
188100 -0.53932412 1.46872951 2.32970308
188200 -0.56281895 1.44817301 2.03423362
188300 -0.56483180 1.44707553 2.01890062
188400 -0.57774922 1.43874798 2.12345349
188500 -0.58072340 1.44683721 1.59893488
188600 -0.59198969 1.40830964 4.23564380
188700 -0.56424268 1.47078870 1.06594303
188800 -0.58188048 1.44899658 1.46483280
188900 -0.54547864 1.45260014 2.60966271
189000 -0.55167008 1.43692924 3.15685066
189100 -0.54072645 1.47796291 1.99949356
189200 -0.60237410 1.44578947 1.47220920
189300 -0.53529246 1.45950817 2.91332740
189400 -0.57936296 1.42498899 3.02626946
189500 -0.55335961 1.47444381 1.41422261
189600 -0.58279936 1.44497864 1.66160610
189700 -0.58581598 1.42243091 3.10907479
189800 -0.55565972 1.46989065 1.43631686
189900 -0.56913909 1.43206584 2.78372318
190000 -0.56221849 1.47641532 0.99184001
190100 -0.56773976 1.41598376 4.04972580
190200 -0.55263065 1.42717415 3.77372968
190300 -0.56347059 1.45956933 1.48451861
190400 -0.56179737 1.41952731 3.96764785
190500 -0.55070630 1.46478064 1.83513619
190600 -0.58978986 1.44175090 1.74860241
190700 -0.55223020 1.42948312 3.62729240
190800 -0.56166240 1.44998640 1.98556595
190900 -0.58052337 1.42806947 2.77667033
191000 -0.58373888 1.47643503 0.40986583
191100 -0.54400393 1.45461737 2.59757152
191200 -0.55060617 1.47536444 1.52333035
191300 -0.57495155 1.42611243 3.04339901
191400 -0.59953664 1.43451327 2.14436328
191500 -0.58318189 1.42762286 2.76064943
191600 -0.55908062 1.47097864 1.25831747
191700 -0.58115817 1.43528536 2.27149971
191800 -0.57782691 1.45497998 1.25922399
191900 -0.58602202 1.43009874 2.54078497
192000 -0.57700379 1.44387253 1.83955962
192100 -0.57346877 1.43770732 2.29214220
192200 -0.54740364 1.46385267 2.03650323
192300 -0.53765858 1.46085897 2.70923602
192400 -0.49724695 1.48800452 5.35104050
192500 -0.62159131 1.45356919 1.31100243
192600 -0.57038947 1.44275288 2.07700830
192700 -0.57802387 1.43356863 2.44803858
192800 -0.54382193 1.46477798 2.19828303
192900 -0.59370083 1.45870362 0.87253541
193000 -0.59256219 1.39686449 5.34612743
193100 -0.60205762 1.44605233 1.45729253
193200 -0.61026666 1.45741821 0.95930673
193300 -0.57727745 1.44204746 1.93740535
193400 -0.58227884 1.43655515 2.16964433
193500 -0.53349577 1.46671062 2.76549780
193600 -0.56352719 1.45484191 1.68475967
193700 -0.54540765 1.44155917 3.19782754
193800 -0.57447071 1.46970702 0.78470457
193900 -0.56431537 1.45995712 1.43841237
194000 -0.54850655 1.48099944 1.50629847
194100 -0.53926919 1.47586443 2.13537831
194200 -0.54835269 1.48858506 1.39887256
194300 -0.55542535 1.45551678 1.98282829
194400 -0.55530183 1.45286515 2.10981022
194500 -0.58316494 1.46396803 0.79086125
194600 -0.54262964 1.42371075 4.55570416
194700 -0.57766427 1.43288177 2.50187066
194800 -0.54600140 1.43588980 3.51298360
194900 -0.57894398 1.44918940 1.51253665
195000 -0.54372311 1.50018379 1.58356091
195100 -0.60630592 1.46004293 0.81816587
195200 -0.58838938 1.41044779 4.07720214
195300 -0.51441589 1.47898089 3.88322151
195400 -0.57894182 1.43731275 2.18656879
195500 -0.54168861 1.47960402 1.90810747
195600 -0.54592333 1.45415092 2.51321237
195700 -0.56538948 1.44778348 1.96222646
195800 -0.55320898 1.48345962 1.23149177
195900 -0.58073469 1.46090883 0.94963615
196000 -0.55192623 1.45529423 2.15484649
196100 -0.54442806 1.44998218 2.79501165
196200 -0.52748823 1.47931858 2.84283869
196300 -0.58019705 1.44845370 1.52458889
196400 -0.54502639 1.47031645 1.95160528
196500 -0.52401531 1.48874150 2.95021316
196600 -0.53463430 1.46127670 2.88608458
196700 -0.53946287 1.45920373 2.66453998
196800 -0.56489583 1.45539380 1.61100796
196900 -0.54278321 1.43389622 3.82173493
197000 -0.52509132 1.45868635 3.65906355
197100 -0.61840138 1.45355314 1.24796091
197200 -0.57342072 1.47010667 0.80003448
197300 -0.57953053 1.44735644 1.59517155
197400 -0.57058441 1.48199517 0.59472523
197500 -0.60770102 1.41369658 3.75379319
197600 -0.54129109 1.46114002 2.47841747
197700 -0.54124589 1.42794861 4.32172421
197800 -0.55701511 1.47102850 1.34352426
197900 -0.54348272 1.50240213 1.59998632
198000 -0.57652511 1.44606630 1.72995721
198100 -0.56876731 1.47487266 0.80343216
198200 -0.53799209 1.51364911 2.01563974
198300 -0.56009334 1.44151526 2.50650300
198400 -0.56282557 1.46179926 1.42061739
198500 -0.56317093 1.43759076 2.62564655
198600 -0.56822378 1.43739920 2.46429433
198700 -0.52456232 1.44836557 4.17847901
198800 -0.54612103 1.46792154 1.96598551
198900 -0.57692411 1.45274954 1.38255142
199000 -0.57738466 1.44598322 1.71463287
199100 -0.57452033 1.46402033 0.97187505
199200 -0.55475175 1.45013131 2.26714518
199300 -0.56348483 1.45640933 1.61675216
199400 -0.58540985 1.43242860 2.38938339
199500 -0.52333164 1.44341086 4.54018418
199600 -0.57465530 1.46207456 1.04034627
199700 -0.54053126 1.46480201 2.38771465
199800 -0.57820150 1.43843084 2.13296784
199900 -0.59014442 1.45155274 1.22213488
