0 0.67047112 0.79743870 0.43925764
100 0.48044524 0.65249622 34.98082827
200 0.53721331 0.60291920 32.67017439
300 0.52903828 0.63132250 28.84000387
400 0.52076269 0.58231444 39.75650789
500 0.53724047 0.58127646 37.16532677
600 0.47912219 0.61974877 40.63875746
700 0.48296760 0.54819276 55.25497534
800 0.49428475 0.60307232 40.54963765
900 0.52983838 0.59439166 35.61488226
1000 0.50506433 0.55188202 49.78122455
1100 0.50207518 0.57180695 45.62315272
1200 0.55739088 0.59312175 31.56798593
1300 0.53541161 0.56157813 41.96716345
1400 0.51413286 0.59216920 38.87011737
1500 0.50869396 0.60101012 38.09748600
1600 0.55475055 0.56899918 37.22939034
1700 0.51017325 0.56436500 45.77902419
1800 0.51231756 0.55611719 47.35176192
1900 0.55823076 0.60484826 29.09136054
2000 0.51706866 0.57627615 41.75811690
2100 0.53470919 0.60383282 32.90130708
2200 0.49860462 0.60952182 38.42101763
2300 0.53935394 0.62876007 27.56513547
2400 0.52554663 0.59936664 35.34386176
2500 0.51963545 0.61337581 33.67997856
2600 0.50274427 0.57450476 44.87896241
2700 0.51544638 0.60384762 36.26789818
2800 0.52718134 0.61278644 32.45760347
2900 0.53967687 0.63471076 26.51201895
3000 0.53900635 0.58835900 35.35543531
3100 0.50532019 0.59339566 40.29279040
3200 0.58803452 0.60715839 24.86207769
3300 0.50502472 0.57235356 44.91913091
3400 0.51449166 0.59178297 38.88383813
3500 0.54673389 0.60840837 30.09892692
3600 0.53084136 0.63026484 28.71233587
3700 0.54634746 0.57523949 37.06319475
3800 0.54250423 0.56730122 39.47682016
3900 0.52290482 0.54689184 47.71322060
4000 0.46023085 0.55171518 59.56729690
4100 0.53826617 0.60115639 32.84830665
4200 0.58095482 0.56291402 35.19075733
4300 0.54371699 0.60518599 31.18843763
4400 0.47730080 0.56771492 51.77564427
4500 0.51463327 0.58125869 41.10429210
4600 0.44483261 0.58846100 54.92957277
4700 0.46086100 0.62338004 44.19103437
4800 0.50803558 0.58439880 41.66710782
4900 0.56483423 0.58744342 31.72504359
5000 0.51580616 0.57811984 41.57908624
5100 0.48861492 0.60498963 41.35634723
5200 0.51556279 0.60788653 35.46233567
5300 0.47276904 0.65591905 36.19661394
5400 0.56966140 0.55997917 37.29907546
5500 0.55833452 0.66163753 19.60664075
5600 0.51315633 0.59521351 38.42403211
5700 0.51077201 0.58793862 40.38863008
5800 0.51985951 0.62152107 32.15266216
5900 0.48564811 0.59176747 44.65375940
6000 0.48939523 0.55969959 51.04932849
6100 0.51362425 0.59771258 37.82806042
6200 0.47741845 0.55468845 54.86015301
6300 0.51675583 0.61398252 34.09046462
6400 0.54112197 0.56010931 41.39488683
6500 0.50780652 0.60964238 36.58717941
6600 0.52364036 0.59757852 36.03858907
6700 0.53610013 0.58828221 35.84379672
6800 0.47778410 0.63948055 37.57319848
6900 0.50731677 0.52883427 55.32883984
7000 0.52948533 0.61980379 30.77296348
7100 0.53028069 0.55714086 43.89260427
7200 0.45856834 0.60978440 47.23560882
7300 0.51977180 0.56338270 44.23497544
7400 0.51363288 0.62273075 33.07854482
7500 0.58276207 0.55035044 38.03481718
7600 0.47376209 0.57952124 49.89723733
7700 0.54820349 0.60534465 30.46644252
7800 0.52392467 0.60691681 34.14182034
7900 0.55906545 0.58245027 33.59521527
8000 0.52779635 0.58059582 38.89614560
8100 0.46896029 0.58574416 49.64245614
8200 0.47957002 0.55735230 53.73364151
8300 0.50929814 0.59961015 38.26164504
8400 0.53716869 0.56817862 40.12759314
8500 0.47350064 0.60390606 44.87739631
8600 0.55073140 0.58840795 33.52615554
8700 0.51370443 0.54382854 50.16492866
8800 0.51558226 0.62288110 32.69050374
8900 0.50272525 0.56733756 46.52457008
9000 0.51929904 0.57618450 41.37310786
9100 0.52165989 0.60777727 34.37738638
9200 0.55556343 0.60215413 30.00245574
9300 0.56627582 0.55601563 38.70526494
9400 0.51032844 0.60191903 37.60568553
9500 0.53704356 0.60471219 32.34606483
9600 0.48819913 0.57471755 47.80589523
9700 0.52848705 0.62686140 29.69683259
9800 0.55427681 0.59251959 32.14168476
9900 0.54911712 0.56400165 39.23043173
10000 0.51951798 0.58870577 38.60950674
10100 0.52405395 0.56102695 44.03256530
10200 0.49435111 0.58464817 44.33393816
10300 0.49430833 0.61712339 37.87645810
10400 0.51521225 0.60270617 36.53568330
10500 0.50083080 0.58416885 43.12572871
10600 0.47202523 0.59657864 46.67637297
10700 0.52590668 0.56546194 42.65829363
10800 0.49961271 0.59549066 40.98956643
10900 0.52889548 0.57462114 40.03619365
11000 0.45651314 0.56013794 58.40982903
11100 0.50595609 0.60037319 38.75195204
11200 0.52134571 0.60420246 35.12701663
11300 0.52543144 0.57513404 40.51943989
11400 0.50409649 0.62628259 34.27796153
11500 0.49313924 0.57039178 47.75565504
11600 0.55992592 0.54623199 42.00947601
11700 0.49030115 0.59268471 43.47661739
11800 0.51097669 0.58490660 40.99749167
11900 0.46546360 0.57338567 53.18068791
12000 0.50889326 0.63900798 31.22010752
12100 0.51429612 0.58218318 40.96504916
12200 0.50081448 0.58685002 42.55389384
12300 0.52517963 0.59996982 35.28711800
12400 0.50536132 0.59426436 40.10568401
12500 0.50147407 0.58752369 42.27936418
12600 0.51570235 0.58615470 39.84771729
12700 0.53515764 0.64817784 25.11148625
12800 0.47698455 0.56675712 52.06906447
12900 0.47255511 0.55168648 56.69539167
13000 0.50234299 0.56152808 47.96857493
13100 0.49121919 0.60234830 41.32780922
13200 0.48681646 0.59272466 44.20514487
13300 0.51540199 0.57854500 41.55937003
13400 0.55015437 0.62740289 26.12173696
13500 0.51931269 0.57611613 41.38594520
13600 0.54015722 0.62619464 27.87900836
13700 0.56298567 0.61607093 26.30141426
13800 0.58048356 0.59689579 27.76774975
13900 0.52326151 0.62278235 31.32129573
14000 0.55431510 0.63724326 23.85692328
14100 0.53623425 0.65661742 23.68889198
14200 0.52406717 0.59141667 37.22968335
14300 0.52036045 0.60842786 34.48512779
14400 0.55560101 0.59415203 31.61222875
14500 0.49488340 0.60210624 40.61738110
14600 0.49494773 0.58337201 44.48705936
14700 0.54109703 0.55967959 41.50202764
14800 0.52091429 0.55842567 45.21492387
14900 0.50369302 0.58568369 42.23395668
15000 0.48884222 0.54170483 55.65200084
15100 0.52097641 0.58564242 38.99930834
15200 0.51731596 0.61545836 33.71453797
15300 0.48027749 0.58942968 46.30892087
15400 0.48966661 0.58738731 44.72214673
15500 0.52108230 0.59959211 36.08743191
15600 0.53519638 0.57253511 39.45025374
15700 0.50891255 0.55969065 47.13149986
15800 0.55501312 0.57182392 36.54275903
15900 0.49969620 0.56635380 47.35607866
16000 0.51899683 0.61646765 33.22313448
16100 0.52331291 0.57425569 41.08941117
16200 0.47489621 0.62158080 41.25256403
16300 0.55168102 0.57509732 36.28986780
16400 0.49104058 0.58989741 43.90356933
16500 0.53631701 0.61365773 30.75778187
16600 0.52252005 0.54840843 47.39872540
16700 0.56254895 0.53899594 43.50795670
16800 0.52067514 0.58798322 38.55425944
16900 0.51012077 0.60512654 37.01489281
17000 0.55467127 0.56696399 37.71310991
17100 0.53503610 0.63846441 26.65341868
17200 0.52827918 0.58283748 38.32380100
17300 0.51820703 0.57859261 41.03495665
17400 0.51963596 0.62053829 32.36884639
17500 0.51689135 0.61835560 33.26173229
17600 0.47608290 0.57108311 51.27090549
17700 0.50561426 0.61218170 36.53076524
17800 0.49027792 0.59192703 43.63885493
17900 0.55040714 0.61600434 28.11621346
18000 0.57428758 0.62171255 23.79501434
18100 0.53454952 0.59627972 34.43790653
18200 0.52169644 0.54875095 47.45912359
18300 0.50466216 0.60237535 38.60618697
18400 0.54080915 0.57789707 37.33571853
18500 0.49649658 0.57657931 45.66522297
18600 0.54314220 0.58036337 36.42230906
18700 0.53769644 0.61013851 31.19491644
18800 0.53527231 0.60113774 33.34070508
18900 0.52891494 0.63646490 28.00691330
19000 0.47010999 0.57328729 52.12403445
19100 0.52396685 0.60373320 34.75416312
19200 0.54182551 0.57234586 38.42278880
19300 0.52663481 0.61299061 32.51400098
19400 0.54868350 0.55967930 40.32536039
19500 0.53119170 0.58127036 38.16944767
19600 0.50380149 0.58643459 42.05202075
19700 0.53894713 0.56943918 39.54815818
19800 0.52851988 0.61419747 31.96400632
19900 0.53040811 0.54700335 46.38435739
20000 0.50945132 0.55025321 49.34112829
20100 0.51255535 0.62811609 32.33978676
20200 0.54423299 0.61872941 28.56119347
20300 0.49044380 0.56271715 50.10847523
20400 0.53241922 0.58878231 36.34811477
20500 0.52204452 0.56937528 42.42795702
20600 0.54179172 0.57860106 37.02367466
20700 0.52501683 0.61387273 32.63123598
20800 0.50084422 0.55732864 49.27620590
20900 0.51879187 0.59101292 38.25599204
21000 0.51937323 0.58689028 39.02089234
21100 0.51592391 0.60559135 35.83936647
21200 0.50163231 0.53191367 55.61001245
21300 0.49208945 0.57314904 47.34407647
21400 0.54116057 0.53505113 47.71393569
21500 0.50044010 0.62825493 34.66026197
21600 0.49108956 0.62270848 37.53792735
21700 0.54415634 0.61074148 30.05301707
21800 0.50190458 0.56267755 47.78187051
21900 0.51319974 0.59336756 38.79565227
22000 0.53808635 0.58713952 35.76280668
22100 0.56460465 0.60986513 27.24158435
22200 0.51971558 0.65705676 26.46762179
22300 0.55116267 0.57606295 36.15017769
22400 0.47577552 0.61986190 41.36317453
22500 0.53109214 0.59078019 36.15139608
22600 0.49872300 0.55752355 49.65362967
22700 0.50596501 0.60786109 37.28346844
22800 0.50365752 0.56278641 47.41032890
22900 0.45640319 0.61559515 46.67227745
23000 0.55471434 0.59205301 32.17493690
23100 0.47929889 0.62257918 40.09356345
23200 0.54501295 0.60374606 31.26829767
23300 0.49813989 0.59861352 40.65200769
23400 0.51655887 0.60828634 35.20238833
23500 0.55002419 0.54947779 42.62706005
23600 0.55913269 0.57869779 34.40913420
23700 0.51462064 0.58776138 39.70536903
23800 0.55331435 0.56224631 39.02174999
23900 0.46990908 0.59465506 47.55418802
24000 0.52875253 0.58337745 38.12551288
24100 0.55482768 0.55209726 41.26538672
24200 0.51120942 0.59795787 38.23145309
24300 0.52644571 0.64944026 26.39466364
24400 0.53366204 0.62480906 29.18009228
24500 0.49202323 0.57515083 46.90574259
24600 0.52237468 0.59502186 36.78339638
24700 0.54845861 0.58310214 35.00473686
24800 0.50226635 0.60731648 38.11276771
24900 0.52899883 0.57420993 40.11127700
25000 0.54650670 0.61242116 29.37300720
25100 0.53220462 0.60806422 32.49731669
25200 0.52703216 0.62762046 29.81628954
25300 0.50268477 0.62405197 34.94550490
25400 0.50085411 0.59533650 40.77311488
25500 0.54751408 0.60170675 31.28608372
25600 0.47389709 0.55587626 55.35946235
25700 0.50590323 0.56385054 46.72006109
25800 0.57555632 0.56538741 35.26464900
25900 0.53109962 0.59063507 36.18050628
26000 0.53614683 0.56675909 40.62459074
26100 0.53345191 0.61065941 31.79406205
26200 0.47479856 0.65102179 36.45509710
26300 0.56126202 0.60037871 29.54844346
26400 0.53972240 0.58417250 36.13520943
26500 0.51609156 0.57898128 41.33579553
26600 0.54345284 0.60141175 31.97215304
26700 0.53035315 0.61285517 31.90162031
26800 0.53977427 0.63922950 25.75971764
26900 0.48576118 0.59598180 43.76085010
27000 0.53370512 0.56278344 41.96284236
27100 0.49491525 0.61309327 38.49694021
27200 0.48654351 0.57486739 48.12418291
27300 0.52651467 0.60033551 34.98153300
27400 0.55160463 0.60762035 29.51555781
27500 0.53601316 0.58336532 36.91113400
27600 0.56503479 0.60367949 28.37867564
27700 0.57425195 0.60123709 27.65963435
27800 0.50637132 0.57267765 44.58375842
27900 0.53768564 0.61719259 29.88225164
28000 0.49656605 0.62133921 36.65252506
28100 0.52283760 0.58059479 39.76258125
28200 0.52910839 0.62213668 30.41965209
28300 0.53004213 0.52880195 51.21703081
28400 0.54162259 0.59438985 33.67946802
28500 0.50329604 0.58639116 42.16059274
28600 0.54100355 0.61153191 30.40004524
28700 0.55444945 0.65132996 21.64387103
28800 0.52345139 0.60799221 34.01820117
28900 0.51642755 0.60591741 35.68344836
29000 0.50802472 0.59177669 40.10572776
29100 0.52414028 0.58035618 39.58502567
29200 0.49232728 0.59506302 42.56356264
29300 0.54686757 0.59590887 32.55136509
29400 0.52464103 0.66648063 24.28909543
29500 0.47878088 0.62367393 40.01439089
29600 0.49881744 0.57184120 46.26542983
29700 0.47319144 0.62435646 41.14638779
29800 0.49768232 0.59208755 42.08001569
29900 0.53992255 0.60763613 31.31432311
30000 0.56364759 0.57399728 34.83460503
30100 0.50700950 0.60182735 38.25886636
30200 0.56862897 0.60352024 27.93132313
30300 0.53138805 0.60069383 34.07646885
30400 0.52016613 0.60895043 34.42008041
30500 0.52023510 0.58460621 39.35495203
30600 0.51217135 0.54460518 50.25305832
30700 0.49520955 0.57423083 46.45542298
30800 0.52313389 0.60653510 34.35514509
30900 0.58717219 0.61356183 23.74465267
31000 0.51114745 0.60121259 37.59086034
31100 0.52372899 0.57695516 40.41023418
31200 0.47972758 0.60298135 43.66814239
31300 0.49055830 0.61449943 39.13814288
31400 0.52159925 0.59651158 36.61718125
31500 0.51907320 0.65854061 26.37263341
31600 0.51899046 0.59895373 36.59202722
31700 0.55283803 0.59636038 31.56286957
31800 0.51732053 0.57651774 41.65805564
31900 0.53754471 0.60298963 32.60240288
32000 0.48469343 0.61138121 40.96698246
32100 0.52625542 0.61598333 32.02465690
32200 0.54358669 0.60639046 30.97488761
32300 0.56823532 0.58424565 31.95593542
32400 0.52677144 0.57719584 39.82491490
32500 0.55055065 0.56656836 38.41272002
32600 0.56259614 0.58011181 33.61531848
32700 0.52196418 0.61685656 32.61913693
32800 0.53768035 0.58259214 36.80692285
32900 0.54674467 0.59145444 33.48922288
33000 0.50369136 0.59647368 39.98002134
33100 0.50706063 0.58879262 40.91707810
33200 0.50127545 0.52223993 58.32105209
33300 0.50547012 0.57250917 44.79697513
33400 0.50329809 0.59934753 39.47652697
33500 0.49566202 0.61209271 38.53157903
33600 0.48269593 0.64243030 36.02463416
33700 0.55417232 0.54468212 43.22646637
33800 0.54125138 0.59006700 34.63649419
33900 0.50675917 0.58967799 40.78868159
34000 0.50343847 0.61532991 36.36973882
34100 0.50389871 0.56580855 46.65067580
34200 0.49495715 0.56310233 49.08153801
34300 0.49604962 0.56603323 48.16810301
34400 0.49554363 0.57390347 46.46102262
34500 0.55330720 0.59532179 31.70597381
34600 0.50951070 0.57012616 44.56407628
34700 0.56331581 0.59794871 29.75364641
34800 0.51019168 0.57336580 43.69512867
34900 0.54871512 0.57986314 35.67367585
35000 0.51029330 0.59461758 39.08528500
35100 0.50959219 0.62041366 34.25319385
35200 0.51672742 0.60113335 36.56839147
35300 0.57636270 0.58298398 31.19106753
35400 0.59234954 0.59475482 26.85710307
35500 0.55042711 0.57702414 36.04514059
35600 0.52161625 0.60634436 34.66163458
35700 0.59319797 0.60130024 25.44413414
35800 0.49647444 0.61151325 38.47495392
35900 0.49919061 0.57057905 46.47919090
36000 0.59387980 0.57204673 31.61209519
36100 0.52743757 0.59034766 36.86594779
36200 0.48179933 0.61240057 41.40253862
36300 0.52087089 0.57477621 41.40649676
36400 0.50792201 0.56389693 46.31930669
36500 0.49400870 0.56069736 49.84908426
36600 0.50628921 0.57952742 43.06601267
36700 0.50176559 0.62878495 34.30573660
36800 0.55407181 0.58932450 32.83960124
36900 0.50686316 0.60753518 37.17227282
37000 0.51458627 0.61234362 34.79658400
37100 0.49893457 0.56421925 48.00993400
37200 0.53369187 0.60951525 31.97141813
37300 0.50934496 0.59613246 38.95565883
37400 0.49404053 0.58996498 43.26700468
37500 0.54195904 0.60974133 30.58765332
37600 0.56862951 0.55025987 39.81416901
37700 0.55300755 0.62561056 26.00922923
37800 0.49736234 0.60267231 40.00011967
37900 0.46968856 0.61471987 43.68604361
38000 0.45818977 0.57630904 54.25491703
38100 0.50830471 0.60802811 36.80014517
38200 0.52178738 0.60435175 35.01898898
38300 0.50384440 0.60070550 39.09765957
38400 0.52528515 0.61508405 32.35959331
38500 0.48017667 0.57090179 50.40414435
38600 0.55108476 0.57551106 36.28551732
38700 0.47386356 0.59986297 45.59625976
38800 0.53251612 0.60035462 33.95456347
38900 0.52468808 0.63444538 29.07130003
39000 0.52534062 0.56081439 43.85782629
39100 0.50243163 0.57266392 45.35747887
39200 0.52736694 0.61907216 31.26852801
39300 0.50822327 0.63031956 32.78488443
39400 0.52758122 0.63698609 28.15088576
39500 0.52073220 0.62195214 31.91899118
39600 0.54587993 0.59950116 31.97639028
39700 0.50480970 0.62329304 34.66230320
39800 0.50419833 0.60694242 37.80476096
39900 0.53191473 0.58327073 37.61211712
40000 0.50100994 0.56015674 48.56091726
40100 0.51419040 0.58550989 40.26560767
40200 0.50237215 0.60545436 38.45238605
40300 0.47063932 0.59618935 47.07254956
40400 0.47295186 0.57445519 51.21066107
40500 0.49169345 0.57400963 47.23163338
40600 0.55305444 0.59676357 31.44902174
40700 0.47252551 0.53987961 59.70362969
40800 0.45875320 0.58898320 51.36405375
40900 0.52982018 0.58374824 37.86299770
41000 0.49611134 0.61063537 38.71477428
41100 0.53698269 0.65273864 24.13027604
41200 0.51752747 0.63871349 29.65478025
41300 0.48145095 0.62179406 39.76052240
41400 0.55843066 0.65427866 20.63829370
41500 0.52125219 0.56003591 44.76677237
41600 0.54361896 0.59905247 32.41746983
41700 0.56305279 0.56563586 36.84054574
41800 0.49870883 0.61663508 37.07041368
41900 0.54405946 0.60851794 30.49141532
42000 0.57672434 0.59665924 28.27217570
42100 0.52592656 0.54194822 48.44614253
42200 0.54325944 0.58629908 35.11784242
42300 0.50851315 0.58336929 41.79803844
42400 0.49932575 0.57624911 45.16730622
42500 0.55607513 0.59866987 30.62409375
42600 0.49316935 0.57091313 47.62985754
42700 0.57064028 0.60377059 27.61995908
42800 0.54400769 0.61974446 28.41282962
42900 0.48970332 0.56261138 50.28902489
43000 0.51082449 0.60572548 36.76498123
43100 0.52950524 0.55659996 44.15602140
43200 0.53445326 0.60642148 32.43918304
43300 0.58126399 0.61114208 24.88277778
43400 0.52492097 0.57956442 39.62225695
43500 0.52817434 0.65717329 24.96176303
43600 0.49557447 0.56126054 49.39316408
43700 0.50073636 0.63224564 33.92376172
43800 0.52461731 0.59650078 36.08551011
43900 0.52204428 0.61318369 33.28428650
44000 0.47641403 0.58002177 49.19055392
44100 0.46496429 0.57802377 52.25761720
44200 0.55538636 0.61143839 28.23429281
44300 0.50982868 0.61654858 34.90977764
44400 0.49942516 0.58841647 42.49892854
44500 0.57682293 0.58502233 30.69399570
44600 0.53004326 0.54079470 48.03634076
44700 0.54578946 0.61634472 28.75507527
44800 0.53741663 0.59498659 34.23192416
44900 0.51127479 0.58540232 40.83468423
45000 0.55925916 0.61275635 27.43408499
45100 0.49387736 0.58417230 44.53407014
45200 0.56748677 0.59005274 30.81880517
45300 0.50549662 0.54814215 50.63197099
45400 0.53114241 0.59932628 34.39141453
45500 0.49363583 0.57915518 45.67930190
45600 0.49271895 0.65232373 32.38685602
45700 0.52056834 0.58033368 40.22450596
45800 0.50676839 0.57989976 42.89128664
45900 0.47072992 0.57399097 51.82242561
46000 0.52838975 0.59010397 36.75321002
46100 0.49296138 0.61356775 38.81098656
46200 0.50924750 0.56460705 45.89817851
46300 0.53166405 0.61489992 31.29951586
46400 0.51377563 0.55561679 47.20133460
46500 0.50604497 0.60567154 37.69105213
46600 0.53884740 0.58617262 35.84615534
46700 0.52300121 0.58444262 38.89677905
46800 0.50353452 0.57347220 44.95676362
46900 0.50307184 0.53500117 54.50254107
47000 0.50089996 0.56832282 46.65757026
47100 0.56205642 0.60602422 28.32751675
47200 0.49664564 0.56954777 47.23061384
47300 0.48111827 0.60458122 43.04885466
47400 0.48258896 0.63277378 37.61608570
47500 0.53138738 0.61764639 30.84152620
47600 0.51185798 0.63803438 30.81513965
47700 0.51629860 0.57230694 42.79516809
47800 0.49948042 0.54766915 51.93948032
47900 0.51230172 0.57477835 42.97771757
48000 0.48955743 0.62495280 37.46379850
48100 0.52255637 0.63599507 29.19192928
48200 0.55264589 0.62598034 25.99803895
48300 0.48321176 0.61553814 40.51165918
48400 0.54675072 0.57545826 36.95216785
48500 0.46648489 0.59370756 48.54293817
48600 0.53876218 0.60720307 31.58414445
48700 0.55548240 0.61917625 26.79128205
48800 0.48825228 0.58518891 45.49045073
48900 0.53761476 0.56349260 41.15235834
49000 0.51076550 0.60943307 36.06272548
49100 0.53472421 0.56796709 40.57767947
49200 0.56134577 0.55427667 39.80247504
49300 0.49199476 0.62139269 37.58337603
49400 0.49558905 0.60939250 39.05752799
49500 0.46629476 0.57279758 53.11953954
49600 0.54222636 0.55327573 42.88269381
49700 0.53755881 0.58830494 35.60096835
49800 0.49821469 0.55671677 49.95202037
49900 0.52731175 0.65680442 25.16310182
50000 0.52669918 0.61125616 32.82870643
50100 0.51995225 0.54964911 47.54638067
50200 0.53821567 0.61343311 30.49068769
50300 0.49615895 0.60952380 38.91617896
50400 0.53168683 0.58448505 37.38800834
50500 0.53564421 0.58534087 36.54568502
50600 0.48721295 0.57261349 48.49147600
50700 0.52883627 0.61845163 31.12841621
50800 0.53896180 0.58810426 35.41655349
50900 0.52639949 0.61659207 31.88780305
51000 0.56618402 0.62817918 23.71455608
51100 0.50112178 0.59854975 40.06737466
51200 0.48155838 0.57937265 48.19658387
51300 0.51472584 0.57033755 43.53567804
51400 0.50475600 0.61797998 35.62575343
51500 0.56469272 0.58104391 33.12491336
51600 0.53866457 0.61919878 29.35910142
51700 0.54130450 0.60936019 30.76389972
51800 0.50796175 0.58469040 41.61845727
51900 0.49967699 0.54981112 51.36189245
52000 0.51088359 0.60384035 37.12181276
52100 0.49078726 0.59274552 43.36219581
52200 0.52247542 0.59756731 36.24698480
52300 0.54741904 0.56548356 39.13945611
52400 0.52341174 0.55262396 46.18915908
52500 0.48538260 0.60828204 41.40820150
52600 0.52927714 0.59176478 36.25410040
52700 0.52687974 0.60533721 33.93211196
52800 0.55497326 0.58671532 33.26155580
52900 0.49026414 0.54055579 55.65021614
53000 0.48576125 0.62318748 38.58045479
53100 0.51226783 0.59540858 38.55050779
53200 0.50695947 0.55969399 47.50581228
53300 0.53544182 0.64048554 26.26212943
53400 0.51179725 0.56170411 46.10260333
53500 0.54132991 0.57213491 38.54934937
53600 0.52694026 0.54664740 47.06860770
53700 0.51962124 0.61083005 34.16088401
53800 0.49659358 0.56339615 48.67777781
53900 0.51712071 0.62593684 31.87140889
54000 0.50883953 0.58457749 41.47459085
54100 0.49915349 0.57261309 46.02206370
54200 0.48488932 0.53019865 59.53268669
54300 0.53275731 0.54599597 46.24408216
54400 0.51259975 0.58392048 40.90460635
54500 0.53453320 0.58723382 36.32435343
54600 0.54480937 0.59905286 32.23194307
54700 0.50537757 0.63308001 32.87008720
54800 0.50109560 0.60549778 38.69703730
54900 0.58117397 0.60364862 26.33674582
55000 0.40480798 0.61372487 60.91837543
55100 0.49923793 0.60151644 39.85056603
55200 0.59743535 0.59932464 25.39505485
55300 0.49159948 0.61630276 38.58772590
55400 0.57192887 0.55931406 37.16596756
55500 0.53207774 0.60885063 32.36798387
55600 0.50434249 0.58534883 42.17849332
55700 0.53119658 0.60593233 33.07842683
55800 0.52804597 0.58892365 37.06070687
55900 0.53489342 0.58777057 36.15075689
56000 0.51270407 0.56682962 44.72409589
56100 0.50943657 0.55957668 47.05889608
56200 0.53901063 0.61208693 30.61444963
56300 0.48583694 0.62108830 38.93760562
56400 0.49644303 0.61945731 37.01555161
56500 0.55921725 0.61453252 27.10898418
56600 0.52398696 0.63064800 29.83034514
56700 0.54042133 0.56255339 40.92312323
56800 0.49301815 0.60024162 41.37244753
56900 0.53941981 0.62340788 28.48538688
57000 0.53046790 0.61635214 31.23383563
57100 0.51599419 0.59867958 37.19402601
57200 0.49873319 0.58664614 43.01409775
57300 0.51656297 0.62106368 32.83367567
57400 0.52656449 0.57636926 40.04529270
57500 0.51623222 0.56058532 45.54499175
57600 0.53934343 0.63000436 27.35452549
57700 0.58164571 0.59954492 27.09498917
57800 0.51080385 0.57275278 43.71824070
57900 0.49965496 0.62861517 34.75544687
58000 0.51096022 0.63879854 30.86097552
58100 0.51834207 0.59972794 36.55425061
58200 0.46598399 0.60169970 47.04325112
58300 0.52072333 0.59131501 37.84477539
58400 0.45878521 0.59476270 50.15346189
58500 0.51903295 0.58508571 39.46861236
58600 0.48819286 0.62523612 37.70234059
58700 0.55142524 0.64986945 22.30682117
58800 0.46963611 0.59699488 47.13929925
58900 0.55648755 0.57881096 34.76020704
59000 0.46449212 0.56359680 55.67521763
59100 0.52514990 0.56224373 43.55030075
59200 0.56617731 0.58950601 31.10811589
59300 0.55137479 0.58222641 34.75739589
59400 0.52164748 0.55652297 45.54534242
59500 0.47681869 0.57056940 51.22414932
59600 0.51633847 0.59231475 38.43235961
59700 0.52550896 0.60126864 34.97063892
59800 0.48017230 0.53412126 59.50786101
59900 0.54807868 0.61516820 28.62144093
60000 0.55559548 0.59618810 31.19597758
60100 0.57345687 0.55849521 37.16886309
60200 0.52946447 0.62925151 29.11870744
60300 0.49434627 0.58483101 44.29557482
60400 0.52574636 0.58060269 39.24975458
60500 0.54815695 0.56329571 39.54261728
60600 0.54740590 0.57836116 36.20436783
60700 0.49778774 0.61697441 37.19408090
60800 0.53852132 0.65755090 23.18355527
60900 0.52561627 0.54412964 47.93966293
61000 0.48259703 0.61578684 40.59927104
61100 0.52332209 0.56854907 42.39230870
61200 0.48612011 0.62290715 38.55324201
61300 0.52413672 0.58373329 38.84958991
61400 0.54137749 0.59545150 33.50059433
61500 0.52414981 0.58766868 38.00393784
61600 0.52691546 0.60336078 34.31262016
61700 0.55109641 0.55556137 40.96126214
61800 0.51894856 0.56438958 44.14594598
61900 0.48214290 0.58692867 46.43055486
62000 0.53820133 0.60979827 31.17775457
62100 0.50304416 0.59963800 39.46826770
62200 0.51186010 0.63045463 32.07112727
62300 0.54131058 0.61418565 29.85465211
62400 0.58577408 0.59356878 27.83070468
62500 0.46375985 0.61355512 45.28555124
62600 0.51279150 0.59736461 38.05406142
62700 0.51320494 0.62663360 32.47415251
62800 0.50113626 0.61554494 36.78522859
62900 0.49473223 0.59549226 41.97913678
63000 0.55132838 0.59639557 31.77900709
63100 0.53269065 0.65106619 25.08684960
63200 0.50325204 0.65205313 30.29901781
63300 0.54180400 0.62879326 27.16886097
63400 0.48665178 0.59059596 44.68375874
63500 0.57047075 0.62120381 24.37295183
63600 0.52644288 0.61820079 31.58651338
63700 0.50695773 0.56956058 45.18382219
63800 0.55516731 0.62610846 25.60738766
63900 0.52813593 0.61093625 32.64118027
64000 0.51679246 0.59049516 38.72863917
64100 0.48902303 0.58652304 45.04184592
64200 0.49116148 0.62535018 37.05804417
64300 0.52131173 0.57514773 41.24402078
64400 0.49735711 0.57272667 46.35865351
64500 0.50118950 0.60297781 39.17167827
64600 0.56127944 0.59069131 31.52675959
64700 0.49359572 0.59868196 41.56583935
64800 0.53546917 0.58009854 37.71352325
64900 0.50145188 0.57605943 44.78536713
65000 0.49994249 0.59556944 40.90742901
65100 0.51038769 0.56253799 46.17051803
65200 0.52039070 0.58271663 39.73578144
65300 0.54441115 0.63447347 25.80346130
65400 0.50905663 0.60550198 37.14442511
65500 0.54519018 0.55694420 41.52110136
65600 0.52966842 0.60558395 33.40522458
65700 0.50257707 0.61495835 36.60811150
65800 0.54489468 0.57519518 37.29743273
65900 0.57050642 0.61260866 25.94205007
66000 0.52886663 0.64167873 27.17612843
66100 0.55190725 0.61689082 27.73021751
66200 0.47390651 0.60113215 45.33334398
66300 0.53243826 0.60646224 32.76690120
66400 0.50987656 0.60037412 37.99870666
66500 0.54492920 0.59399092 33.24334765
66600 0.52682896 0.60100497 34.79361540
66700 0.50699312 0.61187281 36.32174798
66800 0.49665547 0.56992986 47.14063261
66900 0.54308715 0.59335763 33.66135582
67000 0.51737224 0.63391623 30.46835824
67100 0.46016241 0.60581367 47.61520001
67200 0.53124825 0.58361398 37.65003021
67300 0.48634950 0.65333959 33.57790609
67400 0.55913788 0.56532359 37.45757697
67500 0.51159449 0.57963637 42.02838424
67600 0.46428523 0.60819816 46.17469880
67700 0.56277617 0.58042332 33.52215035
67800 0.53959083 0.55870130 41.97808207
67900 0.47469764 0.60949340 43.52695982
68000 0.48949885 0.62721229 37.08316325
68100 0.54148173 0.58714873 35.21685280
68200 0.50088142 0.59504830 40.82670390
68300 0.50200986 0.56444461 47.34321858
68400 0.53269161 0.61397638 31.29844121
68500 0.54055899 0.59339829 34.05285132
68600 0.52000094 0.59116332 38.00621046
68700 0.51552666 0.58720091 39.65693271
68800 0.50862533 0.56860351 45.08429795
68900 0.56438328 0.64262203 21.57986131
69000 0.50297308 0.60949311 37.55624044
69100 0.51968242 0.56557348 43.73511050
69200 0.57658902 0.63891790 20.58885743
69300 0.50223020 0.60543130 38.48493645
69400 0.45791976 0.63489927 42.93054691
69500 0.53869918 0.62672193 28.02162223
69600 0.50278827 0.54432498 52.13109135
69700 0.55202171 0.57694097 35.82645307
69800 0.58436775 0.60787069 25.14224451
69900 0.51686833 0.64123335 29.37202805
70000 0.51356986 0.58637120 40.19673085
70100 0.50905849 0.58400722 41.55577017
70200 0.53590744 0.63623513 26.87265092
70300 0.52092802 0.64119591 28.64275756
70400 0.49854350 0.64413902 32.43868390
70500 0.54186826 0.54383764 45.31239962
70600 0.55105764 0.51465638 51.80240475
70700 0.54842083 0.61440395 28.71106911
70800 0.54799842 0.61800358 28.11358798
70900 0.46306885 0.62487512 43.40254711
71000 0.52682540 0.57602878 40.07627471
71100 0.51858690 0.61639188 33.31132641
71200 0.48803805 0.59461160 43.55613203
71300 0.48523500 0.60228066 42.60847181
71400 0.55995069 0.60495871 28.82745638
71500 0.52676523 0.56415812 42.81583800
71600 0.51183626 0.58429758 40.96656383
71700 0.55887194 0.58724054 32.59185862
71800 0.50582682 0.54963703 50.19241885
71900 0.50211396 0.58890342 41.86032559
72000 0.60112207 0.60419787 24.05765886
72100 0.52195754 0.63361283 29.69190515
72200 0.51879782 0.62821426 31.17228652
72300 0.50763239 0.56270161 46.65791070
72400 0.52923150 0.62203234 30.41718400
72500 0.52937960 0.61628243 31.43173189
72600 0.50358589 0.61126466 37.09976634
72700 0.52253366 0.59980814 35.78554072
72800 0.47798456 0.58148081 48.52074782
72900 0.52118697 0.59138863 37.74640211
73000 0.54130441 0.58982812 34.67825505
73100 0.50738587 0.54298355 51.57882859
73200 0.50874100 0.57223917 44.22749872
73300 0.49512298 0.59408475 42.18784173
73400 0.55658251 0.54118833 43.77602873
73500 0.55794075 0.59243544 31.63193877
73600 0.56537096 0.60349266 28.37005749
73700 0.55558645 0.59884080 30.66014924
73800 0.58208095 0.60012400 26.92765852
73900 0.55069810 0.56316344 39.19130597
74000 0.51141137 0.61244778 35.37075368
74100 0.49091079 0.61610395 38.76802802
74200 0.51863094 0.55868131 45.56472272
74300 0.55389946 0.60245705 30.18429190
74400 0.47318545 0.57194322 51.72736859
74500 0.53682364 0.57676467 38.23026851
74600 0.53425109 0.59510734 34.72685137
74700 0.53417052 0.62892632 28.38281091
74800 0.53237610 0.57593669 39.15107123
74900 0.56477631 0.64535421 21.10038301
75000 0.52778105 0.60065035 34.69982407
75100 0.51442746 0.56756913 44.23063841
75200 0.47455922 0.57410187 50.92675483
75300 0.53186555 0.61708736 30.86311340
75400 0.48034573 0.60485569 43.16465119
75500 0.47133261 0.60753728 44.66533726
75600 0.49419422 0.60974535 39.27642633
75700 0.50257529 0.56998523 45.94165416
75800 0.48320695 0.61524643 40.56655465
75900 0.52646610 0.63443917 28.76220086
76000 0.54945108 0.61229054 28.94991018
76100 0.52688644 0.58154822 38.84474105
76200 0.47617526 0.61320109 42.49567200
76300 0.53603085 0.58174140 37.26135057
76400 0.51886843 0.60852841 34.73500859
76500 0.52507412 0.58730381 37.91936498
76600 0.48332667 0.56967260 49.99902033
76700 0.55630696 0.57845345 34.86528062
76800 0.57153855 0.57671011 33.18036021
76900 0.53283717 0.57415432 39.47484221
77000 0.47714161 0.56179866 53.20287112
77100 0.48520235 0.56666725 50.29110042
77200 0.49012431 0.58769115 44.56142633
77300 0.47347999 0.59316058 47.04693067
77400 0.56088374 0.59028950 31.66591304
77500 0.49321254 0.58721118 44.02006798
77600 0.52400678 0.57715638 40.31644577
77700 0.50159258 0.60465888 38.76182933
77800 0.51195484 0.60364340 36.95844856
77900 0.52788372 0.55180057 45.61348643
78000 0.51331236 0.60462307 36.51221069
78100 0.51118945 0.58544415 40.84181917
78200 0.53315008 0.61032507 31.90773675
78300 0.50570258 0.57527048 44.12742375
78400 0.54023956 0.55701527 42.28248712
78500 0.52316210 0.58454457 38.84634335
78600 0.50815774 0.57696181 43.27474334
78700 0.49615615 0.60543840 39.70326564
78800 0.50106541 0.58862078 42.12807309
78900 0.53200384 0.57355625 39.74974074
79000 0.55327548 0.59801971 31.16206215
79100 0.53427990 0.60282166 33.17122578
79200 0.52371829 0.57903010 39.95147008
79300 0.56247355 0.60372243 28.71920443
79400 0.49661488 0.61493480 37.80731782
79500 0.56064107 0.59461856 30.80122342
79600 0.51905236 0.56297291 44.46194534
79700 0.52433899 0.57197093 41.42702299
79800 0.56228537 0.58556655 32.47351181
79900 0.51009398 0.62409447 33.50352632
80000 0.48042878 0.63238509 38.15313813
80100 0.52930876 0.58580933 37.50657119
80200 0.52772953 0.58083260 38.85573122
80300 0.53416221 0.59818207 34.11632523
80400 0.54019576 0.57385662 38.33911194
80500 0.44652312 0.62747517 47.00767231
80600 0.54963861 0.61015545 29.32475016
80700 0.55060255 0.57411651 36.67147455
80800 0.51675169 0.62498782 32.10460477
80900 0.55261535 0.67366541 18.84133177
81000 0.47782640 0.60270416 44.14337864
81100 0.54074053 0.58987874 34.75726179
81200 0.51834509 0.58443979 39.73235547
81300 0.57059549 0.59850015 28.67385916
81400 0.53152891 0.66053423 23.91660479
81500 0.47886773 0.55212793 55.17002119
81600 0.51165026 0.57303777 43.49373969
81700 0.53120248 0.64829002 25.75425996
81800 0.52755371 0.54710832 46.84596251
81900 0.48681769 0.57100009 48.94382917
82000 0.53156693 0.56006932 42.96821475
82100 0.55738810 0.61236655 27.77223155
82200 0.50157291 0.61898717 36.06947690
82300 0.53848618 0.61409881 30.32298358
82400 0.49846339 0.65332559 31.06519322
82500 0.54663758 0.62049611 27.87083902
82600 0.52239521 0.60753071 34.29394389
82700 0.51797847 0.54929318 47.99287423
82800 0.54898748 0.56763537 38.39905108
82900 0.49417176 0.58620735 44.03627949
83000 0.50432857 0.58445476 42.37352779
83100 0.53525660 0.58733922 36.18249777
83200 0.50035129 0.55457988 50.04532097
83300 0.51823259 0.63019318 30.93687465
83400 0.53679994 0.57366032 38.93195602
83500 0.49453097 0.62929553 35.67876914
83600 0.51145821 0.59321759 39.15348587
83700 0.54144057 0.58665217 35.32919536
83800 0.54368355 0.57787316 36.88758240
83900 0.50391166 0.60666416 37.91469198
84000 0.50996613 0.57579774 43.18976106
84100 0.57677572 0.59892822 27.80704090
84200 0.49480049 0.55224805 51.74393313
84300 0.53001517 0.56429904 42.22489200
84400 0.55113344 0.60652852 29.79623338
84500 0.49323970 0.60620798 40.15258364
84600 0.54088864 0.53646049 47.38474868
84700 0.50304539 0.60047081 39.30150864
84800 0.54528148 0.59739155 32.49400172
84900 0.53976416 0.58380201 36.20854769
85000 0.55479492 0.58224877 34.25005818
85100 0.51658164 0.61067633 34.74287341
85200 0.47206435 0.56295102 54.07343978
85300 0.55499964 0.62105911 26.52247360
85400 0.53592029 0.56661580 40.69516965
85500 0.50194666 0.60487896 38.64867426
85600 0.47543230 0.58405049 48.53242050
85700 0.56231075 0.61313574 26.93829119
85800 0.52126114 0.61437251 33.20257204
85900 0.50154796 0.56534720 47.22257444
86000 0.50581184 0.60432338 37.99919013
86100 0.50976038 0.62642588 33.15954393
86200 0.49733905 0.59992263 40.55120673
86300 0.53583986 0.63690228 26.77470964
86400 0.51276123 0.60047674 37.43394508
86500 0.51027753 0.60464780 37.07854859
86600 0.54597754 0.57809938 36.48140240
86700 0.54950078 0.58714390 33.97886723
86800 0.48350313 0.60847147 41.77703630
86900 0.52480980 0.64248606 27.75112404
87000 0.53906080 0.57370900 38.55452128
87100 0.53730586 0.59856208 33.52330971
87200 0.50188851 0.61930391 35.94961941
87300 0.56625424 0.61511448 26.03529196
87400 0.53508397 0.56649498 40.86094602
87500 0.52773200 0.54322959 47.80365448
87600 0.48607645 0.54914998 54.34451066
87700 0.52943512 0.59408743 35.74618129
87800 0.54681711 0.61637908 28.59081894
87900 0.55645927 0.59805660 30.69253953
88000 0.55799127 0.54254126 43.22574063
88100 0.54312959 0.62535745 27.55417289
88200 0.49731566 0.61483855 37.68285070
88300 0.53016340 0.61771931 31.03535984
88400 0.54754336 0.61908917 27.98587775
88500 0.50901742 0.60370068 37.50388385
88600 0.51976734 0.59537836 37.17691326
88700 0.55211648 0.58044010 35.03804166
88800 0.55337990 0.61308958 28.21647856
88900 0.50055199 0.60502605 38.89717504
89000 0.51037738 0.56444095 45.72240173
89100 0.54387828 0.55677141 41.76706933
89200 0.48440583 0.58482313 46.39096631
89300 0.51157294 0.62468217 33.12054822
89400 0.54876700 0.67398235 19.37593431
89500 0.51455520 0.60259556 36.67914230
89600 0.50261699 0.58147963 43.35560228
89700 0.50004082 0.56687224 47.16611255
89800 0.52268776 0.54935914 47.13023668
89900 0.54987519 0.59063413 33.18576218
90000 0.48813160 0.60455699 41.54309445
90100 0.53194730 0.59220401 35.71044158
90200 0.50777626 0.63129975 32.70487069
90300 0.51335461 0.62972458 31.91510968
90400 0.49897240 0.59113295 42.01877009
90500 0.52300864 0.56071546 44.29151534
90600 0.50023517 0.52873847 56.74440204
90700 0.53288466 0.61185802 31.66247003
90800 0.50119600 0.66999991 28.21152637
90900 0.51088793 0.59071959 39.78083229
91000 0.53623177 0.57894241 37.84324582
91100 0.49402458 0.61190451 38.90289493
91200 0.50986320 0.60234091 37.61055884
91300 0.51594360 0.59704266 37.53421908
91400 0.56010917 0.58474813 32.95140666
91500 0.55886937 0.60505912 28.95990092
91600 0.53412579 0.57207309 39.73246670
91700 0.55379036 0.61787538 27.27331712
91800 0.52623803 0.61080569 32.99385422
91900 0.44277062 0.60843677 51.43171206
92000 0.54006664 0.60651137 31.50826450
92100 0.50834084 0.54622496 50.56750195
92200 0.52926005 0.62899581 29.19728215
92300 0.48871166 0.61823433 38.84076098
92400 0.48631404 0.58728161 45.45540284
92500 0.47729851 0.57452918 50.21652331
92600 0.50935555 0.63739769 31.39240859
92700 0.50347013 0.59779112 39.75621160
92800 0.53865515 0.60273552 32.47271780
92900 0.49580086 0.55426943 51.04040093
93000 0.48428300 0.60137722 42.99241546
93100 0.51854888 0.64352394 28.70463398
93200 0.46787672 0.59427682 48.10162174
93300 0.53152908 0.61708735 30.91974309
93400 0.48892018 0.65700106 32.50169341
93500 0.50651452 0.57122738 44.88677141
93600 0.49903588 0.57606522 45.26668103
93700 0.49329245 0.61382353 38.69484369
93800 0.56801078 0.53299896 44.35535588
93900 0.53233265 0.59287235 35.50710241
94000 0.52122522 0.59386168 37.22671420
94100 0.54760151 0.60949710 29.75832759
94200 0.52086191 0.56344540 44.02426802
94300 0.50927948 0.61286076 35.69770630
94400 0.51951626 0.60528257 35.24462803
94500 0.51041507 0.63689997 31.27203158
94600 0.55044700 0.59917550 31.34828985
94700 0.47687844 0.59793237 45.30728022
94800 0.51907906 0.59802083 36.76398489
94900 0.53643643 0.57779867 38.06323679
95000 0.55049042 0.57892366 35.61393101
95100 0.55214309 0.62265201 26.65698798
95200 0.51787441 0.55310898 47.06245293
95300 0.54535830 0.63899487 24.91835326
95400 0.49629974 0.60773306 39.23018517
95500 0.50519539 0.58728744 41.59773304
95600 0.49891234 0.56507371 47.81330471
95700 0.55381878 0.58304641 34.21890405
95800 0.46127948 0.58313695 52.00853442
95900 0.54276918 0.58995294 34.42064971
96000 0.51350126 0.58470388 40.56709918
96100 0.47586407 0.56058477 53.77828312
96200 0.51888433 0.57447361 41.83251912
96300 0.51583447 0.57935881 41.29973890
96400 0.54439938 0.58502845 35.21216071
96500 0.55268675 0.63375488 24.66931643
96600 0.48395076 0.54992644 54.60702869
96700 0.53707094 0.61764987 29.89872559
96800 0.53892315 0.58601302 35.86808974
96900 0.55505353 0.60453696 29.60763905
97000 0.53801048 0.56837571 39.94520897
97100 0.53569142 0.61620207 30.38949328
97200 0.51623087 0.59589819 37.71432020
97300 0.53389087 0.57016478 40.20823569
97400 0.50606841 0.62761281 33.66340278
97500 0.50422965 0.58507267 42.25989445
97600 0.56248210 0.58731886 32.07221951
97700 0.57843619 0.60401952 26.59305507
97800 0.50893026 0.57309085 43.99770371
97900 0.49687471 0.58387159 43.98568753
98000 0.47841755 0.55147585 55.43151701
98100 0.50290075 0.56335572 47.42431429
98200 0.48117949 0.60170809 43.60104824
98300 0.50777181 0.58603970 41.36534505
98400 0.51827302 0.61359257 33.88621230
98500 0.50527741 0.60011627 38.93519682
98600 0.58629213 0.60788979 24.91790622
98700 0.51822944 0.56053331 45.19241399
98800 0.53138877 0.65066841 25.36483587
98900 0.53955786 0.56022971 41.61573629
99000 0.50636308 0.57215931 44.70331858
99100 0.49846514 0.58022450 44.45878344
99200 0.52264700 0.63784735 28.87378379
99300 0.49361421 0.54150967 54.70617342
99400 0.53353803 0.59635364 34.59071455
99500 0.56473327 0.60925722 27.33994854
99600 0.54638357 0.58350130 35.23484871
99700 0.47267639 0.59220243 47.42792709
99800 0.46562516 0.57289141 53.25493810
99900 0.49993183 0.56961162 46.55303897
100000 0.47185529 0.61808719 42.57113901
100100 0.50274377 0.53707499 54.01979009
100200 0.51495041 0.62297031 32.79143265
100300 0.56538317 0.60018687 29.02348981
100400 0.48560209 0.58522025 46.04840096
100500 0.52246800 0.62414491 31.22131171
100600 0.53652696 0.58962841 35.48982056
100700 0.49008377 0.55010644 53.25580678
100800 0.53171003 0.61140797 31.94423457
100900 0.51246707 0.61239025 35.18300938
101000 0.56386700 0.59717104 29.83588979
101100 0.50437290 0.58229446 42.83283376
101200 0.47957422 0.55244082 54.93653678
101300 0.49670740 0.60982633 38.74695197
101400 0.49088499 0.66840855 30.52269869
101500 0.54873498 0.63414188 25.19501072
101600 0.51345845 0.61366036 34.76010718
101700 0.54535595 0.60680863 30.61884446
101800 0.51966067 0.60357444 35.55263631
101900 0.55430795 0.56444404 38.35639240
102000 0.53973242 0.53728791 47.35166815
102100 0.53628631 0.60074208 33.25294540
102200 0.49713621 0.61264589 38.12763971
102300 0.53469011 0.60012289 33.63910906
102400 0.48967705 0.59958801 42.20035449
102500 0.44842346 0.61018455 49.66032932
102600 0.51015677 0.55082720 49.06376715
102700 0.49755164 0.59472425 41.56173515
102800 0.49998573 0.64178962 32.51811630
102900 0.52100568 0.61285506 33.53109824
103000 0.54515091 0.56650155 39.24988207
103100 0.48933795 0.61118169 40.01542552
103200 0.52549723 0.56989202 41.70045027
103300 0.46945284 0.57977164 50.82626212
103400 0.48247588 0.55069534 54.73477781
103500 0.54057112 0.59279818 34.17508142
103600 0.46040867 0.56315833 56.74899028
103700 0.59039854 0.58649680 28.79804689
103800 0.50242280 0.59043611 41.47688709
103900 0.48972672 0.56698846 49.25461394
104000 0.49550277 0.58431171 44.17027886
104100 0.52018801 0.59358614 37.46951706
104200 0.50509264 0.59117729 40.79790097
104300 0.56202513 0.62215427 25.33308518
104400 0.57028860 0.61688192 25.17863818
104500 0.48585572 0.60341691 42.25134160
104600 0.50033972 0.60198075 39.53792508
104700 0.51033838 0.62511336 33.27843395
104800 0.51460952 0.55800437 46.46575879
104900 0.49818182 0.58489287 43.50082755
105000 0.56143384 0.63140711 23.81207067
105100 0.49839138 0.61609653 37.23326189
105200 0.56941628 0.61173175 26.24851991
105300 0.50800344 0.61681767 35.20922255
105400 0.51741698 0.61180123 34.37766783
105500 0.49834907 0.57781720 45.01414723
105600 0.52862744 0.59829107 35.02752257
105700 0.52137388 0.58092090 39.95147177
105800 0.48435315 0.58440875 46.49157536
105900 0.51691694 0.57211855 42.72468186
106000 0.51677662 0.59569768 37.65512311
106100 0.46935964 0.64071888 39.28272489
106200 0.51157061 0.54215354 50.99521655
106300 0.50098676 0.59434617 40.94988299
106400 0.55142042 0.59346546 32.36620381
106500 0.48044385 0.58355541 47.52658244
106600 0.53043155 0.56303600 42.45269953
106700 0.51707804 0.54975386 48.04178682
106800 0.52660111 0.61794697 31.60524076
106900 0.55451228 0.59638681 31.31250352
107000 0.51365282 0.61414314 34.63402127
107100 0.50942294 0.54258794 51.29029136
107200 0.46532879 0.52831067 64.44283325
107300 0.49877471 0.58199319 44.00929300
107400 0.47030378 0.57845562 50.92113349
107500 0.46285014 0.57480523 53.47637044
107600 0.54442122 0.60059787 31.98298166
107700 0.52632761 0.58911167 37.31799326
107800 0.50226152 0.56062478 48.20050206
107900 0.50889964 0.58967086 40.37884583
108000 0.50429620 0.65319101 29.92642795
108100 0.50542951 0.55504788 48.92960662
108200 0.55215666 0.60672558 29.60632589
108300 0.47443258 0.59008486 47.47251238
108400 0.45214935 0.61907182 47.08247419
108500 0.53552108 0.56177340 41.90261298
108600 0.49229944 0.60770013 40.05938020
108700 0.51921194 0.57979422 40.58745578
108800 0.51514736 0.57915923 41.47057169
108900 0.51270763 0.63052714 31.89974250
109000 0.53238558 0.66573974 23.06020460
109100 0.52531873 0.63111274 29.51822745
109200 0.53729783 0.57177183 39.28004754
109300 0.51601542 0.60423938 36.08627376
109400 0.53664893 0.61057291 31.28309677
109500 0.52245623 0.57484471 41.10834726
109600 0.50991811 0.58567496 41.03317273
109700 0.50346050 0.60694472 37.94905709
109800 0.47518490 0.58440818 48.51083199
109900 0.53924121 0.58723141 35.55693021
110000 0.47933686 0.56723257 51.43644867
110100 0.49437186 0.56724785 48.22824902
110200 0.51535266 0.58272316 40.65193154
110300 0.47588857 0.59478276 46.17002270
110400 0.52340818 0.60810659 34.00387642
110500 0.53603806 0.61357803 30.81833467
110600 0.52438818 0.61251846 32.99441922
110700 0.52350443 0.57573742 40.72219692
110800 0.54843600 0.53430148 46.78367520
110900 0.51594612 0.56618128 44.27351076
111000 0.49905368 0.57460634 45.59086275
111100 0.54955135 0.59461973 32.40792544
111200 0.56065900 0.62305200 25.36325468
111300 0.52150548 0.58877351 38.23846055
111400 0.55664745 0.59430833 31.42950789
111500 0.52361451 0.60410272 34.74379326
111600 0.54984234 0.60052982 31.16783731
111700 0.57679038 0.60813164 25.99703923
111800 0.52975028 0.60535438 33.43594192
111900 0.54428801 0.57134297 38.26513177
112000 0.60014208 0.61327968 22.41804160
112100 0.52261437 0.58729409 38.35473372
112200 0.53627177 0.59191888 35.05234313
112300 0.53136588 0.59533962 35.16166972
112400 0.49476629 0.60821303 39.45155848
112500 0.48925129 0.58425058 45.48141522
112600 0.54337333 0.63356125 26.11688477
112700 0.56818040 0.62652358 23.73523739
112800 0.54489383 0.59319139 33.41386387
112900 0.53661992 0.59470680 34.41917447
113000 0.52115073 0.62752020 30.86817114
113100 0.50734770 0.61506185 35.65851422
113200 0.51307016 0.58837953 39.86299421
113300 0.50171266 0.62809316 34.43491560
113400 0.54369311 0.55107692 43.19727304
113500 0.51014775 0.61116932 35.85045157
113600 0.49878666 0.59483393 41.28996287
113700 0.57871417 0.61134433 25.15060763
113800 0.53849019 0.59966861 33.10904290
113900 0.47420678 0.58805572 47.95147813
114000 0.49543051 0.58614452 43.79142100
114100 0.47564614 0.55267204 55.75288646
114200 0.53225195 0.63007355 28.50720262
114300 0.49660062 0.61040638 38.65852332
114400 0.52728879 0.53949951 48.84483416
114500 0.53531957 0.60996537 31.61640218
114600 0.53885926 0.61461873 30.16627660
114700 0.52697769 0.61608640 31.88046603
114800 0.48735336 0.61990989 38.82552106
114900 0.54141751 0.61525118 29.64026703
115000 0.53504130 0.56221461 41.87663091
115100 0.50221655 0.58208374 43.30289432
115200 0.48432900 0.61345191 40.65708505
115300 0.49099288 0.57648915 46.82053997
115400 0.50930279 0.58765077 40.72880913
115500 0.55378360 0.61607746 27.60336833
115600 0.51845739 0.57691358 41.36263493
115700 0.53000168 0.61115514 32.28090544
115800 0.53225557 0.61022934 32.07554792
115900 0.50732812 0.59211777 40.16873741
116000 0.51712857 0.58467305 39.90382842
116100 0.53689017 0.54437011 45.97572821
116200 0.51727214 0.61555723 33.70430272
116300 0.47679276 0.62645471 39.96971991
116400 0.48612145 0.58868406 45.19923179
116500 0.50510773 0.58763349 41.54126603
116600 0.51940813 0.56230024 44.55729969
116700 0.53566600 0.60713978 32.10036321
116800 0.54124274 0.59710677 33.18476455
116900 0.54836705 0.60724319 30.07386977
117000 0.49144002 0.57837070 46.30840632
117100 0.47053142 0.56320841 54.36304420
117200 0.55412935 0.56871144 37.38632268
117300 0.53398817 0.59740084 34.30317306
117400 0.54386298 0.57242746 38.08401325
117500 0.53842617 0.57689267 37.94149228
117600 0.56657193 0.62081238 24.95562633
117700 0.53155126 0.59232841 35.75123301
117800 0.52930611 0.59734134 35.10346679
117900 0.52231646 0.59501801 36.79452726
118000 0.48598992 0.58460277 46.09814035
118100 0.48397160 0.58825763 45.75155118
118200 0.48614298 0.59830561 43.20772467
118300 0.54075899 0.62588266 27.83727371
118400 0.49475784 0.55888976 50.12924717
118500 0.53812466 0.58514482 36.18318641
118600 0.54162339 0.59965341 32.61095289
118700 0.50099926 0.57536127 45.03192740
118800 0.52984894 0.64803666 26.02211989
118900 0.50873471 0.60219501 37.85461253
119000 0.53445181 0.59808107 34.08872740
119100 0.55953947 0.59453337 30.97284801
119200 0.51282258 0.60680955 36.17896732
119300 0.52478737 0.55096131 46.35986729
119400 0.50130280 0.59661105 40.42382065
119500 0.58184584 0.57656145 31.94259643
119600 0.52027727 0.60226943 35.69881988
119700 0.51299931 0.57918010 41.86534173
119800 0.50231155 0.59108921 41.36221996
119900 0.53071094 0.58599994 37.22740627
120000 0.51044800 0.62038213 34.09626967
120100 0.51838279 0.60080782 36.33116715
120200 0.52776625 0.56308682 42.89615928
120300 0.55300446 0.59751359 31.30421749
120400 0.49229381 0.63093122 35.86305755
120500 0.51089889 0.59529695 38.83128406
120600 0.55451678 0.55397995 40.84561635
120700 0.50934181 0.60317673 37.54497209
120800 0.57762339 0.60670370 26.16974695
120900 0.51076703 0.60822045 36.29425598
121000 0.51636484 0.57863272 41.36267063
121100 0.49251458 0.57250460 47.40217754
121200 0.56859719 0.61323888 26.07320696
121300 0.44968312 0.63049801 45.69473330
121400 0.54753166 0.62550385 26.84775126
121500 0.51459461 0.57051688 43.51882984
121600 0.54926181 0.62626786 26.45242880
121700 0.53031222 0.57559695 39.57533723
121800 0.50692876 0.60685060 37.29159665
121900 0.51067308 0.60719031 36.51013033
122000 0.54763087 0.60452290 30.71382420
122100 0.49587976 0.60725221 39.40839056
122200 0.47280502 0.58577596 48.75474748
122300 0.57237795 0.58623608 30.99120118
122400 0.54284265 0.58057325 36.42326572
122500 0.50652386 0.61273649 36.25031879
122600 0.49311051 0.60933090 39.57898360
122700 0.51020185 0.61031064 36.00269546
122800 0.53064471 0.57561582 39.51473771
122900 0.55549046 0.59499334 31.45536754
123000 0.51389380 0.59533055 38.26255017
123100 0.49902134 0.59912207 40.37218332
123200 0.52441717 0.57648274 40.39464768
123300 0.56881053 0.58281466 32.19007400
123400 0.55104676 0.58903358 33.34695014
123500 0.55732802 0.66396976 19.42975934
123600 0.51208252 0.58775392 40.18068821
123700 0.53227877 0.59494043 35.08991757
123800 0.51670488 0.59355083 38.10918041
123900 0.43821228 0.61061928 52.19893532
124000 0.55041086 0.62121796 27.16996504
124100 0.55536163 0.55478539 40.52523007
124200 0.48997976 0.56767137 49.04254641
124300 0.54549286 0.59517301 32.91327697
124400 0.50700176 0.54610412 50.85572017
124500 0.57853124 0.62216200 23.19050625
124600 0.52968240 0.58117948 38.44525269
124700 0.49554962 0.58761259 43.45418425
124800 0.51684379 0.59851454 37.07129376
124900 0.53590382 0.54890953 44.98698948
125000 0.49378319 0.62096773 37.28896187
125100 0.52634783 0.60487827 34.11378225
125200 0.51896221 0.56931351 42.99547061
125300 0.54103624 0.61190729 30.32417129
125400 0.54578354 0.64260999 24.27716495
125500 0.51163201 0.55231577 48.41498732
125600 0.53097706 0.56696135 41.43788412
125700 0.47066983 0.60625409 45.06490128
125800 0.49583998 0.59616449 41.61511360
125900 0.52651057 0.59278108 36.51913197
126000 0.50094204 0.58272863 43.41546002
126100 0.54447787 0.56873134 38.83616401
126200 0.54837859 0.56370613 39.41192174
126300 0.55566057 0.58362342 33.82634745
126400 0.52487209 0.60130838 35.07407313
126500 0.56246628 0.60727780 28.02868513
126600 0.52702640 0.62555324 30.17576882
126700 0.51587983 0.62838566 31.67585881
126800 0.47758571 0.59231340 46.30092033
126900 0.48343549 0.57117676 49.63012904
127000 0.52995262 0.59839818 34.77970350
127100 0.48430891 0.57873132 47.74123688
127200 0.52223324 0.57983058 40.03779689
127300 0.54280348 0.64937454 23.69938706
127400 0.49491125 0.60120424 40.79057598
127500 0.51909316 0.62723184 31.28806205
127600 0.47669076 0.62041235 41.05936895
127700 0.52038619 0.60378544 35.38063790
127800 0.52863498 0.57157552 40.77185675
127900 0.52111594 0.57478782 41.36001765
128000 0.53443843 0.58372785 37.09213945
128100 0.52493417 0.59733383 35.86081018
128200 0.47605556 0.58083037 49.09322064
128300 0.55135825 0.62543907 26.28294377
128400 0.50062500 0.63152632 34.06688599
128500 0.57030891 0.58539047 31.43851579
128600 0.54826163 0.59169865 33.20699300
128700 0.52327146 0.60549771 34.53205869
128800 0.51090447 0.57770217 42.58672261
128900 0.54166934 0.61755987 29.17649989
129000 0.51348034 0.56735271 44.45717382
129100 0.50319526 0.60703579 37.98364591
129200 0.54702464 0.62141514 27.64700559
129300 0.51309598 0.56654447 44.71729993
129400 0.52247780 0.60111457 35.53477381
129500 0.47064328 0.60154530 45.99438712
129600 0.53992256 0.63324985 26.71519978
129700 0.52052429 0.54835453 47.76848827
129800 0.57986623 0.62091305 23.25212938
129900 0.51182093 0.56056151 46.37107606
130000 0.56550676 0.54281337 42.11669776
130100 0.52694253 0.57204000 40.95732490
130200 0.53000720 0.58921957 36.66296983
130300 0.49797121 0.61886430 36.81288715
130400 0.55947349 0.63908861 22.82008793
130500 0.55346776 0.61061864 28.66849778
130600 0.48505641 0.62247344 38.85821210
130700 0.54118870 0.62335162 28.21283951
130800 0.50502737 0.57221118 44.95103542
130900 0.53462879 0.60761892 32.17905709
131000 0.54912589 0.60442247 30.50678357
131100 0.52777578 0.60563167 33.72011369
131200 0.52572945 0.56370578 43.10259002
131300 0.55517778 0.60303780 29.88379248
131400 0.50712679 0.56595777 45.98791904
131500 0.52803629 0.54928860 46.21386272
131600 0.51083190 0.62171294 33.78542225
131700 0.53225307 0.55629835 43.76476521
131800 0.50686820 0.62788531 33.46167766
131900 0.53263471 0.60227256 33.55364164
132000 0.53862567 0.59829317 33.36365885
132100 0.57316868 0.59986828 28.06944369
132200 0.56082816 0.62342133 25.27441493
132300 0.53953632 0.60105322 32.66420699
132400 0.52042041 0.64401398 28.29023329
132500 0.51330850 0.55754662 46.81867922
132600 0.52073915 0.59490325 37.09956347
132700 0.53378263 0.56363606 41.74806286
132800 0.55112495 0.61874946 27.50777036
132900 0.51872892 0.61434759 33.66301163
133000 0.55264606 0.58059736 34.92534996
133100 0.43470193 0.62200429 51.03276923
133200 0.57760681 0.56043487 36.18577159
133300 0.53675348 0.62361194 28.88108681
133400 0.52001474 0.61282735 33.71414667
133500 0.51788749 0.57492130 41.91269240
133600 0.48531355 0.62549283 38.27151085
133700 0.49121270 0.57850509 46.32606682
133800 0.52596440 0.61654908 31.97131372
133900 0.49681342 0.55569979 50.48368974
134000 0.46470322 0.61315145 45.13847715
134100 0.51068961 0.59403623 39.12975069
134200 0.50307768 0.64986292 30.65977148
134300 0.57254415 0.61570270 25.10524424
134400 0.50019761 0.62949981 34.49565563
134500 0.50315577 0.55316317 49.83803562
134600 0.48092668 0.60675928 42.66754915
134700 0.53112861 0.59702127 34.85895629
134800 0.49427157 0.62362241 36.71661998
134900 0.50348146 0.62376208 34.83966924
135000 0.47917405 0.60962827 42.50274794
135100 0.48927488 0.57776615 46.89648010
135200 0.53231726 0.60733925 32.61783194
135300 0.50628117 0.59347052 40.09070490
135400 0.48906863 0.58308095 45.77295830
135500 0.47755259 0.65126096 35.80307552
135600 0.50730466 0.62376599 34.09496003
135700 0.56083644 0.58738685 32.28542481
135800 0.47298697 0.59160223 47.48227398
135900 0.49978806 0.58598330 42.94398510
136000 0.50818721 0.63680657 31.71212103
136100 0.43351887 0.61327018 52.94010787
136200 0.48440891 0.61625490 40.12089078
136300 0.48763806 0.61495105 39.67035472
136400 0.51377326 0.56417479 45.14696623
136500 0.51001316 0.59031465 40.03147210
136600 0.52665715 0.59723126 35.58145240
136700 0.46708632 0.59924468 47.27574028
136800 0.56896621 0.58637573 31.40259102
136900 0.52392705 0.61533915 32.55065728
137000 0.54443532 0.56406548 39.93273415
137100 0.53604798 0.59395370 34.66767148
137200 0.54118255 0.58399924 35.93965545
137300 0.50732086 0.59095043 40.41348746
137400 0.48223967 0.60294673 43.12477605
137500 0.47347011 0.58400879 48.98399677
137600 0.51431026 0.59115200 39.04908289
137700 0.55741274 0.62543692 25.40169765
137800 0.52490398 0.60160614 35.00936921
137900 0.54600420 0.64308853 24.16795824
138000 0.51671183 0.59292302 38.23771298
138100 0.54935602 0.59996218 31.35436928
138200 0.47942357 0.59857233 44.61353301
138300 0.56330339 0.55020797 40.54100976
138400 0.53948434 0.63035330 27.27263930
138500 0.49577205 0.59762808 41.33172546
138600 0.55964128 0.56385102 37.73345560
138700 0.51670440 0.59455605 37.90224692
138800 0.50509953 0.60188696 38.61748523
138900 0.47443261 0.58129441 49.35639208
139000 0.54578178 0.59675364 32.54617201
139100 0.53682520 0.54986862 44.59586071
139200 0.60959293 0.60407231 23.28054803
139300 0.50550328 0.58840656 41.30037992
139400 0.54658291 0.58885495 34.05951924
139500 0.51236375 0.60895585 35.85261421
139600 0.50883813 0.61904108 34.64449553
139700 0.51925730 0.61802594 32.89124121
139800 0.53706219 0.54236849 46.46136291
139900 0.49129427 0.61495547 38.89977890
140000 0.47959466 0.58701646 46.97025091
140100 0.52204194 0.59925587 35.98363973
140200 0.52195775 0.60508906 34.84465769
140300 0.51808573 0.59865605 36.81609404
140400 0.50173923 0.56973753 46.16406896
140500 0.52978879 0.59770050 34.94847107
140600 0.52486794 0.60518165 34.31271546
140700 0.50638334 0.61078751 36.64438955
140800 0.48067241 0.61452269 41.25321065
140900 0.51888948 0.62660171 31.43399401
141000 0.51269195 0.60253960 37.03745874
141100 0.46180331 0.56163269 56.77831949
141200 0.51395198 0.59945383 37.41631553
141300 0.51797619 0.62963098 31.07913591
141400 0.51633567 0.62390777 32.37052978
141500 0.49519282 0.59180826 42.64489035
141600 0.48010117 0.58223746 47.88801099
141700 0.51172315 0.59928137 37.86807059
141800 0.53214814 0.61842342 30.57214909
141900 0.54198913 0.62831011 27.22242701
142000 0.52735512 0.57434424 40.36338824
142100 0.46373208 0.60532065 46.86129086
142200 0.48900565 0.54552931 54.63697475
142300 0.50320085 0.55679369 48.93960857
142400 0.52877447 0.57589740 39.77007932
142500 0.52294188 0.54116753 49.17191364
142600 0.49595685 0.57516966 46.09114544
142700 0.51172482 0.58606405 40.60806724
142800 0.54809035 0.59859623 31.82001086
142900 0.55677823 0.59889525 30.47779738
143000 0.50399092 0.61728885 35.90146030
143100 0.48315730 0.63269494 37.50586830
143200 0.54940165 0.57581094 36.47029971
143300 0.51730784 0.63016039 31.11095997
143400 0.54267746 0.58145878 36.25532491
143500 0.57076756 0.55729224 37.80404119
143600 0.52951969 0.61539192 31.57183931
143700 0.54133643 0.62771692 27.42779360
143800 0.50490428 0.60720335 37.61644343
143900 0.50785096 0.53678884 53.10068480
144000 0.53135605 0.59051841 36.16165821
144100 0.54510313 0.55869374 41.11087749
144200 0.50042321 0.59012141 41.93995999
144300 0.51403161 0.60222913 36.84877852
144400 0.48320952 0.63062454 37.84307895
144500 0.53618867 0.59040803 35.38147262
144600 0.52899334 0.56605103 41.98770005
144700 0.49470753 0.62330418 36.68320619
144800 0.52520685 0.58776500 37.79817058
144900 0.54735997 0.55003825 42.88992776
145000 0.51577461 0.58998442 39.02276886
145100 0.51110861 0.59748849 38.34543596
145200 0.53216218 0.58018111 38.24493793
145300 0.50768264 0.64202638 30.97081532
145400 0.50379742 0.56416518 47.05675858
145500 0.53214254 0.58490469 37.22105971
145600 0.47168031 0.66016935 35.84124620
145700 0.57969809 0.60736666 25.79007619
145800 0.53987092 0.57650167 37.79641248
145900 0.48105070 0.58058801 48.04020954
146000 0.50024829 0.63678200 33.27043139
146100 0.53452385 0.57932846 38.03914193
146200 0.54761606 0.67364782 19.59286919
146300 0.53530283 0.58881373 35.86240045
146400 0.52036472 0.59329258 37.49839564
146500 0.48544888 0.61131633 40.81685522
146600 0.50715916 0.62019221 34.75921629
146700 0.43519886 0.59871618 55.31741195
146800 0.51540078 0.55991218 45.85951479
146900 0.54974186 0.59921938 31.44518405
147000 0.52082679 0.56284130 44.17364469
147100 0.52079522 0.58840235 38.44395930
147200 0.47758687 0.57966403 49.00776899
147300 0.52169595 0.63727851 29.13530822
147400 0.45213884 0.57919344 55.09534592
147500 0.57440327 0.59976236 27.93482586
147600 0.55166270 0.63450765 24.69583682
147700 0.49093418 0.58376046 45.23402807
147800 0.56487165 0.60308119 28.51834392
147900 0.53721487 0.58210445 36.98873580
148000 0.60427114 0.62916113 19.17496762
148100 0.53204688 0.58476588 37.26698846
148200 0.52271291 0.60821247 34.10658548
148300 0.47836270 0.59022276 46.56479097
148400 0.58381616 0.58509944 29.84046719
148500 0.55037578 0.58603458 34.08430401
148600 0.54228683 0.56945885 39.01133155
148700 0.53969093 0.56955803 39.40125038
148800 0.57463550 0.61517084 24.93903869
148900 0.51342719 0.58414675 40.70102068
149000 0.53928701 0.54033422 46.62749127
149100 0.52861564 0.58071706 38.72880358
149200 0.51301307 0.61453360 34.68094756
149300 0.56361542 0.61578932 26.26716340
149400 0.53393779 0.54298600 46.81642810
149500 0.54198726 0.60837428 30.84422212
149600 0.52793821 0.57981053 39.04433119
149700 0.51065558 0.58686587 40.63873262
149800 0.52251664 0.55531128 45.68645593
149900 0.49590676 0.60105947 40.61569372
150000 0.51078287 0.58958932 40.03788862
150100 0.49906423 0.62307556 35.83872088
150200 0.54636071 0.60030409 31.74174415
150300 0.50149317 0.60001845 39.69879184
150400 0.51452994 0.57842583 41.74712786
150500 0.55132106 0.59640804 31.77755657
150600 0.48103871 0.55905087 53.00026574
150700 0.47080949 0.57431890 51.73012557
150800 0.46611159 0.57163697 53.42672963
150900 0.54980079 0.60719529 29.86673045
151000 0.55722922 0.60739034 28.74098932
151100 0.54618989 0.61861536 28.27896996
151200 0.53618199 0.63449696 27.11379892
151300 0.51535429 0.63539088 30.59509974
151400 0.58129443 0.57256513 32.90881542
151500 0.51437131 0.58263784 40.85215921
151600 0.53523397 0.59210455 35.18418195
151700 0.51782389 0.57767475 41.30832725
151800 0.51808674 0.61574697 33.52080739
151900 0.53490651 0.61699854 30.37269770
152000 0.48428428 0.59673769 43.92441800
152100 0.52666529 0.57871649 39.50565854
152200 0.55811452 0.60609393 28.86552669
152300 0.50399556 0.61517958 36.28816393
152400 0.53391191 0.65069065 24.93926811
152500 0.51590315 0.61204892 34.60862943
152600 0.51694453 0.60918725 34.95940543
152700 0.56484083 0.59659431 29.82093830
152800 0.58556085 0.63583621 20.02303543
152900 0.50319624 0.59509176 40.35955244
153000 0.55159032 0.61873079 27.44197895
153100 0.49915122 0.64671142 31.91881128
153200 0.54431656 0.56151211 40.55690377
153300 0.55927247 0.57048853 36.23987730
153400 0.54608585 0.60097436 31.65038571
153500 0.50761368 0.61603419 35.42795831
153600 0.47081897 0.61478738 43.41382942
153700 0.50944757 0.58229065 41.85379569
153800 0.51639565 0.57270492 42.68680641
153900 0.52067800 0.57576893 41.21797662
154000 0.50103174 0.59167894 41.49301537
154100 0.54821255 0.61952050 27.80613979
154200 0.54052796 0.59525371 33.67618810
154300 0.50049569 0.61587038 36.85284242
154400 0.54502660 0.62872421 26.67607686
154500 0.56468780 0.57766113 33.87198162
154600 0.54162318 0.57260409 38.39605989
154700 0.49088714 0.62382534 37.38284778
154800 0.51496379 0.52590416 54.68346423
154900 0.50384843 0.64396191 31.41166157
155000 0.55326388 0.61452395 27.96642695
155100 0.53182946 0.55458860 44.25404360
155200 0.51893589 0.60616475 35.17815898
155300 0.54813523 0.58490826 34.66368170
155400 0.49543580 0.56918119 47.56191921
155500 0.51692832 0.59208966 38.37097379
155600 0.52858826 0.62531519 29.94838465
155700 0.47292900 0.58695455 48.47480069
155800 0.53289375 0.56102382 42.51705663
155900 0.57133739 0.57477602 33.63995508
156000 0.47365301 0.53713693 60.16497761
156100 0.55686198 0.58539003 33.27296703
156200 0.52270365 0.57118434 41.89530102
156300 0.54461924 0.62165832 27.97446743
156400 0.51366526 0.56704963 44.49325530
156500 0.49186302 0.59283315 43.11955272
156600 0.53347237 0.63388744 27.66241731
156700 0.57980875 0.57597780 32.31594192
156800 0.50764387 0.59431465 39.65367240
156900 0.57518338 0.63331261 21.68193809
157000 0.49228039 0.56709773 48.69545031
157100 0.52140284 0.54009395 49.72405012
157200 0.51260602 0.62499412 32.87178192
157300 0.53946416 0.55328684 43.31957018
157400 0.58522839 0.54756165 38.44882168
157500 0.54288792 0.62886866 26.98506963
157600 0.54813688 0.62018536 27.69785594
157700 0.48701947 0.57302533 48.43910333
157800 0.52705080 0.56466247 42.64758886
157900 0.53103963 0.59037971 36.24413724
158000 0.54032828 0.60318980 32.11465702
158100 0.51857426 0.62068837 32.53398014
158200 0.49441685 0.63282713 35.10560145
158300 0.52823606 0.58498000 37.86822753
158400 0.56322666 0.62810220 24.12789943
158500 0.52656120 0.61683083 31.81598036
158600 0.54820363 0.56013005 40.28986514
158700 0.53453908 0.55846014 42.85941046
158800 0.54112645 0.58449851 35.84084870
158900 0.50416126 0.56241023 47.40085514
159000 0.59031152 0.53618148 40.81588819
159100 0.49609309 0.59813030 41.16470269
159200 0.47911219 0.58761080 46.95029916
159300 0.49675996 0.62619337 35.75762907
159400 0.49539237 0.60695918 39.56452023
159500 0.56752421 0.58733769 31.38754607
159600 0.51229492 0.57060546 43.92752654
159700 0.53032300 0.58833030 36.79717303
159800 0.52085728 0.58395586 39.38359090
159900 0.50571818 0.57507219 44.16897373
160000 0.48567757 0.60707160 41.57773622
160100 0.54165022 0.55479006 42.60128456
160200 0.50865758 0.56108296 46.84663738
160300 0.51351367 0.58527762 40.44142701
160400 0.53263315 0.58007907 38.18844053
160500 0.54555535 0.63624816 25.33390614
160600 0.51546961 0.58877931 39.33282306
160700 0.54334852 0.61423338 29.52446051
160800 0.49484221 0.60727247 39.61681134
160900 0.48661601 0.56483468 50.41772699
161000 0.52326806 0.64164004 28.15602754
161100 0.54354720 0.57445571 37.67385351
161200 0.51230217 0.64682062 29.34719918
161300 0.47393444 0.61152647 43.31395551
161400 0.55441027 0.61887563 27.00120334
161500 0.54201186 0.59890994 32.69873211
161600 0.52766540 0.58683678 37.56888717
161700 0.49980951 0.59993745 40.05062849
161800 0.50838931 0.61629843 35.23046301
161900 0.61055193 0.61809396 20.54538285
162000 0.52588074 0.61418174 32.42297176
162100 0.50771385 0.60144896 38.19823888
162200 0.48635009 0.57226037 48.75581138
162300 0.51151421 0.57936091 42.10425076
162400 0.49913611 0.59682229 40.81374284
162500 0.53235075 0.54040908 47.74685731
162600 0.52122900 0.59729715 36.52375814
162700 0.54959461 0.60776722 29.78761269
162800 0.50696316 0.57815674 43.23882722
162900 0.52196359 0.60092422 35.66406447
163000 0.49899501 0.55272987 50.77276213
163100 0.54232395 0.59418205 33.61138168
163200 0.49023133 0.60496571 41.02063408
163300 0.49992457 0.55948950 48.93773797
163400 0.54095829 0.60906943 30.87437341
163500 0.57544096 0.58122176 31.68943717
163600 0.55772010 0.61436569 27.35183377
163700 0.53737088 0.56331535 41.23392870
163800 0.52189495 0.59668015 36.53018559
163900 0.43334950 0.59248073 57.08336869
164000 0.50977344 0.55394573 48.36442306
164100 0.54537474 0.58891224 34.23350586
164200 0.50770154 0.58974795 40.59231099
164300 0.53953809 0.58985745 34.95395751
164400 0.50565647 0.57434851 44.34400278
164500 0.46863394 0.59462188 47.85521232
164600 0.44474740 0.60957834 50.70714815
164700 0.50450421 0.60960598 37.23424259
164800 0.49976196 0.57223456 45.98618320
164900 0.49057609 0.56199631 50.25206576
165000 0.49268763 0.57307905 47.23576920
165100 0.51713684 0.62752090 31.59398809
165200 0.51901974 0.60251922 35.87625625
165300 0.49380027 0.59287896 42.70872620
165400 0.49531507 0.57374449 46.54373713
165500 0.52728049 0.60602186 33.72977396
165600 0.52093217 0.57646819 41.01587897
165700 0.57435009 0.57110687 34.08998362
165800 0.54985708 0.60572882 30.14209442
165900 0.50690711 0.63182636 32.78361872
166000 0.49139089 0.60043635 41.67170561
166100 0.49994845 0.58582823 42.94508574
166200 0.53046183 0.57080171 40.63752263
166300 0.49555022 0.64738188 32.54600304
166400 0.50100060 0.55907700 48.82232797
166500 0.52275815 0.58795918 38.18799191
166600 0.54352728 0.56696848 39.39370024
166700 0.50841216 0.58858375 40.70136523
166800 0.52792600 0.57450181 40.22944764
166900 0.47734099 0.57553154 49.98156220
167000 0.53921999 0.60920874 31.12575838
167100 0.52207981 0.59471214 36.89935013
167200 0.50970582 0.62058752 34.20035689
167300 0.53690087 0.60129319 33.04286171
167400 0.52227533 0.64048409 28.51569052
167500 0.50412451 0.58772739 41.71343469
167600 0.51481299 0.58531921 40.19103645
167700 0.53704491 0.57757728 38.01311375
167800 0.52375006 0.65190513 26.49806563
167900 0.50096861 0.59517252 40.78389406
168000 0.55288191 0.54920979 42.26973240
168100 0.52501865 0.63477352 28.95913186
168200 0.52473080 0.63455361 29.04589928
168300 0.52199950 0.61646780 32.68412404
168400 0.55348612 0.56846192 37.53810007
168500 0.54972776 0.59221519 32.87813689
168600 0.56781381 0.60143328 28.45096439
168700 0.50485663 0.61268625 36.58368801
168800 0.55806047 0.60875341 28.36104317
168900 0.51000819 0.59811283 38.42765899
169000 0.51392675 0.58651088 40.10042880
169100 0.53558388 0.61012644 31.54231505
169200 0.53605535 0.64101489 26.07705719
169300 0.53493493 0.61874804 30.04937494
169400 0.49394673 0.60284027 40.66495413
169500 0.53314641 0.59651642 34.62284392
169600 0.51528331 0.63646304 30.43229498
169700 0.54082467 0.56059576 41.32558916
169800 0.54109114 0.64530094 24.59191251
169900 0.52191288 0.57629994 40.87836793
170000 0.57525483 0.64830407 19.28650647
170100 0.51505681 0.62123224 33.08094702
170200 0.50442057 0.60705249 37.74002826
170300 0.49947713 0.60349236 39.41233699
170400 0.49429382 0.54659013 53.26579604
170500 0.51080906 0.63333531 31.78516588
170600 0.55160819 0.59528272 31.96464702
170700 0.56516414 0.59377895 30.35391426
170800 0.52277014 0.58213915 39.43688590
170900 0.56600134 0.59743268 29.49457884
171000 0.54306776 0.55642915 41.97724356
171100 0.48013197 0.61872743 40.60084740
171200 0.48225855 0.59388136 44.94811833
171300 0.55189585 0.62840297 25.69019136
171400 0.50801911 0.56481431 46.08448610
171500 0.51339847 0.56243644 45.62828968
171600 0.54922668 0.62387106 26.87699852
171700 0.56441272 0.56289597 37.30111554
171800 0.53214568 0.55802976 43.36233460
171900 0.48197365 0.64840163 35.25877887
172000 0.56823769 0.60934939 26.85448143
172100 0.49226625 0.61787626 38.16118355
172200 0.47156977 0.59803170 46.48578186
172300 0.52154434 0.59388316 37.16528708
172400 0.49289975 0.55641805 51.11133971
172500 0.54170573 0.53616699 47.33246713
172600 0.52586552 0.62148231 31.09569221
172700 0.57873419 0.62822792 22.10552318
172800 0.56997112 0.59603984 29.25362954
172900 0.51871586 0.65765535 26.56296862
173000 0.51978419 0.66865054 24.86520974
173100 0.52520595 0.61422498 32.53265912
173200 0.50588297 0.62058494 34.93559230
173300 0.51812435 0.58164874 40.37801219
173400 0.55970512 0.58058806 33.91212719
173500 0.55803294 0.57079537 36.34470341
173600 0.52957123 0.56220759 42.79559854
173700 0.56322895 0.53338625 44.89460572
173800 0.50572619 0.58041820 42.97923927
173900 0.53961284 0.56091246 41.44344637
174000 0.51131850 0.55861838 46.93289678
174100 0.53178181 0.62321177 29.77571871
174200 0.53268277 0.57638274 38.99986729
174300 0.53870862 0.61308451 30.47615416
174400 0.49508146 0.53633204 55.75619960
174500 0.49797432 0.59142620 42.15870267
174600 0.54002344 0.54722446 44.74398612
174700 0.47035564 0.63381267 40.17738087
174800 0.49916067 0.58442959 43.40351771
174900 0.50017802 0.58550920 42.96756353
175000 0.51800823 0.64669271 28.31206393
175100 0.54310799 0.56833665 39.14150673
175200 0.54264379 0.57921895 36.75262458
175300 0.50989803 0.57487997 43.40889400
175400 0.49742410 0.53964520 54.41080842
175500 0.52091737 0.66220624 25.52885471
175600 0.52665400 0.58912138 37.25931389
175700 0.51226565 0.59195252 39.26397001
175800 0.52578285 0.59882739 35.41101782
175900 0.48059634 0.61790803 40.64772503
176000 0.53233034 0.62745793 28.94193971
176100 0.48233640 0.57172905 49.74253526
176200 0.54591925 0.61395883 29.17609789
176300 0.55514584 0.58219732 34.21036834
176400 0.54111656 0.55824570 41.84454523
176500 0.57226149 0.59219540 29.74993884
176600 0.54369139 0.56951517 38.77781864
176700 0.52525962 0.57776439 39.96143368
176800 0.51367388 0.56847468 44.16069923
176900 0.50178047 0.60441052 38.77311272
177000 0.54558625 0.55405219 42.16696548
177100 0.51218260 0.60602083 36.45164646
177200 0.50119260 0.56535585 47.29112888
177300 0.52432530 0.58152608 39.29622716
177400 0.56099185 0.62329468 25.27401699
177500 0.52148156 0.61388402 33.25399582
177600 0.52273176 0.58447375 38.93779816
177700 0.48960055 0.60466758 41.21134280
177800 0.49785760 0.63085115 34.73644257
177900 0.58320631 0.53532447 41.84695088
178000 0.56053964 0.58406810 33.03788913
178100 0.57377439 0.63762742 21.14888015
178200 0.49254702 0.58510698 44.60787513
178300 0.50229400 0.64096332 32.19016562
178400 0.52773615 0.59346825 36.16510003
178500 0.49692713 0.57287328 46.41256904
178600 0.50075490 0.56765660 46.84103410
178700 0.54052898 0.60738838 31.26512136
178800 0.51231204 0.55895837 46.66391809
178900 0.55451688 0.56200479 38.90352917
179000 0.46513919 0.58382586 50.94543009
179100 0.51817290 0.57704831 41.38427473
179200 0.50482829 0.61369817 36.40018538
179300 0.50828626 0.55668904 47.97719012
179400 0.51573998 0.55870375 46.08781751
179500 0.51575382 0.58967038 39.09260330
179600 0.55078678 0.64676837 22.87225844
179700 0.50032934 0.59518585 40.90860392
179800 0.51973299 0.56829901 43.09077294
179900 0.52288915 0.63608221 29.11864800
180000 0.58607369 0.58389388 29.84052932
180100 0.49912871 0.62819841 34.93253173
180200 0.55030286 0.59749984 31.70777427
180300 0.47399510 0.59264365 47.03743550
180400 0.52107810 0.58276023 39.60308235
180500 0.52835958 0.58130001 38.64506027
180600 0.50337676 0.61841899 35.81618075
180700 0.54051984 0.61767678 29.33783996
180800 0.53431223 0.59338277 35.07155808
180900 0.45979617 0.60473650 47.91285697
181000 0.56420981 0.60655926 27.92914818
181100 0.53136954 0.55630420 43.91193679
181200 0.48740193 0.59176414 44.28005556
181300 0.54729747 0.60203148 31.25479858
181400 0.51825756 0.61824149 33.03323547
181500 0.45112203 0.60837381 49.33041923
181600 0.53057204 0.54815072 46.06694483
181700 0.52851008 0.65774630 24.82245300
181800 0.52367944 0.60600205 34.36207177
181900 0.54567623 0.57617902 36.95582873
182000 0.49799290 0.59074996 42.29622533
182100 0.48909985 0.60905437 40.46955246
182200 0.55324795 0.57155754 36.86106062
182300 0.54266864 0.63207162 26.47654795
182400 0.52435043 0.57009577 41.85436404
182500 0.53076867 0.64537995 26.27330148
182600 0.53567768 0.57263703 39.34787228
182700 0.51352882 0.61597605 34.31815747
182800 0.53049672 0.61878052 30.78593114
182900 0.50131869 0.61098231 37.60097488
183000 0.54019177 0.59990355 32.78862906
183100 0.53254467 0.58763611 36.56985643
183200 0.51472732 0.54702022 49.16236923
183300 0.54319506 0.56846373 39.09841611
183400 0.52483636 0.54871627 46.91290728
183500 0.50809463 0.67477992 26.25386980
183600 0.58820969 0.58301659 29.78943660
183700 0.53389560 0.56874528 40.53470913
183800 0.51903183 0.58080467 40.39803506
183900 0.52499828 0.58029796 39.44729341
184000 0.56099244 0.59292395 31.10179562
184100 0.52288995 0.61527288 32.74603925
184200 0.50899733 0.65766173 28.37110218
184300 0.57680208 0.58508707 30.68264649
184400 0.51296784 0.56869738 44.24096526
184500 0.55548940 0.62447923 25.84542598
184600 0.54660093 0.59048274 33.71437867
184700 0.52757107 0.57687580 39.75807275
184800 0.55137237 0.56295133 39.14112108
184900 0.54395744 0.58411345 35.47814299
185000 0.52533707 0.64247481 27.66066324
185100 0.56100972 0.62608064 24.78312080
185200 0.53526591 0.61075423 31.47563993
185300 0.49325426 0.59150896 43.10615721
185400 0.51156098 0.62625221 32.84878005
185500 0.53025785 0.58835332 36.80335726
185600 0.52318982 0.56349394 43.59847706
185700 0.49878033 0.61346543 37.64225060
185800 0.46911613 0.58773672 49.18152932
185900 0.54356721 0.57963992 36.51489042
186000 0.55750983 0.62357240 25.71507364
186100 0.52480397 0.56866657 42.10440262
186200 0.44491622 0.61305156 50.00872731
186300 0.49249162 0.59441581 42.66229309
186400 0.50890848 0.59356710 39.56525582
186500 0.53650589 0.60230852 32.90612195
186600 0.50515114 0.58958601 41.12006131
186700 0.54155916 0.64593843 24.41923485
186800 0.52606764 0.58171677 38.95001707
186900 0.51632700 0.59926161 37.01583642
187000 0.50012355 0.59928399 40.11875427
187100 0.52932389 0.59020875 36.57135118
187200 0.49172558 0.66085556 31.36970541
187300 0.52526286 0.55728032 44.72295649
187400 0.54115392 0.55330451 43.04537202
187500 0.51935855 0.59679426 36.96195192
187600 0.52716568 0.57587665 40.05148973
187700 0.50809837 0.59853975 38.70623321
187800 0.55918459 0.59483598 30.96062613
187900 0.48687929 0.62882475 37.36070126
188000 0.51096063 0.59223126 39.45186758
188100 0.55344528 0.55380209 41.04584673
188200 0.50651023 0.56913393 45.36871503
188300 0.52294077 0.61628037 32.55143733
188400 0.59926864 0.57917936 29.45427986
188500 0.52445725 0.59287892 36.85719981
188600 0.54565852 0.59330813 33.27141107
188700 0.56154987 0.62488153 24.91745997
188800 0.52654558 0.58524309 38.10348258
188900 0.53151088 0.58234220 37.88175022
189000 0.48904206 0.62612773 37.36740793
189100 0.56569889 0.61089348 26.89903285
189200 0.53863525 0.63055813 27.37456482
189300 0.52675655 0.60777129 33.48258474
189400 0.53854897 0.63820426 26.12214891
189500 0.52906332 0.60607958 33.41223840
189600 0.47799391 0.60993686 42.70535071
189700 0.48841995 0.63865019 35.39993932
189800 0.53678168 0.59797626 33.72690688
189900 0.55255170 0.59133520 32.64099912
190000 0.52321558 0.59993209 35.63994946
190100 0.52081149 0.61332656 33.47774717
190200 0.52020773 0.56516732 43.73582387
190300 0.45995627 0.57745411 53.57383248
190400 0.54094714 0.60082757 32.48373352
190500 0.56565896 0.58642791 31.83027645
190600 0.53898668 0.61714164 29.68123469
190700 0.55865037 0.60554080 28.89704933
190800 0.52971501 0.58064790 38.55615982
190900 0.59051181 0.63529172 19.55824047
191000 0.49642012 0.54172343 54.07577806
191100 0.53367931 0.62409913 29.30184331
191200 0.55395560 0.60612687 29.45787761
191300 0.52877617 0.56068657 43.29425936
191400 0.50107891 0.60612701 38.57816832
191500 0.55472836 0.60376930 29.80516856
191600 0.50862482 0.55226516 48.99850507
191700 0.50977210 0.61948049 34.38697292
191800 0.48155412 0.57134834 50.00009231
191900 0.50756746 0.60114337 38.28712029
192000 0.47089096 0.61023855 44.25018003
192100 0.45547596 0.61230837 47.51007723
192200 0.52133111 0.61755710 32.60399361
192300 0.54059724 0.58227850 36.40594406
192400 0.51763342 0.57159821 42.71247477
192500 0.55551952 0.60659647 29.13976690
192600 0.55811187 0.63004021 24.50928540
192700 0.49298698 0.56943672 48.00690919
192800 0.59336127 0.60245999 25.19693807
192900 0.49399617 0.60845192 39.56412337
193000 0.55534686 0.59002061 32.50793700
193100 0.46288590 0.57494612 53.43617135
193200 0.50686131 0.56680838 45.84044125
193300 0.53732381 0.59115190 35.04053621
193400 0.46714913 0.54873069 58.67789802
193500 0.53823253 0.59861041 33.36324078
193600 0.55626401 0.61976628 26.57211422
193700 0.49719798 0.58155215 44.42406071
193800 0.50452626 0.63744519 32.31702435
193900 0.57911855 0.60482264 26.35326248
194000 0.52346010 0.63712913 28.84662716
194100 0.55039166 0.61125779 29.00313898
194200 0.50462405 0.60657913 37.79169640
194300 0.49397549 0.59237811 42.77647494
194400 0.50276746 0.57894478 43.88304212
194500 0.48946248 0.59956853 42.24941033
194600 0.53919970 0.59570473 33.79664654
194700 0.47891487 0.59083987 46.31329681
194800 0.54009689 0.61366072 30.14566716
194900 0.51498156 0.57890670 41.55703412
195000 0.50301498 0.58309504 42.92542921
195100 0.55208643 0.62948273 25.47728161
195200 0.52914669 0.59351067 35.91434998
195300 0.52816514 0.56993939 41.22755156
195400 0.51117196 0.58943732 39.99633549
195500 0.53764362 0.59088415 35.04451670
195600 0.54409281 0.57119221 38.33002842
195700 0.54357475 0.64502880 24.24246528
195800 0.54372698 0.61885151 28.61801499
195900 0.49301905 0.63769163 34.59256019
196000 0.51909931 0.65223365 27.27997748
196100 0.57353366 0.64887245 19.41663673
196200 0.53009945 0.55532349 44.36639598
196300 0.53645197 0.57864044 37.87400644
196400 0.52979567 0.62669844 29.50147183
196500 0.52671341 0.56937641 41.60773948
196600 0.49047556 0.60954252 40.08727059
196700 0.48108903 0.55775893 53.30137530
196800 0.52398460 0.58527225 38.54471320
196900 0.53426639 0.61236907 31.33649776
197000 0.49986027 0.63043880 34.40345598
197100 0.48029105 0.58471891 47.30898616
197200 0.51455216 0.59800745 37.59594463
197300 0.56325956 0.59951936 29.44521736
197400 0.55765690 0.61182283 27.83610210
197500 0.51106330 0.62758364 32.71223940
197600 0.55478571 0.57972197 34.80480067
197700 0.52277704 0.61827524 32.21593418
197800 0.51264215 0.64390416 29.73443768
197900 0.49559132 0.59776484 41.34098380
198000 0.52748038 0.54504258 47.38315319
198100 0.50897787 0.57426908 43.72195002
198200 0.54923177 0.60334425 30.70227135
198300 0.49995617 0.62112343 36.00717979
198400 0.48432732 0.59273467 44.73680986
198500 0.47137901 0.56644130 53.40861171
198600 0.54370233 0.62781185 27.03886053
198700 0.52740451 0.61673782 31.68711440
198800 0.51327646 0.55938427 46.38080458
198900 0.52615035 0.58647855 37.90755442
199000 0.55955103 0.62436743 25.28635610
199100 0.54584981 0.58032972 36.00865654
199200 0.48721159 0.61778680 39.24027849
199300 0.51529685 0.52961619 53.61132949
199400 0.50473217 0.61460552 36.25031872
199500 0.59310130 0.60283079 25.15151417
199600 0.46998895 0.55743249 55.87203940
199700 0.50563761 0.55338339 49.29824659
199800 0.49379264 0.57471645 46.63707536
199900 0.52232490 0.58195706 39.55558286
