0 -1.94784406 0.95050489 0.03538243
100 -0.75044989 1.26001706 20.79732986
200 -0.73643249 1.48432152 23.66110957
300 -0.68698373 1.26647217 22.88244743
400 -0.57770569 1.28127497 26.74237130
500 -0.70820109 1.18915025 21.63525351
600 -0.60670624 1.18220958 24.99916223
700 -0.73860458 1.37272049 22.22956797
800 -0.88001870 1.55076666 20.34242516
900 -0.89116924 1.55581374 20.10915277
1000 -0.73080521 1.41695106 22.97922157
1100 -0.39562445 1.18665953 32.93577295
1200 -0.60687285 1.11216861 24.63056614
1300 -0.54461740 1.12773561 26.91728960
1400 -0.45188653 1.27590564 31.36859906
1500 -0.90840124 1.46967596 18.40180585
1600 -0.66064278 1.19466746 23.23416597
1700 -0.85768448 1.53067199 20.67222677
1800 -0.46488633 1.19406443 30.26403384
1900 -0.60258244 1.31629137 26.17963775
2000 -0.53174193 1.19456807 27.75733311
2100 -0.62122270 1.21839601 24.73163959
2200 -0.80980595 1.31673989 19.48118526
2300 -0.92165876 1.58468685 19.73051194
2400 -0.74664382 1.24471466 20.79690912
2500 -0.71821625 1.37360061 22.88723829
2600 -0.89563699 1.45862307 18.60734448
2700 -0.87357764 1.35081780 17.96998252
2800 -0.91219585 1.31076510 16.50980794
2900 -0.58723212 1.24740575 26.13014213
3000 -0.81271968 1.40407335 20.31248273
3100 -0.53465409 1.32480645 28.69143317
3200 -0.57659802 1.14662019 25.85956382
3300 -0.53995164 1.27723742 28.06837865
3400 -0.80746676 1.37178104 20.10712986
3500 -0.82745039 1.46821132 20.67349722
3600 -0.73029931 1.38294442 22.60424513
3700 -0.56280064 1.20164430 26.67499680
3800 -0.82056251 1.54332723 21.93845672
3900 -0.74990984 1.39868384 22.16395345
4000 -0.55347948 1.10575362 26.49869827
4100 -0.64181889 1.18589586 23.81400892
4200 -0.60654790 1.30024710 25.89358425
4300 -0.48511299 1.21876373 29.65739833
4400 -0.34670329 1.10691355 34.51562689
4500 -0.90380696 1.52078677 19.23690562
4600 -0.52724438 1.13730662 27.59923771
4700 -0.43987695 1.29499414 32.00005969
4800 -0.82709084 1.32389208 19.03861292
4900 -0.83355541 1.59639800 22.39314156
5000 -0.78866333 1.35962221 20.54274170
5100 -0.79354437 1.31618789 19.96315659
5200 -0.58127007 1.44081663 28.29514887
5300 -0.50393575 1.12916215 28.42488189
5400 -0.58158623 1.17675922 25.84940699
5500 -0.37611919 1.18739741 33.72742934
5600 -0.49889413 1.14205962 28.67683650
5700 -0.55932374 1.06452429 26.13817991
5800 -0.58361184 1.45894904 28.44329401
5900 -0.63287016 1.27021713 24.72609175
6000 -0.54805456 1.13326571 26.81871498
6100 -0.56306706 1.35741104 27.98760315
6200 -0.79027432 1.49130589 22.09218007
6300 -0.91877281 1.52907911 18.95083044
6400 -0.80818494 1.54896610 22.39078569
6500 -0.58640977 1.03468111 25.09002310
6600 -0.79140774 1.50793982 22.29063617
6700 -0.83805250 1.48354885 20.56959184
6800 -0.72303222 1.50216508 24.33345342
6900 -0.66254073 1.41587496 25.19067844
7000 -0.58711841 1.09945052 25.27073574
7100 -0.71304354 1.38991871 23.23354732
7200 -0.88156685 1.44100925 18.77378741
7300 -0.58580597 1.21531966 25.94682085
7400 -0.58466911 1.26880719 26.39094633
7500 -0.42718578 1.19082854 31.70824427
7600 -0.86929571 1.43857848 19.08840872
7700 -0.71105415 1.54348753 25.31973260
7800 -0.60659151 1.08110906 24.51873747
7900 -1.01991647 1.27200904 13.38492166
8000 -0.77563035 1.54687547 23.34223575
8100 -0.54390456 1.13796647 26.99255830
8200 -0.83444395 1.46603626 20.44043816
8300 -0.91753632 1.45180244 17.92086702
8400 -0.67728986 1.13483789 22.34404906
8500 -0.57290861 1.23071445 26.51380893
8600 -0.84985638 1.52181809 20.76678306
8700 -0.62249914 1.22011824 24.69968540
8800 -0.52371667 1.05900415 27.41968066
8900 -0.79659288 1.45116749 21.36851116
9000 -0.70757239 1.34335642 22.91331929
9100 -0.70233440 1.55016720 25.70300036
9200 -0.56480716 1.20843700 26.64796136
9300 -0.76831094 1.39948822 21.60234211
9400 -0.86036172 1.43145915 19.25384393
9500 -0.68581181 1.44896575 24.82670926
9600 -0.94034263 1.48891848 17.80231545
9700 -0.40038890 1.18098195 32.71034970
9800 -0.64518836 1.14831871 23.48639079
9900 -0.77802971 1.37689416 21.05109880
10000 -0.72516052 1.39896762 22.94833704
10100 -0.47313758 1.17019768 29.80374788
10200 -0.61917998 1.38058359 26.25972270
10300 -0.84360041 1.41206042 19.50126307
10400 -0.56069428 1.15733711 26.48545461
10500 -0.85494764 1.46821159 19.87690487
10600 -0.78149534 1.54706317 23.16599105
10700 -0.94336747 1.48345610 17.64771045
10800 -0.82367572 1.50861170 21.33822591
10900 -0.85984494 1.53814711 20.72166920
11000 -0.56426245 1.30710244 27.45133157
11100 -0.55632290 1.15137369 26.61103021
11200 -0.68904432 1.09877256 21.79766909
11300 -0.81966621 1.55213626 22.09873324
11400 -0.57383436 1.13914434 25.92008611
11500 -0.57920736 1.11291012 25.60687032
11600 -0.73319078 1.49243623 23.87489253
11700 -0.76956872 1.61149237 24.56078912
11800 -0.58786381 1.19682669 25.75110706
11900 -0.92020353 1.43110409 17.58929540
12000 -0.91441828 1.45225145 18.01111537
12100 -0.83692655 1.46957994 20.41493468
12200 -0.47307294 1.18131466 29.87173771
12300 -0.54683700 1.14492810 26.92097795
12400 -0.80644738 1.44822441 21.03574891
12500 -0.93063471 1.41862429 17.15779171
12600 -0.80511022 1.22321361 18.84964430
12700 -0.50239228 1.18379965 28.77833955
12800 -0.65843963 1.35508457 24.65099277
12900 -0.89855741 1.49018001 18.94842271
13000 -0.47487253 1.27398845 30.46952623
13100 -0.83761738 1.52588689 21.17996002
13200 -0.63124424 1.12235617 23.83432644
13300 -0.61734201 1.30353146 25.54872799
13400 -0.89240303 1.65051489 21.64503086
13500 -1.03610365 1.48526601 15.33013998
13600 -0.82500214 1.44973720 20.50564969
13700 -0.65983382 1.47656571 26.04935169
13800 -0.37528171 1.21738580 33.95815495
13900 -0.47173072 1.16435886 29.82429876
14000 -0.79544871 1.43041518 21.14313562
14100 -0.45020579 1.11481664 30.40528682
14200 -0.83447670 1.49257633 20.79731460
14300 -0.81779491 1.47480481 21.04531335
14400 -0.65603075 1.24781875 23.76257173
14500 -0.80163449 1.19521456 18.76517947
14600 -0.70548869 1.49555675 24.80503532
14700 -0.95650718 1.65447203 19.99184418
14800 -0.48106251 1.21652995 29.79549900
14900 -0.57522485 1.10324011 25.70789434
15000 -0.86437894 1.54166699 20.64547967
15100 -0.46255125 1.09857021 29.86116456
15200 -0.57177146 1.15792781 26.09161624
15300 -0.77171495 1.46921647 22.35942789
15400 -0.51631958 1.32080161 29.32896834
15500 -0.83254466 1.50946781 21.09056938
15600 -0.93045840 1.42266459 17.21105431
15700 -0.50853832 1.15991658 28.41026556
15800 -0.84299600 1.51873559 20.91991418
15900 -0.46885027 1.26850930 30.65422305
16000 -0.54134733 1.06029676 26.77673644
16100 -0.55312858 1.22697232 27.19737516
16200 -0.80464752 1.54329042 22.41033587
16300 -0.43089322 1.13018217 31.22831678
16400 -0.80090312 1.70812626 25.34814100
16500 -0.94817104 1.43539719 16.89703175
16600 -0.41503238 1.11801871 31.79766261
16700 -0.60460228 1.08835262 24.61429139
16800 -0.55337959 1.21937480 27.13451127
16900 -0.85253096 1.44291964 19.62016716
17000 -0.70829341 1.20071750 21.70599423
17100 -0.40454254 1.08104567 32.06722971
17200 -0.42268379 1.21380621 32.03620321
17300 -0.62217801 1.18840476 24.50122957
17400 -0.51458748 1.25751396 28.84081828
17500 -0.62113399 1.18760754 24.53226196
17600 -0.89721204 1.43409514 18.25339127
17700 -0.64431630 1.35847062 25.16244963
17800 -0.82658306 1.36611151 19.48097916
17900 -0.46471728 1.08518138 29.72713338
18000 -0.95091341 1.40426180 16.45152112
18100 -0.89489050 1.43791016 18.36476906
18200 -0.63925088 1.24724439 24.32546605
18300 -0.81092269 1.48890786 21.44005867
18400 -0.76874780 1.44081092 22.08491964
18500 -0.61942087 1.34876457 25.91359013
18600 -0.51456964 1.00902092 27.64084057
18700 -0.39625756 1.17423664 32.83570774
18800 -0.57498916 1.17548811 26.07638187
18900 -0.57637219 1.13316804 25.80037523
19000 -0.65077886 1.41179963 25.53740742
19100 -0.53269036 1.30641957 28.59076116
19200 -0.54008072 1.07290168 26.86283937
19300 -0.89205401 1.53811817 19.81612081
19400 -0.84924413 1.59986471 21.99575627
19500 -0.84580764 1.57627636 21.71259502
19600 -0.93185845 1.63968653 20.38109519
19700 -0.56892394 1.32196890 27.42348653
19800 -0.84011549 1.46364552 20.24420886
19900 -0.89997649 1.41804322 17.98221306
20000 -0.59813063 1.19770271 25.39560530
20100 -0.92869682 1.51973522 18.54729287
20200 -0.73407327 1.25768280 21.29366062
20300 -0.69235384 1.23532467 22.46443922
20400 -0.79449379 1.24204078 19.30592317
20500 -0.52282969 1.19686731 28.10016187
20600 -0.82798309 1.58407818 22.35575432
20700 -0.53230024 1.13217329 27.38841441
20800 -0.54950327 1.19050685 27.08368072
20900 -0.91922516 1.45450116 17.90982113
21000 -0.44711506 1.12066189 30.55112940
21100 -0.88452345 1.59484334 20.91384652
21200 -0.89040822 1.43240644 18.42072530
21300 -0.62331893 1.12920070 24.13809597
21400 -0.90649793 1.33378246 16.88514244
21500 -0.48481666 1.09939957 29.01485963
21600 -0.86474826 1.47717515 19.71692082
21700 -0.81193664 1.45970689 21.01987241
21800 -0.87282395 1.45105490 19.14628701
21900 -0.44868993 1.12191945 30.49572005
22000 -0.73596031 1.30704149 21.65644731
22100 -0.65416930 1.16660308 23.28261544
22200 -0.71759378 1.43935066 23.67396000
22300 -0.86903738 1.35043209 18.09413676
22400 -0.97450953 1.65646696 19.56194496
22500 -0.48048797 1.15542162 29.44154107
22600 -0.72729330 1.54214861 24.77956631
22700 -0.99496233 1.47498812 16.20391267
22800 -0.80762119 1.53696166 22.22663068
22900 -0.57768736 1.14986081 25.83768502
23000 -0.79627260 1.58167529 23.25883543
23100 -0.49431446 1.23729444 29.44341159
23200 -0.69928913 1.37390278 23.50150490
23300 -0.69716182 1.36931555 23.52123948
23400 -0.87377228 1.38909768 18.37596996
23500 -0.41496807 1.14601408 31.93460009
23600 -0.61901082 1.29921201 25.45205482
23700 -0.54282547 1.09952050 26.86005489
23800 -0.73812131 1.34468041 21.95130067
23900 -0.71065075 1.45979546 24.15761012
24000 -0.58762096 1.39396726 27.51126050
24100 -0.61432965 1.12363103 24.42253349
24200 -0.73783899 1.39452968 22.49559549
24300 -0.54081393 1.20581835 27.49854240
24400 -0.76544396 1.25719120 20.30923575
24500 -0.59971919 1.20813042 25.40850323
24600 -0.85857650 1.46076362 19.67552938
24700 -0.50888736 1.18456205 28.54034389
24800 -0.44325019 1.20823053 31.19271981
24900 -0.90035446 1.47615192 18.70848983
25000 -0.45551150 1.10810000 30.17127938
25100 -0.91151629 1.51650918 18.96449537
25200 -0.49077982 1.08643524 28.73986030
25300 -0.94757956 1.57606129 18.90203440
25400 -0.43056645 1.13367157 31.25787926
25500 -0.50789226 1.20716900 28.72205963
25600 -0.62740638 1.22862728 24.59148705
25700 -0.47981821 1.13829097 29.37839975
25800 -0.83482883 1.64176763 23.12627064
25900 -0.52591414 1.14770390 27.70087548
26000 -0.56422232 1.24984538 26.96827151
26100 -0.90952013 1.51993402 19.06837276
26200 -0.50556193 1.21994865 28.89645489
26300 -0.68427532 1.19237115 22.43528303
26400 -0.84580997 1.47881577 20.28096323
26500 -0.53541594 1.13237441 27.27517986
26600 -0.54332596 1.15404536 27.09643328
26700 -0.82844417 1.54630800 21.75190566
26800 -0.50323813 1.14496022 28.52880995
26900 -0.96285449 1.49108979 17.24213451
27000 -0.75126638 1.28974980 21.02075731
27100 -0.79168400 1.45942348 21.62285388
27200 -0.78082789 1.55642798 23.32955117
27300 -0.36755830 1.17109289 33.97837273
27400 -0.84179434 1.49237546 20.58198753
27500 -0.68925318 1.26832349 22.82316916
27600 -0.49416220 1.27549552 29.75130902
27700 -0.68178912 1.31203581 23.45113219
27800 -0.59048433 1.05361276 24.99552842
27900 -0.80462162 1.40022681 20.50922735
28000 -0.52605507 1.33779262 29.13440773
28100 -0.54556191 1.12964063 26.89192169
28200 -0.62320610 1.18658993 24.45460040
28300 -0.72350914 1.30517244 22.03474801
28400 -0.91765264 1.63556031 20.69099954
28500 -0.66910295 1.40096377 24.79718189
28600 -0.47157322 1.13835756 29.69292674
28700 -0.54384520 1.23166270 27.56817405
28800 -0.71016559 1.53240701 25.18273581
28900 -0.50374961 1.11387813 28.36248559
29000 -0.75965099 1.50828723 23.26770068
29100 -0.65669089 1.28534039 24.04674171
29200 -0.91773915 1.44562769 17.83684877
29300 -0.56957897 1.09658501 25.88278990
29400 -0.49202157 1.14839264 28.96783061
29500 -0.88378551 1.40909307 18.32478865
29600 -0.50102592 1.15784607 28.67975240
29700 -0.70725093 1.36386377 23.13575821
29800 -0.41305378 1.16449232 32.10993868
29900 -0.78037766 1.38616281 21.08174895
30000 -0.86280421 1.43622325 19.24314730
30100 -0.33144666 1.17560305 35.49473819
30200 -0.78312030 1.59573309 23.88477602
30300 -0.51282986 1.15857217 28.24311019
30400 -0.45417479 1.14785968 30.40976544
30500 -0.52009434 1.24634033 28.54956468
30600 -0.53330532 1.09862708 27.20444779
30700 -0.53323801 1.20299896 27.75699005
30800 -0.45800002 1.12106409 30.13185197
30900 -0.77168587 1.38363341 21.31957767
31000 -0.81240035 1.29493300 19.20462945
31100 -0.81763208 1.20140378 18.32907292
31200 -0.87916450 1.75149861 23.93502767
31300 -0.99726512 1.43744671 15.66163088
31400 -0.63884527 1.35870757 25.35072801
31500 -0.52767003 1.11561178 27.48243780
31600 -0.88161422 1.60373675 21.14166544
31700 -0.75731409 1.20436279 20.17694934
31800 -0.70169396 1.25878763 22.34030162
31900 -0.44469505 1.12415159 30.66106615
32000 -0.45303392 1.12696954 30.35077071
32100 -0.61455319 1.10306989 24.32568332
32200 -0.56044354 1.26800465 27.24887310
32300 -0.98578097 1.40068959 15.51093926
32400 -0.67166333 1.35282431 24.18627787
32500 -0.77278143 1.12847205 19.26983900
32600 -0.73220165 1.39945223 22.73011254
32700 -0.87253546 1.48732482 19.63425922
32800 -0.54306890 1.15292680 27.09982579
32900 -0.56895161 1.19678852 26.42299789
33000 -0.54053365 1.07161454 26.84205527
33100 -0.58748832 1.20172756 25.79613217
33200 -0.94763860 1.54074199 18.35444321
33300 -0.81335824 1.44062537 20.73430532
33400 -0.84218332 1.61492319 22.45075991
33500 -0.44055475 1.14135819 30.90518272
33600 -0.44762576 1.10115388 30.44795425
33700 -0.85398863 1.58421777 21.60448250
33800 -0.82442061 1.42206956 20.17972455
33900 -0.54679606 1.22396281 27.40545717
34000 -0.55963219 1.12877285 26.37868263
34100 -0.89749965 1.54592121 19.78309402
34200 -0.87389220 1.52695483 20.15793451
34300 -0.73314888 1.49263641 23.87898457
34400 -0.58823571 1.14427761 25.43509687
34500 -0.87252124 1.53705796 20.34608209
34600 -0.76458448 1.47075686 22.59942924
34700 -0.74793138 1.44200233 22.74602701
34800 -0.87713854 1.57874338 20.86013699
34900 -0.76984879 1.43106529 21.93021381
35000 -0.50867308 1.19397194 28.60697159
35100 -0.52446792 1.17640841 27.91354833
35200 -0.65976365 1.54270209 26.99354106
35300 -0.61654851 1.31616383 25.69296552
35400 -0.42512191 1.16020214 31.60912485
35500 -0.74203205 1.31815064 21.56851593
35600 -0.58429009 1.29649756 26.64156320
35700 -0.44662441 1.12685303 30.59862229
35800 -0.49603490 1.19743251 29.10228131
35900 -0.60004254 1.21296855 25.42990895
36000 -0.58128428 1.05069863 25.31260592
36100 -0.87255513 1.48083873 19.54548088
36200 -0.82589883 1.54286845 21.77454918
36300 -0.49309092 1.41582803 31.21484107
36400 -0.85037583 1.46023932 19.90355845
36500 -0.48151554 1.25540443 30.06593776
36600 -0.53439849 1.13730600 27.33646807
36700 -0.80045074 1.42961203 20.98297952
36800 -0.86123948 1.52626409 20.50601392
36900 -0.59201343 1.18577635 25.53540259
37000 -0.58039556 1.13033396 25.64379742
37100 -0.93609495 1.46684435 17.61823650
37200 -0.46968221 1.19411294 30.08057390
37300 -0.66199252 1.40559735 25.08806156
37400 -0.50102560 1.15658843 28.67293497
37500 -0.91614798 1.57769652 19.76740048
37600 -0.58368881 1.11370958 25.45140521
37700 -0.92831434 1.60759160 19.92735863
37800 -0.84491660 1.44613710 19.87990537
37900 -0.84194021 1.36896925 19.06396384
38000 -0.75801028 1.33216771 21.20417463
38100 -0.55169895 1.19821445 27.05313294
38200 -0.75644493 1.32754811 21.20778436
38300 -0.88063962 1.49580930 19.52364551
38400 -0.50355112 1.23362222 29.06966588
38500 -0.46907496 1.32364006 31.13638963
38600 -0.63846075 1.30457946 24.83384136
38700 -0.46558069 1.23772949 30.53856851
38800 -0.85948938 1.57869959 21.35877058
38900 -0.79894432 1.39358004 20.60336989
39000 -0.56761920 1.13910970 26.14199271
39100 -0.83958736 1.36993381 19.14250714
39200 -0.86476061 1.36251065 18.34104656
39300 -0.89885389 1.30875967 16.85633063
39400 -0.71530453 1.25564427 21.87592193
39500 -0.74209230 1.43802081 22.87945628
39600 -0.58959654 1.44885147 28.10209665
39700 -0.82898512 1.39788712 19.76170576
39800 -0.56946272 1.15028046 26.13318478
39900 -0.90530812 1.40503034 17.68254420
40000 -0.36163069 1.28076082 35.00464903
40100 -0.57438933 1.14887679 25.94994125
40200 -0.97122886 1.57151614 18.21478365
40300 -0.47763129 1.15513132 29.54859963
40400 -0.52258344 1.20281744 28.14790857
40500 -0.58749025 1.20639329 25.82686475
40600 -0.94583214 1.57732730 18.96819945
40700 -0.72848755 1.44882973 23.44564525
40800 -0.61005847 1.28782611 25.66150581
40900 -0.67021477 1.46813248 25.59065852
41000 -0.45262930 1.09667314 30.23628176
41100 -0.58115460 1.14800708 25.70486512
41200 -0.69225436 1.25541412 22.62105902
41300 -0.94164516 1.55284783 18.69621786
41400 -0.62604411 1.16849567 24.24956336
41500 -0.77834813 1.36735625 20.93833310
41600 -0.89058855 1.55190863 20.06532412
41700 -0.60247680 1.15496907 24.99103483
41800 -0.72162067 1.27743602 21.85145967
41900 -0.84465366 1.60723285 22.25031051
42000 -0.50378761 1.23673348 29.08377855
42100 -0.70546939 1.21342173 21.88211177
42200 -0.86218714 1.54220039 20.71579257
42300 -0.53746835 1.03224610 26.84385229
42400 -0.59924748 1.42893700 27.51458770
42500 -0.39643337 1.24838389 33.33158207
42600 -0.51003247 1.07287579 27.97074007
42700 -0.67872003 1.34333511 23.85574958
42800 -0.82093055 1.58621832 22.59753617
42900 -0.50728210 1.15710469 28.44176475
43000 -0.79879732 1.53116511 22.40455095
43100 -0.63321126 1.17853083 24.06260536
43200 -0.91041566 1.57244948 19.83982973
43300 -0.59515748 1.27898416 26.10615950
43400 -0.81376317 1.49554162 21.44730387
43500 -0.86874989 1.47104672 19.52171790
43600 -0.88469968 1.56420486 20.41908146
43700 -0.82655167 1.36488363 19.46883848
43800 -0.55057498 1.18917127 27.03649025
43900 -0.97757450 1.51503201 17.20019655
44000 -0.88530337 1.57567074 20.58282323
44100 -0.71040041 1.32528467 22.64389239
44200 -0.59592225 1.04176404 24.77237806
44300 -0.62272937 1.06825836 23.91655732
44400 -0.85806316 1.43580177 19.37298932
44500 -0.49608249 1.16194559 28.88784648
44600 -0.70832928 1.42903828 23.84464609
44700 -0.74395530 1.28269462 21.18859870
44800 -0.65070899 1.14996532 23.30839569
44900 -0.64943474 1.25159465 24.01397173
45000 -0.36929518 1.22428873 34.25022879
45100 -0.41080763 1.28167481 33.02842584
45200 -0.75173222 1.28897186 20.99942258
45300 -0.90661071 1.52225431 19.18150263
45400 -0.89016394 1.45407219 18.70007863
45500 -0.93008666 1.51803365 18.48546811
45600 -0.94898123 1.39185190 16.36013233
45700 -0.47666214 1.18005848 29.72732883
45800 -0.49390066 1.06309957 28.54360917
45900 -0.86967852 1.41901036 18.83846979
46000 -0.85433364 1.54711004 21.01417518
46100 -0.53748201 1.04490201 26.87454132
46200 -0.63946392 1.15120336 23.69581602
46300 -0.78837014 1.19264593 19.14846120
46400 -0.52281383 1.19871048 28.11262612
46500 -0.45033143 1.10443856 30.35640907
46600 -0.53101767 1.10694907 27.32226343
46700 -0.65553453 1.34385747 24.63360304
46800 -0.53241154 1.19845376 27.75767812
46900 -0.70233897 1.40972027 23.80701582
47000 -0.90553488 1.56963894 19.92873862
47100 -0.82850892 1.37379323 19.50709890
47200 -0.48751256 1.18764293 29.36181611
47300 -0.88206884 1.55863032 20.40591955
47400 -0.52656380 1.17471834 27.82633681
47500 -0.94109996 1.45440677 17.32354519
47600 -0.57390066 1.28774256 26.93355261
47700 -0.50029873 1.19056452 28.89858104
47800 -0.49528080 1.08170020 28.55323505
47900 -0.54389744 1.25078728 27.71029258
48000 -0.51991090 1.16881665 28.03775998
48100 -0.49159366 1.15698106 29.02963085
48200 -0.63468868 1.44939462 26.54447351
48300 -0.72344110 1.38713437 22.86914701
48400 -0.65850675 1.38088258 24.92476971
48500 -0.83280768 1.32448674 18.87709944
48600 -0.60844023 1.12109755 24.61543647
48700 -0.71594042 1.24996549 21.81109529
48800 -0.55674526 1.36041800 28.24669433
48900 -0.44025441 1.16500434 31.04291571
49000 -0.59380330 1.17433610 25.40378218
49100 -0.51164115 1.19161681 28.48153848
49200 -0.68011814 1.46659014 25.24231633
49300 -0.72568648 1.39249026 22.85777962
49400 -0.42268779 1.19372567 31.90363159
49500 -0.88591797 1.62273314 21.34129121
49600 -0.86676232 1.40925524 18.80535150
49700 -0.88976360 1.44453338 18.58973497
49800 -0.77732877 1.47073936 22.20761519
49900 -0.78747438 1.40516806 21.08249617
50000 -0.40688095 1.13885098 32.21962510
50100 -0.46710918 1.18208206 30.10447470
50200 -0.62617035 1.34886949 25.68227689
50300 -0.64798857 1.23919837 23.96818213
50400 -0.44094092 1.19031724 31.16654914
50500 -0.96089898 1.32196331 15.32033622
50600 -0.64228461 1.07440048 23.26818214
50700 -0.46539194 1.10798294 29.79050220
50800 -0.44949892 1.19375990 30.85559625
50900 -0.51966676 1.24349970 28.54373199
51000 -0.78374098 1.44566046 21.68723140
51100 -0.63344023 1.19507575 24.15686552
51200 -0.42945313 1.09232104 31.12273979
51300 -0.67104935 1.46819381 25.56373176
51400 -0.87146166 1.69011338 22.95336084
51500 -0.82382669 1.53976767 21.78881147
51600 -0.71856024 1.20068889 21.37558181
51700 -0.36738462 1.19137793 34.10779794
51800 -0.58382388 1.22940203 26.11635443
51900 -0.65980227 1.31005629 24.16339504
52000 -0.74512706 1.23284580 20.75580943
52100 -0.65082671 1.47694101 26.35717777
52200 -0.80549506 1.64394806 24.02981153
52300 -0.45271236 1.07685401 30.16035069
52400 -0.49374641 1.14956121 28.90894727
52500 -0.82247638 1.62346296 23.17104365
52600 -0.50644957 1.35856208 30.07358893
52700 -0.52281931 1.18894374 28.05044730
52800 -0.65723651 1.22845792 23.57777217
52900 -0.73100325 1.56526435 25.01635329
53000 -0.75993459 1.32601545 21.08462681
53100 -0.57223284 1.34654433 27.54746695
53200 -0.50813429 1.22871131 28.86271877
53300 -0.38730390 1.19007440 33.29157400
53400 -0.60647788 1.06549396 24.47065783
53500 -0.56447283 1.20366055 26.62818917
53600 -0.55657455 1.17421705 26.72918313
53700 -0.51985023 1.17376226 28.06860156
53800 -0.57681786 1.29818594 26.92180721
53900 -0.94132273 1.60941768 19.61146993
54000 -0.85844024 1.56261967 21.13517406
54100 -0.63384747 1.27679452 24.74754091
54200 -0.38729998 1.16995051 33.17098228
54300 -0.40352270 1.05672951 32.02956939
54400 -0.66371489 1.47713842 25.92719471
54500 -0.89402229 1.55183600 19.96912474
54600 -0.61111256 1.31257006 25.84770974
54700 -0.77738789 1.42030611 21.56842912
54800 -0.74463789 1.29325672 21.25905421
54900 -0.54103286 1.13482721 27.08178453
55000 -0.50318360 1.17886121 28.71892523
55100 -0.88112228 1.46551782 19.10070410
55200 -0.75642978 1.28970967 20.85954696
55300 -0.75077968 1.46987113 23.01643536
55400 -0.46071021 1.26361430 30.92674083
55500 -0.72632412 1.40648006 22.99817365
55600 -0.66563912 1.28367324 23.73287816
55700 -0.54039359 1.18151422 27.35974974
55800 -0.52061920 1.27827882 28.78750155
55900 -0.84855403 1.52945741 20.91609832
56000 -0.68541760 1.37018113 23.91478360
56100 -0.81136462 1.63762300 23.74414916
56200 -0.92950883 1.47703936 17.92953270
56300 -0.52676719 1.25183245 28.34567991
56400 -0.87373145 1.44664534 19.06462939
56500 -0.53578474 1.14411660 27.31987373
56600 -0.46924677 1.24130131 30.42484910
56700 -0.85202829 1.55201024 21.15494458
56800 -0.85589105 1.27566707 17.77072083
56900 -0.85026694 1.24294039 17.67073746
57000 -0.83503449 1.65448925 23.34549415
57100 -0.45835850 1.26581302 31.03515812
57200 -0.62584421 1.31780652 25.38802372
57300 -0.74090628 1.53785691 24.28437338
57400 -0.67480603 1.22779284 22.98704729
57500 -0.88989584 1.54144261 19.92580578
57600 -0.85586754 1.66440117 22.92245176
57700 -0.82435779 1.58280163 22.44160664
57800 -0.48818470 1.29608492 30.15477451
57900 -0.76363598 1.56888794 24.05120035
58000 -0.85947851 1.53750208 20.72247489
58100 -0.49171896 1.12325188 28.85616193
58200 -0.99432000 1.43331029 15.68434123
58300 -0.47249226 1.14389270 29.68565168
58400 -0.62225540 1.33898480 25.71711309
58500 -0.94655265 1.45429649 17.17815232
58600 -0.90068546 1.48918170 18.87616236
58700 -0.66188219 1.10814018 22.73537992
58800 -0.54515992 1.16088690 27.06688359
58900 -0.91099269 1.60817376 20.40491367
59000 -0.67050808 1.28202201 23.55659778
59100 -0.52196143 1.15498656 27.88521550
59200 -0.84078970 1.50263635 20.75410218
59300 -0.76713598 1.59680957 24.39190634
59400 -0.86764137 1.50295433 19.98942036
59500 -0.56139156 1.08356439 26.12756220
59600 -0.67424961 1.25971183 23.24787187
59700 -0.63653298 1.17859210 23.94960642
59800 -0.63527599 1.28764635 24.79161997
59900 -0.90104013 1.52482230 19.37162406
60000 -0.41331950 1.13374229 31.93863838
60100 -0.46815440 1.31001026 31.04323159
60200 -0.78896614 1.43794073 21.43184987
60300 -0.85237145 1.52499830 20.74092864
60400 -0.61932756 1.41136806 26.60555292
60500 -0.68778289 1.38876459 24.04129250
60600 -0.64466386 1.05825081 23.13649119
60700 -0.55916240 1.13198673 26.41089877
60800 -0.83450164 1.55775112 21.75003599
60900 -0.83449949 1.54087531 21.49303212
61000 -0.73329764 1.37830744 22.45810358
61100 -0.60836265 1.31470791 25.96325674
61200 -0.67205691 1.19966393 22.88572766
61300 -0.61512407 1.31720215 25.75203507
61400 -0.89137719 1.58319309 20.53427370
61500 -0.58792379 1.15492174 25.50188235
61600 -0.75696727 1.60275856 24.80474111
61700 -0.58449114 1.14492040 25.57072139
61800 -0.48864571 1.13700391 29.03752899
61900 -0.85313658 1.39130346 18.98713149
62000 -0.49051056 1.07388439 28.70604242
62100 -0.77506867 1.38858869 21.27110706
62200 -0.77531429 1.57770600 23.83155028
62300 -0.67572248 1.24594066 23.09138307
62400 -0.78155462 1.47054500 22.07608930
62500 -0.70242823 1.39639396 23.64984944
62600 -0.63572130 1.20981522 24.17570777
62700 -0.73445950 1.24544636 21.18612791
62800 -0.52712839 1.15542302 27.69697333
62900 -0.71214056 1.21500894 21.67764817
63000 -0.61494613 1.39361308 26.55173799
63100 -0.55366572 1.25180892 27.36384555
63200 -0.53104254 1.11455782 27.35383084
63300 -0.53616466 1.07060362 26.99839025
63400 -0.43327181 1.15549470 31.26344003
63500 -0.61501324 1.26701322 25.31407476
63600 -0.88488573 1.37382748 17.89607651
63700 -0.86693267 1.57657770 21.11340917
63800 -0.80195611 1.54432995 22.50654806
63900 -0.89510552 1.50994191 19.32031982
64000 -0.48823827 1.22023785 29.54945968
64100 -0.57264688 1.40077204 28.12059756
64200 -0.72270337 1.46610641 23.85343293
64300 -0.58308431 1.15089649 25.65159247
64400 -0.86682350 1.50770106 20.07966831
64500 -0.81560512 1.46818845 21.02217833
64600 -0.90560308 1.38222345 17.41582748
64700 -0.86771712 1.56066572 20.84113082
64800 -0.53200337 1.13294736 27.40303468
64900 -0.89587925 1.29983927 16.85708666
65000 -0.94177298 1.45827183 17.35562627
65100 -0.92811583 1.46517813 17.80934687
65200 -0.77771294 1.52721417 22.98507663
65300 -0.93301266 1.55359525 18.93701388
65400 -0.55964197 1.20241927 26.79368892
65500 -0.52044672 1.11624537 27.75175444
65600 -0.84642849 1.44892664 19.87166942
65700 -0.54790124 1.15977996 26.96117553
65800 -0.56647060 1.25532520 26.93045645
65900 -0.92140483 1.49024112 18.32666050
66000 -0.87416439 1.52480901 20.11884263
66100 -0.64452742 1.45107709 26.23132142
66200 -0.47736019 1.12881061 29.42601802
66300 -0.72499919 1.30019251 21.94207139
66400 -0.81627314 1.36209685 19.74218773
66500 -0.91215132 1.47782890 18.40843347
66600 -0.67192011 1.36063409 24.25911535
66700 -0.49793574 1.29495401 29.77736744
66800 -0.81962932 1.37675148 19.80033493
66900 -0.50671436 1.28117132 29.32874839
67000 -0.68428425 1.29322189 23.19842056
67100 -0.90676179 1.54854036 19.56863940
67200 -0.89751853 1.58500495 20.39370970
67300 -0.93058160 1.43262274 17.32916098
67400 -0.53224139 1.19761117 27.75848554
67500 -0.50841698 1.18462587 28.55827164
67600 -0.61883251 1.28368865 25.32181900
67700 -0.39894181 1.25200512 33.25918138
67800 -0.64513134 1.20878434 23.84892624
67900 -0.60509951 1.29336987 25.88272065
68000 -0.46407537 1.20826164 30.38785965
68100 -0.51354881 1.23863287 28.73398404
68200 -0.88063989 1.57294851 20.66988577
68300 -0.83327550 1.45797638 20.36931979
68400 -0.57579777 1.17323154 26.03436179
68500 -0.69088170 1.29743423 23.01937447
68600 -0.53918250 1.29257578 28.22871815
68700 -0.51273587 1.20724443 28.54217725
68800 -0.73549427 1.21304349 20.91909345
68900 -0.88485718 1.60912346 21.14087130
69000 -0.68332058 1.26250497 22.97067700
69100 -0.58896699 1.14375472 25.40662681
69200 -0.74159437 1.14800259 20.33562272
69300 -0.87426839 1.56597158 20.73890102
69400 -0.71707512 1.49177458 24.37939293
69500 -0.65040986 1.23457189 23.85207663
69600 -0.79585133 1.34063694 20.13104963
69700 -0.59097131 1.31432247 26.56848965
69800 -0.75084690 1.35137008 21.62010995
69900 -0.65133509 1.39524432 25.32680547
70000 -0.51772691 1.18697265 28.22661255
70100 -0.57021798 1.13417122 26.02473865
70200 -0.51860122 1.21051085 28.34648087
70300 -0.81208700 1.46770984 21.12018716
70400 -0.59208166 1.04948519 24.92776332
70500 -0.50523415 1.13885320 28.42334423
70600 -0.84628018 1.45952391 20.01218141
70700 -0.87109173 1.52898364 20.26669510
70800 -0.86480924 1.45258776 19.39255335
70900 -0.74712694 1.44585117 22.81970388
71000 -0.84101758 1.55937968 21.58589317
71100 -0.72827586 1.38118665 22.64909936
71200 -0.71479586 1.27620101 22.05975985
71300 -0.52770720 1.22690104 28.12447877
71400 -0.94185596 1.32348065 15.83407764
71500 -0.88837639 1.35060625 17.55380677
71600 -0.60458049 1.11115476 24.70611942
71700 -0.74066654 1.56502253 24.70717410
71800 -0.87579045 1.40448814 18.49495425
71900 -0.66146552 1.25534422 23.63895663
72000 -0.45712430 1.17229202 30.43031273
72100 -0.47635461 1.08706139 29.28902899
72200 -0.52656039 1.10704926 27.48662171
72300 -0.93002805 1.55776959 19.08099046
72400 -0.83636876 1.38667814 19.41948776
72500 -0.68100723 1.58262365 26.90883846
72600 -0.43561118 1.20479481 31.46785832
72700 -0.73835093 1.41195568 22.68125666
72800 -0.42353781 1.12715711 31.50326029
72900 -0.70953254 1.36523505 23.07663875
73000 -0.52282562 1.16198210 27.89150251
73100 -0.83211781 1.63206048 23.03620652
73200 -0.42485965 1.27858040 32.44629781
73300 -0.76804321 1.20024826 19.81808367
73400 -0.71088415 1.17794126 21.48044645
73500 -0.69662408 1.25918870 22.50837758
73600 -0.89424253 1.46552840 18.73599615
73700 -0.67278094 1.31797527 23.80469656
73800 -0.89834059 1.43166721 18.19237622
73900 -0.54920000 1.12310566 26.72935385
74000 -0.47173275 1.16968790 29.85446628
74100 -0.90796034 1.53388150 19.31557324
74200 -0.54798262 1.19997553 27.19927171
74300 -0.88317146 1.33787291 17.57011050
74400 -0.57783666 1.22735715 26.31403361
74500 -0.93050853 1.55777570 19.06823511
74600 -0.45463930 1.12590765 30.28376703
74700 -0.80678982 1.37515782 20.16391061
74800 -0.67843501 1.33061746 23.73895018
74900 -0.85754656 1.33691311 18.28424861
75000 -0.70119748 1.35425583 23.23119837
75100 -0.45245904 1.19799363 30.76804677
75200 -0.58938458 1.08446239 25.13381567
75300 -0.53116849 1.27672569 28.38562757
75400 -0.58194889 1.29351275 26.69800264
75500 -0.83701010 1.59020105 22.19133631
75600 -0.55776881 1.14054790 26.50312841
75700 -0.61961444 1.40111673 26.47616165
75800 -0.60790738 1.03133993 24.32831065
75900 -0.65375171 1.21287214 23.58554564
76000 -0.82140886 1.24596507 18.53364638
76100 -0.62830189 1.32985133 25.41924702
76200 -0.54961235 1.12997114 26.74641726
76300 -0.69598067 1.57859110 26.35331259
76400 -0.75576031 1.46602126 22.81038475
76500 -0.83338458 1.57377377 22.03325903
76600 -0.86372900 1.41870966 19.00343410
76700 -0.86827908 1.61915854 21.77560715
76800 -0.76966086 1.57861595 24.01955918
76900 -0.93613611 1.40234351 16.81959868
77000 -0.50865934 1.17604830 28.49769701
77100 -0.45228055 1.12005649 30.34819805
77200 -0.85594033 1.51542619 20.49984781
77300 -0.81484720 1.33121810 19.47048457
77400 -0.80909984 1.54430402 22.29283173
77500 -0.43720432 1.18482077 31.27834450
77600 -0.46349501 1.23203969 30.57668452
77700 -0.46617802 1.16668390 30.04994322
77800 -0.64802064 1.16610911 23.48716893
77900 -0.75317200 1.55726429 24.19494096
78000 -0.84178065 1.65127729 23.09234284
78100 -0.85221591 1.34864629 18.55500141
78200 -0.47338777 1.18901764 29.90693353
78300 -0.58092478 1.26061834 26.45713241
78400 -0.55206975 1.17159396 26.87672198
78500 -0.81628055 1.29747732 19.11227220
78600 -0.59398097 1.08814895 24.98547023
78700 -0.42078885 1.12533473 31.60321010
78800 -0.42128202 1.13484999 31.62896221
78900 -0.54245260 1.13922361 27.05168086
79000 -0.70818349 1.46115655 24.25492558
79100 -0.53727569 1.21029613 27.65778012
79200 -0.97441045 1.34304817 15.17852184
79300 -0.47036129 1.26237056 30.54646723
79400 -0.43236171 1.15814311 31.31345270
79500 -0.87077580 1.58091378 21.07397202
79600 -0.55654721 1.24052222 27.17336949
79700 -0.95280744 1.51685955 17.86723980
79800 -0.49688699 1.05695734 28.41284662
79900 -0.51186590 1.26732457 29.02105597
80000 -0.61548049 1.24228905 25.10341181
80100 -0.69791669 1.30414666 22.85029676
80200 -0.86571116 1.51757532 20.25255532
80300 -0.91932455 1.58139432 19.74057611
80400 -0.88080294 1.55026738 20.31285425
80500 -0.86419632 1.60968572 21.73161212
80600 -0.66028998 1.32115824 24.25130681
80700 -0.89419073 1.54506097 19.86141158
80800 -0.47707183 1.19217250 29.78626487
80900 -0.46748796 1.22704439 30.38734538
81000 -0.63071232 1.32052662 25.24686559
81100 -0.55925781 1.28947865 27.47341730
81200 -0.89752663 1.51530367 19.33027304
81300 -0.69396389 1.20749518 22.21604998
81400 -0.73491142 1.26732972 21.34492341
81500 -0.86957379 1.30278024 17.61841154
81600 -0.89230664 1.41276545 18.13114704
81700 -0.93182805 1.52498774 18.54002452
81800 -0.92362026 1.52603190 18.77533432
81900 -0.67665128 1.13526303 22.36724350
82000 -0.79707269 1.37026707 20.40204824
82100 -0.43718211 1.18773158 31.29713363
82200 -0.72334177 1.39554259 22.96719111
82300 -0.87514290 1.49400403 19.65279945
82400 -0.68506529 1.36177421 23.83683483
82500 -0.88340768 1.40662224 18.30643406
82600 -0.52335100 1.15979605 27.86003213
82700 -0.75299171 1.18426568 20.18369251
82800 -0.79100547 1.53046067 22.62889473
82900 -0.33445798 1.23945937 35.79632678
83000 -0.88294974 1.52970681 19.94444256
83100 -0.96592244 1.37024048 15.68029087
83200 -1.00958147 1.51292901 16.36470629
83300 -0.55611673 1.16136415 26.67251238
83400 -0.54768846 1.04897581 26.51355667
83500 -0.77174471 1.47060283 22.37688042
83600 -0.53952464 1.14319151 27.17843838
83700 -0.80529328 1.64166331 23.99569433
83800 -0.55152068 1.10899203 26.58313310
83900 -0.81818382 1.50725543 21.48085240
84000 -0.75594806 1.14424707 19.86727621
84100 -0.80259420 1.53071066 22.28399688
84200 -0.94728115 1.41753191 16.70317141
84300 -0.76388884 1.47218824 22.63993904
84400 -0.48743540 1.10264703 28.92882176
84500 -0.81380725 1.43998704 20.71300362
84600 -0.90121284 1.41070565 17.86121286
84700 -0.54190851 1.22934284 27.62187576
84800 -0.84377081 1.49352705 20.54072662
84900 -0.80316275 1.56899255 22.85063787
85000 -0.43254719 1.11476583 31.09314273
85100 -0.43983364 1.21173227 31.34946854
85200 -0.62286418 1.30505526 25.37210523
85300 -0.44657804 1.18952316 30.94226999
85400 -0.55369449 1.25635722 27.39851879
85500 -0.74651887 1.52408442 23.90461953
85600 -0.91587451 1.45281050 17.97878350
85700 -0.41140377 1.01388937 31.61372013
85800 -0.53501971 1.09989132 27.14665598
85900 -0.75877778 1.32092915 21.07174517
86000 -0.78570907 1.38792438 20.93923378
86100 -0.61244380 1.34284385 26.09494207
86200 -0.48980219 1.26144873 29.80033384
86300 -0.58408181 1.39442399 27.64156865
86400 -0.60014296 1.21155900 25.41680032
86500 -0.89435939 1.43691039 18.36701367
86600 -0.93643273 1.51076143 18.21179920
86700 -0.54688230 1.28140658 27.85136887
86800 -0.52976836 1.41264801 29.81221529
86900 -0.51394076 1.28072161 29.05579109
87000 -0.61950694 1.34452629 25.86753262
87100 -0.83869773 1.51022666 20.92226755
87200 -0.82931593 1.59613395 22.51266193
87300 -0.59943796 1.23654026 25.61887704
87400 -0.76879346 1.46924465 22.44961819
87500 -0.82797461 1.64199645 23.33053162
87600 -0.50042979 1.22959559 29.15720527
87700 -0.81547189 1.44558725 20.73406637
87800 -0.44476531 1.16220364 30.85161735
87900 -0.51551036 1.12602632 27.97894118
88000 -0.50948681 1.18316320 28.50947402
88100 -0.76857873 1.32715267 20.82856912
88200 -0.90861282 1.41828863 17.74857498
88300 -0.83929077 1.52839421 21.16817079
88400 -0.69946801 1.12832372 21.58561599
88500 -0.86339419 1.46175511 19.55126460
88600 -0.63741959 1.24119078 24.34176573
88700 -0.47373354 1.19900627 29.95716953
88800 -0.80318794 1.27581282 19.31411692
88900 -0.51635760 1.29076713 29.05290444
89000 -0.85275842 1.29979168 18.07016628
89100 -0.39845306 1.17204839 32.73498823
89200 -0.50625135 1.23136130 28.95220544
89300 -0.64310002 1.26780547 24.35792474
89400 -0.60429462 1.30218567 25.98964962
89500 -0.46270823 1.16515720 30.17452171
89600 -0.77414581 1.39928545 21.42077026
89700 -0.63990716 1.21551612 24.07202075
89800 -0.55422012 1.23013338 27.18071041
89900 -0.72794364 1.50013309 24.14845588
90000 -0.70198246 1.38414013 23.52637496
90100 -0.54375807 1.21575715 27.45853209
90200 -0.87570540 1.58497573 21.00040046
90300 -0.57725970 1.21724290 26.26317000
90400 -0.47531080 1.10079634 29.38165787
90500 -0.60825489 1.22727280 25.24350137
90600 -0.42355871 1.22164358 32.05612803
90700 -0.46648865 1.09123250 29.68160427
90800 -0.77214724 1.25797541 20.10913449
90900 -0.86371194 1.45417252 19.44404928
91000 -0.73887575 1.45362395 23.17804917
91100 -0.45277732 1.13302212 30.38944438
91200 -0.90711198 1.53529794 19.35979835
91300 -0.74460817 1.44791543 22.92483423
91400 -0.51869913 1.25295745 28.65243308
91500 -0.85081657 1.48435073 20.21175355
91600 -0.84444896 1.49145548 20.49251684
91700 -0.86036666 1.61708975 21.96518346
91800 -0.82627506 1.37817918 19.62039047
91900 -0.69855975 1.25224759 22.39056611
92000 -0.56677288 1.13479416 26.15105921
92100 -0.48886771 1.11822342 28.94105468
92200 -0.81845620 1.37031850 19.76524693
92300 -0.91571869 1.50173555 18.64015993
92400 -0.74576694 1.37735248 22.05472189
92500 -0.80704371 1.30634636 19.46692956
92600 -0.41241589 1.18585473 32.26084805
92700 -0.54786756 1.12216834 26.77342412
92800 -0.39478905 1.24798921 33.39449414
92900 -0.80024775 1.52597349 22.28462995
93000 -0.43229658 1.20734099 31.61456530
93100 -0.41943901 1.22410120 32.23608156
93200 -0.72928183 1.52151566 24.41106424
93300 -0.81842060 1.37163669 19.78050143
93400 -0.55341851 1.29221044 27.70812753
93500 -0.84354919 1.49222590 20.52914893
93600 -0.41377901 1.21676466 32.40869640
93700 -0.56985566 1.24089727 26.69814995
93800 -0.92898537 1.53296277 18.73346469
93900 -0.73484529 1.36348989 22.24950150
94000 -0.82318591 1.39873542 19.94161981
94100 -0.66999777 1.17673748 22.81188201
94200 -0.50510514 1.12622657 28.36738710
94300 -0.60702491 1.23994670 25.37934518
94400 -0.91844779 1.49407684 18.45945419
94500 -0.61251819 1.19293727 24.86353797
94600 -0.67757883 1.26597667 23.18823182
94700 -0.64779298 1.45648449 26.19025067
94800 -0.71042013 1.34148605 22.80259106
94900 -0.52804964 1.23423800 28.16517340
95000 -0.64824264 1.32021693 24.64766086
95100 -0.46216302 1.23429372 30.64439201
95200 -0.52819712 1.20791436 27.97477268
95300 -0.43174625 1.11425937 31.12232696
95400 -0.87069107 1.39829684 18.56718322
95500 -0.64500466 1.29943922 24.56511148
95600 -0.72303009 1.34577662 22.44133510
95700 -0.84697475 1.38719925 19.11817998
95800 -0.48927082 1.21673581 29.48606698
95900 -0.73299717 1.49609192 23.93168001
96000 -0.69600806 1.41038975 24.02076872
96100 -0.45433034 1.16700222 30.50780899
96200 -0.38614423 1.26608027 33.88573480
96300 -0.67802716 1.32378020 23.68624306
96400 -0.49126614 1.25498163 29.69364106
96500 -0.70691964 1.52247174 25.14162675
96600 -0.84153958 1.41957252 19.65025435
96700 -0.79268220 1.46633018 21.68299644
96800 -0.59057954 1.25705880 26.08740378
96900 -0.73783945 1.37802875 22.31148047
97000 -0.88225782 1.52617036 19.91179090
97100 -0.90074501 1.41062134 17.87307467
97200 -0.84430194 1.43081277 19.70668971
97300 -0.79186653 1.39106881 20.78811936
97400 -0.69641985 1.26467511 22.55918911
97500 -0.75003210 1.27186684 20.90694177
97600 -0.73888967 1.57128735 24.86153728
97700 -0.67005226 1.17102564 22.77667306
97800 -0.85872058 1.58773956 21.52606562
97900 -0.60633582 1.04947817 24.42856632
98000 -0.85451897 1.42452533 19.33614482
98100 -0.54726850 1.06797206 26.58507058
98200 -0.76269157 1.39157310 21.68563009
98300 -0.88238984 1.55693222 20.37072305
98400 -0.50281853 1.09021826 28.30147359
98500 -0.79876984 1.58718100 23.27246440
98600 -0.48510562 1.13716792 29.17225213
98700 -0.60341075 1.27876084 25.81525549
98800 -0.84752588 1.48375180 20.29828283
98900 -0.77085963 1.58452361 24.07745937
99000 -0.50841762 1.23006733 28.86196318
99100 -0.92745300 1.30683836 16.06159318
99200 -0.64481314 1.14442867 23.47903147
99300 -0.67349671 1.44919214 25.23609522
99400 -0.61108416 1.15370645 24.68447079
99500 -0.73473007 1.35365628 22.15024390
99600 -0.85520504 1.64970761 22.67800502
99700 -0.98175662 1.50380385 16.93367964
99800 -0.50214107 1.28070154 29.49573634
99900 -0.65684972 1.18950057 23.32879001
100000 -0.41085450 1.21945263 32.54346501
100100 -0.46946894 1.17806821 29.99002250
100200 -0.54185161 1.26642961 27.90941269
100300 -0.73345476 1.27771741 21.47737360
100400 -0.83769187 1.53880553 21.36910298
100500 -0.86451395 1.50810007 20.15082840
100600 -0.90816473 1.20465846 15.77685448
100700 -0.65262527 1.18628622 23.45094465
100800 -0.95225055 1.54163552 18.24680260
100900 -0.55770117 1.18639873 26.76172805
101000 -0.87369649 1.64856202 22.13274661
101100 -0.47915109 1.07807716 29.15058397
101200 -0.90317706 1.51932012 19.23290465
101300 -0.78576140 1.52441620 22.69897093
101400 -0.74053763 1.44992315 23.07833867
101500 -0.78069929 1.58932874 23.85402561
101600 -0.54252230 1.28850400 28.07120373
101700 -0.51252843 1.34343347 29.69162800
101800 -0.68249754 1.30545316 23.36710921
101900 -0.52133952 1.08869453 27.60683582
102000 -0.60698720 1.24705309 25.43457844
102100 -0.84492360 1.37347359 19.02626062
102200 -0.68445012 1.37124108 23.95800435
102300 -0.84769174 1.57074134 21.57061212
102400 -0.89100670 1.52811283 19.69678565
102500 -0.83537992 1.29773536 18.55393151
102600 -0.82485239 1.56121253 22.08596148
102700 -0.56325471 1.12805893 26.24504006
102800 -0.83801493 1.54993151 21.52782180
102900 -0.50168105 1.29612076 29.64727090
103000 -0.84342322 1.57145029 21.70499148
103100 -0.52069570 1.23303237 28.42761463
103200 -0.83186169 1.41468594 19.87342315
103300 -0.71644471 1.27848059 22.02604128
103400 -0.90975634 1.34346314 16.89267193
103500 -0.48101824 1.10388744 29.17705831
103600 -0.81619870 1.40266330 20.19303564
103700 -0.52171168 1.38285573 29.76821955
103800 -0.60385483 1.19942485 25.20653218
103900 -0.68843570 1.28399017 22.98162669
104000 -0.50045321 1.20361993 28.97670062
104100 -0.87606373 1.51347991 19.90139931
104200 -0.56961306 1.32734447 27.45053170
104300 -0.56966309 1.12157639 25.98542081
104400 -0.57495354 1.29914644 26.99679465
104500 -0.70694679 1.40828314 23.64094626
104600 -0.48231528 1.22105859 29.77951060
104700 -0.76688323 1.50766660 23.03527931
104800 -0.46771733 1.19059267 30.13358591
104900 -0.90124698 1.54532476 19.67095339
105000 -0.92815352 1.53856495 18.83918598
105100 -0.88797891 1.35085019 17.56735996
105200 -0.57927717 1.10357561 25.56512918
105300 -0.60291631 1.36252568 26.62963495
105400 -0.96428511 1.46084488 16.79980894
105500 -0.62472456 1.27744568 25.06565145
105600 -0.54890742 1.36727830 28.60295544
105700 -0.58263154 1.25619460 26.36140466
105800 -0.70205196 1.51102662 25.13425635
105900 -0.60198480 1.21721500 25.39118312
106000 -0.58526431 1.32669482 26.88762437
106100 -0.73025247 1.36896592 22.45338177
106200 -0.37216408 1.11755446 33.51719217
106300 -0.94691305 1.52200262 18.09648981
106400 -0.71656104 1.15662495 21.17677417
106500 -0.68536013 1.49207930 25.41336944
106600 -0.84546834 1.53247391 21.04960870
106700 -0.84810840 1.45694325 19.92605721
106800 -0.55293322 1.22684052 27.20349688
106900 -0.48478970 1.17275704 29.37547633
107000 -0.83684996 1.54866876 21.54244595
107100 -0.57380337 1.02482890 25.51540961
107200 -0.97217005 1.38392323 15.66877785
107300 -0.57495153 1.10724143 25.73416035
107400 -0.81978721 1.37599115 19.78738146
107500 -0.65161831 1.32614003 24.59046613
107600 -0.80756409 1.48847594 21.53411568
107700 -0.70563869 1.16950537 21.60054907
107800 -0.53227220 1.21630655 27.88212757
107900 -0.89470231 1.50768782 19.29940536
108000 -0.84695074 1.50199079 20.56695318
108100 -0.79240142 1.53643621 22.67538108
108200 -0.52506305 1.10390440 27.52879581
108300 -0.45883160 1.09841143 30.00367784
108400 -0.68397357 1.11432669 22.02894204
108500 -0.51865230 1.21364225 28.36588854
108600 -0.41099461 1.11616081 31.94963462
108700 -0.48351752 1.11700945 29.13814323
108800 -0.52269708 1.08433526 27.54070741
108900 -0.97246214 1.50714737 17.21862753
109000 -0.91204076 1.56335732 19.65287059
109100 -0.73857839 1.31745432 21.67070315
109200 -0.96096418 1.46451605 16.93390655
109300 -0.71220810 1.32049477 22.53980299
109400 -0.49007237 1.11604881 28.88593294
109500 -0.74161854 1.45829375 23.15190371
109600 -0.50904164 1.17970038 28.50516382
109700 -0.83101242 1.55120067 21.75122776
109800 -0.56573222 1.35031811 27.81856285
109900 -0.85659154 1.59115421 21.64230897
110000 -0.90105865 1.52397573 19.35874690
110100 -0.40689831 1.15949071 32.32686463
110200 -0.60819538 1.14269920 24.72758839
110300 -0.86541592 1.56712225 21.00704190
110400 -0.74020731 1.41284090 22.63320189
110500 -0.67335042 1.29406248 23.56699193
110600 -0.74036407 1.45335777 23.12773584
110700 -0.53714974 1.24212831 27.89015496
110800 -0.67349485 1.47867566 25.62234230
110900 -0.47983432 1.19177570 29.67868361
111000 -0.68035281 1.15214501 22.33092768
111100 -0.95350739 1.46724184 17.16413414
111200 -0.48825883 1.16481927 29.19881344
111300 -0.77876635 1.52134450 22.86716333
111400 -0.72990772 1.42681328 23.12651973
111500 -0.78568138 1.22510395 19.44817474
111600 -0.78885635 1.39753766 20.95262079
111700 -0.72703637 1.46189448 23.66012802
111800 -0.79987629 1.26702262 19.34050886
111900 -0.84162812 1.44879308 20.00869764
112000 -0.53342117 1.13297049 27.35113848
112100 -0.90687809 1.47002157 18.44797972
112200 -0.63805840 1.22073624 24.17122207
112300 -0.84761405 1.54287469 21.14314097
112400 -0.84187440 1.63497242 22.80301958
112500 -0.62344189 1.30670485 25.36730857
112600 -0.68450567 1.18401487 22.37585754
112700 -0.46033210 1.21786695 30.59734125
112800 -0.50948303 1.19327103 28.57233830
112900 -0.91492942 1.46439781 18.15464039
113000 -0.45260512 1.09255121 30.22128483
113100 -0.51875765 1.27860912 28.85918805
113200 -0.54870141 1.23861415 27.44297517
113300 -0.72136598 1.69890179 27.63546101
113400 -0.90184076 1.51953463 19.27267629
113500 -0.51307957 1.19744911 28.46515500
113600 -0.84165251 1.65397285 23.14407676
113700 -0.82312818 1.44308817 20.47656245
113800 -0.50527689 1.08411002 28.18706076
113900 -0.92542000 1.45474956 17.74611600
114000 -0.84752667 1.62944525 22.54411912
114100 -0.86907113 1.56387331 20.85272522
114200 -0.58918924 1.28787787 26.39257516
114300 -0.44429546 1.12756642 30.69247223
114400 -0.63655177 1.47003517 26.74910452
114500 -0.95726380 1.48184450 17.26117790
114600 -0.63270549 1.14197966 23.87862568
114700 -0.79095574 1.45002747 21.52395052
114800 -0.66251630 1.36213429 24.58825020
114900 -0.49750881 1.08647445 28.48668189
115000 -0.44947149 1.13901811 30.54683581
115100 -0.60364691 1.30602314 26.04718598
115200 -0.57205646 1.06074528 25.67002715
115300 -0.89105414 1.47583300 18.96097405
115400 -0.86594274 1.52095467 20.29492759
115500 -0.83339199 1.40754425 19.74464841
115600 -0.58655232 1.23099891 26.03143379
115700 -0.39902738 1.14075316 32.54268961
115800 -0.82747999 1.52871733 21.51739079
115900 -0.60677829 1.19626500 25.08423115
116000 -0.76451810 1.27498913 20.48291545
116100 -0.53131484 1.07816608 27.20157474
116200 -0.43674000 1.16775742 31.19569095
116300 -0.87783692 1.42246924 18.65033171
116400 -0.75298335 1.32027008 21.24569813
116500 -0.89282076 1.33042375 17.22845714
116600 -0.57902819 1.20199398 26.09752163
116700 -0.74233302 1.37432478 22.12955311
116800 -0.62558891 1.29877305 25.22154934
116900 -0.58670165 1.25650734 26.21986405
117000 -0.85856649 1.50040734 20.21158542
117100 -0.82122414 1.50212747 21.31874781
117200 -0.92346758 1.53529772 18.91626782
117300 -0.81836519 1.14093202 17.95793119
117400 -0.89973891 1.76137161 23.56532245
117500 -0.87567680 1.55881796 20.58797892
117600 -0.79169149 1.38190654 20.69113556
117700 -0.96765955 1.45893221 16.68771798
117800 -0.90944222 1.33369559 16.80390615
117900 -0.52133389 1.31477724 29.08639299
118000 -0.81323398 1.59862546 23.02751361
118100 -0.46933242 1.21389761 30.22453931
118200 -0.65125456 1.16283317 23.35961114
118300 -0.73843393 1.49027445 23.67938661
118400 -0.47802730 1.14910354 29.50156494
118500 -0.75510300 1.56713136 24.28827864
118600 -0.97152631 1.55730152 17.98524126
118700 -0.78517246 1.24890033 19.64031693
118800 -0.73620339 1.27418773 21.36079142
118900 -0.51488410 1.04965061 27.71990598
119000 -0.93236834 1.52545360 18.53241594
119100 -0.66703413 1.27032034 23.57386931
119200 -0.52210262 1.15958290 27.90496658
119300 -0.81943547 1.46737869 20.89826125
119400 -0.61511651 1.26937427 25.32987121
119500 -0.58932707 1.20973512 25.78443954
119600 -0.65292220 1.34089995 24.69174207
119700 -0.90378910 1.49520225 18.87409842
119800 -0.84096960 1.42477664 19.72949825
119900 -0.38287819 1.12868857 33.13357919
120000 -0.96477072 1.44114934 16.53562902
120100 -0.58779390 1.16569394 25.56579796
120200 -0.93437767 1.45605854 17.52334212
120300 -0.88398081 1.54199242 20.09867138
120400 -0.52184201 1.15124355 27.86968605
120500 -0.50187624 1.27688976 29.47336897
120600 -0.36890687 1.15030830 33.80867961
120700 -0.84251846 1.65561300 23.14831869
120800 -0.58332026 1.13530466 25.56406746
120900 -0.94874578 1.44973816 17.06210527
121000 -0.78521004 1.40166509 21.11061621
121100 -0.89352508 1.64432086 21.50443283
121200 -0.91950828 1.43706492 17.68169872
121300 -0.80784647 1.26516284 19.08701136
121400 -0.64420581 1.19244125 23.77380589
121500 -0.50424841 1.21288120 28.89671218
121600 -0.64698322 1.32724095 24.75762443
121700 -0.90670453 1.42109243 17.83431150
121800 -0.87244018 1.48808391 19.64733901
121900 -0.84334637 1.53367981 21.12879175
122000 -0.95798265 1.41182130 16.35519371
122100 -0.79474614 1.43365082 21.20409992
122200 -0.57032172 1.15153955 26.10911199
122300 -0.65034580 1.33209503 24.69131208
122400 -0.72591675 1.48402719 23.99067154
122500 -0.45525021 1.15180140 30.38889673
122600 -0.87092138 1.52919321 20.27458974
122700 -0.95134511 1.47239056 17.28895984
122800 -0.83774955 1.49999622 20.80527344
122900 -0.89512610 1.41237117 18.04851080
123000 -0.93334665 1.55858664 19.00498486
123100 -0.78543161 1.51384802 22.55597415
123200 -0.88735147 1.38179191 17.91458565
123300 -0.57841308 1.09836316 25.57485334
123400 -0.85234982 1.39090057 19.00515334
123500 -0.47078860 1.11203445 29.60104188
123600 -0.44568384 1.29651535 31.78752401
123700 -0.71200351 1.48071066 24.39128705
123800 -0.52953644 1.11313356 27.40297886
123900 -0.59370561 1.25082467 25.92844867
124000 -0.61029478 1.32883509 26.03091670
124100 -0.87070202 1.32346266 17.77946928
124200 -0.77565930 1.59637772 24.12302334
124300 -0.84592293 1.36521337 18.90875350
124400 -0.92458758 1.47341936 18.01310105
124500 -0.52942654 1.24138081 28.16770848
124600 -0.52912321 1.13622343 27.52477708
124700 -0.60081110 1.24466895 25.63190947
124800 -0.53436266 1.10235436 27.18064701
124900 -0.52411437 1.15506763 27.80615587
125000 -0.44620610 1.20604406 31.06318640
125100 -0.77344660 1.23855798 19.91962632
125200 -0.84682273 1.53643074 21.06934292
125300 -0.85364770 1.50770460 20.45515142
125400 -0.44312797 1.14617804 30.82949889
125500 -0.64288519 1.12093143 23.43120997
125600 -0.88935478 1.23543163 16.51015820
125700 -0.83579324 1.32194891 18.76577954
125800 -0.60299923 1.16676287 25.03790690
125900 -0.85592889 1.47489540 19.93764747
126000 -0.57997279 1.06981904 25.41662839
126100 -0.48708064 1.20740267 29.50536477
126200 -0.75736239 1.44529665 22.49341180
126300 -0.53306139 1.15776893 27.49165244
126400 -0.59176074 1.23779170 25.89772141
126500 -0.51453591 1.16229746 28.20024650
126600 -0.84767145 1.69430645 23.71049125
126700 -0.68507542 1.06868682 21.81983686
126800 -0.58607451 1.18955728 25.76830150
126900 -0.58236904 1.32790894 27.00188599
127000 -0.83625414 1.59105505 22.22721391
127100 -0.45862953 1.17099129 30.36474870
127200 -0.81254452 1.49202599 21.43479009
127300 -0.67845294 1.30678090 23.51268584
127400 -0.44758465 1.22058907 31.10904576
127500 -0.51519448 1.11064953 27.92210879
127600 -0.69765107 1.23276537 22.27280381
127700 -0.44163447 1.14270106 30.86988562
127800 -0.87566441 1.53556710 20.23538359
127900 -0.94145225 1.40625743 16.72399154
128000 -0.85541601 1.46380822 19.80559458
128100 -0.87177495 1.50493271 19.90050906
128200 -0.94668109 1.55272051 18.56133942
128300 -0.56816283 1.40561370 28.33692243
128400 -0.92322791 1.56245334 19.33607858
128500 -0.82225817 1.26994726 18.69926263
128600 -0.64965199 1.26242016 24.09243125
128700 -0.77545407 1.47365584 22.30376596
128800 -0.82326805 1.66326227 23.84758009
128900 -0.53103370 1.22516086 27.98973397
129000 -0.43031250 1.16119601 31.41058134
129100 -0.48345407 1.16949574 29.40724825
129200 -0.73613489 1.51459333 24.09390632
129300 -0.67722680 1.45930645 25.24260148
129400 -0.78805004 1.32481539 20.21131977
129500 -0.66100552 1.19945601 23.25279544
129600 -0.81332808 1.69049084 24.64283427
129700 -0.64740789 1.27786222 24.29570369
129800 -0.43017691 1.08185683 31.05584851
129900 -0.47186821 1.16580627 29.82719043
130000 -0.54823767 1.24797999 27.53081922
130100 -0.89898998 1.39172783 17.70351362
130200 -0.65841941 1.23605095 23.59355821
130300 -0.91678311 1.37151461 16.99454610
130400 -0.70488089 1.18111852 21.69339563
130500 -0.84461073 1.66780334 23.30777584
130600 -0.54385254 1.10510658 26.84532005
130700 -0.77009517 1.60974926 24.51537470
130800 -0.74273377 1.19043301 20.54293841
130900 -0.77367331 1.44174369 21.94529838
131000 -0.73589418 1.34775650 22.05286110
131100 -0.75623946 1.52719264 23.64669353
131200 -0.96241790 1.28158592 14.91571950
131300 -0.79503786 1.52327115 22.40173753
131400 -0.64869934 1.26808798 24.17068989
131500 -0.61297210 1.28805521 25.56236015
131600 -0.77860081 1.29860537 20.25517243
131700 -0.82977851 1.42298833 20.03370085
131800 -0.62101172 1.29931857 25.38398152
131900 -0.60544345 1.35560199 26.46891214
132000 -0.80084672 1.60717175 23.53858424
132100 -0.89424521 1.39380289 17.85788396
132200 -0.65933985 1.20479685 23.34358763
132300 -0.70954347 1.41267714 23.60877173
132400 -0.81798343 1.19621821 18.28513679
132500 -0.69187565 1.42524138 24.33310653
132600 -0.53386430 1.16669131 27.51178559
132700 -0.97797738 1.42933934 16.04979031
132800 -0.55972472 1.11279359 26.30313142
132900 -0.70683262 1.31047246 22.61914643
133000 -0.55204746 1.27969161 27.64946180
133100 -0.41942777 1.14554505 31.75571680
133200 -0.76750432 1.35352654 21.12562243
133300 -0.85021202 1.54358736 21.07912628
133400 -0.84987448 1.52664099 20.83670443
133500 -0.41608369 1.19589983 32.17844492
133600 -0.77332572 1.32841471 20.69494740
133700 -0.88011759 1.56292077 20.52708624
133800 -0.54228157 1.17465363 27.25006677
133900 -0.38464341 1.17930401 33.33304155
134000 -0.50949799 1.07517289 27.99834949
134100 -0.92703730 1.48469847 18.09931715
134200 -0.90576447 1.26273233 16.26884436
134300 -0.80426299 1.35733265 20.04941935
134400 -0.61607568 1.28112081 25.39512414
134500 -0.67196050 1.16658343 22.68786217
134600 -0.51959342 1.11735433 27.78822763
134700 -0.86238806 1.53150075 20.55042576
134800 -0.57473262 1.22008185 26.37291164
134900 -0.80451840 1.46274052 21.28042388
135000 -0.86970436 1.30123298 17.60071874
135100 -0.92947590 1.61018171 19.93956709
135200 -0.57276525 1.08164877 25.71329268
135300 -0.89666825 1.59761913 20.62254829
135400 -0.67260280 1.39630441 24.62746318
135500 -0.74251285 1.24043037 20.89415417
135600 -0.72032226 1.37609910 22.84696928
135700 -0.77107102 1.53430874 23.29336653
135800 -0.50214062 1.09699795 28.35288852
135900 -0.59223053 1.14027130 25.27404362
136000 -0.64121657 1.25474147 24.31693263
136100 -0.53666843 1.12286971 27.18475780
136200 -0.90999994 1.58821366 20.10351343
136300 -0.66431593 1.49151262 26.10272649
136400 -0.53924592 1.11558517 27.05790780
136500 -0.89727835 1.50265716 19.15722645
136600 -0.87733200 1.44994565 19.00535002
136700 -0.68338060 1.36019340 23.87561412
136800 -0.76813810 1.33307891 20.89993470
136900 -0.65951995 1.35949184 24.66075215
137000 -0.69706281 1.41766650 24.07263246
137100 -0.64463675 1.09965315 23.28123344
137200 -0.59722594 1.17626060 25.29492660
137300 -0.92004848 1.40546785 17.28694523
137400 -0.63427483 1.24274130 24.46071903
137500 -0.52864606 1.18073577 27.78545162
137600 -0.72277222 1.27022854 21.75452117
137700 -0.89358637 1.48113486 18.96222558
137800 -0.60289323 1.02355022 24.48609952
137900 -0.96048870 1.48972867 17.28481693
138000 -0.88696209 1.57718648 20.56075008
138100 -0.85727387 1.43054139 19.33067325
138200 -0.44834006 1.12707561 30.53307335
138300 -0.75023850 1.36786303 21.81213223
138400 -0.73472481 1.46745410 23.48911436
138500 -0.85797968 1.35084664 18.41256716
138600 -0.90675971 1.37945397 17.35367658
138700 -0.57915314 1.15805526 25.82942373
138800 -0.46414266 1.11446865 29.86621352
138900 -0.45386878 1.17940487 30.59795536
139000 -0.87131719 1.35969544 18.12586426
139100 -0.57654468 1.05551956 25.49462259
139200 -0.61522133 1.17022254 24.63267972
139300 -0.73521421 1.38732255 22.49725692
139400 -0.49330011 1.04811778 28.52292506
139500 -0.59439175 1.32515816 26.55101692
139600 -0.69763636 1.40111855 23.85976703
139700 -0.79144652 1.56408024 23.12597090
139800 -0.66340357 1.43948523 25.44969388
139900 -0.84061587 1.49193250 20.61001324
140000 -0.91041929 1.54329566 19.38939709
140100 -0.60334314 1.14295823 24.89803035
140200 -0.39517739 1.12579584 32.62469630
140300 -0.65321679 1.38272166 25.12284353
140400 -0.41705111 1.15674324 31.90881025
140500 -0.83557239 1.40451794 19.64585722
140600 -0.43832009 1.17620201 31.18294420
140700 -0.42742446 1.14717026 31.44891677
140800 -0.57477318 1.08557402 25.65579116
140900 -0.79069390 1.42399873 21.20845029
141000 -0.54764155 1.10709922 26.71584030
141100 -0.59484171 1.40315441 27.36227276
141200 -0.81765749 1.53029191 21.82972936
141300 -0.90672595 1.52115753 19.16240268
141400 -0.46155865 1.19261610 30.38270854
141500 -0.42642791 1.20342141 31.81899938
141600 -0.47041521 1.17654523 29.94479112
141700 -0.61052206 1.28037309 25.58128476
141800 -0.93482993 1.61445711 19.86849608
141900 -0.79609557 1.54438282 22.68330587
142000 -0.55004087 1.08036431 26.52604509
142100 -0.84997366 1.49372425 20.36463915
142200 -0.50267560 1.16907482 28.68069550
142300 -0.78137257 1.33790720 20.54228688
142400 -0.50780519 1.07054735 28.04609943
142500 -0.62636490 1.11757273 23.98006844
142600 -0.47578893 1.17517847 29.73160378
142700 -0.85828977 1.55267914 20.98597471
142800 -0.67271258 1.34382927 24.05962480
142900 -0.50757587 1.20204557 28.69997079
143000 -0.61264804 1.41246448 26.84960175
143100 -0.76999159 1.34749257 20.98713594
143200 -0.56372446 1.13792678 26.27578050
143300 -0.52185145 1.13147768 27.76983551
143400 -0.69909402 1.37180018 23.48509705
143500 -0.70856137 1.09093374 21.13243400
143600 -0.45112257 1.19584638 30.80598337
143700 -0.47217390 1.19604417 29.99764027
143800 -0.58842790 1.16493137 25.53912380
143900 -0.90090763 1.37745628 17.49215047
144000 -0.89528355 1.48798627 19.00859224
144100 -0.77672135 1.61278550 24.36313739
144200 -0.50949369 1.19841781 28.60486044
144300 -0.53563683 1.03385353 26.91459964
144400 -0.68310858 1.43725402 24.76830702
144500 -0.43665925 1.19984503 31.39442172
144600 -0.91346735 1.60533128 20.29023635
144700 -0.60237891 1.46097053 27.80943756
144800 -0.62975925 1.04342056 23.60319406
144900 -0.76349459 1.57618619 24.17098130
145000 -0.80816149 1.53350062 22.15902527
145100 -0.83005635 1.37523114 19.47742860
145200 -0.52089554 1.31176602 29.07449959
145300 -0.60586522 1.33751544 26.27037883
145400 -0.85368696 1.45283482 19.71291435
145500 -0.85493231 1.54007289 20.89084371
145600 -0.84468145 1.54882149 21.31780691
145700 -0.61034984 1.21218796 25.06517322
145800 -0.53776801 1.12855831 27.17095778
145900 -0.83023563 1.41090792 19.87628689
146000 -0.92105243 1.66826831 21.18128226
146100 -0.61378426 1.17663465 24.71987535
146200 -0.84740213 1.54654744 21.20477059
146300 -0.80841034 1.57799030 22.83646923
146400 -0.48979692 1.16124281 29.12077173
146500 -0.73706955 1.49769946 23.82527509
146600 -0.84234292 1.59954637 22.18964161
146700 -0.73212740 1.32124889 21.91064553
146800 -0.61780965 1.20395277 24.75151551
146900 -0.79291558 1.48462944 21.92092541
147000 -0.73945305 1.30934731 21.56745044
147100 -0.38352152 1.16361789 33.28759529
147200 -0.93177812 1.46422391 17.69885870
147300 -0.86776642 1.52618291 20.31954092
147400 -0.57859367 1.12619749 25.68831840
147500 -0.53354815 1.16579444 27.51830190
147600 -0.64188789 1.34891441 25.14599379
147700 -0.72295166 1.40688220 23.11039315
147800 -0.61505389 1.21167853 24.89856190
147900 -0.59349451 1.19960423 25.57065050
148000 -0.81482507 1.63849187 23.65663126
148100 -0.54699718 1.09870346 26.70504983
148200 -0.84111158 1.54006745 21.28879150
148300 -0.64972545 1.22676759 23.81846276
148400 -0.77263448 1.27064204 20.19687856
148500 -0.55951712 1.31376013 27.68359453
148600 -0.46636077 1.10458292 29.73921048
148700 -0.63077677 1.23932391 24.55458831
148800 -0.48279298 1.21101282 29.69206376
148900 -0.59735154 1.28065733 26.04337636
149000 -0.69911360 1.22396113 22.16174167
149100 -0.66723070 1.15044920 22.75703603
149200 -0.93333742 1.46377822 17.65140862
149300 -0.55637823 1.36571532 28.31596672
149400 -0.83342132 1.38913879 19.53289337
149500 -0.64384412 1.34626173 25.05259211
149600 -0.83250295 1.42719006 20.00504396
149700 -0.84200141 1.33867175 18.74874884
149800 -0.65230352 1.31508623 24.46219348
149900 -0.54494528 1.24328159 27.61454968
150000 -0.88135574 1.55093964 20.30765268
150100 -0.73052193 1.59795876 25.55605389
150200 -0.58413640 1.25732852 26.31708887
150300 -0.56967851 1.24276879 26.71860619
150400 -0.92680861 1.62479542 20.25855665
150500 -0.49330303 1.27783776 29.80337639
150600 -0.86889141 1.46178515 19.39582973
150700 -0.97034630 1.41815533 16.11024062
150800 -0.78783010 1.47566096 21.95360672
150900 -0.85541011 1.49974097 20.29244958
151000 -0.60273920 1.17668827 25.10448843
151100 -0.98594248 1.39856070 15.48238206
151200 -0.89028477 1.61191873 21.03678352
151300 -0.79749233 1.36655864 20.34971213
151400 -0.51933688 1.15821689 27.99977347
151500 -0.84431784 1.53642480 21.14154750
151600 -0.63630677 1.14471015 23.76956850
151700 -0.89114019 1.46655827 18.83542105
151800 -0.76509298 1.39623113 21.66427728
151900 -0.75776962 1.39359775 21.86109053
152000 -0.81503370 1.45017168 20.80525364
152100 -0.92536844 1.35596191 16.59821614
152200 -0.55623738 1.26993086 27.41631110
152300 -0.61661154 1.34603126 25.98281248
152400 -0.88162840 1.39882488 18.26594130
152500 -0.88973419 1.60233445 20.89221347
152600 -0.58347100 1.21767569 26.04572741
152700 -0.86273155 1.62482828 22.02961630
152800 -0.77794279 1.32462957 20.51704658
152900 -0.39323913 1.13655567 32.75393292
153000 -0.79136763 1.59392620 23.60514599
153100 -0.54681296 1.23584254 27.49094238
153200 -0.53087749 1.07795447 27.21690483
153300 -0.84387445 1.36745583 18.99180965
153400 -0.44886612 1.15051566 30.62916454
153500 -0.62518672 1.30544932 25.29580952
153600 -0.53205196 1.21386143 27.87339426
153700 -0.92258118 1.54973024 19.15752851
153800 -0.44952110 1.20770836 30.94565715
153900 -0.34619787 1.14508997 34.71404242
154000 -0.49996795 1.07125364 28.34154573
154100 -0.79735216 1.40642101 20.79887976
154200 -0.58367710 1.26184511 26.36943542
154300 -0.49042184 1.26119528 29.77490807
154400 -0.53117377 1.20381100 27.83808404
154500 -0.89796359 1.48752922 18.92840607
154600 -0.87009608 1.49150419 19.76049674
154700 -0.93948324 1.45056365 17.31713804
154800 -0.93857735 1.57301490 19.09157383
154900 -0.57910525 1.28799022 26.75048846
155000 -0.63873168 1.24479965 24.32442822
155100 -0.66364473 1.17191741 22.99538868
155200 -0.79044948 1.51519799 22.42331486
155300 -0.88270300 1.53845225 20.08122092
155400 -0.55304974 1.23082935 27.22808456
155500 -0.52529882 1.09077566 27.46846107
155600 -0.82608489 1.39618489 19.82726675
155700 -0.54080323 1.05723221 26.78748249
155800 -0.57145475 1.38058471 27.93570518
155900 -0.72070856 1.19540257 21.27271336
156000 -0.87004382 1.58236954 21.11799484
156100 -0.78046896 1.30744183 20.27836822
156200 -0.53058025 1.09746692 27.29987790
156300 -0.86387246 1.52701660 20.44217852
156400 -0.75281212 1.37660902 21.82631326
156500 -0.56904810 1.20702021 26.48653927
156600 -0.71426968 1.32545292 22.52095513
156700 -0.41891391 1.12122516 31.65844712
156800 -0.46373315 1.07448390 29.72752205
156900 -0.40022193 1.13504581 32.46665923
157000 -0.90999941 1.43441709 17.90686945
157100 -0.94430861 1.31303255 15.67046992
157200 -0.69075846 1.33186068 23.34585252
157300 -0.62609525 1.34741426 25.67000817
157400 -0.41047281 1.22899955 32.62646784
157500 -0.57979127 1.25559828 26.45743904
157600 -0.81659840 1.51766243 21.67666535
157700 -0.64769005 1.31038579 24.57409775
157800 -0.88354417 1.49317103 19.40589778
157900 -0.81058143 1.36069305 19.89623970
158000 -0.66645383 1.40490344 24.93100739
158100 -0.96041572 1.48803415 17.26346123
158200 -0.48326195 1.25400297 29.98865224
158300 -0.51096709 1.21912114 28.68909534
158400 -0.65721325 1.25182865 23.75391689
158500 -0.43251762 1.11182596 31.08156463
158600 -0.43792006 1.16411935 31.12904032
158700 -0.46606988 1.20148712 30.26646402
158800 -0.46447427 1.09101467 29.75805861
158900 -0.49808865 1.07084343 28.41072123
159000 -0.49251899 1.22350804 29.41094756
159100 -0.77179353 1.26475384 20.17445247
159200 -0.82796720 1.39847783 19.79828499
159300 -0.92098461 1.55849350 19.33510533
159400 -0.82375707 1.56164792 22.12491957
159500 -0.58598039 1.33108688 26.90500508
159600 -0.59410650 1.19459148 25.51691700
159700 -0.47839236 1.31713868 30.71904249
159800 -0.50039611 1.12724526 28.54840782
159900 -0.66925696 1.36550925 24.39918971
160000 -0.61079521 1.36042460 26.33308493
160100 -0.87810454 1.51526602 19.86975522
160200 -0.90754695 1.59899307 20.34656914
160300 -0.85705123 1.49810819 20.22270810
160400 -0.50431035 1.14620392 28.49509476
160500 -0.59117379 1.32560839 26.66856401
160600 -0.73123094 1.43154849 23.14243565
160700 -0.88165963 1.42975655 18.63183325
160800 -0.70249035 1.49958322 24.95830852
160900 -0.94549794 1.36005230 16.10523160
161000 -0.73918686 1.39363874 22.44297347
161100 -0.40433306 1.15690746 32.41502307
161200 -0.51475634 1.16581406 28.21175895
161300 -0.88823237 1.52942169 19.79306505
161400 -0.87883387 1.52910390 20.05071123
161500 -0.66523888 1.33199411 24.19058285
161600 -0.45589200 1.19177503 30.59575226
161700 -0.95673088 1.49169081 17.40966519
161800 -0.40578755 1.18794016 32.53734594
161900 -0.47631891 1.20104660 29.87186756
162000 -0.85694488 1.60198937 21.81006166
162100 -0.83373147 1.60105346 22.46467469
162200 -0.52414178 1.20101587 28.07858463
162300 -0.40665817 1.16910378 32.39033395
162400 -0.85798641 1.39215975 18.85804358
162500 -0.55337993 1.18211704 26.89162852
162600 -0.63221712 1.11463556 23.76659481
162700 -0.53201975 1.25183254 28.15256919
162800 -0.51879800 1.25652096 28.67681089
162900 -0.87952993 1.53327026 20.09278485
163000 -0.76854338 1.36907120 21.25734368
163100 -0.53874194 1.26782263 28.03428491
163200 -0.62393448 1.29531021 25.24752063
163300 -0.78835620 1.16959765 19.00994724
163400 -0.59169411 1.17262833 25.46801780
163500 -0.84870570 1.60445023 22.08715841
163600 -0.65234503 1.24896043 23.89538082
163700 -0.59341592 1.15402677 25.30357775
163800 -0.62765539 1.34334837 25.57524532
163900 -0.81833124 1.36694122 19.73274837
164000 -0.49457818 1.12196052 28.74255626
164100 -0.72063819 1.38929579 22.98291701
164200 -0.51985149 1.14871718 27.93003077
164300 -0.66268676 1.16725604 23.00064999
164400 -0.87167536 1.54280552 20.45613738
164500 -0.91478875 1.44567079 17.91732997
164600 -0.70910790 1.45580768 24.15574975
164700 -0.64130935 1.32360649 24.91492759
164800 -0.82103462 1.56334396 22.23146318
164900 -0.93098012 1.57415708 19.31198373
165000 -0.99891046 1.36086700 14.74136616
165100 -0.74993434 1.43445975 22.58943233
165200 -0.88097305 1.41186224 18.43594098
165300 -0.79065500 1.45413347 21.58560673
165400 -0.46984670 1.12409309 29.69074230
165500 -0.86062203 1.47888934 19.85729858
165600 -0.73656671 1.30020141 21.57510914
165700 -0.96670006 1.58302282 18.51483893
165800 -0.40287028 1.20343814 32.75278725
165900 -0.73841885 1.27673959 21.31225703
166000 -0.69118951 1.38504616 23.88813748
166100 -0.78598214 1.23591048 19.51752971
166200 -0.74646855 1.34013415 21.64310549
166300 -0.52707875 1.24329559 28.26856536
166400 -0.64947277 1.32664967 24.66777223
166500 -0.75020815 1.55550964 24.26039744
166600 -0.85155553 1.52727604 20.79772312
166700 -0.66335000 1.27803837 23.76128953
166800 -0.44578888 1.14084795 30.69890137
166900 -0.52863573 1.15612412 27.64528069
167000 -0.55066623 1.19702024 27.08284715
167100 -0.74728720 1.51758699 23.78620130
167200 -0.59937485 1.26240875 25.82122783
167300 -0.92864590 1.52242861 18.58778366
167400 -0.63629145 1.19232028 24.04208159
167500 -0.45725489 1.12350932 30.17172671
167600 -0.69676178 1.30299162 22.87740978
167700 -0.81041659 1.41892688 20.55599543
167800 -0.75864314 1.29416589 20.83000416
167900 -0.81613567 1.24811604 18.70587813
168000 -0.53135388 1.14216347 27.47239375
168100 -0.59409843 1.11159114 25.07503435
168200 -0.59702462 1.26770462 25.94662793
168300 -0.60849945 1.23072969 25.25996926
168400 -0.62842990 1.08550784 23.77971347
168500 -0.89814672 1.50011747 19.09765290
168600 -0.73498312 1.17530228 20.69543577
168700 -0.73144718 1.35230843 22.24030610
168800 -0.82142011 1.35089660 19.47358230
168900 -0.82474621 1.59095752 22.56208969
169000 -0.62442364 1.09622236 23.95769693
169100 -0.88448395 1.48388255 19.25230366
169200 -0.62653256 1.26935675 24.93610856
169300 -0.68651305 1.35598974 23.72869286
169400 -0.71527129 1.34558484 22.68783660
169500 -0.91383641 1.58870770 20.00716261
169600 -0.52977301 1.26510523 28.34076030
169700 -0.48277002 1.15042413 29.32831390
169800 -0.91069473 1.54570757 19.41834541
169900 -0.89660811 1.38316323 17.67334154
170000 -0.90694811 1.52101868 19.15431425
170100 -0.92319433 1.53148081 18.86700018
170200 -0.64243250 1.17209961 23.71074670
170300 -0.77531622 1.40239030 21.42068928
170400 -0.47210802 1.12077514 29.58916941
170500 -0.84142259 1.36258990 19.01104802
170600 -0.58779161 1.17075956 25.59478156
170700 -0.77882049 1.33167308 20.55858991
170800 -0.84272460 1.52769411 21.05838393
170900 -0.83127458 1.50349183 21.04302679
171000 -0.45740422 1.06369761 29.93628548
171100 -0.54365625 1.07966997 26.75556026
171200 -0.89474810 1.51825119 19.44945257
171300 -0.69962001 1.61154955 26.77458658
171400 -0.87669876 1.50552048 19.77023863
171500 -0.48539999 1.08648589 28.94339123
171600 -0.81640353 1.47888042 21.14115879
171700 -0.86116516 1.47914490 19.84527520
171800 -0.58790070 1.17129023 25.59399487
171900 -0.47222244 1.15882163 29.77483972
172000 -0.72179279 1.50911814 24.47136414
172100 -0.83184403 1.52182162 21.28880963
172200 -0.56727396 1.25002137 26.86021438
172300 -0.54455404 1.17284896 27.15676990
172400 -0.95701898 1.44938694 16.84105573
172500 -0.99269812 1.45529465 16.00232057
172600 -0.84230033 1.49981925 20.67082645
172700 -0.89428119 1.51127480 19.36211221
172800 -0.64993192 1.30029160 24.40617337
172900 -0.95938951 1.43745084 16.62909409
173000 -0.93471438 1.59030299 19.47159287
173100 -0.69483434 1.20670457 22.18235913
173200 -0.97927155 1.51576243 17.16736187
173300 -0.62113726 1.10179701 24.09300898
173400 -0.86579306 1.38419266 18.54665642
173500 -0.61433800 1.39260875 26.56142328
173600 -0.35278634 1.09969356 34.23518579
173700 -0.71624036 1.41994245 23.47979450
173800 -0.51740018 1.33235363 29.40054488
173900 -0.81760652 1.30499195 19.14091828
174000 -0.89572659 1.50687961 19.25965311
174100 -0.62763164 1.18315416 24.28148569
174200 -0.42460440 1.20909037 31.92851141
174300 -0.80336502 1.45210120 21.17728632
174400 -0.87717083 1.31998332 17.56415840
174500 -0.55725898 1.37024752 28.33268233
174600 -0.46695843 1.26129898 30.66811849
174700 -0.62904119 1.48814564 27.24989618
174800 -0.61028053 1.32970390 26.03986675
174900 -1.01341347 1.22798877 13.20363142
175000 -0.78220070 1.58370172 23.71733797
175100 -0.67512056 1.27625471 23.35465960
175200 -0.45025776 1.05484614 30.18613290
175300 -0.81124888 1.34288220 19.69304109
175400 -0.40625945 1.16388397 32.37666231
175500 -0.83145740 1.41278272 19.86269139
175600 -0.89492226 1.55593984 20.00723379
175700 -0.53756204 1.09876168 27.04912571
175800 -0.61358114 1.09085125 24.31141706
175900 -0.60946917 1.16001379 24.77477566
176000 -0.52134834 1.17625456 28.02783691
176100 -0.82168380 1.45649546 20.68995794
176200 -0.77788096 1.37319798 21.01544298
176300 -0.84238849 1.67443958 23.49332376
176400 -0.56548258 1.37622149 28.10161778
176500 -0.83225423 1.60008277 22.49174302
176600 -0.88623695 1.54670225 20.10694693
176700 -0.85901150 1.36141168 18.49303208
176800 -0.98044062 1.44618493 16.19655636
176900 -0.41109682 1.06606191 31.75631144
177000 -0.91259784 1.43876602 17.89013758
177100 -0.88610619 1.39015041 18.04243526
177200 -0.59597244 1.27175429 26.01692860
177300 -0.55371350 1.20757047 27.04173238
177400 -0.88680275 1.49962908 19.40491037
177500 -0.86824741 1.24366313 17.16344033
177600 -0.51938605 1.19162640 28.19416877
177700 -0.83240419 1.57796518 22.12849435
177800 -0.64607132 1.27217948 24.29332594
177900 -0.88820875 1.37811023 17.85025443
178000 -0.47037023 1.09100931 29.53213822
178100 -0.85845783 1.58537124 21.49528192
178200 -0.45482566 1.19995166 30.68923261
178300 -0.66879741 1.24028049 23.27835877
178400 -0.58147484 1.28276100 26.62123410
178500 -0.49870230 1.05913205 28.35109032
178600 -0.89155641 1.39564351 17.95322755
178700 -0.87349709 1.39597090 18.46147834
178800 -0.51684409 1.13163435 27.95593977
178900 -0.57480471 1.14229162 25.90129390
179000 -0.55990873 1.23526945 27.01308633
179100 -0.63078677 1.41135322 26.21148397
179200 -0.72518804 1.50072505 24.24447631
179300 -0.85355397 1.45573036 19.75395366
179400 -0.59232377 1.33455954 26.71537009
179500 -0.69922047 1.28830357 22.66678447
179600 -0.68928059 1.31963931 23.27639237
179700 -0.57934504 1.13492889 25.70322240
179800 -0.86279556 1.49999717 20.08538466
179900 -0.64042684 1.32263511 24.93561002
180000 -0.48008623 1.29893145 30.48712060
180100 -0.83279213 1.37728899 19.41994848
180200 -0.48243457 1.19278623 29.58632145
180300 -0.92449419 1.47059278 17.97801803
180400 -0.55239647 1.13889366 26.68893337
180500 -0.65343496 1.08461524 22.92688707
180600 -0.95292659 1.50046403 17.63103313
180700 -0.89957554 1.53203188 19.51794658
180800 -0.45697986 1.21838698 30.73013070
180900 -0.85954605 1.55840250 21.03821074
181000 -0.57148659 1.29490988 27.08264494
181100 -0.86606590 1.61824717 21.82282214
181200 -0.61976963 1.30340314 25.46372134
181300 -0.82995357 1.59695754 22.50752318
181400 -0.82635476 1.60201968 22.69641509
181500 -0.48768225 1.22968958 29.63781289
181600 -0.55008914 1.24424780 27.43510276
181700 -0.80001671 1.49097549 21.79417357
181800 -0.61477300 1.22692977 25.01478177
181900 -0.94290265 1.44366789 17.13920178
182000 -0.80989952 1.48932415 21.47620229
182100 -0.73681700 1.43981804 23.06811699
182200 -0.49830000 1.17286396 28.86660648
182300 -0.59279802 1.19932668 25.59334669
182400 -0.48476900 1.27494719 30.10143251
182500 -0.83336785 1.54636353 21.60884126
182600 -0.84852798 1.47495885 20.15085966
182700 -0.91606702 1.39269639 17.24805921
182800 -0.65554440 1.31730251 24.37397567
182900 -0.91716927 1.50886112 18.70156713
183000 -0.42920479 1.16410515 31.47025908
183100 -0.41543041 1.17384525 32.06930473
183200 -0.84580455 1.36184904 18.87654681
183300 -0.71174508 1.44780099 23.96828241
183400 -0.42918390 1.16971294 31.50289065
183500 -0.81189101 1.38955470 20.17127998
183600 -0.61559674 1.06759459 24.16065967
183700 -0.92997852 1.42784452 17.28672811
183800 -0.46597808 1.17279751 30.09272422
183900 -0.67056165 1.33247563 24.01804311
184000 -0.63593988 1.16687909 23.90167665
184100 -0.61511757 1.05039511 24.12608041
184200 -0.52966503 1.25284188 28.24693696
184300 -0.49656547 1.13687409 28.73843494
184400 -0.76397651 1.27498662 20.49962617
184500 -0.74142836 1.48726469 23.54376510
184600 -0.85523633 1.51751274 20.55006041
184700 -0.59980872 1.08143468 24.75674253
184800 -0.82222971 1.53449446 21.75708143
184900 -0.64631833 1.30165023 24.54056208
185000 -0.46648271 1.10322733 29.72898068
185100 -0.86452759 1.59566522 21.48993090
185200 -0.95046364 1.39075069 16.30878446
185300 -0.62004332 1.25979390 25.08185708
185400 -0.68374130 1.20534873 22.53683638
185500 -0.93638531 1.50570855 18.14127962
185600 -0.72764798 1.33013193 22.13853215
185700 -0.90314062 1.45308121 18.32941025
185800 -0.59890258 1.25244230 25.75867703
185900 -0.75554772 1.43284937 22.39452486
186000 -1.03825098 1.29555348 13.14224326
186100 -0.61994911 1.38049853 26.23224258
186200 -0.79721401 1.63145382 24.06003143
186300 -0.58986913 1.36953793 27.16214889
186400 -0.57589044 1.22619755 26.37496354
186500 -0.48285114 1.14717347 29.30826899
186600 -0.64634941 1.14471173 23.42846027
186700 -0.51861305 1.16343179 28.05536327
186800 -0.88987212 1.60215212 20.88536660
186900 -0.85253007 1.49182097 20.26492033
187000 -0.53327941 1.09049681 27.17398228
187100 -0.71631718 1.27197452 21.97560829
187200 -0.62999930 1.39655146 26.06676463
187300 -0.45330954 1.08673209 30.17227098
187400 -0.48904343 1.16890474 29.19233926
187500 -0.55782217 1.29198808 27.54715631
187600 -0.89977851 1.48683153 18.86890057
187700 -0.52738556 1.23293169 28.18002831
187800 -0.72344773 1.36160871 22.59174516
187900 -0.93739679 1.60664814 19.66931671
188000 -0.52070418 1.20851871 28.25523033
188100 -0.92006020 1.36903672 16.87928096
188200 -0.38231193 1.12632022 33.14537381
188300 -0.57501744 1.08758413 25.65445454
188400 -0.61589795 1.14587354 24.47653009
188500 -0.58877250 1.16193138 25.51020751
188600 -0.49308486 1.06514131 28.58066999
188700 -0.51893896 1.20651144 28.30712683
188800 -0.84710758 1.58392690 21.79753474
188900 -0.44501049 1.17935314 30.94102876
189000 -0.91358371 1.43184219 17.77761360
189100 -0.88194575 1.42311677 18.54308901
189200 -0.90090775 1.49266066 18.91796981
189300 -0.75879867 1.41413783 22.06734267
189400 -0.93261487 1.38132720 16.67600884
189500 -0.74517561 1.54667895 24.28304492
189600 -0.82260348 1.48160553 20.99498894
189700 -0.52924567 1.20423196 27.91171023
189800 -0.56840241 1.26122681 26.90822899
189900 -0.71566464 1.20794227 21.51637955
190000 -0.48560337 1.14551233 29.19540570
190100 -0.81605175 1.60516244 23.05218159
190200 -0.63091799 1.15706002 24.01875752
190300 -0.81737242 1.42987920 20.48237028
190400 -0.69677882 1.24431318 22.38739955
190500 -0.59213475 1.04045236 24.90219042
190600 -0.80725576 1.46604777 21.24206349
190700 -0.84932573 1.44361380 19.72097669
190800 -0.81193699 1.32545841 19.50089885
190900 -0.52010894 1.15134837 27.93432102
191000 -0.53272286 1.42408249 29.84047581
191100 -0.53663303 1.12494970 27.19561617
191200 -0.45157586 1.18870297 30.74338092
191300 -0.78039776 1.46105326 21.98657651
191400 -0.56662403 1.14386818 26.20161142
191500 -0.84902403 1.62188812 22.37146372
191600 -0.58188068 1.35278160 27.26813826
191700 -0.81381618 1.47626807 21.18269361
191800 -0.56322675 1.21492585 26.74876993
191900 -0.53356096 1.12842504 27.32434322
192000 -0.52931578 1.17394922 27.72055380
192100 -0.67179303 1.40923860 24.80398285
192200 -0.82461536 1.44956369 20.51480248
192300 -0.84270113 1.36408302 18.98983845
192400 -0.43105249 1.05215469 30.92718714
192500 -0.56661766 1.12048514 26.08949763
192600 -0.89094260 1.48949087 19.14935667
192700 -0.48972958 1.26525795 29.83386829
192800 -0.84233964 1.43799114 19.85215863
192900 -0.64889651 1.35685210 24.99057885
193000 -0.72300045 1.38307671 22.83806043
193100 -0.47979870 1.16116362 29.49906689
193200 -0.96334191 1.37382670 15.78582003
193300 -0.73445022 1.43136245 23.03816643
193400 -0.68573832 1.25721508 22.84886465
193500 -0.50966089 1.12464535 28.19005723
193600 -0.42498235 1.13471308 31.48242235
193700 -0.83803051 1.44679355 20.08765987
193800 -0.42808670 1.07992316 31.13112393
193900 -0.94976533 1.48109554 17.44721545
194000 -0.88246360 1.54381040 20.16843243
194100 -0.79199474 1.53029875 22.59661664
194200 -0.61719100 1.20457419 24.77700289
194300 -0.71341694 1.41438400 23.50420185
194400 -0.89570200 1.53511025 19.67037834
194500 -0.44283250 1.19290651 31.10915407
194600 -0.76904767 1.36173008 21.16374887
194700 -0.62518762 1.33469070 25.57362293
194800 -0.59130552 1.12724597 25.24351483
194900 -0.89149081 1.56002268 20.16525922
195000 -0.56532470 1.14491008 26.25351689
195100 -0.78966784 1.47827325 21.93302525
195200 -0.84889169 1.66213506 23.08161746
195300 -0.69764641 1.29584244 22.78435894
195400 -0.82165701 1.26233233 18.65487922
195500 -0.66277257 1.13606409 22.83272903
195600 -0.89270336 1.47441500 18.89631556
195700 -0.87623606 1.55300957 20.48282655
195800 -0.59395884 1.06269243 24.90006480
195900 -0.53293484 1.12247477 27.31971524
196000 -0.93741586 1.53857329 18.59218792
196100 -0.60917530 1.24100250 25.31244804
196200 -0.81821644 1.44521431 20.64817354
196300 -0.84620511 1.40386476 19.33016439
196400 -0.90158059 1.48372746 18.77705937
196500 -0.46135030 1.22022665 30.57462330
196600 -0.53899213 1.34924482 28.77531649
196700 -0.79006304 1.51728751 22.46510382
196800 -0.86365078 1.23932206 17.26104048
196900 -0.64483280 1.42844092 25.93815858
197000 -0.55103892 1.05572816 26.41101512
197100 -0.54996104 1.20617668 27.16828772
197200 -0.47523411 1.23563191 30.15386544
197300 -0.41167672 1.20650924 32.42247537
197400 -0.87788942 1.54470261 20.30996756
197500 -0.60395014 1.08508092 24.62504597
197600 -0.72038568 1.32763618 22.34593273
197700 -0.59072579 1.41254421 27.61689791
197800 -0.75065849 1.59147478 24.81591993
197900 -0.85624250 1.54040466 20.85833704
198000 -0.66686777 1.33027722 24.11947320
198100 -0.78462444 1.56928662 23.41424247
198200 -0.61627547 1.18726249 24.69790390
198300 -0.92430747 1.48905873 18.23224868
198400 -0.46500313 1.13658864 29.93578124
198500 -0.79409436 1.56055204 22.99116565
198600 -0.53858252 1.13560524 27.17503073
198700 -0.84974796 1.54295329 21.08290539
198800 -0.69276035 1.39270751 23.92274492
198900 -0.88373809 1.40764396 18.30914393
199000 -0.85367663 1.41173317 19.20736821
199100 -0.66274067 1.43343772 25.39679118
199200 -0.38403748 1.23439292 33.72502588
199300 -0.53181919 1.17755350 27.64983189
199400 -0.77568151 1.35431449 20.88265337
199500 -0.81847280 1.53924038 21.93869462
199600 -0.44337995 1.16419717 30.91662933
199700 -0.79504841 1.46342010 21.57346166
199800 -0.86304264 1.39311891 18.72485974
199900 -0.62106700 1.24799138 24.95393628
