0 0.68923139 1.03034422 0.25115630
100 0.54168593 0.79414779 45.26185005
200 0.53244356 0.85137741 33.76304655
300 0.50401889 0.89372461 31.41529628
400 0.52445031 0.86107668 33.25485657
500 0.47550515 0.84886547 45.42651885
600 0.52142057 0.82443711 41.38461467
700 0.58019943 0.87499199 22.48999038
800 0.54170916 0.82705068 37.38119430
900 0.50582771 0.88935622 31.75464978
1000 0.54028527 0.82770463 37.46201374
1100 0.53410106 0.85321570 33.12325936
1200 0.53398980 0.88390272 27.57384570
1300 0.52392860 0.87077703 31.56100475
1400 0.55431767 0.89652053 22.38964557
1500 0.48704839 0.79935104 54.08664496
1600 0.53892090 0.85106744 32.76031928
1700 0.47483386 0.90778439 35.46253461
1800 0.54162098 0.90931485 22.43811336
1900 0.50837406 0.78043013 54.69420852
2000 0.50281824 0.81351782 47.40223449
2100 0.53524044 0.85824715 31.95743455
2200 0.57391155 0.75574979 51.24074140
2300 0.53043991 0.84783551 34.81055295
2400 0.54246128 0.86423195 29.66410680
2500 0.50569754 0.78329807 54.44168273
2600 0.51923751 0.76109576 58.07036880
2700 0.58861661 0.82871865 30.68584767
2800 0.56061030 0.82728506 34.51571490
2900 0.58522004 0.84972312 26.64263409
3000 0.49391669 0.82570933 46.38831758
3100 0.51897340 0.87273054 32.09754596
3200 0.52695214 0.78377692 50.41014514
3300 0.49123125 0.80381781 52.09503145
3400 0.52825695 0.84376398 36.01448549
3500 0.49450709 0.82063902 47.41689846
3600 0.56549175 0.86096408 26.91352457
3700 0.50418004 0.86737771 35.84817878
3800 0.53033276 0.92432718 22.29031600
3900 0.50941227 0.89202873 30.63930302
4000 0.56289535 0.85322128 28.75977521
4100 0.57927129 0.91344674 16.61110777
4200 0.53818434 0.80715598 42.57876441
4300 0.54919885 0.80170357 42.19605073
4400 0.56435634 0.80014319 40.41381245
4500 0.54214257 0.75828073 55.00955229
4600 0.52862231 0.92115655 22.98547264
4700 0.52068111 0.77651674 53.47417838
4800 0.54660583 0.87650030 26.81595882
4900 0.53629019 0.81506709 40.99718752
5000 0.51665395 0.78561674 51.75714087
5100 0.58365840 0.82486103 32.11146283
5200 0.47732059 0.84424442 45.96073968
5300 0.51772285 0.90573393 27.01882927
5400 0.53987956 0.95555694 17.27902335
5500 0.52072037 0.73576474 65.44249262
5600 0.47858756 0.87936639 39.06964846
5700 0.55442505 0.89202871 23.07349674
5800 0.53009118 0.81960761 40.97483142
5900 0.46280878 0.81907640 54.79269024
6000 0.56282779 0.79432153 42.09384941
6100 0.51478409 0.83690940 39.85626829
6200 0.49854757 0.74903171 65.58249687
6300 0.51490731 0.84503377 38.13522899
6400 0.54291461 0.81353240 40.29637385
6500 0.51032422 0.90243759 28.87578351
6600 0.48247473 0.90376952 34.35029856
6700 0.53706196 0.76932903 52.66249797
6800 0.52582280 0.84019443 37.17803595
6900 0.52544744 0.81155561 43.66216158
7000 0.52056070 0.82597443 41.19295932
7100 0.56719666 0.81408770 36.64567010
7200 0.56325850 0.85770446 27.83790586
7300 0.54173801 0.78786672 46.88035635
7400 0.56686372 0.90133060 19.91393008
7500 0.55177399 0.90049464 22.16140122
7600 0.50901147 0.89528601 30.20651755
7700 0.47385249 0.78763049 59.99022852
7800 0.56930207 0.76000086 50.59072489
7900 0.54193484 0.82241072 38.39073677
8000 0.53198366 0.82274645 39.93683196
8100 0.48469379 0.81193983 51.51470378
8200 0.54209973 0.91509008 21.56658965
8300 0.51711128 0.94346290 22.39921943
8400 0.48989500 0.75590563 65.31780417
8500 0.47109351 0.77793871 63.20776362
8600 0.54348227 0.81858623 39.02506619
8700 0.55418473 0.87524950 25.89991507
8800 0.54121442 0.88515596 26.19320845
8900 0.53750030 0.88217768 27.28524163
9000 0.56728274 0.74091719 56.57302653
9100 0.51027475 0.83301212 41.53970693
9200 0.50704452 0.80197719 49.37356671
9300 0.54419186 0.82188289 38.15679527
9400 0.56923870 0.86188907 26.24211907
9500 0.50379981 0.78090296 55.45386623
9600 0.51438016 0.89986536 28.49756789
9700 0.53370754 0.88488622 27.45787166
9800 0.54627468 0.83712795 34.47299123
9900 0.52026343 0.82756627 40.89099963
10000 0.48941917 0.86780288 38.77003943
10100 0.51101622 0.86771673 34.47102924
10200 0.54577176 0.84777263 32.34112900
10300 0.53294124 0.87532373 29.21021432
10400 0.52830867 0.80263993 45.33245876
10500 0.58953883 0.82319527 31.82102653
10600 0.51864642 0.79224334 49.66380761
10700 0.54420557 0.87211786 27.95697973
10800 0.58543057 0.88108969 20.82842342
10900 0.55097357 0.84782780 31.54123806
11000 0.55066923 0.88771486 24.31807203
11100 0.49754604 0.80528788 50.43581368
11200 0.50368405 0.88115520 33.52425865
11300 0.52461872 0.90336807 26.12975808
11400 0.52955705 0.82388379 40.08967026
11500 0.57000159 0.85071968 28.30611660
11600 0.52950361 0.86787128 31.11994542
11700 0.49568389 0.92873599 28.22501571
11800 0.53214469 0.86766202 30.71127309
11900 0.55134455 0.86923122 27.38789714
12000 0.51732383 0.90187855 27.65527396
12100 0.56400861 0.82370078 34.85249871
12200 0.52636894 0.82357243 40.70859629
12300 0.51797407 0.79920435 48.01594805
12400 0.49758286 0.83520130 43.55558848
12500 0.51648702 0.82807444 41.46398459
12600 0.55696370 0.84113835 32.04128605
12700 0.55957790 0.86654971 26.68618866
12800 0.51684494 0.85236504 36.30267648
12900 0.51224016 0.89038548 30.36527759
13000 0.55315905 0.89897350 22.18563446
13100 0.58381006 0.84975990 26.79810046
13200 0.51897531 0.87877567 31.04385368
13300 0.53907150 0.77522575 50.69943455
13400 0.54085221 0.80064950 43.75184474
13500 0.54444760 0.80767506 41.45896287
13600 0.50347433 0.87377749 34.83835610
13700 0.52344409 0.80450042 45.72101583
13800 0.53476662 0.84628554 34.40082526
13900 0.55604070 0.87227800 26.15469507
14000 0.53376213 0.81074212 42.43968153
14100 0.53276582 0.80514645 43.96026640
14200 0.48294964 0.88420930 37.29870793
14300 0.53016969 0.82643392 39.41206165
14400 0.52051724 0.92493332 23.92786681
14500 0.48705023 0.80473821 52.75047535
14600 0.51429410 0.86811733 33.78399422
14700 0.51086894 0.79272407 50.98072982
14800 0.52700760 0.81664833 42.18968634
14900 0.50447370 0.81339074 47.10723680
15000 0.54708974 0.85842347 30.04155722
15100 0.51790646 0.81623477 43.90211854
15200 0.50813604 0.82862946 42.90834611
15300 0.55804210 0.81705874 37.20683869
15400 0.53901365 0.82187973 38.97773042
15500 0.48210388 0.83320197 47.24005409
15600 0.57699200 0.92298261 15.63219290
15700 0.55968184 0.86718623 26.55503060
15800 0.50271476 0.88867200 32.47409550
15900 0.55552370 0.82928142 34.79504620
16000 0.53359766 0.79708066 45.82896546
16100 0.50912532 0.80021811 49.41206864
16200 0.55547680 0.85812270 28.85192690
16300 0.53161108 0.81702408 41.31630307
16400 0.53708912 0.88151815 27.46304405
16500 0.53513602 0.83015832 37.75524916
16600 0.54509684 0.86656992 28.82079005
16700 0.48039406 0.82627182 49.14053447
16800 0.56477599 0.84217781 30.73779732
16900 0.52107976 0.87776710 30.83831222
17000 0.54289607 0.75931847 54.58869966
17100 0.57686732 0.83920532 29.79802641
17200 0.49460567 0.89348512 33.34186881
17300 0.51956133 0.90499398 26.79242840
17400 0.52653568 0.87395788 30.54034942
17500 0.51492890 0.86923275 33.46405593
17600 0.47914564 0.80919427 53.38202302
17700 0.50916044 0.82608679 43.27843219
17800 0.55651701 0.83439972 33.53542469
17900 0.56132008 0.83426564 32.88671753
18000 0.55303136 0.85187087 30.42746630
18100 0.52479320 0.80589043 45.14345366
18200 0.53450242 0.80154535 44.55957998
18300 0.51098753 0.85001773 37.85931054
18400 0.52569869 0.78217487 51.05562365
18500 0.54337104 0.81669221 39.48257768
18600 0.53910814 0.80259411 43.54793230
18700 0.49790305 0.82681884 45.32650321
18800 0.52735863 0.86750578 31.55459155
18900 0.55707680 0.81848087 37.01407514
19000 0.56715355 0.87266826 24.54736192
19100 0.49647751 0.84641579 41.43396579
19200 0.56481781 0.87723343 24.06125620
19300 0.52142856 0.92657975 23.56015860
19400 0.51393087 0.86886259 33.71624238
19500 0.55994948 0.92189020 18.01313522
19600 0.55527110 0.89342142 22.73165205
19700 0.50188093 0.88462768 33.29958510
19800 0.52380551 0.73086952 66.44437968
19900 0.55379033 0.83296375 34.24099950
20000 0.45591429 0.80183871 60.58092991
20100 0.51168251 0.84366323 39.01916857
20200 0.51419517 0.74266856 64.48802282
20300 0.51611740 0.84137136 38.66935959
20400 0.52440897 0.83516032 38.49415019
20500 0.51481200 0.81082908 45.74866273
20600 0.56626178 0.82669652 33.87517816
20700 0.58469023 0.78453958 41.88278853
20800 0.49735824 0.77058904 59.56708358
20900 0.47485488 0.76882126 64.87590472
21000 0.53472317 0.85527302 32.61751447
21100 0.54070825 0.79469682 45.27678657
21200 0.54293682 0.86967761 28.59250468
21300 0.52019031 0.88246133 30.20036475
21400 0.55689518 0.80885436 39.31510302
21500 0.54448443 0.80814089 41.34046046
21600 0.56083076 0.82683045 34.58636244
21700 0.58864246 0.80689368 35.75059309
21800 0.52505630 0.80862844 44.43276428
21900 0.58228612 0.83738103 29.53169167
22000 0.51164723 0.87073967 33.80551524
22100 0.50568039 0.87780833 33.70504079
22200 0.56671179 0.85447847 27.99720690
22300 0.56814620 0.86129313 26.49785400
22400 0.59167889 0.85846862 24.20886553
22500 0.51130929 0.86775392 34.40890936
22600 0.48114033 0.91939960 32.47800977
22700 0.54765458 0.79730648 43.53157243
22800 0.53474484 0.82689763 38.54196801
22900 0.54698466 0.86874567 28.13341208
23000 0.56905012 0.88206832 22.67446074
23100 0.50491561 0.79425906 51.73067572
23200 0.50914319 0.81096494 46.78204105
23300 0.52240539 0.86711570 32.49325533
23400 0.53830526 0.88350440 26.93298750
23500 0.49047834 0.84952223 42.04532994
23600 0.51271078 0.85935517 35.71135202
23700 0.51827978 0.79166091 49.88066340
23800 0.54095996 0.83736904 35.25283054
23900 0.49907988 0.83629900 43.01850530
24000 0.52533023 0.71939045 69.90610107
24100 0.57067540 0.82644845 33.35007443
24200 0.56098064 0.91853708 18.30444182
24300 0.51956289 0.85039546 36.19976179
24400 0.50388526 0.73094673 70.12799070
24500 0.51388783 0.84629356 38.06702790
24600 0.49486251 0.84249363 42.57014138
24700 0.52383018 0.81382887 43.40630248
24800 0.59532079 0.91317239 14.83976617
24900 0.52336377 0.80586378 45.40142614
25000 0.47203255 0.86987939 42.20629660
25100 0.53109130 0.80964044 43.15143482
25200 0.50556947 0.76477975 59.57691232
25300 0.48932658 0.79548183 54.58139511
25400 0.52211826 0.85712197 34.42192462
25500 0.49674602 0.81473682 48.33047321
25600 0.56315638 0.86446817 26.57411827
25700 0.50175032 0.74966705 64.75140771
25800 0.55064823 0.85641223 29.89108665
25900 0.53112078 0.88114302 28.51643505
26000 0.58384682 0.93576982 13.27004676
26100 0.52644600 0.77296570 53.43449867
26200 0.49045280 0.85635446 40.70431052
26300 0.54783683 0.82034152 37.94832340
26400 0.53214768 0.89143758 26.65822082
26500 0.52838230 0.90534313 25.18912234
26600 0.53640048 0.83802608 35.84887312
26700 0.52375129 0.87348665 31.11028507
26800 0.54381463 0.72054739 66.46644644
26900 0.54670526 0.81280195 39.88109730
27000 0.50407569 0.92912794 26.49819606
27100 0.53155843 0.81678261 41.38145582
27200 0.54698413 0.91040471 21.45035100
27300 0.52932638 0.80665852 44.17228025
27400 0.55341592 0.84692165 31.36385365
27500 0.55472960 0.83085005 34.56509588
27600 0.53925120 0.81339559 40.91091263
27700 0.54455025 0.82755267 36.82371907
27800 0.57907041 0.76852745 46.92538039
27900 0.50891323 0.82157629 44.34577405
28000 0.51183393 0.88193435 31.82626698
28100 0.49944640 0.80487552 50.15387758
28200 0.54459696 0.83878104 34.38177612
28300 0.51305542 0.76819525 57.18109560
28400 0.53927043 0.89308178 25.22866025
28500 0.57167929 0.85228761 27.77819734
28600 0.59431849 0.88397748 19.36602955
28700 0.54822925 0.85628134 30.28063950
28800 0.57180894 0.94744873 13.47485526
28900 0.51378628 0.91041655 27.07954392
29000 0.49958081 0.82679284 44.99464272
29100 0.48652810 0.80114805 53.74877357
29200 0.52841185 0.80259180 45.32665697
29300 0.52031279 0.83623736 38.99097992
29400 0.58321873 0.89429974 18.94021814
29500 0.51809047 0.86309321 34.01261343
29600 0.53366815 0.82088519 40.07994082
29700 0.49960478 0.85970153 38.18587616
29800 0.50487945 0.85909339 37.25868231
29900 0.57327311 0.81577014 35.46166556
30000 0.53893892 0.84157603 34.69061100
30100 0.51356306 0.84654473 38.07639017
30200 0.58236593 0.84368570 28.20168246
30300 0.52996933 0.81153100 42.88894651
30400 0.53023829 0.85882116 32.68419408
30500 0.55071626 0.76407999 52.01794354
30600 0.51697251 0.86281670 34.26832473
30700 0.55789010 0.79567167 42.43906310
30800 0.51971435 0.83485909 39.39426250
30900 0.56603031 0.88900534 21.93357817
31000 0.49263645 0.83279730 45.08832705
31100 0.57726249 0.88033858 21.92474717
31200 0.56555749 0.81526574 36.58748110
31300 0.56873079 0.89972514 19.90707035
31400 0.50644524 0.80528267 48.67500767
31500 0.52293534 0.86412945 32.94987697
31600 0.55148385 0.86447743 28.23783496
31700 0.52868059 0.82765730 39.39330725
31800 0.48371486 0.80566648 53.23906508
31900 0.51779671 0.84916917 36.76553063
32000 0.48974285 0.74344491 69.09204791
32100 0.52956254 0.82942239 38.85170527
32200 0.58719982 0.92054886 14.74073953
32300 0.57128694 0.85187868 27.90955381
32400 0.57132098 0.77845475 45.14755727
32500 0.56965742 0.78652545 43.20401487
32600 0.51561028 0.81368755 44.92157249
32700 0.53603137 0.85306817 32.83392994
32800 0.53184340 0.88295295 28.09067880
32900 0.50061119 0.76472076 60.57007084
33000 0.51458852 0.85061896 37.06510961
33100 0.55717430 0.82821332 34.79425603
33200 0.50929330 0.87467411 33.55410584
33300 0.54850838 0.79405905 44.22774070
33400 0.56790771 0.78604242 43.56098877
33500 0.51720789 0.81268440 44.86582471
33600 0.54497950 0.79934445 43.42978002
33700 0.55869205 0.85498703 28.99899780
33800 0.51295127 0.87471701 32.85567745
33900 0.53919802 0.78609180 47.75240883
34000 0.54785832 0.89414384 23.71911570
34100 0.51881791 0.76608702 56.71676548
34200 0.53615642 0.79624675 45.61771406
34300 0.52493395 0.88841228 28.37935657
34400 0.53493101 0.82446686 39.05648554
34500 0.51273019 0.83864768 39.86989296
34600 0.58636472 0.82014968 32.87207271
34700 0.51830001 0.79173356 49.85822027
34800 0.51617748 0.90710406 27.10498395
34900 0.49635437 0.79687538 52.77180770
35000 0.55167163 0.84087397 32.86750120
35100 0.53232643 0.90226638 24.96982327
35200 0.52561880 0.75955631 57.38317011
35300 0.51212365 0.75245296 61.91588354
35400 0.60653605 0.78458779 39.58957678
35500 0.50925670 0.88333654 32.07985918
35600 0.51718674 0.75752621 59.48080318
35700 0.54780629 0.82329588 37.27884162
35800 0.54088823 0.85775063 31.13818668
35900 0.52605888 0.83109234 39.08803734
36000 0.54661510 0.82359631 37.39277938
36100 0.55498187 0.89780690 22.09649902
36200 0.54276759 0.88179128 26.50810190
36300 0.52057059 0.84428718 37.25633954
36400 0.51089260 0.79713227 49.85184925
36500 0.50780963 0.85017978 38.43262925
36600 0.53648768 0.89522938 25.34511202
36700 0.51277561 0.83837161 39.91977432
36800 0.52652712 0.80649819 44.69298743
36900 0.56009764 0.83700263 32.47027567
37000 0.57163864 0.80376244 38.55478595
37100 0.52936591 0.76253778 55.87526019
37200 0.49867723 0.86139395 38.05155050
37300 0.53276727 0.80482333 44.03919122
37400 0.52882224 0.86251307 32.22658709
37500 0.50948161 0.74349078 65.12257896
37600 0.53379149 0.79322604 46.77906865
37700 0.49742152 0.91834043 29.18614201
37800 0.56213347 0.86288036 27.01046933
37900 0.50860294 0.91512978 27.41140485
38000 0.53289696 0.84568639 34.83373795
38100 0.51158810 0.81779502 44.70909786
38200 0.53246239 0.84493587 35.06007413
38300 0.55149777 0.89675540 22.76840971
38400 0.46476010 0.84707165 48.25886134
38500 0.51344606 0.77009755 56.57387677
38600 0.52556000 0.80419456 45.42481264
38700 0.56110866 0.82420691 35.13666247
38800 0.54439604 0.80793089 41.40502340
38900 0.54683520 0.86393475 29.03986715
39000 0.53247677 0.85945114 32.18645013
39100 0.54674754 0.81314097 39.79425686
39200 0.50440674 0.79762587 50.97471330
39300 0.51922400 0.83861900 38.68094472
39400 0.54132908 0.89086803 25.24972338
39500 0.50360278 0.91214575 28.78783109
39600 0.60197187 0.74650469 50.85946057
39700 0.50636483 0.75106352 63.42879844
39800 0.57890911 0.88446551 21.03233469
39900 0.52219511 0.82856099 40.32490827
40000 0.53986572 0.82555962 38.00823534
40100 0.53529387 0.87165140 29.46816618
40200 0.51227586 0.84298966 39.04681639
40300 0.52078599 0.83416479 39.35124900
40400 0.53023680 0.87570752 29.59870776
40500 0.54448635 0.80844216 41.26734277
40600 0.57407935 0.88482115 21.57003135
40700 0.52313829 0.82290868 41.42526515
40800 0.52950203 0.79090788 48.09914132
40900 0.49201444 0.80586637 51.42961100
41000 0.55175232 0.85694509 29.62378778
41100 0.52143090 0.81808278 42.83626042
41200 0.57026568 0.80166596 39.25039445
41300 0.51090168 0.82429606 43.35022185
41400 0.55154385 0.80623308 40.73076911
41500 0.54074038 0.82575100 37.82562070
41600 0.52688551 0.80606447 44.73658414
41700 0.55674280 0.76746531 50.17423745
41800 0.54496368 0.90527807 22.49034737
41900 0.49970317 0.85723328 38.63891300
42000 0.50800976 0.82453199 43.84803706
42100 0.54277423 0.76094534 54.13626851
42200 0.59607477 0.90223587 16.31734550
42300 0.52960264 0.83347689 37.95875905
42400 0.50386581 0.81224980 47.49688942
42500 0.55688949 0.86997363 26.44505668
42600 0.45117778 0.84370980 52.23407130
42700 0.50209401 0.75642498 62.67653743
42800 0.51089118 0.82518452 43.15207385
42900 0.56794820 0.80448826 38.85684720
43000 0.54323108 0.89111007 24.91125073
43100 0.50501516 0.90327695 29.77337136
43200 0.56288129 0.83003992 33.59198967
43300 0.49951560 0.78072239 56.35221185
43400 0.53601631 0.87724249 28.36790389
43500 0.53214779 0.81228631 42.34108071
43600 0.55870413 0.78712557 44.53374564
43700 0.57090325 0.80219270 39.03721424
43800 0.56486870 0.83434032 32.38478225
43900 0.53776862 0.80002650 44.40288626
44000 0.51318663 0.81325049 45.47478294
44100 0.51062992 0.91156844 27.51216205
44200 0.51813185 0.86927714 32.86838711
44300 0.49792019 0.83537675 43.44969461
44400 0.50523642 0.84740029 39.48974658
44500 0.55207576 0.86694472 27.69540668
44600 0.54895822 0.89608053 23.25241132
44700 0.55410642 0.88303297 24.58146202
44800 0.53415809 0.93159155 20.76204959
44900 0.57511159 0.82197518 33.79621770
45000 0.50905760 0.90872449 28.20888601
45100 0.50972247 0.87726968 33.02065179
45200 0.52127998 0.84868284 36.23472163
45300 0.53123219 0.82489341 39.57777503
45400 0.48099662 0.83428592 47.24752072
45500 0.53105583 0.81472324 41.94864295
45600 0.50087377 0.86118990 37.65025394
45700 0.50917809 0.84885642 38.43586992
45800 0.48823254 0.84586158 43.25897493
45900 0.55127507 0.82696304 35.93229532
46000 0.58085898 0.84518938 28.07098700
46100 0.56131675 0.77971742 46.14285977
46200 0.57724132 0.80227623 38.21837822
46300 0.56166656 0.80424046 39.76694730
46400 0.52373753 0.89538014 27.48787926
46500 0.54016009 0.91335744 22.10999355
46600 0.55744478 0.79119506 43.65099382
46700 0.53717412 0.90351508 23.98504974
46800 0.56254058 0.84326255 30.81773260
46900 0.50679281 0.84309957 40.06840418
47000 0.54298467 0.79414698 45.05729096
47100 0.48690766 0.80247917 53.33745198
47200 0.52019087 0.76381838 57.11562232
47300 0.55665034 0.81988439 36.75115989
47400 0.54402325 0.88180083 26.30985276
47500 0.48587591 0.83790577 45.41654339
47600 0.57085054 0.88033927 22.73217212
47700 0.51134654 0.78393391 53.19064796
47800 0.52775808 0.90061302 25.99187363
47900 0.57797004 0.88874854 20.44667204
48000 0.46440921 0.81283719 55.87460921
48100 0.53038202 0.86387712 31.70599354
48200 0.52077691 0.81075184 44.68030027
48300 0.49271934 0.76601532 61.80628743
48400 0.58817900 0.88410204 20.01303403
48500 0.50900263 0.85977555 36.33266989
48600 0.46931330 0.78458975 61.82947892
48700 0.56872006 0.80453046 38.74486021
48800 0.51383460 0.83078952 41.35539512
48900 0.47690590 0.87838422 39.61147639
49000 0.51470798 0.94107960 23.09839278
49100 0.49372222 0.92920176 28.57136864
49200 0.49750427 0.82293205 46.28218622
49300 0.57158577 0.89517336 20.23075058
49400 0.56944374 0.88685143 21.83119735
49500 0.57169596 0.92978025 15.45735736
49600 0.51866308 0.85760918 34.94865145
49700 0.55400633 0.81755063 37.67343152
49800 0.52703328 0.84788329 35.38432541
49900 0.55877093 0.79772642 41.79380486
50000 0.50343687 0.84137026 41.08171603
50100 0.53395372 0.85980568 31.87262278
50200 0.52177016 0.91493339 25.00443301
50300 0.52279545 0.80026429 46.88468929
50400 0.52239224 0.84678882 36.41964888
50500 0.54048849 0.85799724 31.15449069
50600 0.50017550 0.84272159 41.44708380
50700 0.53308659 0.87931820 28.49618138
50800 0.55821755 0.84919437 30.21258272
50900 0.48649207 0.83716343 45.44252035
51000 0.50446601 0.83014012 43.28595351
51100 0.51341420 0.85151288 37.10570030
51200 0.53589003 0.80415965 43.68478093
51300 0.50432472 0.89100173 31.78463199
51400 0.52158431 0.84708752 36.50281635
51500 0.53271113 0.88528254 27.55870330
51600 0.57243672 0.86075756 26.04254553
51700 0.59245906 0.84560550 26.67108230
51800 0.55552150 0.91185559 19.97895695
51900 0.55973453 0.91810719 18.53505778
52000 0.54113899 0.85287492 32.04755971
52100 0.49423216 0.80200249 51.92158584
52200 0.54094303 0.85653158 31.36457343
52300 0.59660771 0.88970404 18.19237908
52400 0.52680982 0.92450439 22.87199360
52500 0.55771216 0.78987572 43.95523430
52600 0.58138040 0.81398902 34.88589579
52700 0.54827791 0.84151413 33.24297619
52800 0.55063244 0.86689694 27.91869964
52900 0.54952503 0.78900233 45.38124867
53000 0.49906338 0.85449737 39.29840295
53100 0.55276714 0.86972613 27.08809124
53200 0.56228369 0.88210637 23.57702663
53300 0.60213806 0.83413217 28.08793979
53400 0.55263110 0.81146370 39.30857916
53500 0.47405869 0.91188200 35.06302926
53600 0.58516620 0.84073205 28.48993844
53700 0.53430720 0.84020404 35.73422544
53800 0.54579958 0.90091866 23.00150818
53900 0.53055881 0.74860184 59.77558536
54000 0.47436509 0.79523468 57.90824062
54100 0.55011023 0.83615992 34.09726150
54200 0.56531826 0.82424395 34.55248311
54300 0.51688798 0.83723696 39.39906104
54400 0.51412726 0.86442749 34.49291568
54500 0.55007040 0.84388379 32.48138974
54600 0.51711660 0.82402848 42.25473268
54700 0.51846505 0.81580664 43.90073511
54800 0.48007735 0.76753291 64.07681430
54900 0.56380716 0.75256889 53.50687732
55000 0.50700691 0.86504263 35.72778004
55100 0.51215124 0.84087815 39.50955181
55200 0.53407851 0.81548070 41.26462188
55300 0.52323373 0.92389673 23.57417406
55400 0.54531809 0.77818068 48.90611933
55500 0.54176277 0.84195274 34.16134124
55600 0.53285393 0.87763912 28.82304174
55700 0.56256513 0.80372837 39.76902910
55800 0.51156092 0.79290449 50.80369331
55900 0.52686716 0.84168435 36.68519454
56000 0.53488949 0.83033955 37.75609551
56100 0.56307298 0.83986975 31.45186408
56200 0.54414169 0.79523519 44.59846109
56300 0.53547065 0.82119435 39.71096599
56400 0.56285731 0.95575444 13.84517130
56500 0.52387796 0.84455762 36.61277109
56600 0.49397042 0.74780840 66.88397482
56700 0.49602531 0.72960077 72.13067239
56800 0.53156338 0.77330798 52.46468229
56900 0.55826360 0.87060923 26.13512849
57000 0.53404312 0.88723850 27.01649675
57100 0.55786817 0.83246966 33.76045329
57200 0.57260125 0.77794293 45.12274500
57300 0.50036045 0.89172754 32.45306090
57400 0.55313668 0.83856091 33.13766266
57500 0.53457179 0.80200573 44.43382360
57600 0.52091288 0.89232079 28.46746380
57700 0.59320454 0.86500148 22.81486063
57800 0.53301234 0.80615877 43.67171247
57900 0.43906836 0.82201411 60.03144223
58000 0.55305564 0.82509986 36.08635778
58100 0.55768205 0.79917806 41.58302331
58200 0.55709566 0.78866757 44.35814538
58300 0.54931199 0.86865621 27.79622346
58400 0.52183164 0.85136724 35.59946845
58500 0.52717263 0.80852444 44.08987289
58600 0.52976565 0.84292614 35.92965986
58700 0.47482544 0.86419423 42.61368358
58800 0.53167612 0.79311955 47.16024741
58900 0.55529196 0.77686584 47.77134330
59000 0.53620954 0.84244853 34.95246348
59100 0.55963373 0.79968407 41.18037641
59200 0.55268719 0.93835469 17.08286921
59300 0.51550718 0.82215798 42.97479378
59400 0.55473746 0.75456471 54.19160844
59500 0.54411211 0.86481282 29.29766381
59600 0.55382083 0.77557370 48.33907269
59700 0.51159705 0.87491108 33.07590089
59800 0.51852879 0.86878485 32.88536553
59900 0.51095976 0.83290747 41.43268981
60000 0.57183953 0.91224947 17.70015735
60100 0.50140623 0.90813863 29.78206676
60200 0.52173090 0.79867571 47.47188516
60300 0.50504275 0.84712437 39.58342445
60400 0.55630701 0.81344162 38.30377206
60500 0.53303270 0.86866886 30.37952928
60600 0.53065140 0.94077228 20.30482140
60700 0.52496583 0.86192783 33.00405069
60800 0.53469790 0.79656428 45.77722545
60900 0.51982893 0.91370263 25.51929452
61000 0.55092226 0.80872369 40.21921389
61100 0.46578281 0.82208556 53.40134221
61200 0.51394617 0.76121793 59.00555484
61300 0.48627939 0.85761686 41.34388515
61400 0.48299504 0.80450568 53.67930722
61500 0.52300014 0.82265009 41.50846688
61600 0.54387745 0.78073698 48.43841328
61700 0.52540735 0.82590254 40.35113097
61800 0.54287090 0.84245680 33.88186772
61900 0.52018592 0.78353270 51.66896155
62000 0.51888267 0.84856635 36.68950056
62100 0.55922779 0.76880497 49.44372875
62200 0.54456602 0.80484363 42.13068441
62300 0.55478277 0.77927565 47.18985870
62400 0.53727140 0.82713782 38.07407400
62500 0.53988322 0.87710906 27.76432975
62600 0.52643517 0.85379929 34.30973397
62700 0.51060455 0.86936659 34.24953264
62800 0.53475581 0.79907016 45.13571354
62900 0.58130159 0.78995332 40.85679445
63000 0.52904295 0.84826453 34.96175603
63100 0.55272639 0.89902417 22.24160924
63200 0.59036949 0.81239999 34.23630609
63300 0.52743450 0.81908651 41.54994602
63400 0.57283104 0.86277956 25.61171995
63500 0.55674471 0.88864858 23.27818036
63600 0.49455146 0.88074890 35.42751911
63700 0.49532950 0.87843603 35.66210383
63800 0.52658264 0.88746630 28.24539231
63900 0.55487567 0.83744652 33.12002678
64000 0.51615806 0.84817264 37.26607025
64100 0.51155503 0.79813751 49.47310930
64200 0.52644968 0.83101987 39.03600665
64300 0.52452535 0.83424923 38.66987437
64400 0.52171798 0.85784976 34.35309700
64500 0.53469972 0.85431885 32.80764724
64600 0.53086481 0.89695293 26.01505932
64700 0.53191854 0.82633165 39.13945478
64800 0.56861776 0.91320026 17.98773060
64900 0.51424463 0.88855832 30.28423677
65000 0.55062602 0.75242943 55.43041489
65100 0.55862817 0.76111570 51.72006724
65200 0.56043692 0.80888443 38.80728440
65300 0.52361285 0.82074646 41.83480581
65400 0.54244916 0.89398237 24.58188359
65500 0.53443467 0.84776062 34.15632167
65600 0.53120124 0.83146749 38.12473924
65700 0.49729738 0.77131534 59.37674550
65800 0.49740740 0.83573164 43.47734640
65900 0.57109401 0.81765170 35.30124489
66000 0.50150437 0.77519286 57.45973869
66100 0.50524002 0.88292310 32.92307045
66200 0.52490423 0.78327033 50.90162188
66300 0.53272794 0.85573420 32.85957101
66400 0.53150735 0.81977397 40.69689858
66500 0.54195163 0.78995695 46.30083667
66600 0.57524062 0.75150458 52.33220923
66700 0.53928780 0.83260396 36.54472455
66800 0.52877352 0.87712376 29.60235023
66900 0.54372115 0.96685515 15.66807250
67000 0.52654607 0.81112997 43.57257809
67100 0.53223837 0.81511287 41.65796546
67200 0.53546325 0.84960378 33.61549307
67300 0.50622742 0.84626112 39.52867104
67400 0.54437674 0.91713552 20.93578476
67500 0.52046768 0.81581940 43.53620234
67600 0.54069730 0.81949993 39.25381663
67700 0.54306544 0.88220454 26.39188574
67800 0.53399659 0.83278981 37.36869870
67900 0.52188564 0.89602967 27.71579340
68000 0.53921819 0.77081646 51.89712035
68100 0.49143205 0.86943624 38.05192983
68200 0.54948273 0.84146835 33.07044929
68300 0.56568008 0.84726949 29.57074981
68400 0.57176902 0.82304367 33.97618057
68500 0.52619117 0.81069832 43.73740190
68600 0.50825810 0.80190675 49.15761024
68700 0.47306471 0.87474090 41.10768915
68800 0.55173481 0.81768098 37.97734688
68900 0.47441816 0.82140138 51.57224781
69000 0.57978989 0.83562788 30.20293745
69100 0.54953685 0.86987234 27.54256722
69200 0.57417709 0.87427106 23.35603204
69300 0.54688883 0.85638222 30.46543722
69400 0.51784394 0.82839448 41.14491861
69500 0.52426896 0.83848514 37.80996783
69600 0.53055291 0.87859206 29.04649889
69700 0.49984519 0.82911418 44.42624739
69800 0.52896710 0.84919532 34.78738566
69900 0.53972565 0.85938597 31.01078877
70000 0.57087344 0.82680204 33.24549938
70100 0.53625163 0.85600182 32.22441157
70200 0.51522074 0.82057768 43.38898793
70300 0.51390396 0.88638302 30.70112605
70400 0.56322813 0.79957147 40.71049596
70500 0.54304467 0.80504889 42.31801071
70600 0.49839557 0.75351470 64.27394050
70700 0.46445954 0.79002130 61.53411613
70800 0.55654548 0.77555955 47.94837939
70900 0.54576734 0.81322673 39.92464752
71000 0.57152267 0.72678955 60.48571011
71100 0.51785485 0.91050202 26.31827188
71200 0.53522876 0.82412830 39.08379354
71300 0.56887325 0.84694291 29.21320376
71400 0.54381179 0.86309745 29.66366047
71500 0.56034557 0.89346504 22.00327652
71600 0.53761281 0.83956999 35.32519400
71700 0.57127699 0.86113672 26.11947596
71800 0.48937346 0.87837465 36.90939960
71900 0.53677433 0.80248631 43.95282417
72000 0.52723666 0.92748731 22.42826597
72100 0.55130462 0.76517627 51.61743704
72200 0.54192518 0.83839987 34.88113213
72300 0.52634248 0.80986015 43.91204249
72400 0.56519361 0.92449129 16.96259909
72500 0.52986469 0.92882736 21.81441613
72600 0.49194475 0.76636074 61.86910809
72700 0.52865224 0.84553429 35.58314161
72800 0.52120497 0.81545763 43.48889187
72900 0.56269756 0.79882342 40.97081783
73000 0.48803036 0.82524658 47.72261474
73100 0.60183460 0.84414793 26.00576032
73200 0.55277886 0.87176304 26.72123997
73300 0.57300252 0.87868796 22.73808702
73400 0.53846920 0.82379829 38.62970544
73500 0.51390287 0.78665231 51.99207317
73600 0.51928365 0.82242844 42.22360657
73700 0.52773869 0.77656592 52.22007824
73800 0.52680729 0.75929867 57.25148852
73900 0.47537592 0.85749850 43.75640247
74000 0.52873653 0.82178747 40.70606697
74100 0.53248648 0.83500638 37.14151683
74200 0.52903269 0.85395646 33.83144525
74300 0.54335357 0.89445033 24.36690248
74400 0.54113113 0.87129820 28.58682564
74500 0.51239134 0.85865317 35.90530917
74600 0.55425887 0.85335401 29.95506207
74700 0.55127400 0.84431817 32.21222011
74800 0.57073462 0.84893593 28.56814996
74900 0.53339170 0.90919300 23.79246874
75000 0.55434744 0.88273353 24.59636965
75100 0.55685140 0.80910842 39.26013781
75200 0.48420689 0.92267113 31.38965368
75300 0.50238260 0.79892597 51.04540224
75400 0.51918798 0.85600247 35.16401408
75500 0.53248263 0.86627100 30.90920671
75600 0.56824563 0.91681840 17.54827540
75700 0.49165018 0.77766117 58.78904436
75800 0.54540757 0.81680733 39.13882038
75900 0.50304411 0.75118481 64.04107075
76000 0.52799578 0.88584009 28.26696395
76100 0.50254046 0.81653853 46.74726541
76200 0.52992843 0.86746790 31.12115170
76300 0.51559878 0.85523390 35.96882156
76400 0.57844866 0.80458256 37.50222333
76500 0.50588444 0.85345780 38.15484309
76600 0.53889610 0.88298760 26.92380389
76700 0.60431879 0.91915186 13.13806539
76800 0.50486719 0.84805167 39.42997109
76900 0.51437102 0.85941794 35.38981939
77000 0.53483262 0.78964291 47.53303857
77100 0.55516965 0.82828832 35.06594917
77200 0.54524291 0.90238535 22.86992013
77300 0.58186836 0.82666501 31.91680027
77400 0.49907811 0.75616591 63.35403958
77500 0.58410051 0.88743241 19.93045682
77600 0.49086237 0.84442693 42.99941625
77700 0.50855461 0.81912426 44.97747085
77800 0.54139634 0.88318866 26.49057094
77900 0.53964081 0.87100422 28.87728055
78000 0.53130147 0.75810041 56.83228185
78100 0.55395777 0.84426563 31.82748184
78200 0.51776828 0.87532441 31.85998051
78300 0.55288147 0.86039047 28.79781874
78400 0.58826151 0.79820399 37.94336015
78500 0.50871333 0.83120077 42.23184837
78600 0.54077567 0.88323924 26.58076989
78700 0.55328434 0.87418522 26.21816043
78800 0.52613660 0.82831166 39.68710089
78900 0.55138435 0.82507593 36.33872493
79000 0.58082695 0.82338806 32.77759327
79100 0.50887791 0.90784085 28.36843881
79200 0.53482105 0.85773962 32.12407011
79300 0.51316730 0.85937100 35.62293820
79400 0.52373338 0.78917396 49.55007385
79500 0.57253626 0.80576533 37.94878959
79600 0.54129643 0.80161759 43.44032266
79700 0.54394693 0.77949132 48.76375178
79800 0.54236757 0.81681372 39.61191340
79900 0.49461254 0.79881598 52.63871077
80000 0.57637104 0.83193811 31.41755326
80100 0.52208656 0.76742668 55.75043584
80200 0.51289407 0.86236240 35.10824976
80300 0.54756837 0.77282451 50.03082691
80400 0.55449346 0.86849859 27.05745691
80500 0.49880188 0.77669700 57.58760687
80600 0.55645733 0.88212330 24.39354232
80700 0.54861269 0.80696875 40.99115194
80800 0.48373486 0.81103188 51.93818669
80900 0.52477148 0.80021416 46.54900000
81000 0.53251354 0.78975335 47.89001718
81100 0.52158998 0.82729814 40.71312670
81200 0.52560387 0.83112128 39.16095104
81300 0.55231629 0.83923807 33.11553641
81400 0.51917585 0.80876237 45.44648387
81500 0.54571099 0.86177343 29.61716981
81600 0.55355917 0.80401865 40.97587073
81700 0.52349611 0.82646537 40.56067623
81800 0.49982443 0.84742608 40.55322611
81900 0.52682790 0.79028483 48.72027430
82000 0.51992116 0.86171792 33.93926433
82100 0.53337912 0.81488177 41.52155079
82200 0.55811937 0.81176923 38.44200652
82300 0.55034468 0.76659056 51.35881386
82400 0.52144262 0.78897082 50.00948425
82500 0.54490785 0.81780442 38.98418039
82600 0.48765435 0.79916642 54.00407970
82700 0.51450681 0.86381183 34.53687977
82800 0.49625479 0.78736954 55.24343365
82900 0.55306244 0.88717741 24.05092140
83000 0.55468647 0.89761701 22.16829907
83100 0.56534734 0.77800668 46.05585180
83200 0.50557598 0.83255486 42.54154440
83300 0.55870279 0.85674235 28.65671133
83400 0.52287367 0.85503442 34.69265728
83500 0.52712370 0.80087349 45.97511513
83600 0.51752693 0.79743050 48.54388855
83700 0.55707628 0.84026663 32.20763733
83800 0.56845365 0.90660603 18.93313653
83900 0.54672922 0.73887363 60.14577511
84000 0.50720396 0.85830908 36.95785946
84100 0.50975197 0.84220461 39.68661776
84200 0.49492312 0.87905591 35.63920608
84300 0.47775791 0.77933226 61.32628450
84400 0.56465399 0.79237979 42.34335643
84500 0.54921146 0.90402838 22.02244890
84600 0.59753977 0.79271160 38.34771034
84700 0.55049306 0.82657402 36.13574748
84800 0.54672299 0.90380073 22.43403505
84900 0.53888173 0.84280441 34.44455493
85000 0.55587038 0.80410020 40.62002938
85100 0.58437669 0.82975568 30.93815483
85200 0.52766919 0.82976978 39.09962971
85300 0.52850031 0.94701024 20.00951806
85400 0.56744063 0.83216992 32.51096558
85500 0.56685240 0.79996194 40.12365798
85600 0.53280377 0.83890702 36.25741313
85700 0.52482776 0.82619588 40.38679767
85800 0.50449645 0.86767526 35.73197368
85900 0.50835625 0.88682331 31.67698051
86000 0.54548661 0.82366834 37.55020315
86100 0.54747035 0.84842905 31.94807143
86200 0.51206211 0.84676905 38.31173444
86300 0.54104824 0.89027029 25.38962081
86400 0.53481624 0.77229379 52.20320855
86500 0.54681312 0.82431145 37.20076921
86600 0.55930013 0.82842232 34.44656081
86700 0.52964451 0.83101596 38.48750100
86800 0.58197548 0.80242919 37.61054645
86900 0.54637960 0.87034075 27.93833713
87000 0.54789197 0.88042703 25.94592197
87100 0.52030496 0.84635240 36.88132789
87200 0.51982682 0.80385764 46.52421797
87300 0.53070548 0.82460805 39.73108356
87400 0.53059135 0.89830458 25.85539443
87500 0.53855725 0.87510854 28.32539276
87600 0.51550515 0.82534005 42.25522063
87700 0.54626721 0.84222508 33.40209346
87800 0.51144454 0.86264227 35.32804064
87900 0.56089311 0.86669493 26.47573702
88000 0.54907113 0.78221855 47.24321430
88100 0.54322524 0.81647147 39.55694979
88200 0.51517481 0.85698940 35.70672111
88300 0.55276048 0.89712597 22.52497246
88400 0.53219707 0.85269091 33.54435002
88500 0.55594544 0.84934019 30.50803707
88600 0.49947343 0.94817153 25.28997211
88700 0.55159647 0.85304758 30.40693235
88800 0.59154045 0.79355900 38.76272947
88900 0.54671045 0.86983949 27.97774760
89000 0.51161336 0.77706913 54.99039340
89100 0.50742212 0.80196969 49.30263599
89200 0.53197917 0.83093869 38.10942727
89300 0.50443255 0.77195183 57.77870458
89400 0.55640168 0.81224208 38.57465409
89500 0.52857834 0.90936980 24.58112057
89600 0.48657479 0.88433699 36.49727761
89700 0.53306576 0.80635270 43.61552466
89800 0.52960384 0.82154114 40.61414942
89900 0.59217543 0.84207136 27.43022879
90000 0.56684719 0.86080107 26.76295291
90100 0.52578055 0.87546608 30.40725319
90200 0.53601038 0.84247198 34.98023802
90300 0.57542977 0.81538982 35.27983822
90400 0.54028216 0.82934114 37.10005978
90500 0.51813956 0.83264069 40.15914433
90600 0.55662778 0.84982249 30.31331520
90700 0.51928926 0.87554223 31.54594175
90800 0.56233224 0.77382468 47.61260852
90900 0.53842593 0.85543800 31.98027707
91000 0.52426075 0.89427613 27.56710440
91100 0.56948952 0.94301064 14.23985412
91200 0.54801769 0.82105892 37.75631899
91300 0.53184312 0.87807319 28.91778331
91400 0.54032432 0.76217609 54.16946442
91500 0.54689007 0.91171505 21.28268883
91600 0.57061598 0.87708931 23.31916584
91700 0.55621601 0.82489963 35.67200477
91800 0.51146446 0.85919727 35.97566602
91900 0.58622157 0.79372414 39.31142301
92000 0.52313114 0.84332330 36.99892588
92100 0.53204752 0.93665841 20.52717628
92200 0.50454525 0.87079895 35.15778818
92300 0.52201761 0.89534990 27.79719197
92400 0.55618020 0.85662478 29.03905407
92500 0.49124010 0.83096770 45.77792077
92600 0.54469593 0.84501843 33.06839900
92700 0.58935214 0.84419255 27.29982686
92800 0.50572194 0.80679841 48.44549039
92900 0.55206113 0.77638472 48.37561589
93000 0.52535124 0.83315882 38.76114312
93100 0.52885570 0.78716947 49.18512812
93200 0.54720465 0.82353438 37.31654791
93300 0.55350492 0.92159035 18.97492338
93400 0.49216362 0.81274083 49.74393778
93500 0.55522997 0.89796268 22.03685467
93600 0.51957448 0.85256019 35.76792267
93700 0.55729137 0.80300527 40.68607325
93800 0.51827712 0.88960076 29.37556219
93900 0.48381178 0.86301043 40.85122354
94000 0.53720741 0.89161214 25.79407117
94100 0.49963291 0.80340493 50.47804958
94200 0.50970695 0.89180710 30.61821920
94300 0.53142382 0.78766208 48.61955572
94400 0.54934329 0.88088080 25.64937398
94500 0.52116236 0.91170353 25.55440678
94600 0.57644299 0.81408169 35.46189147
94700 0.50330789 0.80917721 48.34169955
94800 0.58476025 0.81537914 34.16357373
94900 0.55666336 0.85448981 29.38481286
95000 0.49135394 0.80797336 51.05503520
95100 0.49422716 0.86118334 38.99709553
95200 0.56791913 0.83762984 31.27322100
95300 0.54854708 0.86979326 27.70622764
95400 0.57048464 0.82275750 34.20669117
95500 0.54741008 0.85339372 30.96885506
95600 0.56111883 0.86035823 27.62598972
95700 0.50633349 0.81229430 47.00535996
95800 0.57134397 0.90053546 19.44601028
95900 0.49661767 0.80358701 51.04186569
96000 0.55399831 0.83218762 34.37936235
96100 0.51287670 0.88697122 30.79675645
96200 0.56782394 0.82352642 34.38039683
96300 0.53998092 0.85443385 31.92611388
96400 0.51453363 0.76275087 58.45491900
96500 0.57659918 0.83450256 30.83345431
96600 0.54032281 0.79862949 44.34196775
96700 0.54546653 0.77277666 50.36668607
96800 0.52566880 0.81320516 43.23158152
96900 0.57765152 0.86625898 24.36495725
97000 0.55499977 0.91907472 19.08324777
97100 0.52934822 0.83725465 37.19130798
97200 0.50299706 0.80495175 49.42940196
97300 0.53296127 0.80817789 43.18993543
97400 0.58934959 0.87088928 22.16208270
97500 0.51557629 0.86824251 33.52394403
97600 0.61027867 0.89552446 15.95630519
97700 0.52583399 0.91670180 24.05110423
97800 0.52063900 0.80045658 47.22114233
97900 0.51344086 0.89919420 28.77335135
98000 0.58193943 0.85175283 26.62012023
98100 0.52432159 0.88943118 28.32262357
98200 0.49836862 0.86385374 37.65282223
98300 0.51762124 0.78804138 50.94216357
98400 0.57470130 0.83015547 32.01569126
98500 0.57493752 0.82995603 32.02998692
98600 0.50518015 0.82796265 43.62768000
98700 0.53279078 0.86684803 30.75178447
98800 0.56011871 0.85141801 29.50079150
98900 0.47905920 0.89467057 36.47103589
99000 0.56020398 0.77104659 48.67896536
99100 0.55981912 0.92819232 17.24389523
99200 0.52712290 0.79320991 47.91382181
99300 0.56658590 0.89243205 21.31349111
99400 0.51166422 0.90741450 27.90049648
99500 0.55442003 0.82284279 36.39696150
99600 0.51087127 0.85790732 36.33463659
99700 0.58814376 0.80713906 35.74662799
99800 0.51796783 0.82265847 42.40994220
99900 0.51830563 0.83868528 38.83337811
100000 0.55920802 0.86046794 27.87239139
100100 0.53590950 0.85384188 32.70185030
100200 0.51832257 0.83222147 40.21708747
100300 0.46495137 0.88532246 41.18327549
100400 0.52221764 0.80129331 46.73079262
100500 0.55424522 0.80570659 40.46186340
100600 0.50992372 0.75890261 60.43334068
100700 0.55930600 0.80772296 39.24648385
100800 0.59263205 0.82998604 29.96700847
100900 0.55775091 0.74202080 57.54299549
101000 0.49096264 0.80585191 51.65245284
101100 0.52167066 0.78013689 52.31372602
101200 0.55752480 0.82153901 36.24680261
101300 0.50810521 0.90605991 28.77118127
101400 0.52024804 0.84447591 37.27545944
101500 0.52347623 0.87579725 30.75362035
101600 0.55684300 0.89598687 22.10698505
101700 0.53731325 0.80996344 42.04226311
101800 0.51836680 0.86862328 32.94406732
101900 0.54200719 0.85738077 31.03194783
102000 0.51254303 0.86276075 35.09932690
102100 0.57456219 0.95165016 12.70366736
102200 0.48690683 0.77911156 59.39462187
102300 0.52720316 0.78985829 48.76622860
102400 0.54434158 0.88279717 26.09316636
102500 0.53337275 0.78280643 49.57852382
102600 0.54902114 0.83517570 34.47204815
102700 0.52739840 0.79599676 47.15447753
102800 0.50996643 0.86529089 35.11510576
102900 0.56354132 0.93735195 15.65527780
103000 0.50593029 0.85307458 38.22133750
103100 0.48517564 0.83855307 45.42965383
103200 0.54912234 0.80147297 42.26487762
103300 0.49250489 0.83408971 44.83573561
103400 0.55461925 0.81701919 37.70781031
103500 0.55010121 0.77781478 48.27722210
103600 0.53358543 0.84835386 34.17748680
103700 0.54333070 0.82332164 37.96417496
103800 0.54475071 0.83706650 34.72150906
103900 0.51023728 0.84235466 39.56323893
104000 0.57531406 0.86250576 25.35033754
104100 0.47977002 0.83420195 47.53502161
104200 0.55924893 0.80681315 39.47535508
104300 0.54835209 0.85878302 29.78051170
104400 0.54046243 0.86538302 29.76783291
104500 0.50278150 0.79604473 51.69420887
104600 0.53204811 0.94332510 19.79368591
104700 0.51593619 0.84487765 37.97733235
104800 0.50347965 0.87258554 35.04806937
104900 0.55951073 0.76994675 49.08352794
105000 0.50528980 0.82860701 43.46345785
105100 0.50107056 0.88391125 33.57919696
105200 0.45899960 0.88127973 43.27386152
105300 0.52157455 0.85096435 35.72541630
105400 0.55752527 0.83786862 32.64938447
105500 0.47850763 0.87575377 39.71030969
105600 0.53549060 0.86470115 30.69950381
105700 0.56906492 0.78735716 43.06262714
105800 0.54997942 0.80009195 42.48010303
105900 0.50873609 0.84029166 40.27973570
106000 0.55309230 0.78380775 46.22009380
106100 0.56577619 0.80932617 37.96996221
106200 0.57279160 0.81289310 36.20082857
106300 0.51162151 0.80291910 48.26771327
106400 0.52590059 0.82054169 41.48086080
106500 0.57362726 0.79360741 40.85361516
106600 0.55913726 0.81846093 36.72632696
106700 0.52842055 0.92183031 22.93348741
106800 0.56893893 0.87282589 24.28383398
106900 0.55269881 0.87512242 26.13990407
107000 0.53014913 0.81218086 42.70362904
107100 0.50099616 0.80371103 50.13039286
107200 0.49469191 0.83783417 43.58287558
107300 0.52944026 0.85409932 33.73384944
107400 0.53320524 0.83214339 37.64099771
107500 0.51522465 0.86479170 34.22202238
107600 0.53625626 0.86441821 30.62630821
107700 0.51646664 0.84654417 37.53938475
107800 0.53273974 0.81621958 41.31464001
107900 0.52483799 0.93409068 22.05835075
108000 0.48628634 0.83060840 46.90310154
108100 0.50037873 0.88225530 33.99346767
108200 0.51528136 0.83470047 40.23743169
108300 0.51026127 0.83583712 40.93326354
108400 0.48913362 0.78106723 58.39473294
108500 0.48279824 0.83225699 47.29431218
108600 0.56530593 0.89110425 21.69517590
108700 0.53401651 0.84092856 35.63069274
108800 0.49493176 0.87766463 35.87623021
108900 0.56417150 0.84630265 29.97099710
109000 0.54999279 0.82683388 36.15264030
109100 0.51165623 0.80605241 47.49190263
109200 0.61833894 0.83826942 25.74918405
109300 0.51749172 0.89422518 28.78753399
109400 0.48670841 0.75266010 66.95215855
109500 0.47526852 0.91432777 34.45559742
109600 0.51435250 0.87776084 32.06566080
109700 0.54263233 0.86639685 29.23734962
109800 0.56306480 0.84681778 30.01713152
109900 0.53290633 0.88826322 27.03953889
110000 0.53810469 0.83081027 37.12711475
110100 0.51638565 0.79001241 50.65388842
110200 0.53646709 0.81628131 40.68371981
110300 0.57474064 0.85398145 27.05659025
110400 0.52303620 0.84216596 37.25558856
110500 0.50645426 0.82983196 42.96696034
110600 0.58700543 0.78546356 41.37365182
110700 0.50807352 0.86214281 36.06304912
110800 0.56499600 0.89764744 20.71869190
110900 0.56082223 0.81676336 36.88488945
111000 0.48278118 0.83455224 46.80087627
111100 0.54195274 0.79865239 44.07727782
111200 0.50158189 0.95152211 24.53382105
111300 0.53024895 0.88392692 28.19784380
111400 0.53663052 0.79145747 46.76691310
111500 0.55521975 0.86105325 28.33109602
111600 0.55037315 0.85508585 30.18985996
111700 0.54507462 0.80013815 43.21640934
111800 0.54944282 0.79775749 43.14687468
111900 0.52301829 0.84849951 35.96248681
112000 0.54541442 0.81830825 38.78888418
112100 0.56004703 0.72877586 61.38589013
112200 0.52877934 0.82093478 40.89369313
112300 0.49206908 0.84844134 41.93058091
112400 0.50857239 0.87191904 34.17867765
112500 0.50543975 0.84529322 39.87927873
112600 0.56441480 0.83434077 32.44612566
112700 0.50545920 0.86313760 36.38184053
112800 0.52337779 0.94850152 20.74867253
112900 0.54272802 0.91273248 21.78842379
113000 0.50197554 0.81987194 46.08630429
113100 0.51816251 0.88735934 29.75842765
113200 0.53432966 0.86331144 31.14964097
113300 0.56828282 0.82279638 34.48544894
113400 0.53470594 0.86879338 30.07898188
113500 0.51404881 0.90485145 27.82297311
113600 0.54180695 0.88022072 26.92502207
113700 0.51052416 0.84491782 38.97989699
113800 0.52839708 0.79218316 47.95854324
113900 0.52726916 0.83810415 37.36789622
114000 0.52556586 0.85114150 34.98598513
114100 0.55274569 0.85418085 30.01448607
114200 0.53178105 0.79811112 45.87281159
114300 0.56174288 0.88836872 22.61985063
114400 0.53321747 0.79144025 47.33477798
114500 0.55274006 0.88751440 24.04353093
114600 0.52792359 0.79954229 46.16967770
114700 0.52576692 0.83565644 38.15016537
114800 0.56111242 0.90650315 19.94055269
114900 0.51577421 0.83556948 39.95979361
115000 0.49717556 0.85685007 39.22232363
115100 0.50558925 0.79970768 50.22089224
115200 0.51068206 0.78826503 52.17323755
115300 0.50241562 0.83385378 42.87938899
115400 0.54323525 0.81453071 40.01048707
115500 0.47391899 0.84122625 47.34955289
115600 0.53683925 0.84804478 33.70367163
115700 0.56415858 0.87802633 24.01391750
115800 0.53856107 0.78617736 47.83245665
115900 0.52830690 0.77871307 51.53755959
116000 0.55024955 0.85672699 29.88982717
116100 0.52276770 0.82883116 40.16347308
116200 0.53267633 0.79254427 47.14033171
116300 0.55331333 0.80629633 40.45422972
116400 0.57105445 0.84469946 29.38763262
116500 0.55596275 0.84271542 31.85681272
116600 0.54258256 0.87686630 27.37776504
116700 0.47672890 0.82017307 51.33520020
116800 0.49322474 0.86597912 38.30984574
116900 0.54872792 0.77090973 50.38730970
117000 0.51563197 0.87859477 31.68566252
117100 0.53154116 0.79925973 45.62453197
117200 0.52952181 0.79482625 47.08822604
117300 0.53322533 0.83411267 37.21056340
117400 0.58148500 0.82224240 32.95966537
117500 0.56191275 0.92945304 16.79982926
117600 0.54321679 0.85404060 31.49052966
117700 0.50477739 0.84882954 39.29071083
117800 0.56474084 0.86859313 25.60174663
117900 0.57322099 0.86068790 25.95599544
118000 0.55448690 0.87714749 25.52602592
118100 0.51797486 0.94184684 22.41512812
118200 0.52367230 0.91971396 24.03295503
118300 0.49779535 0.79670511 52.52250985
118400 0.53947708 0.80349108 43.26712663
118500 0.55293616 0.83550547 33.81783809
118600 0.56328364 0.86123149 27.16245702
118700 0.56802929 0.75984127 50.80417654
118800 0.52400407 0.81912224 42.13955366
118900 0.53712270 0.82962780 37.54646069
119000 0.51846512 0.88752491 29.67653342
119100 0.55146210 0.80980860 39.87770773
119200 0.49846427 0.86027826 38.30549455
119300 0.54687785 0.85281281 31.16458994
119400 0.53466081 0.84600942 34.47460251
119500 0.50735419 0.75335421 62.55556583
119600 0.48433231 0.86403712 40.54737287
119700 0.52014438 0.99334744 17.77877794
119800 0.53404132 0.85331522 33.11359372
119900 0.55409240 0.88429664 24.37331636
120000 0.52889444 0.84863750 34.91198413
120100 0.53918410 0.84835177 33.26188171
120200 0.55936378 0.86297912 27.37767696
120300 0.54715565 0.81893337 38.37659033
120400 0.55144081 0.86542239 28.06936312
120500 0.60948228 0.80291695 34.62174588
120600 0.57580187 0.74341653 54.70930097
120700 0.55420075 0.84620982 31.39392932
120800 0.53929128 0.79436843 45.58739540
120900 0.57043060 0.87534638 23.64605821
121000 0.49133070 0.87941429 36.32118129
121100 0.55984091 0.86639477 26.67772411
121200 0.56930127 0.91542289 17.59657940
121300 0.51740830 0.83825278 39.08830758
121400 0.54222521 0.90801867 22.52579172
121500 0.51198192 0.89854216 29.14513856
121600 0.54692535 0.85744719 30.25421708
121700 0.50727541 0.89928387 29.92905938
121800 0.53670007 0.92059193 21.70665756
121900 0.51320943 0.95551515 21.90905195
122000 0.53720987 0.87552266 28.47148450
122100 0.52863911 0.86935765 30.99810525
122200 0.52642929 0.84206320 36.68225314
122300 0.53168783 0.85038616 34.08733505
122400 0.53315756 0.84547264 34.83391941
122500 0.53445877 0.80461709 43.80833475
122600 0.58183295 0.88442929 20.68855571
122700 0.51458291 0.85661406 35.88880964
122800 0.45292450 0.85033423 50.45636038
122900 0.55805618 0.80225676 40.76238055
123000 0.53020295 0.88331329 28.30774944
123100 0.50833871 0.82022867 44.76445713
123200 0.55978453 0.80277981 40.38910049
123300 0.54334863 0.79200276 45.55111299
123400 0.54757547 0.76723146 51.59564318
123500 0.52754171 0.84996235 34.87846142
123600 0.56818556 0.83970697 30.79910231
123700 0.54386418 0.84713945 32.76539780
123800 0.49503426 0.81302677 49.08363344
123900 0.48996753 0.86988084 38.27827508
124000 0.54549720 0.81581812 39.35613495
124100 0.52543273 0.85341334 34.56002398
124200 0.50306567 0.87810346 34.16577522
124300 0.47235912 0.79622172 58.11189117
124400 0.49821551 0.83439346 43.60157991
124500 0.53602276 0.86554115 30.45680205
124600 0.55324262 0.89427435 22.89410288
124700 0.53017020 0.90859106 24.41932504
124800 0.50000175 0.82178743 46.04013989
124900 0.52133245 0.91554143 25.00059949
125000 0.54803030 0.88124434 25.78662991
125100 0.53012567 0.77911075 51.11913699
125200 0.54419434 0.93621216 18.61153798
125300 0.51380379 0.90036573 28.52972085
125400 0.56321121 0.88203044 23.46247251
125500 0.52130556 0.79107943 49.48578144
125600 0.54856301 0.89624178 23.28737611
125700 0.53207384 0.86295592 31.59234250
125800 0.52260012 0.83192322 39.51409940
125900 0.51439361 0.90131667 28.27823208
126000 0.53988795 0.86076268 30.72331611
126100 0.58478658 0.87016064 22.80816368
126200 0.51725967 0.83587842 39.62103926
126300 0.55420820 0.85052304 30.52315345
126400 0.52033959 0.87408780 31.61148264
126500 0.48450630 0.88770657 36.38834542
126600 0.54500499 0.84184580 33.67581346
126700 0.56654906 0.79993946 40.16971441
126800 0.49502942 0.84423821 42.17542742
126900 0.51098363 0.85209491 37.44680750
127000 0.55791768 0.82297395 35.86410679
127100 0.53676261 0.87799778 28.11560422
127200 0.49849529 0.81206922 48.60760171
127300 0.49856678 0.83559727 43.27193697
127400 0.51047200 0.90884094 27.92337122
127500 0.53602231 0.83934866 35.63133439
127600 0.49911160 0.86828792 36.68771428
127700 0.52477834 0.85297354 34.76102750
127800 0.57403200 0.79043780 41.62023537
127900 0.50780905 0.86105274 36.31921503
128000 0.58339965 0.80359521 37.15548213
128100 0.52046937 0.81027229 44.85031029
128200 0.51842328 0.86292906 33.98281975
128300 0.52695383 0.91176045 24.52757568
128400 0.50273606 0.79089734 53.02362519
128500 0.56544724 0.86558199 26.05722383
128600 0.52390688 0.88647613 28.87442256
128700 0.54248280 0.89456809 24.48537315
128800 0.52759442 0.85557708 33.76197697
128900 0.50156976 0.83752420 42.26026333
129000 0.53132415 0.84449348 35.34223698
129100 0.52349086 0.77334735 53.84608195
129200 0.50780338 0.78293311 54.13213122
129300 0.54452850 0.77300332 50.44927532
129400 0.53223557 0.88287274 28.03821217
129500 0.50071541 0.86340016 37.26692546
129600 0.48406658 0.82735160 48.09977576
129700 0.53160665 0.84606548 34.97280597
129800 0.50429604 0.88325512 33.05194767
129900 0.54504605 0.82697328 36.87582291
130000 0.54326434 0.86142418 30.06345328
130100 0.52958312 0.81755866 41.53544420
130200 0.55105650 0.82639926 36.09072916
130300 0.52568925 0.87280242 30.89160992
130400 0.54126814 0.91749728 21.37638738
130500 0.51174998 0.83565344 40.69125936
130600 0.56699555 0.80511187 38.83018998
130700 0.49112156 0.76441634 62.59411461
130800 0.49643940 0.89742004 32.35877959
130900 0.52583036 0.82092379 41.40548643
131000 0.55031776 0.88457868 24.88449309
131100 0.59989167 0.83359177 28.42710086
131200 0.52483552 0.85380244 34.58803900
131300 0.57361548 0.84253725 29.50692056
131400 0.55426009 0.87199410 26.46311098
131500 0.54573579 0.85524850 30.86279827
131600 0.47894083 0.83976718 46.53249795
131700 0.51344621 0.91255695 26.84645365
131800 0.55933426 0.88760129 23.08009645
131900 0.55825256 0.80933951 39.00490467
132000 0.58709423 0.79939666 37.77487340
132100 0.52998317 0.84840827 34.77247470
132200 0.52474930 0.81054520 44.02570601
132300 0.53879792 0.76791799 52.77818627
132400 0.51335258 0.85983341 35.50029593
132500 0.53525720 0.92239173 21.71202966
132600 0.54209273 0.82588369 37.58141432
132700 0.52265669 0.76008931 57.74942957
132800 0.52282979 0.91234942 25.16848342
132900 0.52546071 0.89122790 27.83627233
133000 0.52120040 0.89240448 28.40282279
133100 0.50212856 0.81288566 47.68815860
133200 0.54535421 0.88604851 25.39770583
133300 0.52936043 0.85054494 34.45009110
133400 0.54395116 0.90037038 23.37013213
133500 0.56316553 0.83342627 32.81392540
133600 0.50156763 0.87170734 35.58183911
133700 0.49376278 0.84935045 41.39701569
133800 0.57517585 0.85589112 26.62966205
133900 0.52404613 0.80196890 46.23959658
134000 0.52277198 0.87950273 30.23954512
134100 0.52702203 0.76994447 54.17623894
134200 0.55876348 0.79157480 43.36567076
134300 0.50844226 0.94917215 23.43031039
134400 0.49651477 0.80568363 50.54836338
134500 0.56209231 0.87506705 24.81003461
134600 0.55130425 0.85936341 29.22636768
134700 0.52209199 0.89096543 28.47162685
134800 0.52120017 0.80884369 45.06287229
134900 0.53741534 0.83543573 36.23579890
135000 0.54451999 0.94557750 17.53904610
135100 0.54407875 0.88811029 25.25985726
135200 0.56865961 0.80102884 39.61846880
135300 0.51949376 0.89773895 27.88296454
135400 0.50852104 0.85334114 37.66945060
135500 0.56014637 0.79550996 42.16211004
135600 0.52947754 0.91089276 24.21436690
135700 0.59179330 0.85528349 24.81160495
135800 0.54135436 0.89511952 24.57820060
135900 0.51182943 0.82804025 42.33714609
136000 0.48476109 0.83119228 47.10230424
136100 0.52812461 0.87035310 30.90708035
136200 0.53083435 0.87815332 29.07414940
136300 0.59018554 0.84840610 26.34965794
136400 0.47901262 0.86097988 42.28201444
136500 0.54161423 0.78178837 48.51176407
136600 0.51621708 0.78537184 51.90211175
136700 0.55638249 0.85347728 29.62358347
136800 0.51613805 0.93996792 22.95613689
136900 0.55098765 0.89715738 22.78277246
137000 0.54177964 0.86690843 29.27810391
137100 0.54841863 0.86097254 29.35414492
137200 0.54675964 0.81179820 40.11135120
137300 0.52127828 0.78653587 50.67739982
137400 0.54376749 0.79572409 44.53241612
137500 0.53570006 0.79486198 46.04494058
137600 0.56303510 0.81821174 36.24259112
137700 0.53368606 0.76162840 55.40925334
137800 0.53629045 0.89556473 25.32553477
137900 0.54958105 0.87863782 25.99542941
138000 0.53925896 0.86512451 30.00831322
138100 0.53501548 0.86131590 31.41078949
138200 0.58906895 0.84707349 26.74243393
138300 0.51557145 0.78975004 50.87196591
138400 0.53354625 0.83459559 37.05295528
138500 0.52202230 0.83876980 38.14713063
138600 0.52551529 0.82762800 39.94710932
138700 0.50589983 0.83534571 41.87567021
138800 0.54885990 0.82390166 36.98189436
138900 0.52076417 0.81270593 44.21697897
139000 0.50258123 0.89554131 31.41582805
139100 0.48229248 0.94785667 28.91491283
139200 0.57408415 0.81542540 35.44002298
139300 0.52424781 0.84457395 36.54434582
139400 0.52815340 0.85995249 32.82465339
139500 0.57451212 0.86393661 25.18339646
139600 0.56914572 0.74454131 55.21392670
139700 0.55915819 0.83032643 34.04644685
139800 0.48309442 0.78591546 58.39433912
139900 0.54811874 0.93567302 18.06928760
140000 0.53848766 0.77343946 51.28598454
140100 0.56844845 0.87812452 23.42349582
140200 0.54619819 0.86204619 29.49081450
140300 0.54008409 0.88524625 26.35844826
140400 0.57809266 0.85647610 26.15644924
140500 0.53235949 0.82844296 38.59543183
140600 0.52871709 0.85553066 33.57807956
140700 0.55506754 0.94636264 15.87305993
140800 0.55041585 0.84378191 32.45065837
140900 0.51641046 0.87792769 31.65699950
141000 0.57227484 0.87298969 23.82318323
141100 0.56993256 0.82374187 34.05514005
141200 0.58995905 0.81156080 34.48113309
141300 0.50992863 0.93654194 24.49992881
141400 0.54775413 0.93580643 18.10948812
141500 0.55022068 0.88913897 24.15505809
141600 0.55220988 0.86796483 27.48936196
141700 0.50507836 0.81117795 47.51520774
141800 0.55744729 0.82451598 35.58215896
141900 0.54724297 0.86104060 29.52018251
142000 0.49818073 0.83862191 42.70585741
142100 0.51683120 0.88068672 31.10889829
142200 0.52584142 0.77348488 53.39591082
142300 0.51691942 0.88385357 30.56156827
142400 0.51524538 0.76410847 57.93411929
142500 0.56975595 0.84950103 28.58167489
142600 0.55812786 0.81754141 37.08235133
142700 0.50570029 0.92608229 26.55398765
142800 0.41480645 0.83838118 63.05894134
142900 0.49107336 0.81950612 48.38888417
143000 0.50253233 0.79392152 52.28483442
143100 0.55364727 0.81673351 37.91618834
143200 0.52334531 0.87387517 31.11341751
143300 0.51627143 0.83572343 39.83531816
143400 0.56960055 0.80823735 37.72659666
143500 0.51510447 0.85703553 35.71082222
143600 0.53971331 0.81191239 41.18876668
143700 0.56771853 0.94394463 14.37306450
143800 0.52966974 0.88252160 28.53070649
143900 0.53041545 0.80224371 45.07104899
144000 0.54201017 0.83358756 35.89756575
144100 0.57320804 0.81767127 35.02641961
144200 0.56921205 0.82600538 33.63953806
144300 0.51416194 0.86308036 34.73736768
144400 0.54963395 0.89325626 23.58927569
144500 0.53124009 0.81852321 41.03070558
144600 0.50903932 0.83445518 41.46277592
144700 0.57825735 0.83992689 29.47599259
144800 0.50981568 0.86017386 36.10201881
144900 0.54307595 0.82810018 36.93234449
145000 0.52496731 0.80006372 46.55229430
145100 0.45598152 0.88982969 42.59977414
145200 0.48988678 0.84353811 43.38703715
145300 0.52617083 0.79160677 48.49182213
145400 0.50433432 0.84041864 41.10470278
145500 0.54510642 0.86322614 29.43824777
145600 0.56676135 0.80092254 39.89606015
145700 0.53269035 0.78352782 49.49997027
145800 0.55358481 0.80967201 39.59747592
145900 0.57736650 0.87715109 22.45786159
146000 0.55352917 0.78929018 44.71165588
146100 0.52832949 0.80327000 45.17322892
146200 0.53181433 0.80923332 43.12750737
146300 0.51928480 0.91676315 25.20502092
146400 0.54505268 0.74551769 58.35907292
146500 0.56632743 0.74259313 56.18366870
146600 0.50338398 0.78357102 54.82112883
146700 0.51595607 0.83399633 40.26487681
146800 0.49101332 0.80568578 51.68243580
146900 0.56558350 0.83744756 31.62316785
147000 0.51809147 0.87469503 31.91127336
147100 0.55023265 0.74680356 57.17916973
147200 0.53306819 0.80907435 42.95569856
147300 0.53339934 0.88435425 27.59714684
147400 0.52142161 0.82996953 40.15182390
147500 0.51728759 0.88754997 29.88691789
147600 0.52018244 0.88666828 29.50580382
147700 0.52960584 0.87982371 28.99706961
147800 0.56100492 0.86291172 27.16082897
147900 0.56038017 0.79725529 41.68679186
148000 0.54052108 0.86394583 30.02484086
148100 0.50850975 0.75979911 60.44253500
148200 0.55941715 0.83441207 33.12084579
148300 0.50813576 0.86125620 36.21805446
148400 0.57023653 0.94661920 13.76307372
148500 0.52266237 0.85997137 33.77975651
148600 0.51603273 0.80897454 45.96861408
148700 0.50673315 0.78951054 52.60341767
148800 0.55981648 0.77723254 47.02675309
148900 0.46889785 0.85181190 46.34336392
149000 0.53309023 0.83618302 36.78828556
149100 0.52559018 0.80310314 45.68842370
149200 0.49996452 0.90385638 30.68607457
149300 0.57513295 0.83439233 31.03922327
149400 0.52522455 0.90636955 25.58808155
149500 0.50213732 0.88653560 32.93512631
149600 0.55266682 0.79255361 43.99285590
149700 0.53857799 0.77528030 50.76399005
149800 0.53027760 0.93094771 21.48957013
149900 0.52801298 0.89796729 26.34674059
150000 0.56017078 0.87476420 25.12989759
150100 0.50935043 0.91574397 27.18596873
150200 0.55602527 0.88802006 23.48311298
150300 0.51898249 0.90301623 27.18578442
150400 0.58353964 0.85924598 24.97505473
150500 0.56038429 0.82346462 35.40541388
150600 0.52912359 0.85519385 33.57409180
150700 0.47730343 0.85887410 43.06143592
150800 0.53224798 0.84967524 34.13537379
150900 0.56915014 0.83610426 31.43653754
151000 0.55442907 0.81114794 39.12060028
151100 0.58423594 0.81023570 35.44411827
151200 0.52929488 0.88453278 28.25981999
151300 0.54877117 0.92965836 18.67613534
151400 0.51748802 0.77716128 53.87579446
151500 0.46630035 0.83042112 51.41520388
151600 0.54044928 0.89216977 25.18340777
151700 0.55721126 0.86914630 26.54834244
151800 0.50875970 0.81631509 45.59074601
151900 0.54643776 0.87656795 26.83001973
152000 0.57183676 0.91395314 17.46728230
152100 0.52099703 0.87769658 30.86526572
152200 0.51787268 0.83583341 39.51884299
152300 0.49162225 0.85578336 40.57069446
152400 0.50084451 0.86165963 37.56750292
152500 0.53063049 0.86866998 30.78330422
152600 0.50281715 0.78421252 54.76202896
152700 0.52574549 0.79697530 47.19306789
152800 0.53392965 0.89567671 25.69752012
152900 0.56240407 0.88347741 23.33120729
153000 0.55223936 0.78784785 45.27847940
153100 0.53674917 0.84508288 34.32093029
153200 0.54896591 0.82907513 35.80954812
153300 0.56199080 0.86570457 26.50567231
153400 0.52638363 0.85671735 33.75041277
153500 0.54201943 0.85833659 30.84636249
153600 0.50308275 0.77285224 57.79364217
153700 0.56418913 0.80841658 38.40357147
153800 0.54359477 0.77742996 49.37851170
153900 0.51318968 0.86040014 35.42310109
154000 0.59108718 0.84407629 27.13328763
154100 0.54773439 0.79708234 43.57608015
154200 0.49203835 0.81559845 49.09606729
154300 0.50566325 0.77301893 57.24264071
154400 0.47009530 0.82245612 52.31619488
154500 0.53655467 0.85624121 32.12842145
154600 0.45562793 0.66911441 102.39577160
154700 0.51058296 0.80879716 47.02881099
154800 0.45765405 0.88943332 42.25661010
154900 0.52830849 0.84447412 35.85943199
155000 0.56336058 0.84554212 30.23667760
155100 0.53517059 0.89150577 26.14457800
155200 0.52274806 0.80240575 46.36058039
155300 0.51200574 0.82282437 43.47530253
155400 0.53689921 0.83541248 36.32483535
155500 0.52473911 0.85310340 34.74232527
155600 0.55171809 0.85928553 29.17976597
155700 0.50578769 0.83844902 41.23611858
155800 0.51062743 0.95269834 22.66479245
155900 0.48859809 0.89802913 33.89295628
156000 0.51850315 0.80368493 46.80611052
156100 0.50002680 0.86889453 36.39423469
156200 0.54204679 0.87231243 28.26104459
156300 0.53976654 0.94238385 18.62799821
156400 0.55225162 0.79888330 42.44458979
156500 0.52744965 0.83347461 38.32843370
156600 0.54024740 0.80165995 43.59683575
156700 0.58486604 0.87106567 22.63666103
156800 0.55541050 0.77599452 47.99256248
156900 0.56693196 0.86136204 26.64569168
157000 0.54180663 0.86637413 29.37180058
157100 0.46827130 0.88528809 40.41410136
157200 0.52811454 0.85510909 33.76353962
157300 0.56810761 0.87578129 23.87388041
157400 0.45680311 0.84714939 50.14655016
157500 0.53996548 0.83259701 36.43755301
157600 0.53382449 0.86616918 30.70403603
157700 0.55265324 0.86309941 28.32144925
157800 0.51015182 0.91202525 27.53968164
157900 0.58764712 0.80958921 35.21025923
158000 0.55864222 0.85668622 28.67611992
158100 0.51958810 0.84266567 37.76798859
158200 0.53231763 0.75879861 56.45781327
158300 0.50301397 0.88076380 33.72219335
158400 0.57289987 0.82237364 33.98410186
158500 0.55428961 0.81592103 38.01224139
158600 0.52261925 0.86079211 33.63177725
158700 0.53402477 0.86371463 31.12500707
158800 0.52082164 0.76166221 57.62178447
158900 0.51339159 0.79439616 50.07801011
159000 0.55210491 0.81706029 38.06693272
159100 0.52126612 0.91054800 25.69632911
159200 0.54748614 0.73715545 60.56609527
159300 0.51331025 0.88580123 30.90715050
159400 0.58637111 0.92104344 14.77065889
159500 0.57022013 0.84044014 30.37907519
159600 0.54017448 0.86081037 30.66845643
159700 0.51207112 0.91513792 26.75252247
159800 0.55516849 0.86125671 28.30009855
159900 0.53019403 0.81797936 41.33382235
160000 0.54179007 0.88340761 26.39170246
160100 0.56407857 0.81522046 36.79803416
160200 0.52512315 0.79116691 48.78823989
160300 0.51544476 0.85829251 35.40619850
160400 0.58562719 0.85812033 24.94947399
160500 0.55635004 0.90861975 20.31184287
160600 0.48936007 0.88876906 35.18229943
160700 0.54557058 0.81404639 39.76127689
160800 0.52846910 0.77654857 52.09926849
160900 0.53737434 0.85669875 31.90623790
161000 0.50753323 0.91525701 27.59956420
161100 0.52847547 0.89441877 26.81309218
161200 0.50407512 0.81451611 46.91961039
161300 0.56866054 0.91024175 18.39121182
161400 0.50285623 0.81887462 46.14230246
161500 0.54724224 0.82553707 36.85926841
161600 0.52467664 0.84819486 35.73179768
161700 0.51976543 0.84141810 37.99545343
161800 0.51121702 0.91623716 26.76575509
161900 0.58380674 0.80857905 35.89247495
162000 0.54425930 0.84883684 32.36089245
162100 0.52944517 0.87511549 29.83677155
162200 0.53555395 0.75363691 57.43679173
162300 0.50403701 0.83692565 41.90108691
162400 0.53217905 0.88280017 28.05982774
162500 0.55287897 0.90761558 20.95895992
162600 0.50920583 0.89422747 30.33374778
162700 0.50439197 0.88398676 32.91144838
162800 0.51880461 0.82960023 40.70391424
162900 0.53872156 0.88609819 26.43727002
163000 0.54798799 0.93342197 18.34904349
163100 0.52193215 0.84005910 37.89167034
163200 0.50210662 0.82808854 44.20324306
163300 0.53521879 0.85364394 32.85427576
163400 0.51410446 0.90459703 27.84958779
163500 0.55280821 0.91971583 19.31969341
163600 0.49570030 0.76780138 60.68721482
163700 0.50216847 0.79875845 51.12981430
163800 0.57322126 0.83272872 31.63982837
163900 0.54673085 0.76774911 51.57850032
164000 0.55623602 0.88111148 24.59570733
164100 0.55920980 0.85658114 28.61636733
164200 0.49479446 0.79108877 54.57217009
164300 0.54994957 0.92702628 18.81883367
164400 0.55518133 0.90124322 21.55051354
164500 0.51028586 0.84527773 38.95133270
164600 0.49703616 0.80902914 49.63063888
164700 0.52518472 0.85651220 33.99895566
164800 0.48830818 0.85775086 40.88658086
164900 0.56848781 0.82850426 33.17790962
165000 0.56536092 0.84289245 30.51060854
165100 0.50892228 0.89195463 30.74451679
165200 0.55000255 0.90309666 22.03991229
165300 0.51493745 0.92928999 24.40952590
165400 0.52554526 0.87069700 31.29201083
165500 0.54362597 0.82817416 36.82977027
165600 0.51996277 0.77970636 52.73602832
165700 0.49211780 0.88668898 34.94274987
165800 0.52158701 0.88311249 29.84131740
165900 0.57659956 0.83791412 30.10404489
166000 0.48457093 0.81087705 51.79473633
166100 0.57722867 0.87445192 22.94496345
166200 0.52727725 0.79408385 47.66311092
166300 0.57411462 0.77822275 44.85500005
166400 0.53698998 0.86542902 30.31935675
166500 0.53893191 0.77727448 50.16106854
166600 0.56318050 0.89669686 21.11071402
166700 0.52525801 0.80925976 44.24531346
166800 0.54862140 0.76884142 50.98281376
166900 0.57037944 0.84073680 30.29628736
167000 0.54762133 0.88348417 25.47339005
167100 0.58296352 0.81701236 33.99038887
167200 0.58585302 0.86231688 24.12724263
167300 0.53139603 0.87780664 29.03892667
167400 0.48419781 0.81442743 51.03251003
167500 0.53743607 0.82220393 39.15904001
167600 0.56349241 0.89736123 20.96645869
167700 0.54524650 0.95468756 16.51655422
167800 0.54125829 0.78501782 47.70724310
167900 0.52811294 0.86249797 32.35108676
168000 0.59527682 0.86021948 23.49179576
168100 0.49538492 0.82462926 46.32965092
168200 0.50682208 0.85210289 38.24048784
168300 0.58736189 0.76045896 48.26067884
168400 0.51797148 0.88189415 30.69698057
168500 0.54827138 0.81871431 38.25732397
168600 0.52928891 0.82916421 38.95536254
168700 0.55209749 0.85007828 30.92192431
168800 0.58198331 0.79579131 39.27499828
168900 0.49798986 0.81636725 47.69617898
169000 0.55598231 0.88094091 24.66103481
169100 0.52429536 0.80360424 45.79149685
169200 0.48704922 0.79490085 55.21180488
169300 0.55784364 0.79002563 43.89755283
169400 0.53511687 0.86493862 30.71708151
169500 0.55895364 0.88334753 23.83355997
169600 0.55266959 0.83852049 33.21491735
169700 0.48092692 0.80037988 55.15161089
169800 0.59609728 0.87138113 21.35023823
169900 0.54077276 0.82149538 38.78383648
170000 0.50809307 0.82270730 44.24512112
170100 0.56611148 0.89424360 21.09309588
170200 0.53474174 0.82098584 39.87888930
170300 0.51450979 0.80324016 47.64851752
170400 0.57541148 0.78842936 41.97075030
170500 0.53861586 0.86406923 30.30754457
170600 0.55695812 0.84845068 30.54155402
170700 0.54750406 0.87885633 26.27258287
170800 0.55049734 0.80701895 40.69541693
170900 0.49785698 0.83359410 43.84665773
171000 0.53311487 0.86366637 31.28543426
171100 0.52953551 0.77734296 51.70000238
171200 0.54078256 0.86643775 29.52264574
171300 0.51666993 0.82435986 42.26169356
171400 0.57622711 0.80063823 38.75051204
171500 0.56302227 0.78770357 43.78115745
171600 0.49718455 0.84590493 41.39445151
171700 0.53787918 0.89711285 24.82881995
171800 0.52122731 0.84308007 37.38776625
171900 0.51252615 0.92154077 25.82410908
172000 0.53099287 0.76770561 54.12676633
172100 0.49529845 0.84981235 40.98890887
172200 0.54044867 0.87280033 28.42817553
172300 0.55991938 0.75727205 52.65611811
172400 0.53066889 0.76533008 54.85499290
172500 0.56237791 0.79140374 42.90593219
172600 0.51087853 0.81718660 44.98450399
172700 0.52748753 0.78434096 50.16763945
172800 0.54652711 0.84636221 32.51113779
172900 0.57153205 0.80454118 38.37702333
173000 0.52763733 0.86356645 32.23317964
173100 0.54017120 0.85094200 32.58466705
173200 0.49732988 0.82826794 45.12014172
173300 0.51432537 0.79669664 49.31882858
173400 0.52936938 0.83254318 38.20113836
173500 0.51225609 0.77549009 55.30173505
173600 0.52905429 0.85796563 33.04981597
173700 0.52215012 0.89239176 28.23546760
173800 0.55884832 0.86519201 27.03889479
173900 0.54007462 0.81712977 39.90233577
174000 0.57238323 0.91765392 16.90076288
174100 0.52966057 0.72115625 68.57686599
174200 0.48469716 0.85439147 42.30900555
174300 0.47942122 0.82776399 49.02192087
174400 0.57713513 0.81800778 34.45808248
174500 0.49759566 0.83521545 43.54995837
174600 0.52064104 0.80153024 46.95342961
174700 0.50179613 0.87326115 35.26069740
174800 0.52074664 0.84726875 36.61586450
174900 0.51308891 0.80494245 47.49447961
175000 0.49245978 0.81286999 49.65179212
175100 0.49542836 0.80435191 51.09626925
175200 0.55155420 0.85774516 29.49903995
175300 0.48816963 0.79254247 55.57824270
175400 0.53702255 0.77918826 49.95032289
175500 0.56484145 0.83228106 32.83468433
175600 0.53317223 0.82496352 39.23646050
175700 0.55138535 0.89569934 22.94750473
175800 0.55218628 0.81645011 38.19722330
175900 0.52177347 0.81392113 43.74896341
176000 0.58845464 0.89817251 17.74697688
176100 0.50590369 0.83146908 42.71457116
176200 0.48801271 0.87326397 38.08711650
176300 0.56014192 0.81424527 37.57028756
176400 0.52774906 0.85471898 33.90253168
176500 0.55266607 0.82794382 35.50811766
176600 0.46935599 0.90174740 37.58774529
176700 0.55502464 0.81650477 37.76893794
176800 0.51401942 0.81753881 44.31349095
176900 0.50973835 0.88718984 31.35332254
177000 0.57562651 0.84617094 28.50752505
177100 0.53066260 0.81133140 42.81892837
177200 0.55391919 0.85250541 30.17185759
177300 0.54845745 0.81073636 40.10611666
177400 0.51220838 0.83412239 40.93441779
177500 0.56826806 0.81668994 35.89344513
177600 0.53629064 0.90083911 24.52486277
177700 0.50712652 0.83855872 40.95379641
177800 0.54914551 0.91201928 20.89787862
177900 0.53643634 0.82926106 37.73937492
178000 0.52260480 0.84479017 36.79006502
178100 0.52426437 0.79370608 48.28479314
178200 0.56802780 0.90960315 18.56396894
178300 0.50442243 0.91192733 28.65732533
178400 0.50691604 0.83497952 41.75761066
178500 0.55475900 0.92111210 18.85351903
178600 0.51823827 0.77957634 53.08314233
178700 0.49384275 0.86638644 38.10737546
178800 0.50990135 0.81610165 45.42296768
178900 0.49305720 0.80581467 51.22589713
179000 0.51384286 0.88311188 31.25306174
179100 0.57868429 0.77469857 45.25418824
179200 0.53174295 0.86711443 30.87878334
179300 0.54231806 0.88983280 25.25856251
179400 0.52726591 0.87178624 30.79860431
179500 0.52672908 0.75262702 59.22675080
179600 0.55574550 0.85357878 29.69532729
179700 0.53314511 0.76101724 55.67579496
179800 0.52661478 0.81635631 42.32590378
179900 0.53000090 0.79384763 47.25686604
180000 0.53428786 0.82369575 39.33706337
180100 0.55613680 0.82365549 35.96422878
180200 0.53312076 0.81203604 42.23776529
180300 0.54736284 0.85096917 31.45568725
180400 0.52097971 0.76991055 55.24918123
180500 0.54045626 0.75228078 57.04546892
180600 0.50160544 0.83246321 43.34132936
180700 0.55978588 0.78777748 44.21032364
180800 0.49056783 0.81760313 48.93506904
180900 0.54804852 0.88493834 25.16730228
181000 0.55029057 0.81926455 37.82587909
181100 0.50668349 0.90747002 28.84303420
181200 0.54846083 0.86418649 28.74539066
181300 0.52284564 0.81343758 43.67272126
181400 0.48977258 0.93133367 29.13863418
181500 0.51986833 0.84581314 37.06984571
181600 0.55140462 0.87802450 25.82807923
181700 0.49523266 0.80793711 50.26205214
181800 0.55409816 0.89104239 23.27743332
181900 0.56676228 0.83603264 31.76716030
182000 0.51446013 0.78970998 51.08797065
182100 0.49980416 0.86004772 38.08012138
182200 0.48420603 0.83713015 45.94030714
182300 0.58166027 0.80449205 37.13922298
182400 0.42510699 0.93314940 44.61011444
182500 0.53418553 0.83303799 37.28347617
182600 0.55695547 0.84240020 31.77970695
182700 0.49799438 0.84396497 41.62835101
182800 0.55544380 0.81426258 38.23431290
182900 0.53782750 0.88899921 26.11058715
183000 0.49871521 0.85580357 39.11390936
183100 0.58232132 0.87082965 22.97514362
183200 0.56674432 0.83714210 31.53278003
183300 0.48836496 0.79682817 54.44268278
183400 0.53712090 0.80447605 43.40580409
183500 0.49515241 0.86265977 38.52944919
183600 0.51531200 0.82499990 42.36735107
183700 0.56788108 0.83544304 31.74504949
183800 0.57809369 0.81513957 35.01028489
183900 0.54755967 0.77136356 50.43815916
184000 0.48700964 0.88374533 36.50275366
184100 0.52088311 0.75485446 59.59687490
184200 0.55448236 0.78417957 45.91794246
184300 0.47991519 0.89741006 35.86050727
184400 0.49688231 0.85018995 40.59042550
184500 0.54951260 0.79785096 43.11279892
184600 0.53781543 0.78928548 47.13794742
184700 0.52017756 0.89477854 28.21490577
184800 0.52745674 0.90422196 25.51120789
184900 0.50130170 0.84697403 40.35027941
185000 0.53979895 0.78417321 48.16412856
185100 0.54471482 0.81063066 40.70558383
185200 0.51387849 0.90020293 28.54018864
185300 0.54674397 0.84584887 32.58254686
185400 0.51831072 0.88744660 29.71730136
185500 0.54849256 0.79852424 43.09727984
185600 0.60166445 0.82592354 29.94006961
185700 0.52634345 0.79450074 47.71823468
185800 0.55133386 0.90945211 20.92766539
185900 0.58261888 0.81237168 35.12277257
186000 0.50997421 0.84950010 38.15500610
186100 0.59268416 0.77341998 44.00659711
186200 0.54900176 0.86667425 28.20439949
186300 0.57704387 0.81773533 34.53254300
186400 0.50603381 0.84919611 38.97254348
186500 0.53604889 0.91709602 22.27171657
186600 0.60157887 0.85862407 23.15573325
186700 0.53817113 0.86463235 30.27487486
186800 0.51656723 0.88602370 30.26790385
186900 0.51701506 0.84523741 37.70560455
187000 0.54598370 0.75467593 55.46866418
187100 0.54176118 0.88115703 26.77373634
187200 0.48547595 0.88262032 37.01826140
187300 0.54108800 0.86320757 30.07221771
187400 0.55363414 0.90077397 21.84568571
187500 0.55486615 0.84436685 31.67441370
187600 0.55914212 0.78397846 45.30420060
187700 0.52024685 0.81869693 42.90615212
187800 0.47604253 0.75792396 67.73268067
187900 0.49181496 0.83435575 44.92172544
188000 0.53957177 0.85294880 32.28319567
188100 0.48053584 0.82934802 48.42590774
188200 0.49357620 0.84876680 41.55279321
188300 0.55560344 0.81996693 36.88278934
188400 0.57842995 0.81637867 34.67910069
188500 0.51821925 0.87581495 31.69233739
188600 0.54732721 0.82390748 37.21340348
188700 0.55107656 0.90006766 22.32894763
188800 0.59072509 0.73508978 55.55472650
188900 0.49471934 0.80096192 52.08005753
189000 0.56996227 0.84832055 28.79220606
189100 0.54180986 0.81717258 39.61636487
189200 0.50410241 0.87082119 35.24045660
189300 0.55268981 0.80520107 40.81340338
189400 0.52757136 0.83022376 39.01661547
189500 0.53729959 0.85009903 33.21591069
189600 0.51530820 0.83091630 41.05436385
189700 0.56353921 0.84068257 31.21766594
189800 0.55948189 0.86479216 27.02364120
189900 0.51899844 0.88237718 30.42948795
190000 0.48246395 0.78447756 58.91205071
190100 0.55125100 0.86095746 28.93167320
190200 0.49304547 0.80956409 50.31980125
190300 0.47529990 0.87445921 40.65235096
190400 0.52279939 0.89077079 28.37699894
190500 0.52075453 0.77322080 54.36783143
190600 0.54034502 0.79466142 45.34375032
190700 0.53951165 0.87147536 28.81377836
190800 0.57420498 0.78624705 42.69500301
190900 0.53277432 0.82574208 39.12802067
191000 0.49362880 0.86460972 38.47931493
191100 0.56763805 0.78698102 43.34933343
191200 0.53433183 0.85831217 32.09508318
191300 0.52677030 0.87542438 30.24258836
191400 0.53823140 0.84706629 33.67558420
191500 0.54201574 0.83594476 35.38933613
191600 0.54665783 0.85346689 31.06954263
191700 0.53128822 0.77892065 50.97384057
191800 0.53115933 0.88197243 28.37021837
191900 0.55474273 0.84337913 31.89592855
192000 0.50198368 0.87469045 34.97195102
192100 0.52543476 0.79472989 47.81792525
192200 0.54113085 0.79853242 44.23767403
192300 0.59912897 0.76874833 44.63873345
192400 0.53681562 0.89623803 25.13594286
192500 0.51860305 0.75089641 61.18390560
192600 0.51017523 0.81793489 44.94383000
192700 0.57827912 0.82757421 32.14460182
192800 0.53990666 0.83813066 35.25924799
192900 0.54564822 0.80937989 40.86125365
193000 0.51463248 0.85453938 36.28298542
193100 0.47474892 0.80102121 56.36424330
193200 0.48672021 0.75742207 65.54505821
193300 0.50595885 0.79487557 51.37022050
193400 0.50053724 0.74234174 67.21949841
193500 0.51158069 0.87975533 32.24254129
193600 0.53868446 0.86979394 29.24846337
193700 0.53864780 0.92991521 20.22744446
193800 0.58275700 0.86252574 24.44625909
193900 0.44824472 0.84763360 52.16644068
194000 0.54265429 0.83145041 36.26079801
194100 0.53943596 0.85166354 32.55908270
194200 0.53288229 0.85493000 32.99031816
194300 0.54751539 0.85007843 31.61009590
194400 0.51188571 0.80917236 46.69246871
194500 0.54591331 0.86838669 28.36305281
194600 0.56880167 0.83097082 32.59339246
194700 0.50540436 0.80719526 48.41080253
194800 0.53605451 0.82828973 38.01678382
194900 0.51498275 0.78477973 52.28658736
195000 0.53661946 0.83395122 36.68513651
195100 0.55598419 0.82593892 35.47195980
195200 0.53015012 0.86363533 31.79038701
195300 0.51635014 0.82654595 41.82949232
195400 0.56553690 0.85340753 28.36446217
195500 0.54874338 0.86109511 29.28181214
195600 0.53774603 0.82568925 38.32083079
195700 0.52397257 0.85239648 35.01640456
195800 0.55252928 0.82480117 36.23106208
195900 0.51037334 0.75994606 60.04477966
196000 0.51049041 0.82970070 42.22283242
196100 0.49671258 0.90637211 30.97737324
196200 0.53552822 0.88855923 26.55704392
196300 0.51142908 0.76732062 57.73331196
196400 0.56883753 0.79339678 41.52440252
196500 0.53843779 0.88948905 25.93305541
196600 0.51681196 0.83410970 40.08323962
196700 0.57168996 0.84609911 29.01951960
196800 0.48968075 0.89143466 34.68857615
196900 0.55123494 0.93217261 18.00716829
197000 0.53420823 0.77357247 51.94954672
197100 0.51418241 0.88709167 30.53365171
197200 0.51611303 0.87658237 31.94404683
197300 0.52574206 0.88399275 28.96211827
197400 0.54463573 0.86548479 29.09195913
197500 0.56037094 0.82626492 34.77683033
197600 0.52893741 0.86503101 31.73796898
197700 0.55310257 0.79793788 42.55708344
197800 0.45891415 0.87189087 44.92262314
197900 0.49204832 0.87914990 36.21682905
198000 0.51114400 0.78521775 52.88811358
198100 0.53530702 0.81539119 41.08253700
198200 0.55145703 0.87670316 26.04840349
198300 0.54470312 0.87480966 27.40438927
198400 0.52000171 0.78242858 51.99692503
198500 0.53457970 0.84987486 33.70697452
198600 0.51736079 0.79252893 49.82421785
198700 0.56090966 0.84785529 30.10430243
198800 0.55161949 0.81551493 38.50001245
198900 0.51726501 0.87508882 31.99299794
199000 0.56162313 0.82796469 34.22391994
199100 0.54996659 0.86389314 28.57289423
199200 0.54265040 0.91900793 20.95891010
199300 0.55743594 0.84665866 30.83610574
199400 0.49260206 0.89451607 33.59457882
199500 0.55722637 0.73602137 59.48344296
199600 0.47409611 0.81411708 53.33666015
199700 0.47535323 0.78124922 61.34657755
199800 0.54221273 0.83784251 34.95381137
199900 0.50227060 0.87889415 34.18706444
