0 0.10518842 0.01037027 0.06723108
100 0.19434837 0.04682231 5.54697203
200 0.18374819 0.05423817 4.97776912
300 0.20858156 0.05696843 7.51767883
400 0.27243395 0.00121692 14.86747340
500 0.20233673 0.07552007 8.08804310
600 0.21146642 0.04556787 7.25059672
700 0.20065281 0.02976824 5.50856863
800 0.20288459 0.06341788 7.30353363
900 0.23140080 0.01071486 8.69048861
1000 0.19835857 0.05368076 6.27801640
1100 0.27609690 0.01804351 15.66784323
1200 0.23591279 0.04250621 10.13953202
1300 0.26115418 0.01954164 13.17627198
1400 0.18840375 0.03695562 4.59046989
1500 0.21792186 0.10074454 12.02751353
1600 0.23801469 0.05537009 11.05695066
1700 0.20427620 0.03801066 6.15916800
1800 0.21625204 0.04605133 7.81763065
1900 0.23734442 0.04295994 10.35452257
2000 0.19934678 0.06342552 6.94629018
2100 0.22734903 0.04531129 9.13544427
2200 0.20488593 0.00977518 5.54830625
2300 0.21846902 0.05339230 8.44282370
2400 0.24818271 0.06927827 13.37879660
2500 0.21955772 0.01609347 7.27652364
2600 0.15439169 0.02356101 1.75678849
2700 0.19264676 0.07467318 7.07975258
2800 0.19032490 0.07551905 6.93085691
2900 0.21146851 0.06519563 8.33784955
3000 0.23608922 0.07705815 12.22911797
3100 0.20816610 0.02892930 6.26840435
3200 0.19823441 0.03298020 5.36884672
3300 0.23776464 0.01685839 9.63165082
3400 0.18215055 0.07812662 6.42624101
3500 0.25685875 0.02292569 12.56512785
3600 0.24342708 0.05366205 11.72547186
3700 0.20300717 0.04079263 6.13725839
3800 0.13840083 0.08387335 4.25468152
3900 0.24054689 0.04722314 10.99172704
4000 0.20475307 0.04888110 6.68128405
4100 0.18531277 0.05892578 5.37525820
4200 0.20302830 0.05271350 6.69677210
4300 0.21643854 0.03502825 7.39245570
4400 0.26569010 0.03289113 14.26751756
4500 0.17367598 0.02623847 3.05830340
4600 0.20974144 0.04952494 7.24795151
4700 0.15022653 0.04168413 2.13013546
4800 0.16793695 0.04168334 3.17646518
4900 0.21541165 0.06902523 9.04216525
5000 0.25450730 0.02850278 12.34245720
5100 0.23692433 0.06739082 11.64489714
5200 0.23428285 0.07126412 11.55522896
5300 0.19282901 0.06175580 6.21550135
5400 0.22185265 0.07170480 9.99482279
5500 0.26070079 0.09188740 17.13401935
5600 0.22531388 0.05837349 9.55551677
5700 0.19982524 0.01721125 5.13065264
5800 0.17208860 0.02313790 2.86606395
5900 0.21373581 0.05048190 7.74212876
6000 0.21388041 0.06657012 8.70016472
6100 0.19196748 0.05665800 5.83407353
6200 0.22094986 0.08584172 10.99883507
6300 0.21266445 0.04309558 7.27525353
6400 0.21192726 0.02156145 6.49630403
6500 0.22832719 0.05658936 9.83511222
6600 0.13916127 0.02168616 1.00194709
6700 0.22344760 0.02561500 7.94771958
6800 0.19513039 0.02410893 4.81551596
6900 0.28167908 0.02315207 16.77165280
7000 0.21402507 0.07524971 9.33211847
7100 0.18719304 0.02340599 4.07523326
7200 0.23705951 0.05556767 10.93653805
7300 0.18408077 0.04158885 4.39960447
7400 0.22530602 0.04644781 8.92949821
7500 0.29313155 0.06377489 20.68351576
7600 0.20632011 0.07385047 8.37892931
7700 0.26165663 0.03215439 13.58338471
7800 0.17001363 0.05328605 3.87065568
7900 0.26076249 0.06869565 15.28183529
8000 0.19004842 0.05396710 5.51058255
8100 0.20039301 0.04949870 6.26443847
8200 0.19447130 0.08417621 8.00522967
8300 0.19718546 0.00965213 4.76908907
8400 0.24202196 -0.00599986 10.10311719
8500 0.21345428 0.09574706 11.01968658
8600 0.23089135 0.05450338 10.05158212
8700 0.25089927 0.05630360 12.97034230
8800 0.23998196 0.05941190 11.56236187
8900 0.21449777 0.08872647 10.49106231
9000 0.19734968 0.03071179 5.21008700
9100 0.26440421 0.00942902 13.55882579
9200 0.27365010 0.03302556 15.62252280
9300 0.25276581 0.06426426 13.73364356
9400 0.18919499 0.04100175 4.81844468
9500 0.18444903 0.05910594 5.31257556
9600 0.20516950 0.05686742 7.14726398
9700 0.29385835 0.05352764 20.22313470
9800 0.19939450 0.05534926 6.47140356
9900 0.24367125 -0.00900383 10.36124891
10000 0.18159453 0.05639574 4.91907310
10100 0.24185659 0.10150881 15.21366514
10200 0.22244345 0.06980633 9.93266079
10300 0.17884156 0.01724064 3.25661587
10400 0.21064597 0.03855894 6.86466162
10500 0.30910896 0.04249658 22.76625753
10600 0.22230539 0.02772354 7.86360087
10700 0.23798198 0.02554934 9.84589812
10800 0.22666289 0.05206556 9.37715444
10900 0.20449620 0.06220613 7.39452905
11000 0.21664480 0.06647466 9.01244512
11100 0.26070264 0.07392966 15.64546655
11200 0.19469475 0.08654354 8.22843969
11300 0.16890408 0.04973779 3.61081032
11400 0.20635379 0.05866248 7.37620791
11500 0.16760203 0.03068097 2.75567828
11600 0.22472440 -0.00264598 7.78158910
11700 0.17095601 -0.01429971 2.61961825
11800 0.22014182 0.07077476 9.72156240
11900 0.15352192 0.02776829 1.81783720
12000 0.15416699 0.01382298 1.56256898
12100 0.17243530 0.05413430 4.08869724
12200 0.24637143 0.05246450 12.08855950
12300 0.21668125 0.02922623 7.23434331
12400 0.18676647 0.01129998 3.82805483
12500 0.26469906 0.02439478 13.86044313
12600 0.15615975 0.06333022 3.58231719
12700 0.18053484 0.04526591 4.26743188
12800 0.17257176 0.05584537 4.19268257
12900 0.19575831 0.02505154 4.89861654
13000 0.25978675 0.06023404 14.57997315
13100 0.14743057 0.08004347 4.32830846
13200 0.26182768 0.04713262 14.20484065
13300 0.23175188 0.02839875 9.08252354
13400 0.24756359 0.03864381 11.63417818
13500 0.28202087 0.05306620 17.97380903
13600 0.27408783 0.02593934 15.48971126
13700 0.24202875 0.04334549 11.02549928
13800 0.26471540 0.02347124 13.84103162
13900 0.19718059 0.03493231 5.33216606
14000 0.24871573 0.05000591 12.30847941
14100 0.19573926 0.04375959 5.54045370
14200 0.24690693 0.06661507 13.00960701
14300 0.23481486 0.03209126 9.60244783
14400 0.28148689 0.07108491 18.99527827
14500 0.14634227 0.03623307 1.73022072
14600 0.17762097 0.05041455 4.28332069
14700 0.24192915 0.04983891 11.31390098
14800 0.20134601 0.01108697 5.19696744
14900 0.27344657 0.02162187 15.27560955
15000 0.24050316 0.03803969 10.59407756
15100 0.19707261 0.03807302 5.43632352
15200 0.23553573 0.05131727 10.50169794
15300 0.17493047 0.08004355 6.01077222
15400 0.27047570 0.03436841 15.12157611
15500 0.22037004 0.07648219 10.16923555
15600 0.22055296 0.05362439 8.70429601
15700 0.25238166 0.03394777 12.18631072
15800 0.18084611 0.01055477 3.32374802
15900 0.21312820 0.05734837 8.04341270
16000 0.22921188 0.06305641 10.33591051
16100 0.25455947 0.06175744 13.85130557
16200 0.15220497 0.02544980 1.68652543
16300 0.21536659 0.02377822 6.93742678
16400 0.21834360 0.01433944 7.10541325
16500 0.19542616 0.04346560 5.49770541
16600 0.17767305 0.06176712 4.92413974
16700 0.18020956 0.04275415 4.13074553
16800 0.22825821 0.06364234 10.25025735
16900 0.21947867 0.02567979 7.46730223
17000 0.26089224 0.05666204 14.54845019
17100 0.26159943 0.04071420 13.88601163
17200 0.16830285 0.07907933 5.45940997
17300 0.21430093 0.05495246 8.04223695
17400 0.19678082 0.04745601 5.80929999
17500 0.23928506 0.01780263 9.85863101
17600 0.24659170 0.06411764 12.80009974
17700 0.22320626 0.04140535 8.44709297
17800 0.16630793 0.02073744 2.41339168
17900 0.24459083 0.04850296 11.62952292
18000 0.18020548 0.04463019 4.21238643
18100 0.23212458 0.06623090 10.92171789
18200 0.23071678 0.06004402 10.34608053
18300 0.21378135 -0.00212209 6.47534915
18400 0.25381838 0.01623258 11.96179498
18500 0.21123811 0.07433934 8.95012726
18600 0.21791153 0.04945863 8.17464190
18700 0.18654590 0.04993614 4.99190484
18800 0.20934358 0.04937998 7.19720062
18900 0.23400549 0.05092880 10.27560704
19000 0.22220423 0.07799603 10.50862651
19100 0.23479502 0.03944128 9.86265653
19200 0.21422667 0.03029038 6.98261922
19300 0.24861819 0.03336984 11.60045666
19400 0.18809935 0.04642474 4.95837614
19500 0.22856541 0.04735757 9.38590232
19600 0.16914103 0.03402665 2.96914758
19700 0.20005332 0.04591291 6.05933057
19800 0.23573616 0.03476288 9.81638156
19900 0.19559560 0.05112172 5.87597425
20000 0.23890401 0.02369361 9.92785558
20100 0.19370893 0.07972055 7.56836517
20200 0.24296244 0.03719157 10.91073636
20300 0.22053103 0.02082453 7.48069550
20400 0.20767063 0.05316313 7.20964117
20500 0.18651567 0.04111585 4.58773749
20600 0.20288888 0.05332828 6.71501319
20700 0.23775395 0.03017574 9.94336297
20800 0.21525953 0.05174895 7.98135655
20900 0.26644086 0.02072000 14.06593875
21000 0.22069719 -0.00763483 7.31305054
21100 0.23206139 0.05731617 10.36267636
21200 0.26790247 0.08635287 17.82402808
21300 0.19933254 0.04206848 5.81835522
21400 0.20927538 0.04207491 6.85570326
21500 0.21209351 0.04619779 7.34959577
21600 0.20567579 0.02794846 5.97424393
21700 0.20536553 0.05943913 7.31745321
21800 0.30318829 0.02972811 21.08462105
21900 0.23197251 0.04758831 9.84069592
22000 0.20304480 0.07131682 7.85216015
22100 0.23471882 0.07278967 11.72374768
22200 0.23825962 0.05987015 11.35007865
22300 0.27925789 0.05245051 17.44222349
22400 0.17952765 0.01391173 3.25909176
22500 0.18881808 0.08182659 7.29212048
22600 0.21589333 0.03766421 7.42492808
22700 0.18057547 0.02941672 3.67887535
22800 0.24154331 0.04898541 11.21703994
22900 0.24588327 0.02533955 10.96201121
23000 0.24152181 0.04492161 11.02318668
23100 0.20214362 0.08462440 8.79730483
23200 0.18980670 0.03958864 4.81625218
23300 0.24417467 0.04785366 11.53815438
23400 0.21303009 0.03241876 6.91338882
23500 0.26154284 0.03697720 13.73170190
23600 0.18269240 0.04430109 4.40030947
23700 0.15312199 0.04477983 2.41358982
23800 0.22044435 0.05297543 8.65661875
23900 0.20243784 0.04237691 6.14465636
24000 0.20500669 0.05429262 6.98704654
24100 0.19944184 0.03480770 5.55012810
24200 0.21228479 0.03015035 6.75845826
24300 0.18837932 0.08827275 7.80149108
24400 0.22634962 0.05153210 9.30989213
24500 0.23440574 0.03828635 9.76537301
24600 0.19349629 0.08872490 8.30683204
24700 0.19296942 0.05176876 5.66165885
24800 0.26015553 0.02202909 13.06753736
24900 0.20909505 0.05912895 7.69898170
25000 0.18454974 0.05682088 5.18863515
25100 0.21924188 0.07087359 9.62084579
25200 0.17981494 0.07490927 5.99091191
25300 0.20580277 0.08107790 8.88392621
25400 0.24211559 0.01503353 10.21142428
25500 0.17188411 0.04046437 3.40234513
25600 0.21937937 0.07011457 9.58374397
25700 0.22424678 0.03637836 8.38032373
25800 0.18626891 0.06427705 5.78693192
25900 0.22405545 0.02563317 8.02340698
26000 0.25066142 0.00449562 11.35953637
26100 0.19985365 0.05362563 6.42322936
26200 0.16924822 0.04393271 3.36269913
26300 0.24847708 0.02932781 11.45278156
26400 0.21166316 0.02861165 6.64364436
26500 0.24495006 0.07728770 13.49195463
26600 0.20081628 0.04922606 6.29356389
26700 0.22519497 0.05901975 9.57855606
26800 0.17814141 0.02345648 3.32814311
26900 0.18686116 0.04558114 4.81125014
27000 0.20709725 0.03341154 6.29307537
27100 0.22589131 0.05010426 9.17952891
27200 0.21892059 0.04443955 8.05849024
27300 0.17113854 0.01246688 2.60805750
27400 0.21657383 0.03517311 7.41330231
27500 0.26377589 0.02139908 13.64023160
27600 0.19562963 0.03486690 5.18036372
27700 0.25904635 0.03190386 13.15679868
27800 0.26329720 0.06082931 15.18308939
27900 0.30733846 0.01707768 21.64044126
28000 0.23141689 0.04488586 9.64257005
28100 0.17898469 0.04922326 4.33075537
28200 0.24746719 0.07753652 13.87924244
28300 0.23001914 0.03547632 9.08177323
28400 0.19426321 0.06312731 6.43530511
28500 0.19836726 0.04004749 5.63995975
28600 0.21205464 0.03269042 6.81245330
28700 0.20919435 0.06901350 8.34313417
28800 0.21005688 0.05822034 7.75106290
28900 0.24866792 0.06291323 13.03011328
29000 0.23754069 0.04530149 10.48483297
29100 0.19772158 0.02035306 4.98187682
29200 0.18207127 0.05712189 4.99930195
29300 0.21882249 0.01384469 7.15523012
29400 0.23062515 0.03140945 9.02474125
29500 0.25069167 0.07506496 14.17136308
29600 0.20917800 0.03522441 6.58029720
29700 0.22597954 0.01929880 8.12164431
29800 0.24691228 0.01652957 10.92822163
29900 0.19595601 0.09608211 9.21966351
30000 0.21404045 0.07150121 9.05882385
30100 0.22142551 0.04785530 8.51714206
30200 0.19986527 0.03468955 5.58821871
30300 0.23399913 0.04270496 9.88973971
30400 0.22289353 0.08825204 11.44562187
30500 0.21443951 0.02226017 6.79595830
30600 0.18712836 0.05058491 5.07509163
30700 0.21638791 0.02370914 7.05413421
30800 0.22640765 0.04229230 8.88376628
30900 0.19820816 0.02900507 5.24306834
31000 0.16381523 0.03226934 2.55684697
31100 0.24223140 0.07724213 13.09805825
31200 0.18482763 0.08726407 7.40537306
31300 0.23377476 0.00758460 8.97660690
31400 0.21511283 0.08743400 10.44783373
31500 0.24873075 0.05239386 12.43297627
31600 0.25791902 0.01503296 12.58220363
31700 0.24038735 0.05077307 11.14325592
31800 0.21341235 0.03126554 6.91994779
31900 0.26200906 0.02974822 13.56594629
32000 0.23749972 0.07017552 11.91538781
32100 0.25450316 0.07538472 14.77704162
32200 0.22669349 0.02582587 8.35910783
32300 0.22159177 0.04828194 8.55785143
32400 0.18713978 0.06434182 5.86660483
32500 0.16998091 0.04070368 3.27705839
32600 0.23671429 0.05330073 10.76588165
32700 0.20311679 0.05635903 6.90470642
32800 0.18997030 0.05140874 5.36875679
32900 0.16436270 0.06168836 3.97400527
33000 0.22677411 0.05625111 9.61793053
33100 0.23979111 0.00712073 9.79613026
33200 0.19192223 0.01459005 4.33128337
33300 0.23756364 0.03653637 10.12933113
33400 0.26601906 0.04663513 14.86858250
33500 0.19492449 0.04425736 5.48468683
33600 0.18717887 0.04183878 4.67531993
33700 0.17894220 0.04226644 4.00916160
33800 0.22807687 0.03932957 8.97525032
33900 0.19944822 0.05987553 6.73751317
34000 0.17461608 0.05982926 4.57355031
34100 0.18814210 0.06487430 5.98885198
34200 0.19432763 0.06206533 6.37490370
34300 0.20029689 0.09964895 9.99468944
34400 0.26175888 0.03388224 13.65697002
34500 0.20219059 0.06265274 7.18414105
34600 0.19722599 0.00575083 4.74298220
34700 0.20597828 0.03489670 6.22458735
34800 0.17099291 0.02729927 2.89262175
34900 0.22912889 0.02431142 8.63265766
35000 0.25295077 0.00904339 11.73786002
35100 0.19111346 0.02633501 4.49759746
35200 0.20909192 0.03084144 6.42612098
35300 0.17929298 0.04999762 4.39356894
35400 0.21934943 0.04208983 8.00792072
35500 0.23146013 0.03241960 9.16639872
35600 0.20771739 0.04956721 7.02997201
35700 0.25218012 0.04711856 12.68947402
35800 0.21424307 0.03839692 7.26290075
35900 0.24871313 0.05442409 12.53878876
36000 0.24405562 0.03453734 10.97242487
36100 0.22248931 0.04752044 8.63091166
36200 0.19378272 0.02831380 4.79843505
36300 0.21510332 0.07208139 9.22225135
36400 0.23264123 0.03516126 9.41500522
36500 0.18807393 0.05820579 5.57246574
36600 0.18931647 0.05778753 5.65841495
36700 0.17172488 0.05642445 4.16408816
36800 0.21777119 0.06085331 8.78658987
36900 0.26087649 0.01824081 13.10698665
37000 0.27109571 0.03515918 15.25495493
37100 0.25482176 0.02241319 12.23606368
37200 0.20264541 0.06841490 7.60833957
37300 0.17647323 0.01767569 3.08029275
37400 0.18851741 0.03330583 4.47230540
37500 0.21085503 0.04804764 7.29870671
37600 0.19527219 0.09093174 8.67268503
37700 0.29155492 0.02575307 18.67825497
37800 0.25074316 0.04159106 12.22665845
37900 0.27221424 0.01647765 14.96462876
38000 0.24248346 0.04655639 11.23451623
38100 0.22298215 0.04398331 8.52957075
38200 0.23778752 0.05211027 10.85044088
38300 0.19371914 -0.00399729 4.39962795
38400 0.21530475 0.05378004 8.09373934
38500 0.22048904 0.04089890 8.09516411
38600 0.20461821 0.05780429 7.14315286
38700 0.23299609 0.05143934 10.16698257
38800 0.31054391 0.05853678 23.87764706
38900 0.10977202 0.03311734 0.59612517
39000 0.23734304 0.00892405 9.47137513
39100 0.27548639 0.06646310 17.60640808
39200 0.20111785 0.00962839 5.15876297
39300 0.23591371 0.05789202 10.91201106
39400 0.22771216 0.04777686 9.29651205
39500 0.23694838 0.08746465 13.20246196
39600 0.22905680 0.06518059 10.45208318
39700 0.24767105 0.05745617 12.55397529
39800 0.22014055 0.06807905 9.53425492
39900 0.22519238 0.05289125 9.23530797
40000 0.19372984 0.02118466 4.61703644
40100 0.18868888 0.04301599 4.85804653
40200 0.20976992 0.03507318 6.63978210
40300 0.22293382 0.05779770 9.22664916
40400 0.22627164 0.01371631 8.06633220
40500 0.15091629 0.03458748 1.89438114
40600 0.24902040 0.02276554 11.36267504
40700 0.23833516 0.02628631 9.91379360
40800 0.17410820 0.05778466 4.41554591
40900 0.19657979 0.09900146 9.56447275
41000 0.18604117 -0.00247848 3.70461283
41100 0.22736930 0.04817378 9.27182599
41200 0.20724098 0.07439179 8.51738357
41300 0.18829082 0.04809273 5.05408930
41400 0.23764454 0.03815789 10.20102276
41500 0.18828721 0.01545418 4.01673168
41600 0.28387284 0.01207772 16.97754582
41700 0.20694380 0.06473935 7.81408056
41800 0.18934484 0.04054389 4.81315328
41900 0.23271298 0.00938212 8.85037928
42000 0.17650243 0.04262239 3.83464486
42100 0.18046546 0.04295550 4.15993253
42200 0.17002228 0.02298590 2.71573541
42300 0.24308739 0.02684282 10.59726882
42400 0.22733718 0.02267836 8.36453221
42500 0.23172314 0.04908434 9.88012866
42600 0.22583347 0.00447600 7.92704800
42700 0.17060464 0.03831230 3.22642361
42800 0.19592181 0.02373406 4.88215011
42900 0.18471077 0.04261991 4.49618586
43000 0.22342901 0.02286464 7.87875657
43100 0.14386091 0.08762572 4.80102354
43200 0.18549959 0.04634446 4.72899466
43300 0.18922278 0.02766934 4.36314819
43400 0.18656624 0.04310331 4.67580475
43500 0.23344560 0.06744374 11.17819311
43600 0.19869722 0.06582405 7.03697348
43700 0.25306186 0.05734877 13.35840770
43800 0.20284797 0.04056084 6.11144309
43900 0.19235667 0.05254504 5.64536816
44000 0.21688927 0.03226334 7.35201232
44100 0.18955877 0.07565332 6.87209964
44200 0.21346087 0.02765582 6.81910665
44300 0.23799507 0.06956509 11.94097052
44400 0.18857364 0.03832036 4.65686965
44500 0.24775558 0.08144015 14.23210537
44600 0.25187816 0.01803713 11.69615760
44700 0.19873636 0.06098369 6.73393938
44800 0.24612429 0.05158562 12.00669160
44900 0.23446535 0.01526678 9.15700303
45000 0.20484637 0.06642272 7.70236981
45100 0.17305081 0.11587216 9.38138905
45200 0.18328959 -0.01313582 3.55485252
45300 0.24015962 0.03287804 10.36284258
45400 0.21915786 0.03311485 7.64759398
45500 0.22189623 0.04077694 8.26072456
45600 0.21122448 0.05443006 7.66675788
45700 0.20051625 0.05100724 6.35262766
45800 0.23051808 0.03181921 9.02371517
45900 0.15250481 0.06129521 3.25692879
46000 0.22323060 0.04252144 8.49692641
46100 0.19920281 0.03289668 5.46169488
46200 0.23150691 0.05334415 10.06983296
46300 0.21699214 0.00652598 6.86487457
46400 0.26326266 0.07980035 16.51139644
46500 0.20066014 0.03576392 5.70576139
46600 0.19542187 0.04629375 5.62422232
46700 0.20086244 0.01523294 5.20263731
46800 0.26256066 0.04949628 14.43792418
46900 0.22832935 0.03145569 8.72894161
47000 0.27821287 0.06068320 17.72113962
47100 0.21299524 0.05232507 7.75291867
47200 0.16186296 0.00074260 1.91378884
47300 0.15336940 0.01818860 1.58955911
47400 0.21763190 0.03914965 7.68497995
47500 0.18996581 0.01182289 4.11681395
47600 0.18089407 0.02493640 3.58283712
47700 0.24452469 0.05861527 12.16156820
47800 0.20089526 0.07392137 7.82211178
47900 0.20651630 0.04888859 6.86790807
48000 0.21057954 0.06047794 7.94270828
48100 0.18124264 -0.00753728 3.32858865
48200 0.19262371 0.05638968 5.87947380
48300 0.18257288 0.03505379 4.02352446
48400 0.26012395 -0.00330504 12.82530086
48500 0.23574853 0.05468103 10.70883900
48600 0.20087277 0.04252314 5.99176634
48700 0.15510386 0.02340320 1.79207255
48800 0.26835930 0.01421933 14.27352151
48900 0.17373208 0.03508635 3.33373570
49000 0.20263507 0.08276290 8.69182846
49100 0.18613509 0.04835547 4.87875308
49200 0.19315764 0.03968704 5.12670295
49300 0.19952957 0.06651764 7.16536617
49400 0.17063890 0.05010842 3.75035410
49500 0.20592107 0.04106979 6.45299991
49600 0.30862006 0.02722205 22.13168513
49700 0.22564218 0.09327217 12.24282680
49800 0.21475187 0.02894795 7.00298820
49900 0.19899702 0.02884253 5.31615047
50000 0.20439211 0.08190542 8.80310468
50100 0.22005853 0.00776298 7.23715773
50200 0.19427767 0.05805249 6.12918576
50300 0.21806138 0.06023193 8.78318777
50400 0.21979092 0.07542354 10.01928750
50500 0.22569684 0.03576004 8.53923776
50600 0.21759120 0.01800458 7.07592735
50700 0.17834248 0.07458132 5.84995918
50800 0.22712024 0.04663101 9.16700323
50900 0.24947059 0.08786766 15.03109104
51000 0.24472778 0.01870415 10.64798740
51100 0.24078837 0.05072872 11.19738428
51200 0.19163542 0.07181693 6.77736060
51300 0.23620975 0.06131439 11.15627505
51400 0.16113786 0.09100128 6.00953484
51500 0.21886427 0.05507017 8.58071921
51600 0.21599728 0.03174232 7.23147173
51700 0.20519117 0.04691858 6.63326814
51800 0.17950024 0.03518848 3.77925833
51900 0.21471464 0.05440648 8.05975729
52000 0.23468901 0.03424734 9.65700458
52100 0.28868122 0.06347985 19.81514768
52200 0.24422169 0.08224163 13.78179002
52300 0.23020996 0.04053072 9.29868628
52400 0.18650978 0.07147126 6.29604117
52500 0.22684984 0.05959232 9.82106378
52600 0.22395806 0.00975971 7.73042630
52700 0.24484126 0.01337844 10.57898611
52800 0.17610327 0.02805296 3.28933793
52900 0.21875946 0.06534457 9.18686129
53000 0.20037948 0.04651572 6.11987630
53100 0.26772985 0.08209712 17.43661908
53200 0.23778873 0.06605293 11.67436176
53300 0.22345440 0.01885127 7.79817978
53400 0.20082369 0.05852212 6.79512692
53500 0.21546950 0.07458108 9.44777096
53600 0.13297786 0.03933738 1.31748445
53700 0.15057360 0.00503805 1.29153548
53800 0.19832693 0.04593231 5.88898161
53900 0.19972476 -0.00112769 4.97315019
54000 0.22965722 0.01456634 8.51158669
54100 0.22799019 0.05931666 9.94997800
54200 0.23925548 0.05947225 11.46451837
54300 0.17452593 0.05539189 4.31118766
54400 0.17972732 0.06125169 5.05410780
54500 0.19434809 0.05338117 5.87555616
54600 0.16538109 0.05420596 3.60648652
54700 0.15186616 0.04639696 2.42138816
54800 0.21628425 0.02369539 7.04174890
54900 0.20178303 0.07665844 8.11815087
55000 0.21912947 0.04768215 8.23270880
55100 0.26135984 0.02532344 13.33913715
55200 0.19893190 0.06003256 6.69571513
55300 0.23157282 0.05389914 10.10826138
55400 0.19312692 0.07219603 6.94244518
55500 0.21471400 0.00757707 6.60835671
55600 0.17779183 0.05771651 4.69138216
55700 0.25716491 0.03656449 13.01888606
55800 0.14151076 0.06660681 3.07980525
55900 0.16189834 0.06529373 4.04733785
56000 0.23877462 0.00511284 9.64226864
56100 0.20422079 0.01114187 5.49305747
56200 0.23194446 0.01775112 8.86222095
56300 0.19973626 0.05100159 6.27424191
56400 0.24343028 0.01707255 10.43185886
56500 0.23145540 0.05845706 10.34887571
56600 0.20024278 0.02869568 5.43602891
56700 0.27009519 0.02446716 14.76550731
56800 0.24440148 0.00693520 10.44994284
56900 0.21301506 0.01510883 6.50033972
57000 0.20838466 0.00174391 5.87513811
57100 0.19255601 0.02726948 4.65511945
57200 0.22040633 0.05407677 8.71099079
57300 0.23266529 0.01908062 8.98207503
57400 0.21003782 0.06129342 7.93260273
57500 0.25201045 0.02213018 11.79846022
57600 0.18195471 0.03345844 3.91802097
57700 0.25304591 0.03507101 12.32651346
57800 0.27093374 0.01026102 14.66181575
57900 0.24974429 0.05392817 12.66579953
58000 0.17892233 0.05797709 4.79503863
58100 0.19812051 0.04924959 6.02657827
58200 0.18955587 0.03315609 4.55978986
58300 0.20373264 0.04970662 6.61560423
58400 0.20044060 0.08008769 8.25117603
58500 0.20649287 0.04518172 6.69106005
58600 0.22402963 0.04219614 8.58193160
58700 0.22578797 0.05039998 9.18138569
58800 0.20350870 0.02655552 5.70962330
58900 0.17273291 0.09300419 6.96992789
59000 0.18522289 0.04674237 4.72389451
59100 0.24144996 0.03946761 10.78289225
59200 0.24140619 0.07325896 12.68129255
59300 0.21380055 0.04498976 7.48732177
59400 0.25926734 0.05514171 14.20334644
59500 0.21881654 0.06539628 9.19702140
59600 0.20389532 0.02301945 5.66206647
59700 0.20224890 0.03705111 5.91381142
59800 0.21179480 0.02261539 6.50476671
59900 0.23296416 0.04332553 9.77828529
60000 0.20006399 0.03319588 5.55738482
60100 0.19379583 0.08211107 7.76994358
60200 0.23424288 0.04684596 10.10784755
60300 0.18910038 0.03562330 4.60394818
60400 0.27047199 0.06307065 16.51930249
60500 0.21068379 0.06177914 8.03378213
60600 0.18216804 0.02205697 3.61904842
60700 0.22704225 0.04964324 9.30209198
60800 0.22210002 0.04153612 8.31683270
60900 0.27250308 0.01171952 14.94732987
61000 0.24409835 0.04185420 11.25805436
61100 0.14587255 0.05255128 2.43296417
61200 0.24714471 0.03882548 11.57949209
61300 0.24092364 0.01890865 10.10850479
61400 0.20447833 0.05065744 6.74094877
61500 0.21169046 0.09588626 10.83446710
61600 0.20266894 0.02273896 5.52898531
61700 0.22363548 0.03131834 8.13328556
61800 0.22452776 0.03428192 8.34120722
61900 0.25007901 0.03731253 11.95796657
62000 0.25042011 0.04264270 12.22230445
62100 0.17979203 0.04397082 4.15010071
62200 0.23053166 0.05856224 10.23402505
62300 0.20234488 0.03838249 5.97384544
62400 0.23346919 0.03229759 9.42857979
62500 0.21772634 0.02028586 7.13550412
62600 0.24122999 0.03614876 10.62632101
62700 0.23594458 0.07225646 11.85096231
62800 0.19432641 0.04192938 5.32777252
62900 0.19551717 0.05106659 5.86566326
63000 0.22110420 0.04410027 8.30553032
63100 0.20862920 0.04348447 6.84560141
63200 0.24217761 0.03041266 10.56970118
63300 0.19588183 0.05968046 6.37754164
63400 0.20360111 0.03482290 5.97291220
63500 0.20397886 0.04953872 6.63284371
63600 0.24191752 -0.00609687 10.08887703
63700 0.20615063 0.02356091 5.91153607
63800 0.26359491 0.04767968 14.51832383
63900 0.21313918 0.08671175 10.15970025
64000 0.19531084 0.07540170 7.38478575
64100 0.18565285 0.08842803 7.57796413
64200 0.18802980 0.04312138 4.80434982
64300 0.23911860 0.03325197 10.22983953
64400 0.22464501 0.02511187 8.08349163
64500 0.26988239 0.00273464 14.43375188
64600 0.16156314 0.05805988 3.58048487
64700 0.15475779 0.02565367 1.82826311
64800 0.20032257 0.01397172 5.12991311
64900 0.22141030 0.04834788 8.53898852
65000 0.21168212 0.01837516 6.40527110
65100 0.16668981 0.02185502 2.46258661
65200 0.25693854 0.01814590 12.47948948
65300 0.22676848 0.06811010 10.35461686
65400 0.21994303 0.06508094 9.31092997
65500 0.19859424 0.03513969 5.47781101
65600 0.19229545 0.02049200 4.46918640
65700 0.19012382 0.05629174 5.64553120
65800 0.24461795 0.00512600 10.47031369
65900 0.25440189 0.03158839 12.41888513
66000 0.21398472 0.06467112 8.58743532
66100 0.21487884 0.09992017 11.59059491
66200 0.18819221 0.06484583 5.99142388
66300 0.24068849 0.04274086 10.81001694
66400 0.19923858 0.04512099 5.94210022
66500 0.20937632 0.02017255 6.18505513
66600 0.25020553 0.07141568 13.83095062
66700 0.22425139 0.05786375 9.39331033
66800 0.18353947 0.01567424 3.61226259
66900 0.24886834 0.06394566 13.12541423
67000 0.22479811 0.06426804 9.85247467
67100 0.17781147 0.01411631 3.12694743
67200 0.21317200 0.03149757 6.89999900
67300 0.16286693 0.07291174 4.63418614
67400 0.21111512 0.06833375 8.50803559
67500 0.18753031 0.02634342 4.17776556
67600 0.22097311 0.00731457 7.34399798
67700 0.22141172 0.05935975 9.13219206
67800 0.24235638 0.00780865 10.16315706
67900 0.19426049 0.02886327 4.85906433
68000 0.20759189 0.06322960 7.78699880
68100 0.24301828 0.03100727 10.70783913
68200 0.23381579 0.07096143 11.47109574
68300 0.22275271 0.04425594 8.51340778
68400 0.20862565 0.05592795 7.46373395
68500 0.25303637 -0.00172911 11.71155979
68600 0.18744081 0.01059580 3.87908273
68700 0.23382423 0.05874496 10.67994702
68800 0.27942724 0.02716305 16.46598266
68900 0.21263581 0.03121958 6.83074386
69000 0.27423610 0.03419675 15.76381769
69100 0.25118666 0.01224741 11.50370332
69200 0.24371041 0.09039173 14.41167351
69300 0.18900599 0.05270670 5.35003139
69400 0.18975063 0.04549253 5.06237268
69500 0.19007652 0.02286545 4.31830409
69600 0.22964476 0.04681257 9.49959045
69700 0.21973378 0.03453827 7.76453500
69800 0.21090247 0.06288213 8.12675994
69900 0.26425836 0.04498852 14.50238725
70000 0.19600628 0.03864179 5.35519697
70100 0.22634883 0.04838147 9.15239684
70200 0.24871881 0.00051910 11.05877735
70300 0.17463553 0.07850999 5.86714051
70400 0.17401512 0.04849844 3.91516875
70500 0.27216754 0.02669687 15.17719238
70600 0.20148397 0.03391458 5.72459725
70700 0.22367900 0.07505148 10.46460908
70800 0.17636455 0.03195849 3.42644446
70900 0.24364494 0.00434818 10.32638757
71000 0.16778910 0.06473189 4.39278986
71100 0.17303194 0.06791010 4.97272317
71200 0.25105588 0.02731234 11.78192122
71300 0.18393005 0.04245142 4.42318781
71400 0.20939735 0.03255712 6.51387319
71500 0.27306364 0.04291174 15.89622013
71600 0.26875652 -0.01708264 14.38528998
71700 0.18997283 0.04316132 4.97900443
71800 0.21961854 0.04478900 8.15732512
71900 0.15550226 0.08235495 4.93141924
72000 0.23692664 0.02895604 9.79367902
72100 0.22376998 0.02240035 7.91039186
72200 0.24212885 0.04389526 11.06370198
72300 0.25817996 0.11052081 18.61787489
72400 0.14569890 0.04083555 1.87796580
72500 0.23640870 0.06188512 11.21855087
72600 0.20986964 0.04845363 7.20954630
72700 0.19613556 0.06704603 6.86860796
72800 0.30550468 0.03496665 21.72741994
72900 0.19864292 0.04813368 6.02363815
73000 0.19564976 0.08424521 8.12306624
73100 0.21256456 -0.00004531 6.33539116
73200 0.19800580 0.04064176 5.62844483
73300 0.20394479 0.05116414 6.71114388
73400 0.22526344 0.10308089 13.15829990
73500 0.23831538 0.02543085 9.88893616
73600 0.25067010 0.05282211 12.74582743
73700 0.17721341 0.04740650 4.10464349
73800 0.20530015 0.03277210 6.08106644
73900 0.22238843 0.02560056 7.81715842
74000 0.18979398 0.06500814 6.14450863
74100 0.15979066 0.04047557 2.60659774
74200 0.19493696 0.07308891 7.17750704
74300 0.19525124 0.06673122 6.76292672
74400 0.21214467 0.06183184 8.19980202
74500 0.19549625 0.03873176 5.30984203
74600 0.23718942 0.02888207 9.82755604
74700 0.18696929 0.06128164 5.65954871
74800 0.20233479 0.03909557 6.00043688
74900 0.19416322 0.01650829 4.56961806
75000 0.17826869 0.05153443 4.39089242
75100 0.24486219 0.04017237 11.29943721
75200 0.19819986 0.02595711 5.15849169
75300 0.20209887 0.02437566 5.50917562
75400 0.20430420 0.02955192 5.87634124
75500 0.21190401 0.07030021 8.73231361
75600 0.19092560 0.06384375 6.17174469
75700 0.27352060 0.02610262 15.39537319
75800 0.24101268 0.02317422 10.21081044
75900 0.18829968 0.03757947 4.60452531
76000 0.24739858 -0.00212060 10.86541969
76100 0.21420118 0.00007832 6.52095787
76200 0.20697858 0.01584297 5.84770806
76300 0.20418348 0.11785406 12.37188898
76400 0.17040322 0.05723595 4.11628369
76500 0.17890974 0.03591866 3.75844893
76600 0.18267111 0.03919733 4.18547123
76700 0.22412569 0.03238594 8.22801809
76800 0.16380248 0.07073908 4.53738697
76900 0.21284162 0.05518874 7.88951369
77000 0.15681879 0.07118642 4.14794081
77100 0.23008306 0.05936043 10.22263101
77200 0.25375385 0.06562734 13.97359665
77300 0.19828180 0.07743208 7.82752023
77400 0.18954908 0.02862169 4.41911923
77500 0.21231444 0.01314878 6.39371198
77600 0.21763073 0.05437043 8.39656609
77700 0.19373693 0.05050016 5.66843970
77800 0.21720676 0.06908560 9.25512311
77900 0.22012353 0.03045605 7.67861642
78000 0.22853247 0.04184824 9.13593539
78100 0.23408328 -0.00174979 8.99069338
78200 0.20309963 0.01771547 5.47168625
78300 0.26140862 0.05767460 14.68955187
78400 0.23837177 0.04045683 10.39175134
78500 0.19809851 0.04929403 6.02660963
78600 0.21395186 0.03794744 7.21251694
78700 0.29243717 0.00806153 18.54852696
78800 0.20474646 0.02593412 5.82219933
78900 0.20905298 0.04305466 6.87312836
79000 0.21827364 0.06908980 9.38102714
79100 0.16171805 0.03452769 2.50063989
79200 0.22797651 0.07129588 10.73054455
79300 0.26312934 0.05325096 14.72342250
79400 0.25880480 0.03437124 13.20017396
79500 0.21784757 0.02875818 7.35754094
79600 0.23957556 0.08453730 13.31394665
79700 0.16711410 0.09341575 6.61540305
79800 0.26547333 0.06068335 15.53194586
79900 0.15075166 0.07624478 4.19449859
80000 0.17352215 0.04439649 3.68827728
80100 0.23267939 0.01330732 8.89045240
80200 0.22075219 0.05331152 8.71160413
80300 0.18114978 0.04218187 4.18229848
80400 0.21368869 0.02854164 6.86987137
80500 0.19382025 0.09748532 9.15281288
80600 0.20389741 0.06098587 7.25697384
80700 0.19202191 0.07146043 6.78731208
80800 0.21009340 0.02928335 6.48903598
80900 0.21280067 0.03778537 7.07586268
81000 0.17079949 0.05710168 4.13658512
81100 0.22696836 0.03895202 8.81911180
81200 0.20357785 0.02960688 5.80246892
81300 0.17945534 0.05387559 4.60786550
81400 0.24676292 0.06092474 12.62558940
81500 0.21622096 0.04702002 7.85909733
81600 0.21214127 0.02856127 6.69570502
81700 0.18270447 0.03714149 4.10975968
81800 0.18433778 0.03496850 4.16782867
81900 0.14639312 0.05947765 2.84495621
82000 0.19872875 0.04560489 5.91358565
82100 0.24466072 0.07601192 13.35226833
82200 0.21161279 0.02473912 6.53471925
82300 0.20196437 0.06782835 7.49870886
82400 0.24261525 0.04191642 11.04804774
82500 0.23627189 0.01425375 9.38659842
82600 0.22068639 0.01894154 7.46199303
82700 0.20968247 0.02905739 6.43728849
82800 0.22135596 0.06035657 9.18509209
82900 0.26904406 0.07328797 16.97350997
83000 0.20766941 0.05073101 7.08316901
83100 0.25736670 0.00431683 12.39145658
83200 0.17149938 0.02465884 2.86010995
83300 0.25814229 0.02730374 12.87723977
83400 0.19617330 0.04096629 5.46377044
83500 0.22121132 0.05489031 8.85256441
83600 0.23935464 0.05123420 11.02232947
83700 0.23225168 0.06279344 10.71676209
83800 0.21857876 0.02959167 7.46829484
83900 0.23548036 0.00327594 9.18282934
84000 0.22469662 0.06099225 9.63465098
84100 0.22911163 0.06587106 10.50440493
84200 0.20997182 0.03256666 6.57719465
84300 0.15640372 0.01792795 1.75139524
84400 0.16334161 0.02449050 2.30597203
84500 0.20994732 0.06096179 7.90237656
84600 0.26456921 0.03416997 14.12530594
84700 0.17638564 0.02184835 3.15605805
84800 0.19100515 0.05656992 5.74104680
84900 0.22088641 0.04774960 8.44677359
85000 0.21323825 0.05522863 7.93655144
85100 0.20282278 0.05492080 6.79440903
85200 0.22395890 0.03336098 8.23938157
85300 0.21543744 0.00070217 6.66314739
85400 0.16771328 0.05692835 3.91296223
85500 0.20380355 0.01223604 5.46244843
85600 0.20660131 0.04658545 6.76702135
85700 0.20211542 0.05113847 6.52135143
85800 0.21163700 0.05210757 7.58900967
85900 0.20997348 0.03536878 6.67255844
86000 0.24133356 0.05079829 11.27782057
86100 0.23710493 0.04099189 10.23904802
86200 0.19509460 0.04154884 5.38464452
86300 0.19074970 0.04482798 5.12252832
86400 0.16431392 0.01523578 2.18420451
86500 0.23930997 0.05792363 11.38120802
86600 0.24471818 0.05602047 12.04082213
86700 0.28950667 0.05454589 19.44401567
86800 0.17342717 0.05952670 4.46748878
86900 0.19854435 0.04163647 5.72229180
87000 0.22654949 0.05213311 9.36631790
87100 0.18167200 0.04081399 4.16804835
87200 0.21899267 0.06603600 9.26000449
87300 0.24083617 0.07441033 12.68586236
87400 0.25187569 0.03458885 12.13130744
87500 0.22015278 0.01740916 7.36988507
87600 0.22458677 0.03845510 8.50032907
87700 0.27224942 0.04014650 15.64080279
87800 0.21949656 0.00922797 7.18229127
87900 0.21797929 0.05952307 8.73105386
88000 0.21295235 -0.02554018 6.70526756
88100 0.26835325 0.03425089 14.75796983
88200 0.20092265 0.08114130 8.38464605
88300 0.20378663 0.07544397 8.23172798
88400 0.21673579 0.01266570 6.89383195
88500 0.19157603 -0.01646144 4.32857438
88600 0.21586617 -0.00958822 6.75845191
88700 0.22345521 0.03318586 8.17124469
88800 0.20119620 0.07661027 8.05490235
88900 0.19406633 0.05167123 5.75919571
89000 0.23038871 0.04219039 9.39062242
89100 0.23867927 0.01393085 9.71300415
89200 0.14957677 0.09009565 5.28754080
89300 0.20267396 0.06055809 7.10461151
89400 0.24533102 0.02458480 10.86275906
89500 0.18516683 0.03864066 4.37324467
89600 0.14342291 0.04567600 1.98592304
89700 0.21642488 0.07174340 9.35093352
89800 0.19971064 0.02126199 5.19714202
89900 0.25385241 0.04765184 12.97063098
90000 0.22760427 0.04051688 8.96223354
90100 0.25536680 0.02055254 12.28062407
90200 0.16807416 0.03666145 2.98907689
90300 0.18450584 0.02869267 3.98225315
90400 0.20813827 0.04260421 6.75450169
90500 0.18895304 0.03209587 4.47139427
90600 0.21070960 0.06008697 7.93352990
90700 0.20782819 0.02220544 6.06000045
90800 0.17866922 0.03569883 3.73162613
90900 0.20857117 0.04230564 6.78873336
91000 0.15692940 0.06827067 3.95092047
91100 0.29956128 0.07499396 22.72439909
91200 0.24333119 0.06695831 12.51362199
91300 0.17884625 0.03072316 3.58032203
91400 0.20859443 0.06375332 7.92861776
91500 0.20726628 0.01097130 5.81321201
91600 0.24585142 0.04476945 11.63846951
91700 0.22870914 0.03589634 8.92729518
91800 0.23830164 0.02143982 9.79350444
91900 0.24888782 0.07662639 14.01959342
92000 0.26122227 0.05415951 14.46293701
92100 0.17178359 0.05220075 3.93890124
92200 0.19801137 0.07067911 7.30088217
92300 0.20853863 0.04218363 6.78004706
92400 0.19083721 0.08047579 7.36387551
92500 0.23178109 0.03560302 9.31691592
92600 0.27945454 0.01856319 16.27426103
92700 0.23501670 0.03039249 9.57660712
92800 0.22294983 0.05620141 9.13762957
92900 0.20019320 0.08419507 8.56374302
93000 0.24466648 0.04704269 11.57070214
93100 0.23523504 0.02015921 9.34745542
93200 0.23384834 0.01416363 9.05799396
93300 0.22453685 0.03609056 8.40597800
93400 0.22403484 0.03549508 8.32227147
93500 0.25026364 0.00505469 11.30235594
93600 0.20019464 0.02252161 5.27309398
93700 0.24736631 0.02574904 11.18992158
93800 0.24564980 0.01962833 10.79956720
93900 0.18793135 0.02175387 4.10257690
94000 0.14783205 0.08045419 4.38039123
94100 0.23163700 0.02808926 9.05865337
94200 0.21954614 0.03987414 7.94061273
94300 0.22267884 0.05884923 9.25666515
94400 0.16362504 0.04353227 2.97160207
94500 0.19677510 0.04113428 5.52872445
94600 0.22594779 0.03282821 8.47026813
94700 0.26800143 0.04653918 15.19518744
94800 0.19581541 0.05575563 6.14464175
94900 0.20082006 0.04378842 6.04105541
95000 0.21172569 0.05833909 7.94304014
95100 0.19353968 0.06823620 6.70292542
95200 0.18727101 0.05939872 5.57221838
95300 0.23901661 0.04747584 10.78978587
95400 0.17140761 0.06342178 4.56068437
95500 0.24131064 0.04750939 11.11291898
95600 0.21810378 0.02572874 7.30523510
95700 0.17698007 0.06246316 4.91378876
95800 0.18483004 0.03389135 4.17237960
95900 0.18628960 0.06023522 5.53708852
96000 0.17891407 0.02951197 3.54919364
96100 0.22250907 0.03288572 8.04497106
96200 0.20830838 0.06520969 7.99150414
96300 0.21750467 0.05338328 8.32856180
96400 0.20912479 0.04033283 6.76747897
96500 0.16653867 0.09574073 6.79684054
96600 0.24440268 0.00766987 10.45548107
96700 0.21205810 0.03766141 6.98770035
96800 0.21115289 0.02248699 6.43031438
96900 0.21846818 0.07025359 9.48513877
97000 0.21434762 0.03362516 7.10301522
97100 0.19000986 0.03054269 4.51731533
97200 0.24735569 0.02629211 11.20248694
97300 0.19199336 0.03165070 4.73227237
97400 0.22579604 0.06550355 10.05767982
97500 0.22140126 0.05029201 8.63377543
97600 0.18803821 0.00705307 3.90023651
97700 0.23831201 0.05638373 11.15466778
97800 0.24001693 0.04678495 10.89678579
97900 0.21930662 0.07067966 9.61484234
98000 0.17084722 0.03820312 3.23940320
98100 0.24018427 0.05409867 11.28914811
98200 0.21460107 0.03295085 7.10958194
98300 0.16822728 0.06514967 4.44972098
98400 0.19180776 0.04165954 5.08209048
98500 0.18122383 0.05032650 4.56503372
98600 0.13663712 0.04145533 1.53041144
98700 0.21791693 0.06947382 9.36550766
98800 0.21923289 0.05034020 8.37530923
98900 0.24208919 0.08648807 13.83476196
99000 0.20184369 0.03588832 5.83005433
99100 0.23544814 0.03775995 9.88600611
99200 0.19397295 0.08193011 7.77172877
99300 0.16611043 0.06497695 4.29629603
99400 0.15034727 0.05443509 2.74901339
99500 0.15271827 0.07560745 4.24785105
99600 0.25226872 0.01431595 11.69535516
99700 0.25850603 0.08291939 15.99989344
99800 0.24395154 0.02819844 10.75859865
99900 0.23276208 0.04799276 9.96453788
100000 0.25116133 0.04008899 12.22843715
100100 0.28038269 0.03850168 17.01014799
100200 0.24367403 -0.00173374 10.32261636
100300 0.23394868 0.02576880 9.30313974
100400 0.22938348 0.03671107 9.04389345
100500 0.26237989 0.01215065 13.25743401
100600 0.24669995 0.00178175 10.76202509
100700 0.27339694 0.02801474 15.42566167
100800 0.19454702 0.06530876 6.60218652
100900 0.20228215 0.00794857 5.26240895
101000 0.23525502 0.03918683 9.91476385
101100 0.16389865 0.04682612 3.13786159
101200 0.19545013 0.04389770 5.51886767
101300 0.22778504 0.08057386 11.41058119
101400 0.24377722 0.06462698 12.42426707
101500 0.19387139 0.05188654 5.75202581
101600 0.22421905 0.02830329 8.11572438
101700 0.20404542 0.02149109 5.64365830
101800 0.22571253 -0.01310289 7.98766309
101900 0.20914401 0.07548656 8.80531814
102000 0.28819245 0.03298294 18.25213622
102100 0.25434943 0.03280591 12.44998653
102200 0.22469401 0.03844165 8.51317844
102300 0.25115747 0.05874242 13.14962599
102400 0.24480118 0.06710584 12.73528771
102500 0.27600836 0.02508057 15.80398829
102600 0.22067475 0.04915960 8.48953056
102700 0.20258572 0.05017349 6.52060449
102800 0.22192466 0.06983853 9.87152062
102900 0.18294531 0.04901973 4.64142942
103000 0.17495800 0.01507242 2.92293993
103100 0.18000093 0.05936530 4.96219381
103200 0.17570219 0.02810858 3.26045717
103300 0.19406242 0.00625524 4.44343368
103400 0.22852542 0.05976178 10.04512737
103500 0.19395110 0.04933380 5.63031657
103600 0.23836624 0.02223804 9.81987365
103700 0.23022691 0.05718284 10.11446238
103800 0.23691056 0.05961200 11.14904615
103900 0.24198870 0.00281048 10.08434480
104000 0.21085492 0.05116722 7.45344913
104100 0.24867727 0.06030490 12.87080539
104200 0.24139110 0.05626143 11.57839573
104300 0.23418317 0.07065653 11.49873460
104400 0.21166651 0.03168047 6.73653094
104500 0.22038337 0.07232288 9.86137723
104600 0.21105770 0.03464928 6.76719305
104700 0.19501895 0.04669553 5.60453600
104800 0.26773924 0.01304339 14.15329189
104900 0.24633693 0.07384404 13.43371958
105000 0.20992010 0.04298216 6.96494700
105100 0.25652557 0.03215975 12.76725169
105200 0.24574046 0.03732492 11.31671527
105300 0.22126850 0.04775705 8.49339246
105400 0.22742628 0.06281013 10.09128408
105500 0.18340990 0.04700816 4.58348943
105600 0.22437755 0.03221039 8.25364265
105700 0.23948674 0.04623046 10.79690278
105800 0.18870301 0.06565439 6.08936177
105900 0.25666780 0.01742126 12.42414925
106000 0.23035398 0.04745793 9.62220761
106100 0.19883357 0.03841732 5.62198208
106200 0.24662985 0.02143580 10.97990327
106300 0.22243650 0.07505610 10.31205773
106400 0.15523326 0.04330350 2.46295286
106500 0.22338604 0.05519081 9.13506952
106600 0.14896789 0.03634549 1.85942420
106700 0.24410275 0.08308383 13.83426281
106800 0.21957830 0.02004015 7.35028934
106900 0.22929156 -0.01488866 8.46899040
107000 0.22136749 0.04124479 8.21559963
107100 0.20551333 0.05087958 6.86089747
107200 0.21300320 0.03249131 6.91270399
107300 0.19062782 0.01974065 4.30154784
107400 0.26922247 0.05500777 15.83104957
107500 0.20597071 0.05040283 6.88511847
107600 0.19961081 0.00285059 4.96521930
107700 0.20993805 0.03889371 6.79954820
107800 0.17997163 0.05435793 4.67512283
107900 0.15721213 0.05017436 2.89534750
108000 0.25296970 0.00994869 11.74935355
108100 0.28509138 0.04186301 18.00566624
108200 0.22283277 0.06360004 9.56642749
108300 0.18863398 0.03913122 4.69361723
108400 0.25799179 0.02059957 12.69287396
108500 0.27574076 0.02852722 15.84930839
108600 0.25543178 0.04315863 13.01085311
108700 0.19788416 0.02347215 5.06612559
108800 0.21300346 0.07156940 8.94598019
108900 0.21378693 0.06935365 8.87869730
109000 0.28834852 0.00589591 17.75496422
109100 0.23130843 0.01434527 8.72384476
109200 0.17576900 0.06661377 5.08916783
109300 0.20323674 0.05599328 6.89653578
109400 0.10470399 0.03702419 0.69645902
109500 0.21563358 0.06085116 8.53699441
109600 0.30670120 0.04768932 22.49982951
109700 0.21369380 0.04546964 7.49688441
109800 0.18590400 0.02240738 3.94079402
109900 0.22717103 0.06020922 9.89881070
110000 0.21275776 0.08818930 10.24583254
110100 0.19696401 0.02851269 5.10749621
110200 0.26212257 0.05579982 14.69867340
110300 0.20735836 -0.00564417 5.77883758
110400 0.25538282 0.03683486 12.75031409
110500 0.21180417 0.02345340 6.52511748
110600 0.23659646 0.04136018 10.18462873
110700 0.25543294 0.07531634 14.91597472
110800 0.23586836 0.06311821 11.22205911
110900 0.21033942 0.01852330 6.25894980
111000 0.20977249 0.02818856 6.42229708
111100 0.19063211 0.05514535 5.62759444
111200 0.23605604 0.03492162 9.86538257
111300 0.23504264 0.05711893 10.74954396
111400 0.21016962 0.05224258 7.43331598
111500 0.21964021 0.09352049 11.52993109
111600 0.19376364 0.02820754 4.79364230
111700 0.21934538 0.04911960 8.32802728
111800 0.22465219 0.02972699 8.21093168
111900 0.25798212 0.05609337 14.05240771
112000 0.19779358 0.03110389 5.26551858
112100 0.19875718 0.03588277 5.52027656
112200 0.13872163 0.06184296 2.66195789
112300 0.24551812 0.04824504 11.75155335
112400 0.18693284 0.07390360 6.50953055
112500 0.19403680 0.08159525 7.75035163
112600 0.23140100 0.02531913 8.95364101
112700 0.17331006 0.05042573 3.95855995
112800 0.23764631 0.04429617 10.45432795
112900 0.22075723 0.01874151 7.46677637
113000 0.26802256 0.02001768 14.31614444
113100 0.20528155 0.08600141 9.24022377
113200 0.26823172 0.04635729 15.22545477
113300 0.19356559 0.06173322 6.28275483
113400 0.27380298 0.06328867 17.10646561
113500 0.21000602 0.01955133 6.24178946
113600 0.25714029 0.01647850 12.48230523
113700 0.18775692 0.00993554 3.89999634
113800 0.18694621 0.04438500 4.76483605
113900 0.19512333 0.06140833 6.40971536
114000 0.25799359 0.05792773 14.15879835
114100 0.20345671 0.09127719 9.51740842
114200 0.22377759 0.04058831 8.48415084
114300 0.21003089 0.06600709 8.23186614
114400 0.26421171 0.08286092 16.91570898
114500 0.21054894 0.08064671 9.36247948
114600 0.22994872 0.06182640 10.35458667
114700 0.21156328 0.05043896 7.49522746
114800 0.18140215 0.02587716 3.64796875
114900 0.19237713 0.06802617 6.58054705
115000 0.13697968 0.03644982 1.34804317
115100 0.22093944 0.01768598 7.46957117
115200 0.27208594 0.01278619 14.88852812
115300 0.27119172 0.02693651 15.01609077
115400 0.20273943 0.01944558 5.46676049
115500 0.20902843 0.04441540 6.92996385
115600 0.22771915 0.04249851 9.05915206
115700 0.18233371 0.05035542 4.65725420
115800 0.18675434 0.10989661 9.80178925
115900 0.17957720 0.03884195 3.92061379
116000 0.22514078 0.05256711 9.21175808
116100 0.19250035 0.06975193 6.71082355
116200 0.25906843 0.02362032 12.93034237
116300 0.19741171 0.06175719 6.65149635
116400 0.16765522 0.02773286 2.67317007
116500 0.23940987 0.06244017 11.66694265
116600 0.28288979 0.05057805 18.00340805
116700 0.20835329 0.04503365 6.88423295
116800 0.19201272 0.03496565 4.84446854
116900 0.19641155 0.03465034 5.24791662
117000 0.21352571 0.01913694 6.62715432
117100 0.17045327 0.02333902 2.75418664
117200 0.23057379 0.04565887 9.56712360
117300 0.20407118 0.03651734 6.08216351
117400 0.22390513 0.02783926 8.06375336
117500 0.24108009 0.04467209 10.94959353
117600 0.18540861 0.03022305 4.10403125
117700 0.22594068 0.08173736 11.27102596
117800 0.25333445 0.04315677 12.68697940
117900 0.24159033 0.06381953 12.06037746
118000 0.19288993 0.09618696 8.94023490
118100 0.22516422 0.00862862 7.87026725
118200 0.24849129 0.04042189 11.84179679
118300 0.20972001 0.02954130 6.45558447
118400 0.18503206 0.03009917 4.06820575
118500 0.22062469 0.07321612 9.95545847
118600 0.19441558 0.08497479 8.06750812
118700 0.23069048 0.02257169 8.79474113
118800 0.18564531 0.03129146 4.15713679
118900 0.25663901 0.04638277 13.34357068
119000 0.16500329 0.06138021 3.99647914
119100 0.18884371 0.02249978 4.19972270
119200 0.21743023 0.05965268 8.67415076
119300 0.19146567 0.04502022 5.19639432
119400 0.26533219 0.02414342 13.95881839
119500 0.25058118 0.02715617 11.70607533
119600 0.19107630 0.01457509 4.25366244
119700 0.17314710 0.00668401 2.69758739
119800 0.19700799 0.06178093 6.61371671
119900 0.20494618 0.06305412 7.49476089
120000 0.23750294 0.03866623 10.20106859
120100 0.20572727 0.03213454 6.10544182
120200 0.18993288 0.01992221 4.24240865
120300 0.22564575 0.08070377 11.14997621
120400 0.24554336 -0.02511571 10.90683426
120500 0.22491734 0.03683279 8.48049781
120600 0.16798717 0.03736722 3.00928199
120700 0.21942165 0.06097689 8.98985561
120800 0.22248872 0.02495204 7.81304542
120900 0.15472739 0.02963265 1.93659067
121000 0.22822287 0.02949121 8.65541796
121100 0.23523210 0.04189172 10.02131855
121200 0.23788964 0.02830240 9.90728866
121300 0.21026332 0.04212651 6.96632150
121400 0.18260317 0.07146296 5.96511931
121500 0.19630161 0.04693698 5.73854020
121600 0.20104759 0.03523428 5.72603498
121700 0.17874377 0.02660318 3.45415487
121800 0.18198903 0.02858997 3.76979378
121900 0.20793099 0.07426587 8.58225917
122000 0.23118852 0.04747683 9.73223902
122100 0.22127983 0.01274102 7.43556492
122200 0.20905133 0.05551988 7.48732469
122300 0.16061858 0.05202948 3.19083951
122400 0.23067123 0.08046288 11.77462305
122500 0.23730220 0.03412443 10.00818527
122600 0.21803466 0.03922575 7.73541991
122700 0.17731625 0.04206157 3.87348892
122800 0.17242462 0.07658569 5.55534681
122900 0.24569828 0.04891575 11.81037036
123000 0.20472173 0.03235062 6.00660190
123100 0.26108091 0.04696725 14.07649169
123200 0.16770788 0.03027442 2.75044864
123300 0.19936234 0.02802078 5.32901943
123400 0.19229469 0.03120759 4.74611140
123500 0.25869037 0.03520074 13.21086364
123600 0.20217762 0.05055347 6.49795934
123700 0.22812068 0.03809356 8.93301457
123800 0.19376812 0.08093039 7.67109379
123900 0.20628964 0.05295932 7.05108922
124000 0.24834664 0.03660580 11.67335508
124100 0.23996170 0.00579710 9.81144190
124200 0.25754482 0.05441397 13.89062455
124300 0.14854018 0.05668743 2.78480704
124400 0.21656392 0.06310917 8.78495790
124500 0.20747809 0.06473272 7.87093279
124600 0.20285241 0.07947253 8.44725019
124700 0.22464712 0.02442815 8.06682000
124800 0.19568311 0.07399827 7.31550066
124900 0.21017670 0.00194021 6.07133430
125000 0.18444470 0.01787591 3.72522807
125100 0.16633085 0.07382631 4.92505318
125200 0.18347585 0.04605331 4.54456233
125300 0.25467125 0.04962923 13.19312881
125400 0.23605635 0.09347094 13.62407298
125500 0.18310134 0.01775029 3.61045283
125600 0.20348909 0.00917628 5.39709842
125700 0.30263408 0.03443590 21.12320085
125800 0.26244298 0.00570269 13.21012045
125900 0.18220587 0.05924717 5.13401575
126000 0.18059043 0.02215586 3.49284965
126100 0.15393262 0.04210371 2.34072510
126200 0.20322794 0.01839960 5.49727675
126300 0.21019538 0.03406025 6.65156121
126400 0.20504967 0.03973547 6.30717010
126500 0.24867250 0.01594224 11.17883351
126600 0.17218821 0.04919989 3.81588323
126700 0.25316201 0.01392842 11.82630096
126800 0.23724919 0.01274549 9.49989426
126900 0.24444238 0.03119162 10.91825882
127000 0.14109689 0.02046003 1.05378369
127100 0.21070705 0.04415822 7.10299951
127200 0.23510008 0.02959595 9.56397617
127300 0.22637715 0.04395664 8.95168476
127400 0.25226710 0.01931770 11.77922177
127500 0.17320348 0.06365562 4.70539371
127600 0.21323433 0.05500184 7.92360773
127700 0.18217944 0.03248923 3.90450493
127800 0.24750784 0.03657142 11.54801630
127900 0.20100767 0.04422601 6.07924485
128000 0.17611716 0.04189792 3.77462886
128100 0.22530381 -0.00236426 7.85331682
128200 0.14752836 0.06971210 3.55936125
128300 0.20729024 0.04789701 6.90265947
128400 0.19118492 0.04948507 5.38173146
128500 0.22240594 0.05354035 8.92489195
128600 0.26638733 0.00971965 13.88960733
128700 0.18274660 0.08631717 7.14882688
128800 0.25334597 0.01059531 11.81362295
128900 0.30687419 0.02395172 21.68530661
129000 0.26113921 0.06424183 15.04642970
129100 0.23084642 0.03653059 9.22763452
129200 0.19735085 0.05617193 6.31623664
129300 0.15754702 0.05913591 3.40435759
129400 0.24124252 0.00697882 9.99907660
129500 0.17458765 0.05140223 4.10275387
129600 0.21703915 0.02390338 7.13476733
129700 0.19390402 0.05505120 5.92430014
129800 0.20224008 0.03536267 5.85177629
129900 0.20606539 0.04797905 6.77592795
130000 0.24862184 0.03034430 11.50461419
130100 0.31635672 0.01869265 23.57982260
130200 0.22555143 0.05855659 9.59601802
130300 0.20892467 0.06533282 8.06648071
130400 0.21496210 0.03022324 7.06486476
130500 0.21708369 0.02654440 7.20659831
130600 0.19800912 0.04247038 5.70476041
130700 0.19635523 0.02831403 5.04300736
130800 0.26355308 0.04928160 14.58914276
130900 0.17820662 0.00930777 3.10145502
131000 0.28745605 0.01199514 17.64182701
131100 0.16909002 0.05056199 3.66497282
131200 0.20436816 0.05303656 6.85279526
131300 0.20575567 0.02706257 5.95832216
131400 0.19060159 0.04515181 5.12366726
131500 0.22216243 0.04239265 8.36039798
131600 0.23930723 0.02627325 10.04839366
131700 0.17735940 0.08066019 6.24527132
131800 0.17829966 0.01474686 3.17415325
131900 0.19246720 0.08437486 7.83465082
132000 0.19695343 0.08949895 8.70501533
132100 0.22255737 0.01890866 7.68892315
132200 0.19683190 0.06577762 6.85155595
132300 0.21375832 0.03663116 7.14139837
132400 0.23052751 0.05869774 10.24142787
132500 0.18466531 0.02314261 3.85189730
132600 0.17317931 0.02974254 3.11991479
132700 0.21681253 0.03554103 7.45416555
132800 0.22081610 0.02431738 7.59393240
132900 0.22883377 0.05918808 10.05068464
133000 0.28212077 0.06019525 18.39572082
133100 0.22558189 0.01694499 8.02897152
133200 0.20560721 0.04814456 6.73539038
133300 0.23907789 0.06807168 11.98820621
133400 0.19866411 0.05027897 6.13129017
133500 0.18280235 0.04742119 4.55249931
133600 0.17392980 0.06733488 4.99980077
133700 0.16349945 0.03773786 2.72816311
133800 0.23099398 0.04619929 9.64689815
133900 0.26793298 0.05195690 15.45050248
134000 0.26414174 0.01788653 13.63121894
134100 0.21269153 -0.01238076 6.42633194
134200 0.21516627 0.03571992 7.26959071
134300 0.21950405 0.03952560 7.92174513
134400 0.27836208 0.02305929 16.17238141
134500 0.22427457 0.04150717 8.58350715
134600 0.22408872 0.10058157 12.75733156
134700 0.24059234 0.05653765 11.48135560
134800 0.19857284 0.07264555 7.49699039
134900 0.20503539 0.04328664 6.45308272
135000 0.16983086 0.06563992 4.59247403
135100 0.27752017 0.03081562 16.23150652
135200 0.16802559 0.01831600 2.48147864
135300 0.15816487 0.05033883 2.95857529
135400 0.18937966 0.03954296 4.77618486
135500 0.18845552 0.04955382 5.13998049
135600 0.22252026 0.03460306 8.10429305
135700 0.20892532 0.04319956 6.86546418
135800 0.21987407 0.03280309 7.72291757
135900 0.17538158 0.07621135 5.74527631
136000 0.18753339 0.03570233 4.46837555
136100 0.17357721 0.06935738 5.11202558
136200 0.22196732 0.05983702 9.22824855
136300 0.25743308 0.03182671 12.89905693
136400 0.23287219 0.06505933 10.94386791
136500 0.16973858 0.03326529 2.98502454
136600 0.18637798 0.06076967 5.57705456
136700 0.19384120 0.07407445 7.14659781
136800 0.21214907 0.05491965 7.79679078
136900 0.19406435 0.04534367 5.45207561
137000 0.21834012 0.02853200 7.40923000
137100 0.20887384 0.05936189 7.68867374
137200 0.20983970 0.02267748 6.28951349
137300 0.22226014 0.04856114 8.65286324
137400 0.22717271 0.07106445 10.61152701
137500 0.22770775 0.05937572 9.91737271
137600 0.19182794 0.03933634 4.98985885
137700 0.22474510 0.01563594 7.90291096
137800 0.25326926 0.02479893 12.05322723
137900 0.21838662 0.03575525 7.64691429
138000 0.22423297 0.06014109 9.52539117
138100 0.21265416 0.05257599 7.72759753
138200 0.21235185 0.04124778 7.16215889
138300 0.15713722 0.08635066 5.36054940
138400 0.14097847 0.03985626 1.63387811
138500 0.18809511 0.01961903 4.07282697
138600 0.26497489 0.02912382 14.03245576
138700 0.28333123 0.02384708 17.08951071
138800 0.15526598 0.02387279 1.81211919
138900 0.18263381 0.05638351 5.00372378
139000 0.18118254 0.10054955 8.35040912
139100 0.18281240 0.00931851 3.47236374
139200 0.22702593 0.03555759 8.69996446
139300 0.21981392 0.01779209 7.33596651
139400 0.27137320 0.04865505 15.86804337
139500 0.19977274 0.03918807 5.74515157
139600 0.23651871 0.05473870 10.81684231
139700 0.21433373 0.04407858 7.50756124
139800 0.22983422 0.04510272 9.44558955
139900 0.21466752 0.02919580 7.00051700
140000 0.21504081 0.01585865 6.74294274
140100 0.20444886 0.06309256 7.44511728
140200 0.25119057 0.04603000 12.48867471
140300 0.24144712 0.06476005 12.10057611
140400 0.20837517 0.01191172 5.94353280
140500 0.30648605 0.03064529 21.78781085
140600 0.19892969 0.00074386 4.89381856
140700 0.28577090 0.03613280 17.90820265
140800 0.21282973 0.01111670 6.42706477
140900 0.24233204 0.04228754 11.02332338
141000 0.21997150 0.02016893 7.39997348
141100 0.19103157 0.03757027 4.84913627
141200 0.21681711 0.06241473 8.77091775
141300 0.17878313 0.05532659 4.63390644
141400 0.20065224 0.05978199 6.85238009
141500 0.22185633 0.03126470 7.91322297
141600 0.20826044 0.05232069 7.22888842
141700 0.25416953 0.05087978 13.17849848
141800 0.23460259 0.01070223 9.11619722
141900 0.21293769 0.06018325 8.18847222
142000 0.22265258 0.03826427 8.25390520
142100 0.24580612 0.04170092 11.49919582
142200 0.18574091 0.04172075 4.54606257
142300 0.17822224 0.02994252 3.50763690
142400 0.21249635 0.05436482 7.80548160
142500 0.16719722 0.08453325 5.83066826
142600 0.19342292 0.05898677 6.10364027
142700 0.23630752 0.06114750 11.15937831
142800 0.20538606 0.04222815 6.44471976
142900 0.20295619 0.02522014 5.61801648
143000 0.24440014 0.04494177 11.43558212
143100 0.21323419 0.04159950 7.27624958
143200 0.16182433 0.05764285 3.57247269
143300 0.20436113 0.04156394 6.30940298
143400 0.21005785 0.04572281 7.10165309
143500 0.19205191 0.03318768 4.78748805
143600 0.18954056 0.04768627 5.14574606
143700 0.21607838 0.05319127 8.15175039
143800 0.28948340 0.05458043 19.44149161
143900 0.19614197 0.03827320 5.35405838
144000 0.21230402 0.06592991 8.47947283
144100 0.24437056 0.02557423 10.74845061
144200 0.17893608 0.05146419 4.43973367
144300 0.20252091 0.04435104 6.23877596
144400 0.21842464 0.01522536 7.12810380
144500 0.17946287 0.01644978 3.29247166
144600 0.21467532 0.06562142 8.72830007
144700 0.22873609 0.02776417 8.67191500
144800 0.19562804 0.04478046 5.57500566
144900 0.22997715 0.05074281 9.73444576
145000 0.20426464 0.04040166 6.25170508
145100 0.20669765 0.04805375 6.84677551
145200 0.20833638 0.04034538 6.68226041
145300 0.17826867 0.09132284 7.23292236
145400 0.23601763 0.06498702 11.36205483
145500 0.20579364 0.06125424 7.47218824
145600 0.22141649 0.04908964 8.57587785
145700 0.21374571 0.02858731 6.87766110
145800 0.18492839 0.06636874 5.80882092
145900 0.20145593 0.06432044 7.21521172
146000 0.21279566 0.04723937 7.47720935
146100 0.23753286 0.02996012 9.90644813
146200 0.24872885 0.04799276 12.21178870
146300 0.19945900 0.04461287 5.94120012
146400 0.17381586 0.05578363 4.28029694
146500 0.25052601 0.04015908 12.13541541
146600 0.15489291 0.05254777 2.88724968
146700 0.19500747 0.05692268 6.13330530
146800 0.14320673 0.02826047 1.33273772
146900 0.20660653 0.06572599 7.84242937
147000 0.20786185 0.03305931 6.36354792
147100 0.19055226 0.04186205 4.97607123
147200 0.22114131 0.03052722 7.80356418
147300 0.19162090 0.04470041 5.19625814
147400 0.23443102 0.03048780 9.50060269
147500 0.21568368 0.02638885 7.03954214
147600 0.20249642 0.09832863 10.08701827
147700 0.23551976 0.04154787 10.04591522
147800 0.21166002 0.05646667 7.82822182
147900 0.21118308 0.07514315 9.00408581
148000 0.24083887 0.03008477 10.37034049
148100 0.24135957 0.07034198 12.46526068
148200 0.18311427 -0.00224596 3.45651346
148300 0.21089548 0.07741267 9.14526469
148400 0.18234836 0.02083037 3.60757817
148500 0.16693023 0.04592813 3.29452458
148600 0.17253794 0.07494442 5.43920966
148700 0.25383625 0.03623824 12.48940068
148800 0.27392612 0.04377661 16.08334367
148900 0.21167800 0.06474070 8.33166749
149000 0.19757334 0.02326954 5.03101437
149100 0.19268304 0.01364783 4.38820454
149200 0.16964929 0.03044923 2.88908964
149300 0.19985207 0.09219656 9.23532078
149400 0.22028113 0.05945212 9.00105198
149500 0.19640764 0.09644628 9.29815920
149600 0.23531390 0.03824701 9.88634241
149700 0.20537202 0.02861315 5.96098718
149800 0.17708302 0.07052445 5.45774540
149900 0.24882315 0.07942947 14.22868447
150000 0.18773864 0.05218656 5.21075277
150100 0.18386768 0.06232880 5.45933324
150200 0.18960189 0.03527701 4.63648319
150300 0.23435046 0.06255214 10.98140803
150400 0.19906584 0.03980907 5.69940153
150500 0.20083652 0.06206235 7.00986952
150600 0.24483285 0.03967838 11.27546371
150700 0.23118128 0.07930508 11.74891184
150800 0.27255091 0.03823811 15.61798474
150900 0.19607525 0.03157953 5.11386029
151000 0.19116766 0.04805823 5.31056749
151100 0.23287671 0.06997850 11.27660542
151200 0.27325454 0.05333325 16.43078539
151300 0.23614820 0.00661814 9.29006577
151400 0.24378777 0.06861761 12.69165004
151500 0.18373159 0.10344747 8.85617884
151600 0.18386279 0.04475035 4.51778119
151700 0.24869142 0.04920244 12.26500900
151800 0.19189066 0.06399164 6.26941206
151900 0.23156427 0.02136891 8.88289409
152000 0.18482782 0.08803793 7.47321810
152100 0.25327098 0.05317048 13.15954655
152200 0.25529524 0.04274446 12.97184965
152300 0.20989753 0.03469682 6.64066816
152400 0.19927891 0.02929398 5.35721965
152500 0.18864668 0.06986415 6.36961643
152600 0.24300343 0.04427443 11.20510322
152700 0.21989833 0.01239024 7.26456419
152800 0.20307749 0.04074628 6.14261463
152900 0.25827897 0.01994389 12.72499562
153000 0.22720711 -0.01740148 8.24223024
153100 0.23957242 0.00813656 9.77333146
153200 0.20544675 0.02083506 5.77655897
153300 0.17111107 0.00771367 2.55814223
153400 0.20349376 0.07233024 7.97131114
153500 0.19372882 0.04380110 5.35181367
153600 0.21627893 0.05077586 8.04948838
153700 0.20077026 0.01810568 5.24123047
153800 0.21239579 0.09058944 10.41963071
153900 0.25619557 0.07412593 14.94585414
154000 0.22356721 0.03165578 8.13547157
154100 0.23069892 0.04360296 9.49171303
154200 0.21688074 0.06368683 8.85855970
154300 0.21164917 0.04913738 7.44000982
154400 0.21699683 0.01944825 7.03324629
154500 0.21928399 0.02863036 7.52418408
154600 0.20552965 0.00779771 5.59865531
154700 0.22172156 0.02564659 7.73694289
154800 0.22149401 0.04732924 8.50042548
154900 0.24207861 0.03531729 10.71682122
155000 0.23175347 0.01152655 8.74591944
155100 0.22357579 0.04012373 8.44044546
155200 0.27470118 0.02936167 15.69130503
155300 0.24855498 0.02809752 11.42902593
155400 0.19309187 -0.00199521 4.33503884
155500 0.21213802 0.04065351 7.11382172
155600 0.24822531 0.00620342 11.00461303
155700 0.18212757 0.05791700 5.04965869
155800 0.23188131 0.05023427 9.95808116
155900 0.17743363 0.09731989 7.73356392
156000 0.19763389 0.01098829 4.82655988
156100 0.18444228 0.03143118 4.05920887
156200 0.19630405 0.05472417 6.13460225
156300 0.22216588 0.06597730 9.63875376
156400 0.22064066 0.01197281 7.34875873
156500 0.21589569 0.07734030 9.70666571
156600 0.22161950 0.03532598 8.01961382
156700 0.23278823 0.03995339 9.61449433
156800 0.20539927 0.02439985 5.85217946
156900 0.16896770 0.05558911 3.92334679
157000 0.21898370 0.03793991 7.79827847
157100 0.21039232 0.04795388 7.24301957
157200 0.14947338 0.03794636 1.94377089
157300 0.23832630 0.03616919 10.22118737
157400 0.21404287 0.03400514 7.08106284
157500 0.20518671 0.05720086 7.16809099
157600 0.19403218 0.08865928 8.35125946
157700 0.19916974 0.03356623 5.48066462
157800 0.19004722 0.03173147 4.55769391
157900 0.21251447 0.02860629 6.73891259
158000 0.19025378 0.02666912 4.42849349
158100 0.21294002 0.03103976 6.85945785
158200 0.24801821 0.01404499 11.05332689
158300 0.22714372 0.05478640 9.58353789
158400 0.19096309 0.06036038 5.95882993
158500 0.24060872 0.05798193 11.56635872
158600 0.24831664 0.05307010 12.40713121
158700 0.12963807 0.05213722 1.79835270
158800 0.16416117 0.03518037 2.67715735
158900 0.21953594 0.03364718 7.71048716
159000 0.23297773 0.05080701 10.13221520
159100 0.26998820 0.03602176 15.09677711
159200 0.21123040 0.07513123 9.00845229
159300 0.24649346 0.06968651 13.15827232
159400 0.19672413 0.10332200 10.01549724
159500 0.13388633 0.05172086 1.91166502
159600 0.19765794 0.03211955 5.28436944
159700 0.24847828 0.01223274 11.09771950
159800 0.26986662 0.03950905 15.20781664
159900 0.19487623 0.01487865 4.61143707
160000 0.24426625 0.00278554 10.41025439
160100 0.24224068 0.06328264 12.11855180
160200 0.19681034 0.03723488 5.37933889
160300 0.23492273 0.01322898 9.18957412
160400 0.21336514 0.00530306 6.43988914
160500 0.20459406 0.03618180 6.12451996
160600 0.22253911 0.05099910 8.80837069
160700 0.20940652 0.02315250 6.25291245
160800 0.24848188 -0.00617353 11.04248986
160900 0.17174561 0.04912026 3.78011662
161000 0.24984543 0.04985256 12.46946450
161100 0.21549724 0.01408502 6.76899975
161200 0.16857808 -0.00704979 2.37632610
161300 0.26633200 0.05423281 15.30376546
161400 0.23311389 0.06888754 11.23240063
161500 0.21679856 0.02971589 7.26246829
161600 0.22306761 0.00971322 7.61999108
161700 0.22448139 0.04894469 8.94559902
161800 0.22030796 0.04504481 8.25151976
161900 0.17118340 0.04488846 3.54102470
162000 0.20657735 0.04022795 6.48850989
162100 0.17725165 0.05028344 4.24812070
162200 0.24763109 0.04806654 12.05266535
162300 0.25413898 0.04140835 12.73673756
162400 0.25532914 0.06579330 14.22794925
162500 0.24887360 0.07530061 13.91676582
162600 0.17389410 0.08317121 6.18889448
162700 0.26851934 0.05304460 15.60624966
162800 0.18229437 0.08952062 7.39315265
162900 0.25733470 0.00735213 12.40413087
163000 0.23750109 0.03548355 10.08281628
163100 0.21879072 0.01878618 7.23207728
163200 0.22518952 0.06043763 9.66256098
163300 0.21206647 0.01531692 6.39675134
163400 0.18758098 0.06931510 6.23750618
163500 0.17593929 0.07954006 6.04669847
163600 0.23960672 0.07283248 12.39730366
163700 0.19070278 0.03619892 4.76867811
163800 0.23776761 0.04572650 10.53541401
163900 0.26326218 0.04576888 14.37466423
164000 0.20030638 0.03504983 5.64492967
164100 0.20276789 0.04732392 6.40039673
164200 0.23397452 0.03472110 9.57736324
164300 0.19444792 0.00762509 4.48927566
164400 0.16606849 0.06122296 4.05664825
164500 0.24901784 0.02957612 11.54053124
164600 0.21113452 0.06755222 8.45709258
164700 0.22409548 0.05754207 9.35538930
164800 0.16974219 0.06148209 4.32201070
164900 0.22869637 -0.00335034 8.28698972
165000 0.23050129 0.01246156 8.59293903
165100 0.18134582 0.00677090 3.33149340
165200 0.15671342 0.04910888 2.81404718
165300 0.21847756 0.04094281 7.85662304
165400 0.21856436 0.00284872 7.03281123
165500 0.20836285 0.05113741 7.17877142
165600 0.23350267 0.04072020 9.74054843
165700 0.20516567 0.02463366 5.83331821
165800 0.21213660 0.04326779 7.22335988
165900 0.17228122 0.02574959 2.94380808
166000 0.19656419 0.02004227 4.86316821
166100 0.23191062 0.03799848 9.42214872
166200 0.22081566 0.03300403 7.84284458
166300 0.22383716 0.07455558 10.44708807
166400 0.21211044 0.06477753 8.38243967
166500 0.22797387 0.05411849 9.65306074
166600 0.18551823 0.03422242 4.24227062
166700 0.22702814 0.02694582 8.43111329
166800 0.23115509 0.03953532 9.38234971
166900 0.21195813 0.04786873 7.41301953
167000 0.21920709 0.03126667 7.59396788
167100 0.26438900 0.00017046 13.51188596
167200 0.18383884 0.10784711 9.32997547
167300 0.18811207 0.00455983 3.89226479
167400 0.20461659 0.06714678 7.72666061
167500 0.20585334 0.07945948 8.75936863
167600 0.22857582 0.04196078 9.14622473
167700 0.20495179 0.04848796 6.68297955
167800 0.22540301 0.02787744 8.25153375
167900 0.22839389 0.04038252 9.05786953
168000 0.24625321 0.03777803 11.40859094
168100 0.17510638 0.02327110 3.09125637
168200 0.19867112 0.02153392 5.09984958
168300 0.19991289 0.02752713 5.37016412
168400 0.20001727 0.04608590 6.06368213
168500 0.22028614 0.00742724 7.26196022
168600 0.18789988 0.03203105 4.37618824
168700 0.21425822 0.03630487 7.18649166
168800 0.22124527 0.06673637 9.57707846
168900 0.20802911 0.04080380 6.66761984
169000 0.23291109 0.04738905 9.95554069
169100 0.22972771 0.03778162 9.12836535
169200 0.26900965 0.02619151 14.62512928
169300 0.22061255 0.03645427 7.93815104
169400 0.26519056 0.03775549 14.35669950
169500 0.22838652 -0.00710855 8.26681488
169600 0.18661634 0.04797364 4.90193032
169700 0.25536234 0.06351543 14.08583288
169800 0.20266366 0.03814141 5.99729717
169900 0.20378057 0.06672014 7.61099182
170000 0.21526297 0.01171483 6.71139439
170100 0.21384413 0.02689886 6.84201718
170200 0.17810444 0.03734344 3.74741805
170300 0.20529114 0.04718923 6.65652349
170400 0.19462473 0.03793659 5.19651203
170500 0.18380469 0.05278234 4.90460083
170600 0.20478645 0.02038105 5.69779419
170700 0.22533956 0.03064562 8.32457993
170800 0.18151003 0.08381276 6.83423165
170900 0.23165327 0.02820687 9.06410524
171000 0.25084058 0.04944302 12.59874730
171100 0.23218306 0.04851866 9.91321136
171200 0.19140640 0.06105737 6.04156595
171300 0.15688056 -0.01032164 1.67096697
171400 0.23530951 0.06213330 11.08460582
171500 0.23150104 0.07179736 11.22369201
171600 0.25487756 0.06832808 14.32789218
171700 0.16820880 0.02696633 2.68981130
171800 0.20885239 0.03125504 6.41286057
171900 0.24030310 0.05727504 11.48269542
172000 0.20427692 0.03362938 6.00230574
172100 0.19170574 0.08323112 7.66868023
172200 0.20112334 0.05853389 6.82607322
172300 0.22041885 0.01658263 7.38784096
172400 0.23485554 0.07190600 11.67824526
172500 0.24898297 0.03848626 11.83855853
172600 0.15411349 0.01701176 1.60883504
172700 0.23391212 0.02099835 9.18669337
172800 0.22193504 0.03319439 7.98501065
172900 0.23394126 0.02646723 9.32038822
173000 0.15918567 0.02212814 1.99629893
173100 0.23327540 0.05288392 10.27952005
173200 0.24818052 0.04087805 11.81424009
173300 0.22099030 0.02676057 7.67739068
173400 0.20652260 0.00194945 5.67543190
173500 0.17387834 0.07058060 5.21981495
173600 0.22938452 0.03099518 8.85052787
173700 0.24799029 0.02769038 11.33394161
173800 0.21367107 0.04779611 7.60279021
173900 0.25246085 0.05564403 13.17028476
174000 0.18611022 0.05515333 5.22842975
174100 0.20769170 0.04398620 6.76614438
174200 0.21890848 0.03908953 7.83360861
174300 0.22354398 0.04774167 8.77119144
174400 0.21080065 0.07344737 8.83565004
174500 0.21610824 0.07083038 9.24903340
174600 0.25371842 0.02422834 12.10818259
174700 0.22403343 0.04236431 8.58951334
174800 0.19767060 0.04050889 5.59025765
174900 0.25293124 0.07002497 14.14573067
175000 0.21568337 0.02823599 7.08995632
175100 0.23407667 0.02084779 9.20559171
175200 0.12298671 0.02919930 0.69049408
175300 0.22068403 0.04528003 8.30745890
175400 0.23149157 0.04011041 9.44943950
175500 0.17505168 0.05161916 4.14864573
175600 0.18435278 0.02656169 3.91045745
175700 0.22810469 0.05312133 9.61634391
175800 0.22755130 0.05992944 9.93043602
175900 0.18463471 0.02862291 3.99115282
176000 0.24195478 0.03116007 10.56105534
176100 0.18321352 0.01744468 3.61440333
176200 0.19290411 0.02048711 4.52544790
176300 0.22095129 0.06542098 9.45455905
176400 0.24048567 0.03237312 10.39212163
176500 0.21100984 0.07507944 8.98005291
176600 0.23178591 0.06495124 10.79309446
176700 0.23841265 0.03446013 10.17278194
176800 0.18908838 0.06110247 5.83512528
176900 0.15985186 0.05850250 3.50239391
177000 0.15875578 0.07734371 4.71714607
177100 0.18464977 0.04619806 4.64992210
177200 0.22570283 0.02467579 8.20504802
177300 0.19379962 0.04441785 5.38565703
177400 0.16240053 0.05072083 3.23321438
177500 0.24114239 0.05178319 11.30133611
177600 0.23628191 0.04438317 10.27131243
177700 0.18994172 0.05338352 5.46965637
177800 0.19902227 0.07144647 7.45500464
177900 0.18783334 0.00256979 3.86064967
178000 0.26419480 -0.00452209 13.49019158
178100 0.21880936 0.03828251 7.79060698
178200 0.16992650 0.02807776 2.83903760
178300 0.21515139 0.05210213 7.98723758
178400 0.19151895 0.03799716 4.90975088
178500 0.19858400 0.04397644 5.82636641
178600 0.21033266 0.03555119 6.71859098
178700 0.15266978 0.03700929 2.07189628
178800 0.24311180 0.05917759 11.99148672
178900 0.20320207 0.04930528 6.54083834
179000 0.18198239 0.09621848 7.98955443
179100 0.20734514 0.07602368 8.65128933
179200 0.28728422 0.00737834 17.56491039
179300 0.17046707 0.05124732 3.79594735
179400 0.20988032 0.01857205 6.20930338
179500 0.18169502 0.05646516 4.93119531
179600 0.24674313 0.05402194 12.22595777
179700 0.25503200 0.02638715 12.36560095
179800 0.21534428 0.04626946 7.72258293
179900 0.29031468 0.02913299 18.53420422
180000 0.19319803 0.01650721 4.47918026
180100 0.22100383 0.05746380 8.97200786
180200 0.19950956 0.04403298 5.92052834
180300 0.20928433 0.04440196 6.95730003
180400 0.15954358 0.05705499 3.40035521
180500 0.19381778 0.10124223 9.52588185
180600 0.23420091 0.06522270 11.13194226
180700 0.25781021 0.05725569 14.09113790
180800 0.20695758 0.11965176 12.87823282
180900 0.21296736 0.08067010 9.63464408
181000 0.18043538 0.06065709 5.07456660
181100 0.16935231 0.08011102 5.61375878
181200 0.21905104 0.05829936 8.78598316
181300 0.19869359 0.05515506 6.39125307
181400 0.26138898 0.03482625 13.62963545
181500 0.21371811 0.02544394 6.78960196
181600 0.26367385 0.00514475 13.40779800
181700 0.19879385 0.03368951 5.44760337
181800 0.20994227 0.03428618 6.63142296
181900 0.16227603 0.04397755 2.90616469
182000 0.23263590 0.04796971 9.94668752
182100 0.19657065 0.05330919 6.08388036
182200 0.20695521 0.02905737 6.14187338
182300 0.22618275 0.03280895 8.49925705
182400 0.20507661 0.04554549 6.55774278
182500 0.25642522 0.04049547 13.05436677
182600 0.18623951 0.04203829 4.60223576
182700 0.25603771 0.02042177 12.38240797
182800 0.22166011 -0.00299705 7.40508288
182900 0.24639546 0.10156854 15.87389981
183000 0.23582384 0.04443156 10.21113934
183100 0.23299711 0.04367061 9.79767680
183200 0.22702457 0.02257699 8.32248111
183300 0.22955723 0.02867634 8.80370411
183400 0.16846676 0.02951251 2.77934292
183500 0.19031108 0.04732892 5.19805848
183600 0.21342204 0.06100093 8.29283661
183700 0.20689198 0.01373539 5.80727830
183800 0.24910708 0.05104237 12.41912259
183900 0.23698952 0.02258888 9.63819316
184000 0.18211780 0.07201886 5.96502495
184100 0.22790976 0.02566862 8.50989209
184200 0.23227806 0.05226938 10.11478689
184300 0.22646259 0.04252936 8.90076620
184400 0.22919351 0.03901598 9.10660471
184500 0.24578640 0.02506091 10.94086169
184600 0.23454847 0.01213690 9.12529732
184700 0.14629125 0.08128093 4.37473467
184800 0.17665959 0.04621357 4.00619323
184900 0.22150388 0.05390569 8.83450796
185000 0.20035125 0.04349794 5.98122216
185100 0.22434363 0.04566464 8.77329921
185200 0.17201171 0.00019486 2.59286245
185300 0.27901484 0.05008396 17.27735722
185400 0.21669099 0.05612975 8.38366799
185500 0.19524229 -0.01577708 4.66000517
185600 0.21457084 0.03281260 7.10157207
185700 0.19510148 0.07312664 7.19589869
185800 0.16354595 0.03692171 2.70065043
185900 0.21276595 0.01829796 6.52548792
186000 0.25229989 0.07372948 14.31564567
186100 0.23640404 0.06309193 11.29332686
186200 0.14531568 0.04514607 2.04583934
186300 0.17117831 0.07995407 5.72950245
186400 0.23333112 0.03578002 9.52869848
186500 0.25393196 0.02773648 12.23218066
186600 0.20340885 0.09402608 9.76714759
186700 0.24564674 0.02522385 10.92460777
186800 0.20378402 0.03947618 6.16474583
186900 0.24963770 0.06133965 13.07699631
187000 0.23990318 0.04130219 10.63938611
187100 0.17451119 0.05686753 4.39291660
187200 0.22293909 0.01201224 7.62915727
187300 0.18181490 0.07002831 5.79882142
187400 0.25398440 0.06782674 14.15583106
187500 0.22384668 -0.00297710 7.67343122
187600 0.26871339 0.00598104 14.24999067
187700 0.20589717 0.07183256 8.18706317
187800 0.24747615 0.07573080 13.74218401
187900 0.21016447 0.06477039 8.16570698
188000 0.19476635 -0.01236371 4.56676094
188100 0.25212334 0.02447586 11.87028925
188200 0.21103280 0.06076270 8.01019380
188300 0.17993105 -0.01134155 3.25880144
188400 0.26610255 -0.00376712 13.80212365
188500 0.21553144 0.05263097 8.05876685
188600 0.18295700 0.07639539 6.35905988
188700 0.19367829 0.06729212 6.65192553
188800 0.19702509 0.01154717 4.77360242
188900 0.23747949 0.03537096 10.07585775
189000 0.22990193 0.04797031 9.58783113
189100 0.19446168 0.01928669 4.64749297
189200 0.25866032 0.03555520 13.21863484
189300 0.15753902 0.01485059 1.76563956
189400 0.20689997 0.01520974 5.82947002
189500 0.22732371 0.09064580 12.21399341
189600 0.27536904 0.05389804 16.82964912
189700 0.23439638 0.04177420 9.90373559
189800 0.16693603 -0.01125147 2.30351392
189900 0.21203058 0.04238505 7.17367131
190000 0.25941258 0.06045521 14.53360210
190100 0.25462351 0.04040120 12.77034352
190200 0.21608661 0.05790707 8.41466513
190300 0.19233853 0.03902625 5.02472590
190400 0.19995461 0.03734593 5.69282083
190500 0.21016056 0.05027523 7.33147433
190600 0.21532680 0.02150482 6.88136396
190700 0.23150451 0.02881089 9.06175144
190800 0.21855049 0.02727801 7.39915358
190900 0.18214021 0.05256464 4.75502788
191000 0.21012209 0.04113341 6.90941572
191100 0.20398501 0.02391796 5.69247563
191200 0.21996143 0.10321708 12.52225453
191300 0.16793748 0.01358787 2.40006607
191400 0.19805885 0.04270218 5.71950738
191500 0.25477165 0.03304434 12.52309540
191600 0.25799223 0.04411518 13.45384633
191700 0.19539913 0.04299482 5.47477455
191800 0.17880925 0.04272224 4.01804390
191900 0.17771641 0.05907774 4.76500982
192000 0.19383155 0.04791547 5.55012636
192100 0.25768455 0.02104414 12.65363738
192200 0.28738440 0.03838231 18.29305694
192300 0.25746710 0.02796517 12.78896863
192400 0.22761732 0.03755961 8.84845193
192500 0.26980067 0.00534576 14.43042180
192600 0.19916805 0.02000782 5.11730760
192700 0.21333019 0.05227733 7.78832582
192800 0.24407448 0.02859804 10.78765169
192900 0.26356595 0.05609149 14.95003754
193000 0.19108900 0.05378791 5.59517251
193100 0.26804969 0.00963521 14.16676822
193200 0.19863602 0.04518232 5.88525342
193300 0.28123207 0.05227195 17.78870985
193400 0.22652852 0.03617915 8.65919908
193500 0.23440580 0.04521351 10.05459054
193600 0.20434882 0.04755145 6.57490844
193700 0.24878757 0.03378167 11.63947175
193800 0.26064985 0.06317845 14.89994626
193900 0.21246993 0.03748224 7.02720201
194000 0.15779058 0.09241445 5.94009131
194100 0.21041007 0.03936028 6.86980829
194200 0.24247620 0.07701634 13.11549258
194300 0.20959986 0.05448478 7.49036076
194400 0.18852522 0.04841583 5.09040366
194500 0.18383250 0.03766938 4.22343491
194600 0.18649524 0.04345952 4.68507821
194700 0.20939713 0.04748521 7.11128829
194800 0.20124544 0.04331473 6.06340277
194900 0.13607247 0.01446310 0.75520207
195000 0.16239042 0.04302674 2.87193241
195100 0.31360245 0.01977489 23.00852551
195200 0.22061633 0.02862048 7.68371489
195300 0.25748099 0.04217003 13.28928679
195400 0.20471324 0.02906995 5.90496235
195500 0.20762571 0.04490926 6.80006699
195600 0.20288558 0.03050029 5.75785469
195700 0.21619882 0.04261969 7.65930117
195800 0.22060462 0.03974791 8.06268517
195900 0.17294698 0.05032224 3.92679478
196000 0.19144676 0.02292834 4.44410971
196100 0.24083236 0.05069051 11.20164083
196200 0.22248798 -0.00668581 7.52400248
196300 0.22555567 0.01984935 8.07911130
196400 0.23610020 0.00163567 9.26296961
196500 0.16757733 0.01663786 2.42175697
196600 0.23393036 0.08691730 12.74597878
196700 0.16011847 0.05459261 3.29729163
196800 0.16793268 0.05087506 3.60156050
196900 0.20406628 0.04868453 6.59998672
197000 0.22337460 0.07898241 10.72975607
197100 0.21165420 0.04408707 7.20516448
197200 0.24653040 0.03974188 11.52528756
197300 0.23352962 0.05279040 10.30849205
197400 0.22517659 0.01234583 7.91079958
197500 0.16215609 0.01741965 2.08341196
197600 0.21523382 0.04942574 7.86086796
197700 0.19849493 0.01200524 4.92268834
197800 0.18130607 0.03316398 3.85526314
197900 0.24117355 0.03514251 10.58248311
198000 0.23101158 0.03368745 9.14943967
198100 0.21201581 0.07338823 8.96668720
198200 0.19942752 0.07996889 8.14042691
198300 0.16700126 0.07539478 5.08677064
198400 0.20783188 0.03913088 6.57947044
198500 0.28417656 0.03562028 17.59490415
198600 0.22396522 0.08941261 11.68099515
198700 0.18710400 0.00535666 3.80790007
198800 0.14547913 0.03014043 1.48839861
198900 0.25820242 0.04709926 13.62317264
199000 0.20396314 0.00135669 5.40508759
199100 0.19904326 0.02227271 5.15282040
199200 0.21374387 0.02026345 6.67413799
199300 0.22453000 0.02791919 8.14360131
199400 0.21720791 0.03016192 7.32371775
199500 0.23734096 0.04939079 10.65099538
199600 0.22929021 0.06697062 10.60051103
199700 0.27026345 0.05247527 15.87164732
199800 0.21776937 0.10390181 12.33260529
199900 0.26962677 0.05610702 15.96062011
