0 -1.00431473 1.68676935 0.09683346
100 -0.70012956 1.44052437 78.62494233
200 -0.70182233 1.42516505 82.22208737
300 -0.70856080 1.40477072 86.04856970
400 -0.70127364 1.46978850 71.11738626
500 -0.67292050 1.46102003 82.04621105
600 -0.74148757 1.41846217 73.04611202
700 -0.69633439 1.44630548 78.28685521
800 -0.73621596 1.45792442 64.09130201
900 -0.68425193 1.45177016 80.65745034
1000 -0.68702257 1.47986844 73.20638883
1100 -0.68595899 1.44003993 83.10049710
1200 -0.72084382 1.44703908 70.95870047
1300 -0.71489406 1.44893003 72.16076334
1400 -0.70914319 1.44371815 75.13903596
1500 -0.72249013 1.51131533 56.30681662
1600 -0.68880748 1.43427513 83.72524669
1700 -0.67612046 1.45677935 82.02711965
1800 -0.70990568 1.40616111 85.24800330
1900 -0.71061738 1.47121599 68.04221299
2000 -0.72002155 1.41925329 78.60332302
2100 -0.68463800 1.47628989 74.74970401
2200 -0.73527837 1.47037732 61.40205902
2300 -0.75762236 1.44422189 62.08468057
2400 -0.73329160 1.40301915 79.66549767
2500 -0.71678013 1.46531946 67.64422437
2600 -0.72454044 1.46076176 66.55645394
2700 -0.66344443 1.44084483 90.21552588
2800 -0.69310904 1.47581368 72.22078466
2900 -0.71382237 1.46006251 69.73381561
3000 -0.73338338 1.37969843 86.83875953
3100 -0.73576172 1.43850190 69.10156241
3200 -0.71417596 1.41459510 81.57566894
3300 -0.74258045 1.43382860 68.55601967
3400 -0.68904058 1.43796847 82.67814131
3500 -0.71187652 1.45659346 71.13094313
3600 -0.70527128 1.46064865 72.07704228
3700 -0.73205267 1.41011222 77.91534992
3800 -0.66158607 1.45403025 87.51255225
3900 -0.71265176 1.44490984 73.81999911
4000 -0.68163723 1.49404558 71.88604010
4100 -0.70359425 1.45176325 74.73892649
4200 -0.71896922 1.43592995 74.35564635
4300 -0.74238415 1.42250681 71.68419615
4400 -0.71931947 1.45748086 68.79854676
4500 -0.68683646 1.43374760 84.48087106
4600 -0.67872886 1.44809364 83.33597858
4700 -0.66691297 1.48403757 78.79336947
4800 -0.73885732 1.42308874 72.43767211
4900 -0.71568572 1.44128494 73.88404799
5000 -0.71284008 1.45039413 72.38195278
5100 -0.74615111 1.43878012 66.33754234
5200 -0.72765628 1.43042012 73.42220568
5300 -0.66467897 1.47583263 81.34560033
5400 -0.71308329 1.52460866 56.54166056
5500 -0.68304141 1.49319126 71.61629939
5600 -0.68031140 1.46582058 78.52040065
5700 -0.66332618 1.47811973 81.29005877
5800 -0.70765152 1.44587752 75.02293442
5900 -0.71593967 1.49993388 60.35836404
6000 -0.73813013 1.42315912 72.60835086
6100 -0.69273154 1.45199134 77.96110165
6200 -0.66924972 1.48975933 76.79844360
6300 -0.70259825 1.43343691 79.75184314
6400 -0.71397046 1.47453533 66.32360813
6500 -0.69696666 1.47461841 71.31303412
6600 -0.68519439 1.46273795 77.69792803
6700 -0.72981304 1.44952821 67.86855610
6800 -0.67387509 1.45633167 82.86585684
6900 -0.75153560 1.42659604 68.24214120
7000 -0.74309502 1.43310689 68.61605017
7100 -0.73309736 1.43739151 70.10011829
7200 -0.74604452 1.39314230 79.32751759
7300 -0.76502560 1.45131437 58.52875526
7400 -0.70974572 1.47386695 67.69184991
7500 -0.64855232 1.46168534 90.15467573
7600 -0.74436307 1.41436592 73.46853534
7700 -0.68243506 1.44999532 81.67491593
7800 -0.68671524 1.41921594 88.49351705
7900 -0.71576827 1.46100844 68.95232313
8000 -0.73841631 1.46290495 62.32004556
8100 -0.73462555 1.43143223 71.27612393
8200 -0.69433590 1.44240091 79.89391559
8300 -0.69623117 1.51626502 63.01702432
8400 -0.68724092 1.47747180 73.66852048
8500 -0.70051867 1.47960910 69.13060667
8600 -0.67646643 1.45926711 81.31314627
8700 -0.69035242 1.46540175 75.45897890
8800 -0.76311310 1.42962143 64.60998677
8900 -0.68001408 1.46139790 79.66097807
9000 -0.71972055 1.43550427 74.25728055
9100 -0.72515320 1.45660949 67.38985036
9200 -0.72392284 1.48203714 61.86320209
9300 -0.67154381 1.48262544 77.56758478
9400 -0.71240338 1.45448623 71.49441431
9500 -0.70346790 1.44314303 76.95339343
9600 -0.72870800 1.45308294 67.28369083
9700 -0.69088284 1.48576704 70.72459010
9800 -0.73158882 1.46605934 63.38639732
9900 -0.75595027 1.40266928 73.98291537
10000 -0.68207964 1.45229407 81.21579177
10100 -0.72487399 1.42315140 76.16973601
10200 -0.69176542 1.46343565 75.48562253
10300 -0.71030703 1.44347663 74.86312653
10400 -0.70704090 1.45172718 73.73221407
10500 -0.72584406 1.40429967 81.30008237
10600 -0.70641473 1.46482506 70.74978281
10700 -0.69069786 1.47859310 72.34441419
10800 -0.72750613 1.42373490 75.28765728
10900 -0.73024597 1.43797994 70.71087577
11000 -0.71949801 1.43987108 73.17421038
11100 -0.66936015 1.47522719 79.92276269
11200 -0.71603588 1.43311713 75.93104392
11300 -0.72313949 1.47489386 63.66225810
11400 -0.71427252 1.49579440 61.67005812
11500 -0.71753021 1.43305240 75.52510340
11600 -0.68776115 1.43135959 84.83038676
11700 -0.72906820 1.40870812 79.12749759
11800 -0.71116944 1.43709501 76.27106356
11900 -0.70384729 1.40239285 88.13822308
12000 -0.69577044 1.49297039 67.70844113
12100 -0.74961286 1.44593729 63.62078921
12200 -0.71113541 1.44045730 75.40258362
12300 -0.70848739 1.47100270 68.70968385
12400 -0.69566224 1.43929028 80.29551548
12500 -0.72673655 1.46077069 65.95178754
12600 -0.67084215 1.51266649 71.71936830
12700 -0.71280824 1.47151584 67.34205864
12800 -0.69787499 1.46252405 73.83717538
12900 -0.73070700 1.46452639 63.98326975
13000 -0.71792473 1.42948268 76.37303984
13100 -0.69759812 1.47117676 71.90348596
13200 -0.68874399 1.47243585 74.33287288
13300 -0.69635034 1.49870749 66.36089349
13400 -0.72166053 1.47096634 64.96463762
13500 -0.66454571 1.44981857 87.56016551
13600 -0.71986912 1.44167267 72.60315850
13700 -0.68972142 1.43645357 82.86475919
13800 -0.72074887 1.47793567 63.64687867
13900 -0.77035482 1.41537616 66.87381852
14000 -0.72046040 1.50635119 57.82112537
14100 -0.70050403 1.45197676 75.60668289
14200 -0.69806150 1.44226399 78.79735558
14300 -0.71121290 1.47293196 67.47894271
14400 -0.75225032 1.45083243 61.73218922
14500 -0.73374999 1.45698250 64.97328759
14600 -0.66598377 1.53860317 68.80789108
14700 -0.72263298 1.44980241 69.76564900
14800 -0.75684284 1.45588995 59.35755843
14900 -0.75316228 1.43746498 64.92674837
15000 -0.68338532 1.42727828 87.31099440
15100 -0.70557042 1.47482428 68.69644281
15200 -0.72281085 1.44367263 71.26877134
15300 -0.70518984 1.46743384 70.50002386
15400 -0.69157182 1.45944190 76.49807284
15500 -0.73664750 1.41338283 75.75197074
15600 -0.68672516 1.48234966 72.75639928
15700 -0.73262529 1.45597368 65.51904031
15800 -0.67631296 1.45592367 82.17327612
15900 -0.75085641 1.40941704 73.25549231
16000 -0.71727760 1.44091316 73.52897460
16100 -0.66986614 1.44746580 86.38094310
16200 -0.71899102 1.45121381 70.43030783
16300 -0.71660568 1.46678579 67.35060430
16400 -0.72187307 1.46781513 65.63220148
16500 -0.71050129 1.48323087 65.39917928
16600 -0.71203339 1.44023265 75.20192383
16700 -0.72094836 1.45698314 68.46350682
16800 -0.69938620 1.50857246 63.50658119
16900 -0.69684066 1.45660658 75.57297077
17000 -0.71869726 1.40357138 83.50057751
17100 -0.70323848 1.46036497 72.74617132
17200 -0.71554108 1.42639645 77.88788905
17300 -0.69294469 1.46679732 74.33322411
17400 -0.76361263 1.44174082 61.28839559
17500 -0.73255684 1.40096555 80.47372373
17600 -0.66506368 1.45160340 86.94160589
17700 -0.66790838 1.45123886 86.08347317
17800 -0.72802003 1.42461345 74.90542792
17900 -0.72065578 1.46051763 67.69250165
18000 -0.69310279 1.43745448 81.55802317
18100 -0.69012026 1.44685681 80.05346516
18200 -0.71957775 1.44996273 70.57763720
18300 -0.76875043 1.39023715 74.71469359
18400 -0.71189960 1.46276040 69.64223582
18500 -0.75578510 1.43279630 65.51936836
18600 -0.68251075 1.43913546 84.42486650
18700 -0.71058572 1.45051605 73.00143256
18800 -0.69973235 1.48082674 69.09879005
18900 -0.67877392 1.48355716 75.01684763
19000 -0.71653562 1.46194154 68.51194137
19100 -0.69699152 1.42865749 82.72044952
19200 -0.73375330 1.43128504 71.54751741
19300 -0.65833150 1.46880829 85.09348437
19400 -0.67152769 1.43887394 88.04043847
19500 -0.71802391 1.43668624 74.42232696
19600 -0.71089741 1.42253481 80.28362050
19700 -0.74082976 1.45076259 64.64425089
19800 -0.68797249 1.46369728 76.60007112
19900 -0.70383558 1.45290912 74.38363472
20000 -0.75031025 1.45330473 61.60176400
20100 -0.70437151 1.43349268 79.21117902
20200 -0.70949878 1.46226057 70.45549851
20300 -0.69115187 1.50817558 66.09188788
20400 -0.70986041 1.45502134 72.09776124
20500 -0.66712463 1.46411983 83.22273541
20600 -0.66645345 1.45692809 85.16862779
20700 -0.68277088 1.51071921 68.23076667
20800 -0.69511250 1.44040638 80.17261756
20900 -0.68827522 1.46581627 76.00717903
21000 -0.68656642 1.42644300 86.53702251
21100 -0.71429880 1.47578528 65.94870874
21200 -0.68828108 1.43977468 82.44295175
21300 -0.68787701 1.42706023 85.95843982
21400 -0.69629582 1.44516375 78.58887071
21500 -0.67186375 1.50084833 73.66739225
21600 -0.68854017 1.45907180 77.52681228
21700 -0.72023534 1.47263923 64.98059200
21800 -0.65761299 1.48473219 81.78454921
21900 -0.70062878 1.47272673 70.63813316
22000 -0.69090534 1.50108657 67.55303291
22100 -0.73548011 1.45367972 65.32222622
22200 -0.69630946 1.41782344 85.92577618
22300 -0.70858301 1.46240230 70.68826515
22400 -0.69183172 1.45965964 76.36558823
22500 -0.66261175 1.48103285 80.88872148
22600 -0.68261277 1.44968551 81.69599745
22700 -0.69540373 1.42589629 83.95586570
22800 -0.69559448 1.45304404 76.82498286
22900 -0.71947407 1.47359326 64.97740636
23000 -0.66827141 1.45323261 85.46900027
23100 -0.70531069 1.45234159 74.08823721
23200 -0.69512911 1.44082114 80.05997070
23300 -0.67171221 1.46978637 80.38559463
23400 -0.66280370 1.46801907 83.75824864
23500 -0.72591870 1.45815172 66.80557575
23600 -0.70984776 1.46098163 70.65905157
23700 -0.70030247 1.46121523 73.41838769
23800 -0.70255128 1.46724671 71.32491678
23900 -0.69947461 1.46191880 73.49908212
24000 -0.75418876 1.42567374 67.83903122
24100 -0.75530090 1.47271708 55.76758625
24200 -0.73290326 1.45669297 65.26948749
24300 -0.71294428 1.43078440 77.43901140
24400 -0.69799127 1.44272309 78.70034214
24500 -0.71319457 1.46289374 69.23836661
24600 -0.68538141 1.46562441 76.95838685
24700 -0.62533842 1.47235704 96.09631057
24800 -0.68539341 1.48984914 71.57034491
24900 -0.71761131 1.41009177 81.89507756
25000 -0.66291706 1.49130275 78.58972422
25100 -0.72438583 1.44452307 70.61581621
25200 -0.69110002 1.48669594 70.45891083
25300 -0.69968641 1.47403616 70.62395464
25400 -0.74156515 1.43827906 67.64321055
25500 -0.69475356 1.44236222 79.77630745
25600 -0.70262331 1.48581073 67.15496771
25700 -0.72026447 1.44380745 71.94329329
25800 -0.71814227 1.40655184 82.77780268
25900 -0.73524561 1.40356370 78.98468591
26000 -0.69943065 1.45632393 74.85997995
26100 -0.71148181 1.43582436 76.51575809
26200 -0.73153595 1.47104875 62.24580919
26300 -0.69717013 1.43093184 82.05180286
26400 -0.70320774 1.44671328 76.11990403
26500 -0.69728714 1.46848124 72.61800653
26600 -0.68291587 1.47536974 75.50054819
26700 -0.71500137 1.41995457 79.82483060
26800 -0.74123988 1.43544969 68.47183130
26900 -0.70557006 1.47193160 69.35209111
27000 -0.70890564 1.42673608 79.70454818
27100 -0.72228198 1.43983810 72.40575639
27200 -0.67142380 1.42699240 91.24773536
27300 -0.71651569 1.42282653 78.59424111
27400 -0.71960384 1.41797197 79.08090777
27500 -0.70484035 1.42263092 82.02641372
27600 -0.69561127 1.47085574 72.57979364
27700 -0.71426131 1.47944377 65.14582563
27800 -0.70387533 1.43931706 77.82270788
27900 -0.66740965 1.45121742 86.25455513
28000 -0.66976712 1.44493718 87.05539900
28100 -0.70891267 1.44060976 76.00756551
28200 -0.65304688 1.46054216 88.85826011
28300 -0.71728448 1.42967668 76.50138125
28400 -0.74595152 1.43853152 66.45319809
28500 -0.73273946 1.44648920 67.84796085
28600 -0.71546694 1.47961814 64.76361314
28700 -0.69843978 1.45457260 75.58658907
28800 -0.71648545 1.44396358 72.96757476
28900 -0.75808660 1.40980407 71.36788487
29000 -0.68904534 1.44319152 81.32169838
29100 -0.77615185 1.46486408 52.69844643
29200 -0.71148327 1.50465605 60.70058001
29300 -0.73714663 1.44950456 65.91993106
29400 -0.69486826 1.47144606 72.67114089
29500 -0.73945895 1.45312198 64.41519686
29600 -0.69948351 1.44022379 78.89692043
29700 -0.73222577 1.41279125 77.09595070
29800 -0.70134913 1.44601753 76.84971713
29900 -0.69734237 1.46914022 72.44893966
30000 -0.67872398 1.47470191 76.98875642
30100 -0.68947228 1.45687761 77.76798009
30200 -0.70976694 1.47715988 66.94647627
30300 -0.71895787 1.44610104 71.72468165
30400 -0.68666574 1.49960746 69.16776423
30500 -0.72407529 1.43301294 73.70826904
30600 -0.71126276 1.42965712 78.22723477
30700 -0.71066389 1.45964964 70.74184132
30800 -0.70058481 1.43629321 79.59536178
30900 -0.68772537 1.47306177 74.50820210
31000 -0.72729350 1.43271162 72.90595707
31100 -0.70539031 1.43929598 77.38072927
31200 -0.72690515 1.44640548 69.44548896
31300 -0.69183820 1.45094980 78.49484912
31400 -0.71445179 1.45537308 70.69005427
31500 -0.73904989 1.43860882 68.21015581
31600 -0.69179469 1.47057919 73.81220911
31700 -0.71686535 1.44275495 73.17012421
31800 -0.73458708 1.44108822 68.73966414
31900 -0.69386680 1.48065839 70.91413921
32000 -0.67217243 1.44438062 86.40609204
32100 -0.70142597 1.42547674 82.25473490
32200 -0.71168884 1.45558758 71.43037638
32300 -0.68328108 1.50054884 70.04581749
32400 -0.72463166 1.41085300 79.71685510
32500 -0.69514269 1.46372699 74.38145843
32600 -0.69333482 1.45819362 76.25692840
32700 -0.71169950 1.45763203 70.92970386
32800 -0.72169913 1.40434519 82.43157208
32900 -0.72882477 1.44788759 68.54833706
33000 -0.68823359 1.44821239 80.29764816
33100 -0.73260878 1.48259963 59.38049172
33200 -0.72786324 1.42821617 73.96243496
33300 -0.71763921 1.44179788 73.19797449
33400 -0.69048545 1.42554626 85.56205724
33500 -0.74988932 1.40246872 75.54010740
33600 -0.67970190 1.48927047 73.49890410
33700 -0.68959027 1.47248257 74.05918991
33800 -0.71112376 1.43495296 76.84970814
33900 -0.68745928 1.46698522 75.98879424
34000 -0.71246755 1.45800511 70.61821843
34100 -0.70188591 1.40613068 87.61559309
34200 -0.71765768 1.41207839 81.30801937
34300 -0.69965089 1.46105652 73.65178735
34400 -0.70408831 1.48148179 67.65696778
34500 -0.67595962 1.46215212 80.78689161
34600 -0.70742530 1.46842414 69.61366842
34700 -0.76289858 1.45715885 57.59445217
34800 -0.72683930 1.47581908 62.43692443
34900 -0.71938562 1.44708392 71.35548703
35000 -0.73495856 1.42169092 73.85145472
35100 -0.72951474 1.45423585 66.78114689
35200 -0.71968081 1.47445013 64.72579534
35300 -0.71130297 1.46434057 69.44067022
35400 -0.69493609 1.44357318 79.40935030
35500 -0.68917298 1.43808445 82.60659354
35600 -0.72199424 1.43387586 74.05463070
35700 -0.69026736 1.45617404 77.69270376
35800 -0.67361164 1.44823746 84.95686737
35900 -0.72791602 1.44220304 70.24448187
36000 -0.73945552 1.46040244 62.64521064
36100 -0.69050871 1.47087737 74.14101990
36200 -0.67565929 1.47163632 78.67343395
36300 -0.66589864 1.46686583 82.98762814
36400 -0.72011991 1.48339044 62.62628380
36500 -0.67682534 1.43619844 87.01656058
36600 -0.72972772 1.47021424 62.92430102
36700 -0.68746030 1.44626171 81.03209349
36800 -0.69620238 1.46795268 73.06947663
36900 -0.75084343 1.45042083 62.18437902
37000 -0.69484120 1.47495598 71.88335091
37100 -0.72645005 1.46028094 66.14740119
37200 -0.72235400 1.45631347 68.23521219
37300 -0.68414312 1.45898754 78.92628734
37400 -0.70800534 1.45073894 73.69597887
37500 -0.69390698 1.45484951 76.89585051
37600 -0.75892701 1.43385141 64.47562868
37700 -0.75414384 1.43052991 66.52969028
37800 -0.76143035 1.43668930 63.12400310
37900 -0.73748958 1.45450296 64.59026009
38000 -0.67596471 1.45707196 82.00645212
38100 -0.71774880 1.43289940 75.50423605
38200 -0.71827276 1.40242225 83.96138019
38300 -0.69752972 1.43317315 81.34242083
38400 -0.70803955 1.44224360 75.83963261
38500 -0.68491952 1.45598372 79.40982625
38600 -0.74525153 1.40896815 74.79815952
38700 -0.70399970 1.46720389 70.90510139
38800 -0.65769006 1.45855479 87.73594167
38900 -0.73238341 1.45008754 67.03743716
39000 -0.68406071 1.49172623 71.59779867
39100 -0.70848775 1.42527482 80.22665896
39200 -0.69785670 1.47540586 70.86655195
39300 -0.65470913 1.50312741 78.99229906
39400 -0.68630472 1.49893644 69.41564069
39500 -0.71563715 1.42544523 78.12127543
39600 -0.69442300 1.45479210 76.75210764
39700 -0.72922431 1.43800182 70.98126100
39800 -0.72879456 1.43918661 70.78800648
39900 -0.71482770 1.44294814 73.69944974
40000 -0.68837874 1.46162822 76.96445699
40100 -0.70035904 1.48618651 67.75045671
40200 -0.66484151 1.49986473 76.19266923
40300 -0.71692251 1.47099185 66.28879931
40400 -0.72851179 1.45121140 67.80080773
40500 -0.72011872 1.44382137 71.98051020
40600 -0.72404136 1.43407681 73.43415710
40700 -0.73697396 1.45703595 64.10711535
40800 -0.66402871 1.46426843 84.22304078
40900 -0.73399809 1.48132014 59.28895038
41000 -0.71149113 1.44483527 74.17320345
41100 -0.72120274 1.48746614 61.44927681
41200 -0.73684491 1.43675958 69.27305888
41300 -0.70796517 1.46033611 71.36156049
41400 -0.70666550 1.44578295 75.33572024
41500 -0.68316497 1.47284702 75.99145710
41600 -0.71813548 1.44475561 72.29865405
41700 -0.71494407 1.45795826 69.92054398
41800 -0.65525907 1.49626295 80.17754818
41900 -0.73035944 1.41895342 75.84660772
42000 -0.75103414 1.43708617 65.55384230
42100 -0.76314381 1.44571623 60.38054573
42200 -0.68754584 1.48308026 72.34088742
42300 -0.70641557 1.45555927 72.97154460
42400 -0.71119784 1.46927614 68.32009291
42500 -0.66997041 1.46372948 82.37164402
42600 -0.73486052 1.42472741 73.03697159
42700 -0.68976877 1.44282522 81.19114117
42800 -0.73210863 1.44601550 68.13695613
42900 -0.69412174 1.45028411 77.95976813
43000 -0.67774138 1.45757468 81.31032703
43100 -0.74277561 1.43604997 67.91700241
43200 -0.73571859 1.41730136 74.88159390
43300 -0.71721706 1.44255531 73.12198241
43400 -0.73263316 1.39672352 81.73082490
43500 -0.71686485 1.44311083 73.07877924
43600 -0.69696971 1.46860492 72.68551975
43700 -0.67637057 1.47441657 77.81194572
43800 -0.71399725 1.46736340 67.95868052
43900 -0.67756588 1.48727168 74.60855125
44000 -0.67706298 1.49582020 72.98885263
44100 -0.70995094 1.42811715 79.02436938
44200 -0.73609721 1.42809646 71.78811101
44300 -0.68465064 1.45058369 80.82685624
44400 -0.70130723 1.46436468 72.37068913
44500 -0.67228817 1.46232552 81.94210159
44600 -0.69970545 1.45378146 75.40019409
44700 -0.73642944 1.42615533 72.23017352
44800 -0.66202130 1.46494401 84.74045829
44900 -0.70195506 1.45949117 73.33764219
45000 -0.65865080 1.45400510 88.51638562
45100 -0.67120178 1.46112315 82.58520997
45200 -0.71012837 1.43651205 76.72573116
45300 -0.68623117 1.44296538 82.25883656
45400 -0.73163175 1.46930600 62.62062127
45500 -0.70557925 1.46318981 71.38132141
45600 -0.71931553 1.49424214 60.56003534
45700 -0.65216988 1.48565982 83.46375172
45800 -0.67016449 1.43240147 90.20022005
45900 -0.73033213 1.46398598 64.21168673
46000 -0.68886797 1.48538198 71.43201769
46100 -0.69425858 1.44376082 79.56816710
46200 -0.70708954 1.45308015 73.38297500
46300 -0.72858489 1.45535818 66.75789010
46400 -0.72342048 1.46789591 65.18426876
46500 -0.71084563 1.47025027 68.19759520
46600 -0.74597640 1.41588355 72.62507190
46700 -0.69541898 1.43557303 81.34561236
46800 -0.69832195 1.45719785 74.98126546
46900 -0.70993566 1.41307887 83.23052870
47000 -0.69662198 1.46109642 74.55657029
47100 -0.70242592 1.43609046 79.09928930
47200 -0.66532971 1.47455458 81.41491855
47300 -0.67553150 1.47841422 77.19003302
47400 -0.70595921 1.45456035 73.35030242
47500 -0.70722916 1.47833517 67.42503080
47600 -0.69675168 1.47106243 72.18597785
47700 -0.70411524 1.45646519 73.42849951
47800 -0.74404325 1.44512530 65.23748375
47900 -0.70225727 1.45629572 74.02125364
48000 -0.72318507 1.45723668 67.78026769
48100 -0.69002217 1.45936413 76.99593705
48200 -0.72124223 1.47638773 63.85417053
48300 -0.68347375 1.47045255 76.44044800
48400 -0.72148869 1.39849725 84.23622901
48500 -0.68893323 1.45798582 77.66669916
48600 -0.73328584 1.40471203 79.16571363
48700 -0.69484024 1.46742429 73.60696844
48800 -0.75948662 1.43323695 64.50460401
48900 -0.72600015 1.46615243 64.88030237
49000 -0.70498585 1.44150799 76.92573426
49100 -0.76767456 1.43546038 61.97816126
49200 -0.74364739 1.45011503 64.07958025
49300 -0.72238534 1.43398307 73.91745225
49400 -0.67945981 1.46357465 79.32148008
49500 -0.72325213 1.41874981 77.84552626
49600 -0.73333535 1.44016283 69.31269444
49700 -0.71577932 1.46554600 67.87503608
49800 -0.66874959 1.41521377 95.41501493
49900 -0.69108267 1.48102842 71.68923327
50000 -0.69068162 1.49083793 69.71331356
50100 -0.70783953 1.45866626 71.79985841
50200 -0.70866461 1.45674011 72.02584188
50300 -0.73114256 1.45201309 66.89091740
50400 -0.67323118 1.45395438 83.65815611
50500 -0.71232726 1.43154803 77.41103344
50600 -0.71307926 1.43933537 75.13478017
50700 -0.70131566 1.43818357 78.88009073
50800 -0.69954504 1.45000245 76.38597800
50900 -0.70996429 1.45605739 71.81435506
51000 -0.66719903 1.49832710 75.71422370
51100 -0.71217275 1.43276196 77.13034691
51200 -0.73207616 1.47175617 61.93921460
51300 -0.68982151 1.49360805 69.40416531
51400 -0.69168460 1.44293945 80.56925427
51500 -0.72083461 1.45134639 69.88096483
51600 -0.72573008 1.47019937 64.01615911
51700 -0.71769423 1.44618244 72.05995151
51800 -0.74245829 1.36178960 90.35700471
51900 -0.71983842 1.42821446 76.17894381
52000 -0.73078449 1.43039421 72.58213519
52100 -0.68710730 1.47682026 73.85551921
52200 -0.75391040 1.44858841 61.88393956
52300 -0.69547906 1.45742370 75.78813129
52400 -0.70657868 1.44258516 76.17923547
52500 -0.70821153 1.45260219 73.17309442
52600 -0.69164852 1.46060729 76.19475184
52700 -0.69472275 1.48611958 69.46951598
52800 -0.73709753 1.44848566 66.18858485
52900 -0.73164297 1.45172846 66.82712594
53000 -0.69611089 1.44576588 78.49178971
53100 -0.69909902 1.44796935 77.03042422
53200 -0.74647918 1.42513953 69.91054230
53300 -0.70624797 1.46741280 70.19352923
53400 -0.75951088 1.44820082 60.61892308
53500 -0.67799458 1.45399153 82.10382744
53600 -0.70852727 1.42827922 79.39426783
53700 -0.70652117 1.47972108 67.32631256
53800 -0.70623531 1.44593104 75.42436430
53900 -0.68125370 1.48991141 72.86820929
54000 -0.71089302 1.49348911 63.11479664
54100 -0.75196173 1.47463219 56.15681659
54200 -0.68237871 1.48993105 72.50612360
54300 -0.72456968 1.41655412 78.10171437
54400 -0.70808267 1.47100824 68.82647793
54500 -0.73398505 1.43625855 70.16175433
54600 -0.76463690 1.47083466 53.95626905
54700 -0.64478605 1.45202649 93.83390765
54800 -0.70850249 1.44752275 74.35778017
54900 -0.69490876 1.46938542 73.13187437
55000 -0.70689055 1.46921351 69.58777746
55100 -0.69111885 1.44432796 80.38787925
55200 -0.69549186 1.46884756 73.07832922
55300 -0.70816581 1.45213879 73.30118635
55400 -0.76473482 1.43187005 63.62168809
55500 -0.72424360 1.44729728 69.95012652
55600 -0.65663337 1.47665116 83.89267454
55700 -0.68185491 1.42718570 87.82196998
55800 -0.72674507 1.46124518 65.83606007
55900 -0.73850214 1.44886655 65.72457106
56000 -0.70871176 1.48442354 65.66102549
56100 -0.73378403 1.45083729 66.47649810
56200 -0.73571904 1.48716053 57.57253390
56300 -0.71307023 1.41450368 81.91841998
56400 -0.70488230 1.44027623 77.27544684
56500 -0.72664689 1.44343972 70.27254835
56600 -0.66819010 1.41997660 94.25545733
56700 -0.69413738 1.45500600 76.78700187
56800 -0.66810317 1.42012656 94.24232268
56900 -0.71187080 1.49577971 62.36217974
57000 -0.70868560 1.44814138 74.14842204
57100 -0.69008103 1.46375142 75.93157952
57200 -0.72024286 1.44134096 72.58427917
57300 -0.69707783 1.49098121 67.72534718
57400 -0.66145042 1.44802076 89.05467594
57500 -0.66838727 1.45399282 85.24326671
57600 -0.68343958 1.44797534 81.86346410
57700 -0.75357944 1.41385110 71.30214456
57800 -0.68059392 1.44033417 84.72329367
57900 -0.74302341 1.41076932 74.84567677
58000 -0.69917682 1.47635985 70.25474921
58100 -0.72118577 1.45264949 69.45982579
58200 -0.69554545 1.43549826 81.32687191
58300 -0.70442846 1.46020432 72.43225273
58400 -0.68745063 1.47589352 73.95541150
58500 -0.68309199 1.46930458 76.82553074
58600 -0.71260195 1.43877033 75.41928875
58700 -0.67833076 1.46934236 78.33702232
58800 -0.73790386 1.46285831 62.46528211
58900 -0.72753165 1.46995777 63.57921302
59000 -0.71231610 1.44185244 74.70109312
59100 -0.70280179 1.47502871 69.46943033
59200 -0.67322186 1.40651093 96.45989444
59300 -0.72221498 1.39735427 84.37947855
59400 -0.68507021 1.46849183 76.38840408
59500 -0.73408214 1.41379041 76.31412010
59600 -0.69763293 1.46532235 73.24972335
59700 -0.67742968 1.47412477 77.53561366
59800 -0.71240230 1.46117754 69.87430076
59900 -0.70283601 1.46204021 72.46564869
60000 -0.67806470 1.46215077 80.10729832
60100 -0.69645179 1.51577128 63.04086658
60200 -0.69391302 1.47655436 71.80859537
60300 -0.75346150 1.40385302 74.24213254
60400 -0.68620814 1.46693790 76.39163568
60500 -0.69144476 1.45614059 77.33687374
60600 -0.72222771 1.44190030 71.88644938
60700 -0.72706464 1.44878461 68.80144003
60800 -0.74814358 1.44348931 64.61469327
60900 -0.71088123 1.46183254 70.15670050
61000 -0.72007223 1.44074923 72.78525903
61100 -0.70113177 1.45865132 73.78570199
61200 -0.68734688 1.46888935 75.58205344
61300 -0.70403289 1.47903858 68.21023749
61400 -0.72629035 1.42996554 73.91779264
61500 -0.68976793 1.45172724 78.94164865
61600 -0.67264395 1.48535927 76.61631515
61700 -0.69998830 1.46897762 71.68917898
61800 -0.70307416 1.44595031 76.35309961
61900 -0.70363813 1.43990144 77.74080850
62000 -0.70618075 1.48521043 66.23215401
62100 -0.68439702 1.45996420 78.61121202
62200 -0.74316560 1.47220357 58.92756006
62300 -0.70575454 1.46477195 70.95631276
62400 -0.70624467 1.44719955 75.10012993
62500 -0.73061164 1.46073820 64.90814868
62600 -0.69459232 1.46915393 73.28187971
62700 -0.64748187 1.46037008 90.84576611
62800 -0.71901941 1.47838237 64.03223302
62900 -0.69534835 1.45242416 77.05321256
63000 -0.67607655 1.43661943 87.14786276
63100 -0.70691010 1.41820056 82.65630501
63200 -0.71150576 1.45989525 70.43961061
63300 -0.71383388 1.46580944 68.36813156
63400 -0.69271632 1.44411121 79.95116718
63500 -0.66955191 1.48315775 78.10825149
63600 -0.71225699 1.42186098 80.07867629
63700 -0.66603469 1.48504877 78.86843046
63800 -0.70778578 1.46823717 69.55158089
63900 -0.68526374 1.45391642 79.80802133
64000 -0.71818316 1.47085159 65.96486061
64100 -0.70180065 1.46378457 72.36029275
64200 -0.72505117 1.45761549 67.17355730
64300 -0.76089564 1.42590742 66.14881944
64400 -0.67178432 1.48425981 77.13468270
64500 -0.67384142 1.49883427 73.42353580
64600 -0.72761941 1.46466255 64.78745108
64700 -0.69593943 1.47946924 70.54332451
64800 -0.70635809 1.42441646 81.08593000
64900 -0.69765498 1.50558876 64.60412118
65000 -0.68825149 1.46203573 76.90706531
65100 -0.71783549 1.46197507 68.13633924
65200 -0.72774955 1.43551824 72.03545374
65300 -0.71826963 1.47802772 64.32184843
65400 -0.66725602 1.50223040 74.91568477
65500 -0.72879186 1.44455384 69.40329625
65600 -0.66586386 1.46753688 82.84303107
65700 -0.67569618 1.51290802 70.08818910
65800 -0.69987407 1.43028508 81.41085560
65900 -0.70489223 1.44135139 76.99384896
66000 -0.71629594 1.46896727 66.93205895
66100 -0.68211762 1.46827861 77.37200432
66200 -0.74147619 1.42912652 70.10349930
66300 -0.73878898 1.43687683 68.73250120
66400 -0.74473473 1.46295752 60.67474844
66500 -0.67505044 1.44628463 84.98185384
66600 -0.65868555 1.46690663 85.41403563
66700 -0.73417798 1.45164839 66.16993516
66800 -0.70755553 1.43044719 79.09124261
66900 -0.69508841 1.45313940 76.95561689
67000 -0.68037213 1.44284137 84.14626892
67100 -0.72653878 1.44966516 68.72428508
67200 -0.68785501 1.42623926 86.18972009
67300 -0.69867617 1.48658733 68.17051013
67400 -0.68853799 1.44306997 81.51081256
67500 -0.73350298 1.40460845 79.13841336
67600 -0.68059588 1.46652516 78.26474634
67700 -0.70060307 1.42445157 82.78272894
67800 -0.70164105 1.44625442 76.70244050
67900 -0.72550680 1.45032400 68.84231055
68000 -0.73113622 1.48154154 60.00591474
68100 -0.71982305 1.46625933 66.56691123
68200 -0.71337509 1.44513749 73.55437044
68300 -0.68848694 1.44802886 80.26492103
68400 -0.67491479 1.42284009 91.24900551
68500 -0.74654085 1.46596727 59.50642903
68600 -0.67188711 1.48795966 76.30958608
68700 -0.72129062 1.46281178 66.96858460
68800 -0.68754140 1.42691993 86.10155189
68900 -0.70308395 1.46861086 70.85003779
69000 -0.74465251 1.42014195 71.76143424
69100 -0.74646439 1.43251794 67.91347825
69200 -0.69140850 1.44784385 79.40571889
69300 -0.68910948 1.48771713 70.85846507
69400 -0.71645247 1.42127656 79.04298012
69500 -0.70068385 1.44954938 76.15783410
69600 -0.68777300 1.47207482 74.71779266
69700 -0.71957597 1.43661482 74.00469619
69800 -0.70394303 1.46380494 71.71891685
69900 -0.73255956 1.43038347 72.10873055
70000 -0.68255173 1.44926032 81.82189485
70100 -0.75677631 1.46265297 57.74568677
70200 -0.73658916 1.44061056 68.33407526
70300 -0.73020480 1.46154567 64.82495875
70400 -0.69924672 1.43058740 81.51784430
70500 -0.71303177 1.43707897 75.73911696
70600 -0.70828289 1.41451537 83.30017284
70700 -0.73804055 1.43713393 68.86066364
70800 -0.68274125 1.46836494 77.15395751
70900 -0.66559496 1.44511566 88.39638075
71000 -0.68740828 1.46585172 76.26949814
71100 -0.71586972 1.44748329 72.24735152
71200 -0.69257250 1.46490383 74.89093913
71300 -0.72684047 1.45047493 68.43944466
71400 -0.65877668 1.47435528 83.67444596
71500 -0.67434676 1.43531879 88.05308880
71600 -0.68022029 1.45810431 80.38629507
71700 -0.72526361 1.40333363 81.74550936
71800 -0.68551144 1.46096821 78.01962752
71900 -0.68408409 1.46010374 78.67653863
72000 -0.71300834 1.45530853 71.11906490
72100 -0.69461832 1.47440391 72.07578399
72200 -0.72259174 1.41887254 77.99399446
72300 -0.68270856 1.44996479 81.59573063
72400 -0.72599413 1.47981883 61.77948374
72500 -0.66173804 1.46819059 84.07837882
72600 -0.70645809 1.48311888 66.60213695
72700 -0.75639494 1.45174027 60.48816063
72800 -0.71304404 1.46304570 69.24553300
72900 -0.69073073 1.43118679 83.95401122
73000 -0.67354698 1.42536173 90.99887629
73100 -0.66459538 1.47127353 82.40602661
73200 -0.70696961 1.49824577 63.28579086
73300 -0.73344923 1.46450110 63.25452321
73400 -0.71190950 1.43341369 77.03219850
73500 -0.70709271 1.45780806 72.22580893
73600 -0.69166495 1.45288616 78.06787489
73700 -0.75231815 1.44167392 64.03933064
73800 -0.74512417 1.42273451 70.91892063
73900 -0.72176026 1.44953814 70.07424804
74000 -0.71330145 1.45257779 71.70690392
74100 -0.70315760 1.41814747 83.77812879
74200 -0.77846181 1.44081075 58.12911668
74300 -0.68743493 1.43010620 85.26979367
74400 -0.71581962 1.46019455 69.13257204
74500 -0.67898658 1.45833579 80.72560436
74600 -0.70701078 1.42860838 79.74804672
74700 -0.72127859 1.40326467 82.86873864
74800 -0.72849471 1.45480892 66.91689527
74900 -0.69513231 1.49385007 67.72105023
75000 -0.73433246 1.41408927 76.16209374
75100 -0.75156665 1.43250301 66.63688548
75200 -0.73840328 1.41597837 74.55056513
75300 -0.70093914 1.46233329 72.96143266
75400 -0.71063792 1.40200664 86.26522955
75500 -0.66547593 1.49287343 77.40388536
75600 -0.75688177 1.45235568 60.21709209
75700 -0.67681584 1.51661695 69.03867258
75800 -0.69258035 1.48816530 69.69039262
75900 -0.69898289 1.44813540 77.02353773
76000 -0.70304815 1.43908419 78.12872934
76100 -0.75358960 1.41384175 71.30231334
76200 -0.66952368 1.48289733 78.17408174
76300 -0.68567482 1.46292944 77.50138620
76400 -0.69149466 1.48678621 70.31783232
76500 -0.69020859 1.44320745 80.95656672
76600 -0.70658821 1.41587772 83.40797321
76700 -0.67902452 1.43564787 86.45365432
76800 -0.72323895 1.42138512 77.11146590
76900 -0.71519194 1.41415885 81.41039859
77000 -0.69436485 1.45759991 76.08532588
77100 -0.70315657 1.45633609 73.74406270
77200 -0.66003742 1.47323209 83.49911961
77300 -0.70306033 1.44473401 76.66694855
77400 -0.65998754 1.43813776 92.09015229
77500 -0.67572646 1.46422564 80.37143828
77600 -0.68985669 1.46902961 74.76809539
77700 -0.71122527 1.43720480 76.22608029
77800 -0.71511946 1.43798839 74.90350105
77900 -0.69224554 1.46839253 74.17741338
78000 -0.75383565 1.42252491 68.79465536
78100 -0.68583926 1.49676069 70.00159478
78200 -0.77214694 1.41997399 65.16579189
78300 -0.70890409 1.45065967 73.45371357
78400 -0.72380073 1.46894943 64.83520289
78500 -0.71319792 1.43873048 75.25859652
78600 -0.67008410 1.43527923 89.46079276
78700 -0.70620767 1.49628413 63.90704508
78800 -0.69327237 1.45372346 77.36698555
78900 -0.69335867 1.41285721 88.23994294
79000 -0.75975944 1.44431427 61.54535925
79100 -0.73954038 1.42562313 71.56093918
79200 -0.68803682 1.47189212 74.67711631
79300 -0.69824415 1.44276988 78.61196407
79400 -0.73015343 1.45013836 67.62400367
79500 -0.69950553 1.41949076 84.49118052
79600 -0.69963454 1.42063842 84.13115109
79700 -0.71499846 1.41648586 80.80307362
79800 -0.64881377 1.46937719 88.25932637
79900 -0.71198314 1.45298917 71.98403112
80000 -0.69005139 1.44618142 80.24600711
80100 -0.69283024 1.45476709 77.24622032
80200 -0.72528122 1.46810910 64.62189992
80300 -0.75346734 1.43960225 64.29267026
80400 -0.70805064 1.44825789 74.30425827
80500 -0.69991309 1.43583719 79.91707147
80600 -0.68669277 1.44769111 80.91059810
80700 -0.72682195 1.44248048 70.47127620
80800 -0.68624193 1.45494403 79.24827801
80900 -0.72768151 1.46239752 65.30614730
81000 -0.70304968 1.48002679 68.28385468
81100 -0.73640969 1.47028091 61.12535641
81200 -0.69080257 1.44832140 79.47258474
81300 -0.73508900 1.46496218 62.71030813
81400 -0.70074939 1.50868057 63.07702559
81500 -0.72150632 1.44451998 71.41438526
81600 -0.74150804 1.41683945 73.49899566
81700 -0.72186127 1.41303049 79.85632590
81800 -0.73349508 1.44488246 68.05491448
81900 -0.70614121 1.46572994 70.61772653
82000 -0.72607172 1.44865209 69.10623697
82100 -0.70286269 1.50040913 64.06354695
82200 -0.72415432 1.46165262 66.45015435
82300 -0.69346039 1.45817350 76.22329418
82400 -0.66243382 1.42904289 93.68434046
82500 -0.71403394 1.45624923 70.59551426
82600 -0.74587531 1.45168662 63.11944660
82700 -0.71781706 1.43763689 74.23080842
82800 -0.71567170 1.43146002 76.47815183
82900 -0.72358637 1.44054024 71.86193075
83000 -0.75411283 1.45907718 59.25215266
83100 -0.72426648 1.45930135 66.98240628
83200 -0.69143370 1.42267626 86.06080957
83300 -0.68048994 1.44961620 82.38936445
83400 -0.69461222 1.45087115 77.66344142
83500 -0.64976632 1.45911313 90.34505810
83600 -0.75718505 1.43095961 65.67091710
83700 -0.69235273 1.47372007 72.92472354
83800 -0.68490090 1.47364583 75.26182683
83900 -0.68823891 1.48866183 70.92940039
84000 -0.68762996 1.45474857 78.86165152
84100 -0.72116645 1.46782922 65.82570971
84200 -0.64695067 1.48968510 84.43809313
84300 -0.71892226 1.44595316 71.77224456
84400 -0.70492718 1.44617038 75.74872092
84500 -0.72393382 1.43333429 73.66156754
84600 -0.67550074 1.48400852 75.97604600
84700 -0.65049866 1.47766179 85.79273302
84800 -0.74680200 1.43008054 68.48287031
84900 -0.68623589 1.43884984 83.32366134
85000 -0.70934677 1.42491756 80.07482298
85100 -0.71096849 1.45932947 70.73075796
85200 -0.72973376 1.40150667 81.07105358
85300 -0.67182018 1.45775507 83.19230152
85400 -0.70969224 1.46960816 68.67949699
85500 -0.68872300 1.44904809 79.93511485
85600 -0.71761476 1.47605092 64.94730557
85700 -0.72446778 1.42090404 76.90628042
85800 -0.73219996 1.40987425 77.94490521
85900 -0.74068779 1.44882292 65.16637480
86000 -0.69077578 1.43011634 84.22840446
86100 -0.69359860 1.46889794 73.64499108
86200 -0.69647083 1.43367794 81.52869770
86300 -0.76367542 1.44403250 60.68433281
86400 -0.69571697 1.46978852 72.79274436
86500 -0.69709241 1.42686259 83.17852637
86600 -0.73798792 1.43597018 69.18103830
86700 -0.68458158 1.48486539 72.88583804
86800 -0.71486581 1.44370842 73.49343853
86900 -0.71835817 1.46021864 68.40861043
87000 -0.65773556 1.45681369 88.14226404
87100 -0.71747600 1.44169860 73.26971158
87200 -0.72569545 1.44829522 69.29913981
87300 -0.76170671 1.45564344 58.24691192
87400 -0.68126012 1.46122941 79.30325372
87500 -0.67961297 1.45860717 80.45917361
87600 -0.72164579 1.47322930 64.45300863
87700 -0.69425615 1.46409959 74.56415327
87800 -0.75795487 1.45359761 59.64999053
87900 -0.73361357 1.43957748 69.39080758
88000 -0.71255747 1.44110875 74.82394500
88100 -0.67657689 1.48118140 76.24204207
88200 -0.67207513 1.47575118 78.91112882
88300 -0.64004615 1.50486763 83.82170988
88400 -0.68449837 1.46776912 76.73622969
88500 -0.67272390 1.46945414 80.13051836
88600 -0.66993012 1.45037847 85.62851759
88700 -0.69481330 1.49838182 66.89440784
88800 -0.70573648 1.40492141 86.83119764
88900 -0.73849996 1.42019827 73.33563851
89000 -0.67323802 1.50987549 71.46035945
89100 -0.66347930 1.43236304 92.43786178
89200 -0.70708179 1.43305642 78.52997633
89300 -0.73778469 1.45665203 63.98755151
89400 -0.73832228 1.45178207 65.04368659
89500 -0.69691533 1.42007843 85.10819897
89600 -0.64658296 1.45766120 91.81584672
89700 -0.70330778 1.43487815 79.15793620
89800 -0.70153274 1.44471347 77.12695768
89900 -0.69773618 1.45802888 74.95671925
90000 -0.71006242 1.42958574 78.59383612
90100 -0.73902401 1.44606802 66.29495994
90200 -0.71818591 1.48256017 63.34963016
90300 -0.71015919 1.48337859 65.46626669
90400 -0.74379065 1.43288029 68.49808504
90500 -0.70935195 1.46395046 70.09783508
90600 -0.71759116 1.43783346 74.24302389
90700 -0.69816125 1.47748938 70.30880351
90800 -0.71581720 1.46065035 69.02405818
90900 -0.68704424 1.45414187 79.19376313
91000 -0.72532222 1.46287945 65.83701916
91100 -0.71509624 1.44454106 73.21471179
91200 -0.74070967 1.44875695 65.17727215
91300 -0.77022134 1.40292219 70.52672935
91400 -0.73693104 1.44243535 67.77241245
91500 -0.74892802 1.43376053 66.96029658
91600 -0.68385030 1.46827361 76.82387504
91700 -0.71617962 1.44558127 72.64144932
91800 -0.72559226 1.44250737 70.80103098
91900 -0.67837191 1.48661755 74.48834802
92000 -0.72414951 1.41744516 77.96536707
92100 -0.70842808 1.45521305 72.46741924
92200 -0.68728832 1.48818745 71.32657414
92300 -0.73524641 1.46215828 63.33157330
92400 -0.69487528 1.46613939 73.89594049
92500 -0.74440050 1.40584446 75.92929488
92600 -0.73778183 1.41826274 74.06712576
92700 -0.75414808 1.39196157 77.66542168
92800 -0.72511389 1.44022637 71.52235606
92900 -0.68054117 1.44968798 82.35502594
93000 -0.72654826 1.40136989 81.97789590
93100 -0.69360788 1.45664131 76.54979283
93200 -0.65900409 1.48564007 81.11419643
93300 -0.72828257 1.47175351 62.96341177
93400 -0.70777815 1.44949068 74.07426558
93500 -0.70339633 1.48842068 66.36977261
93600 -0.74256152 1.39299710 80.26267706
93700 -0.73056462 1.44023435 70.03680962
93800 -0.71788282 1.45264283 70.38783673
93900 -0.69652854 1.44813136 77.76636948
94000 -0.74565384 1.48835953 54.74182964
94100 -0.74941360 1.42698885 68.66431474
94200 -0.63844386 1.50421014 84.52825468
94300 -0.71482936 1.45738105 70.09312207
94400 -0.72294256 1.48878243 60.68684317
94500 -0.70876449 1.47565604 67.57416783
94600 -0.69466926 1.45928340 75.58566930
94700 -0.75526443 1.45488175 59.98922900
94800 -0.66665207 1.43703155 90.13662475
94900 -0.75036276 1.38372455 81.17445584
95000 -0.74590406 1.42802098 69.26866802
95100 -0.73537398 1.47945291 59.33397591
95200 -0.70447381 1.47843624 68.21311422
95300 -0.71383651 1.49985808 60.97316396
95400 -0.73257587 1.44469029 68.34935705
95500 -0.73571220 1.45728319 64.37974547
95600 -0.72535086 1.44597838 69.97956646
95700 -0.73011699 1.43570501 71.34433905
95800 -0.73157237 1.47415845 61.52889934
95900 -0.73046336 1.41121677 78.02287740
96000 -0.74152214 1.44450632 66.04391358
96100 -0.73077077 1.44313301 69.23251482
96200 -0.73493203 1.43535035 70.15023468
96300 -0.71980420 1.45403363 69.50456953
96400 -0.69645888 1.45691940 75.61269385
96500 -0.71293049 1.43256557 76.96503885
96600 -0.69877960 1.47041849 71.72069829
96700 -0.71395398 1.43705374 75.48153039
96800 -0.69092477 1.47916541 72.14770743
96900 -0.69963437 1.44408909 77.85495443
97000 -0.72935119 1.41979615 75.88248608
97100 -0.73917982 1.41759953 73.88859414
97200 -0.72373301 1.46226621 66.42040173
97300 -0.71696121 1.44185818 73.37407773
97400 -0.71004163 1.45696420 71.57112660
97500 -0.66783205 1.45670090 84.76499857
97600 -0.72426540 1.43975175 71.87936181
97700 -0.71371155 1.46171054 69.37146981
97800 -0.64876649 1.43392319 97.08092189
97900 -0.73784036 1.44850428 65.98888623
98000 -0.72955635 1.43470840 71.75970136
98100 -0.72211230 1.43953547 72.53167401
98200 -0.69777939 1.44998713 76.92186627
98300 -0.62127548 1.50153776 91.40976219
98400 -0.67167066 1.45822353 83.12800821
98500 -0.68834472 1.43628895 83.33626716
98600 -0.69692752 1.47205253 71.90648895
98700 -0.70530888 1.41248784 84.75305045
98800 -0.68835802 1.45922448 77.54678566
98900 -0.72043811 1.41563862 79.50812236
99000 -0.70500648 1.44158970 76.89853238
99100 -0.71507504 1.45897072 69.63867306
99200 -0.70876348 1.46184743 70.76767784
99300 -0.68705390 1.44612039 81.19505706
99400 -0.74446841 1.42804063 69.62914640
99500 -0.69557738 1.48279722 69.92509090
99600 -0.75524821 1.42846111 66.81840502
99700 -0.72651559 1.46308525 65.46116020
99800 -0.70283274 1.44298087 77.18360791
99900 -0.71639566 1.44371310 73.05719810
100000 -0.69862604 1.44252064 78.56094084
100100 -0.70678757 1.41596234 83.32546104
100200 -0.72697758 1.42622823 74.74611183
100300 -0.68305371 1.45836795 79.42049922
100400 -0.71489794 1.43029516 77.01194318
100500 -0.70559490 1.42758590 80.44190282
100600 -0.72199120 1.41720491 78.63097633
100700 -0.75055628 1.39082036 78.90710747
100800 -0.66973290 1.45946180 83.46748923
100900 -0.66385197 1.49346148 77.82682986
101000 -0.72667041 1.46844353 64.16373145
101100 -0.66515327 1.47031134 82.43960577
101200 -0.71001403 1.48206832 65.79303995
101300 -0.73962964 1.44021997 67.63919287
101400 -0.74198592 1.42110764 72.17610555
101500 -0.68214203 1.50746730 69.05126494
101600 -0.74867852 1.44474513 64.15876714
101700 -0.69286905 1.47652363 72.13555311
101800 -0.70277105 1.44425832 76.87442889
101900 -0.71689635 1.45359784 70.43085172
102000 -0.73028261 1.44816352 68.08454032
102100 -0.71016793 1.44688028 74.03611159
102200 -0.69426722 1.44422926 79.44560262
102300 -0.71888163 1.42194145 78.17204786
102400 -0.69598119 1.47375179 71.80784588
102500 -0.73291821 1.44492716 68.19741814
102600 -0.68219690 1.48483053 73.64835467
102700 -0.68245776 1.45855561 79.56423355
102800 -0.69577927 1.42266488 84.73251119
102900 -0.66560165 1.48526903 78.96582265
103000 -0.72139300 1.42739255 75.96834366
103100 -0.70362677 1.46227322 72.17555636
103200 -0.70324274 1.44842818 75.67662680
103300 -0.69797176 1.43014155 82.02232193
103400 -0.73613081 1.43979680 68.66632774
103500 -0.71966867 1.42159159 78.04845026
103600 -0.69932739 1.45320550 75.65577099
103700 -0.71060780 1.49620361 62.64040673
103800 -0.72053352 1.43250192 74.82836999
103900 -0.70281640 1.46911159 70.81377484
104000 -0.69864045 1.45012142 76.62843911
104100 -0.69382454 1.45616968 76.59831961
104200 -0.66101012 1.45728584 86.91215067
104300 -0.67786464 1.44299487 84.91141538
104400 -0.70766476 1.44908361 74.20946390
104500 -0.74031555 1.41004362 75.75535602
104600 -0.67994980 1.44813202 82.93480672
104700 -0.65523749 1.43854035 93.61116927
104800 -0.72939093 1.45118653 67.56870589
104900 -0.72183993 1.42814636 75.63871148
105000 -0.69000129 1.46840342 74.86808912
105100 -0.66655196 1.48101239 79.57158352
105200 -0.70636230 1.44513432 75.58980739
105300 -0.70370092 1.47636638 68.90257064
105400 -0.69128591 1.45089177 78.67965046
105500 -0.66846135 1.46858069 81.73638682
105600 -0.69510926 1.46029141 75.20928498
105700 -0.73832765 1.43709796 68.79495143
105800 -0.64816770 1.51437536 79.12123929
105900 -0.67679350 1.45879813 81.32039032
106000 -0.77404446 1.41115491 67.24369513
106100 -0.71053679 1.46501086 69.50442358
106200 -0.72930656 1.44598135 68.90020727
106300 -0.72816337 1.47507492 62.24322258
106400 -0.70006397 1.46787459 71.92191518
106500 -0.73722692 1.42943651 71.12714749
106600 -0.67565459 1.53233029 66.65653671
106700 -0.69320400 1.45834129 76.26136068
106800 -0.73701826 1.43742593 69.05226841
106900 -0.69267146 1.45573850 77.05725460
107000 -0.73907342 1.44390719 66.83310479
107100 -0.69242535 1.45049666 78.42704139
107200 -0.73047487 1.43735814 70.81227114
107300 -0.74387610 1.46594870 60.18973275
107400 -0.70844521 1.43706860 77.06855931
107500 -0.73698057 1.45656870 64.21901049
107600 -0.74744460 1.43157652 67.91769652
107700 -0.69271664 1.48215853 70.93898532
107800 -0.67158437 1.45464985 84.02676143
107900 -0.69941131 1.47558804 70.35714396
108000 -0.77445998 1.41407699 66.31013341
108100 -0.72569892 1.46211589 65.91496669
108200 -0.75300835 1.42719171 67.71461826
108300 -0.67882923 1.44345711 84.48245866
108400 -0.69363895 1.49830720 67.26853928
108500 -0.76684298 1.41194278 68.66957970
108600 -0.71984415 1.47311230 64.98266373
108700 -0.67984274 1.46327423 79.26988095
108800 -0.68284174 1.43831602 84.53393526
108900 -0.72830831 1.43705949 71.47704314
109000 -0.72425854 1.46465993 65.70915164
109100 -0.70579834 1.48459135 66.47775172
109200 -0.70529816 1.46075221 72.04433996
109300 -0.70728516 1.46442096 70.58973275
109400 -0.69670775 1.43638261 80.74015960
109500 -0.67681860 1.47086610 78.47427951
109600 -0.70574996 1.43518554 78.35488997
109700 -0.70340274 1.45101559 74.98158430
109800 -0.71581499 1.45350127 70.76137359
109900 -0.73424030 1.42750979 72.43956736
110000 -0.68508373 1.43427516 84.89097383
110100 -0.70904162 1.45051909 73.44875213
110200 -0.71863216 1.44232077 72.78322162
110300 -0.73904444 1.43606823 68.87889012
110400 -0.73218233 1.44486874 68.40913195
110500 -0.68670153 1.48744550 71.66767205
110600 -0.68818665 1.46721195 75.70892166
110700 -0.69915438 1.43884596 79.35475869
110800 -0.66670653 1.43985638 89.37962001
110900 -0.75475965 1.43241601 65.87201105
111000 -0.71702865 1.46528731 67.58141509
111100 -0.70751452 1.42261133 81.24611410
111200 -0.72108638 1.42609432 76.40856190
111300 -0.75313347 1.40745219 73.26365105
111400 -0.70579892 1.44491378 75.81162786
111500 -0.73392783 1.44753664 67.26607169
111600 -0.70030755 1.45963950 73.79436660
111700 -0.66901370 1.42689297 92.06968842
111800 -0.68914544 1.45823931 77.53939369
111900 -0.74389292 1.42620898 70.27618214
112000 -0.75442540 1.45252453 60.77549724
112100 -0.71218619 1.46755102 68.43466094
112200 -0.74758972 1.43656254 66.55512182
112300 -0.72740214 1.46256224 65.34314086
112400 -0.70672071 1.45051882 74.12680228
112500 -0.73376978 1.45215806 66.15207954
112600 -0.64680833 1.47101437 88.58938603
112700 -0.66974515 1.47197741 80.53128462
112800 -0.70713278 1.45969286 71.75936629
112900 -0.72050686 1.46945950 65.63266752
113000 -0.66696442 1.45917478 84.45474020
113100 -0.73633224 1.43879340 68.87478749
113200 -0.73626780 1.45206644 65.51286105
113300 -0.71273318 1.42946532 77.85561941
113400 -0.69504514 1.42873405 83.29133900
113500 -0.67820496 1.51232378 69.38720411
113600 -0.73037368 1.45942802 65.28661633
113700 -0.69624654 1.47643135 71.12455390
113800 -0.71724531 1.42877773 76.75586532
113900 -0.70892656 1.41872702 81.91911953
114000 -0.74412253 1.44660452 64.84127407
114100 -0.67644787 1.48172664 76.16462166
114200 -0.67079959 1.49563343 75.06930133
114300 -0.67756091 1.47067733 78.27792694
114400 -0.68727575 1.46247224 77.10794750
114500 -0.73178161 1.43175706 71.94769070
114600 -0.70001849 1.45242671 75.64072037
114700 -0.72339227 1.45958450 67.15572658
114800 -0.73833033 1.43495878 69.35893097
114900 -0.74818521 1.45553951 61.58581084
115000 -0.69016277 1.45637670 77.67570976
115100 -0.71072538 1.41868375 81.40931966
115200 -0.72469943 1.44963989 69.23529253
115300 -0.71527795 1.47809659 65.15388355
115400 -0.68582720 1.44201254 82.63103920
115500 -0.70694874 1.44533624 75.36633558
115600 -0.72641949 1.44325527 70.38207568
115700 -0.71942536 1.45403776 69.60977499
115800 -0.71196731 1.44123225 74.96178828
115900 -0.74928704 1.45653090 61.06709512
116000 -0.69476722 1.49200625 68.21422720
116100 -0.71554815 1.47166419 66.52504981
116200 -0.73313008 1.44769357 67.43904428
116300 -0.68432286 1.47817621 74.42892441
116400 -0.72432379 1.41986316 77.23701312
116500 -0.70384390 1.47523196 69.11455517
116600 -0.70629702 1.45831999 72.33533394
116700 -0.73352739 1.42836500 72.39661146
116800 -0.65687833 1.49455248 79.97058092
116900 -0.70951051 1.44367735 75.04272414
117000 -0.71292100 1.43436662 76.48772405
117100 -0.71920232 1.45755477 68.81351395
117200 -0.71953985 1.40976355 81.44754394
117300 -0.65126774 1.51303457 78.28513138
117400 -0.69810330 1.46072281 74.19759667
117500 -0.72275177 1.40871510 80.85673814
117600 -0.69960983 1.46782307 72.07019029
117700 -0.72576533 1.44383378 70.41289511
117800 -0.74612375 1.42915468 68.90516800
117900 -0.72014465 1.40386142 83.00853813
118000 -0.68079744 1.41512029 91.52336144
118100 -0.66809508 1.49525143 76.04142454
118200 -0.72775476 1.45866313 66.18047619
118300 -0.70998522 1.46017304 70.81277188
118400 -0.70852236 1.49144897 64.22637459
118500 -0.71525940 1.41078845 82.36026616
118600 -0.73068107 1.45209032 66.99594896
118700 -0.72002872 1.43976840 73.05220254
118800 -0.69503453 1.43636075 81.25479570
118900 -0.70370296 1.46496086 71.51766616
119000 -0.67616033 1.50092669 72.25115799
119100 -0.70311501 1.43666402 78.74326853
119200 -0.71249128 1.42074838 80.32136546
119300 -0.72799510 1.42447724 74.94972807
119400 -0.62479588 1.50454348 89.49069235
119500 -0.69855533 1.43834519 79.66606281
119600 -0.68805138 1.45415711 78.87533257
119700 -0.66583692 1.49163384 77.54071274
119800 -0.76152130 1.47179815 54.47408857
119900 -0.71046085 1.47046616 68.25935137
120000 -0.71967316 1.45158272 70.14713974
120100 -0.68327290 1.47006101 76.59399785
120200 -0.69127999 1.48692576 70.35433888
120300 -0.73708692 1.41698665 74.60992306
120400 -0.71006980 1.46704479 69.16382643
120500 -0.68656446 1.45974062 77.98320623
120600 -0.67546145 1.41721263 92.64698541
120700 -0.66760770 1.47165262 81.31358166
120800 -0.71369254 1.41963444 80.28840421
120900 -0.68530523 1.44557282 81.88299213
121000 -0.71263239 1.45717370 70.77237712
121100 -0.69346204 1.47083329 73.24145060
121200 -0.71387637 1.43501173 76.04275748
121300 -0.69365786 1.46168310 75.32022722
121400 -0.74698391 1.46618022 59.34441528
121500 -0.76877945 1.46466416 54.42294934
121600 -0.71540656 1.44604704 72.74276614
121700 -0.76719527 1.47150687 53.20357646
121800 -0.70868807 1.44328716 75.38206142
121900 -0.71020362 1.44941317 73.38785115
122000 -0.69603196 1.44445299 78.85042254
122100 -0.69542581 1.44614119 78.60486540
122200 -0.73012352 1.42471602 74.30729175
122300 -0.74866194 1.40436572 75.28522392
122400 -0.69380399 1.48192802 70.65569462
122500 -0.68428411 1.46641795 77.11854979
122600 -0.73571626 1.44214132 68.16849654
122700 -0.69730267 1.49036224 67.78683350
122800 -0.69359684 1.46632601 74.24321541
122900 -0.68949297 1.45684141 77.77035615
123000 -0.70934382 1.47868563 66.73053165
123100 -0.75245603 1.44004867 64.42635602
123200 -0.65232436 1.49031924 82.42218661
123300 -0.72235831 1.44672758 70.61591390
123400 -0.69358829 1.47806851 71.57086294
123500 -0.70350095 1.43728060 78.46658524
123600 -0.69840612 1.56317419 54.84008574
123700 -0.68136675 1.50635888 69.51201807
123800 -0.69208905 1.48470772 70.57995732
123900 -0.68968881 1.45109008 79.12459279
124000 -0.65864800 1.49463764 79.34744187
124100 -0.70585582 1.46539371 70.78045483
124200 -0.73612154 1.44688940 66.84840902
124300 -0.73720438 1.43601254 69.37545930
124400 -0.70874667 1.50412720 61.59732867
124500 -0.71873857 1.44462458 72.16229929
124600 -0.69800502 1.45103481 76.59231673
124700 -0.69685605 1.45080608 76.99693093
124800 -0.68637207 1.46570152 76.62912728
124900 -0.74314119 1.43240162 68.79266914
125000 -0.71710059 1.44451630 72.65200002
125100 -0.68499926 1.45999698 78.41345774
125200 -0.69272341 1.47853966 71.73179343
125300 -0.72648254 1.45091085 68.42860343
125400 -0.72710366 1.42436043 75.22479203
125500 -0.68860987 1.43700203 83.06587368
125600 -0.62912481 1.47706078 93.62514902
125700 -0.69951129 1.41880499 84.68204966
125800 -0.69857567 1.41118387 87.13569315
125900 -0.73435708 1.45405161 65.52838654
126000 -0.71226671 1.45411852 71.62407455
126100 -0.69606874 1.45503101 76.19201052
126200 -0.72262707 1.42694167 75.74829864
126300 -0.75472326 1.46163977 58.48813979
126400 -0.74500738 1.41959091 71.82524552
126500 -0.72338093 1.44903536 69.75068034
126600 -0.71225642 1.43363727 76.87273371
126700 -0.70805734 1.43918839 76.62660743
126800 -0.71950831 1.45353306 69.71077034
126900 -0.73125553 1.42008219 75.28878317
127000 -0.71953244 1.40412967 83.10065416
127100 -0.69054243 1.45104282 78.87183384
127200 -0.70305247 1.45574749 73.91856438
127300 -0.68199114 1.44622862 82.76477552
127400 -0.67879357 1.42080781 90.56092476
127500 -0.71882169 1.45232366 70.20240637
127600 -0.66419407 1.46661233 83.61771530
127700 -0.73237577 1.43601780 70.65466588
127800 -0.72959729 1.44954285 67.92320599
127900 -0.68065630 1.49876370 71.23822369
128000 -0.69795291 1.44967354 76.94789090
128100 -0.70158690 1.45688663 74.07724453
128200 -0.73103571 1.43986116 70.00700078
128300 -0.71996225 1.43629213 73.98149313
128400 -0.74532047 1.43393348 67.82652944
128500 -0.65814285 1.46816963 85.30581512
128600 -0.65565314 1.45348984 89.67100936
128700 -0.71037295 1.48215414 65.67032181
128800 -0.73474049 1.47358119 60.81404094
128900 -0.72805199 1.43603598 71.81636140
129000 -0.67789926 1.47719704 76.69502348
129100 -0.73647141 1.45025211 65.91066468
129200 -0.72258644 1.44453371 71.11065642
129300 -0.70446602 1.43681080 78.30444513
129400 -0.67390695 1.45194600 83.93373045
129500 -0.72367631 1.45567793 68.02402630
129600 -0.69973833 1.47065400 71.37832951
129700 -0.76807808 1.43679434 61.53249847
129800 -0.73168200 1.43044282 72.32781135
129900 -0.71374512 1.45281761 71.52049355
130000 -0.68193158 1.47137202 76.71913575
130100 -0.70507055 1.45262070 74.08994863
130200 -0.64955171 1.48840430 83.79337071
130300 -0.70061100 1.47908822 69.21789327
130400 -0.67875985 1.44817243 83.30617927
130500 -0.75256062 1.41996512 69.82288865
130600 -0.71121742 1.43311282 77.31207164
130700 -0.69419528 1.42620521 84.24005620
130800 -0.72059497 1.43064269 75.31026535
130900 -0.69410205 1.46691771 73.95045482
131000 -0.69187077 1.47728864 72.27198714
131100 -0.70104004 1.47158990 70.77411573
131200 -0.73242564 1.45225866 66.48590490
131300 -0.73138054 1.43435568 71.36166091
131400 -0.73059420 1.40106747 80.97007291
131500 -0.71552363 1.49458424 61.56122063
131600 -0.70620739 1.46897886 69.84243146
131700 -0.68628014 1.46424301 77.00075540
131800 -0.73698185 1.43002070 71.03368271
131900 -0.71143269 1.43716476 76.17672566
132000 -0.63712500 1.51197412 83.51599769
132100 -0.73343703 1.42927920 72.17278364
132200 -0.71806369 1.45279707 70.29868737
132300 -0.67184204 1.47187411 79.86453431
132400 -0.73867537 1.44808854 65.87497167
132500 -0.69891123 1.47594854 70.42675120
132600 -0.71479335 1.49608730 61.46161156
132700 -0.73255890 1.44768299 67.59430946
132800 -0.71679228 1.40610515 83.29039756
132900 -0.69703224 1.46733653 72.96087627
133000 -0.72347428 1.42118065 77.10335307
133100 -0.70426796 1.45303110 74.22553955
133200 -0.71556121 1.42248607 78.95970292
133300 -0.66952094 1.44928803 86.03645132
133400 -0.73678352 1.40955031 76.82196890
133500 -0.70672904 1.43953040 76.92613561
133600 -0.67199251 1.47371524 79.39685212
133700 -0.68206542 1.44698223 82.55019421
133800 -0.69681775 1.45264186 76.55276391
133900 -0.66543017 1.46468882 83.65416174
134000 -0.67709500 1.47931233 76.48534566
134100 -0.70689438 1.44188417 76.26734225
134200 -0.68840703 1.46085514 77.14022001
134300 -0.69127956 1.45899449 76.69598254
134400 -0.70286552 1.43023532 80.53094136
134500 -0.74067154 1.45316237 64.09003433
134600 -0.76352102 1.40308811 72.03949040
134700 -0.74319707 1.43204754 68.87313459
134800 -0.68157278 1.43736992 85.18522431
134900 -0.67816633 1.46435052 79.55379277
135000 -0.65849047 1.44292224 91.35886818
135100 -0.69425004 1.44951543 78.11277847
135200 -0.68759881 1.43070147 85.05810039
135300 -0.69138016 1.46601473 74.99765681
135400 -0.71794366 1.48559006 62.76369890
135500 -0.69044136 1.46465682 75.60648060
135600 -0.69798294 1.42816570 82.55409798
135700 -0.70382453 1.49340511 65.20067863
135800 -0.67921806 1.48502944 74.55669598
135900 -0.74786248 1.42835777 68.68141637
136000 -0.70106154 1.44580592 76.98941711
136100 -0.70444237 1.46833425 70.51166688
136200 -0.74566055 1.43999987 66.14431109
136300 -0.66792977 1.47002153 81.58036591
136400 -0.67983387 1.45680305 80.82555256
136500 -0.73941596 1.41085238 75.75519515
136600 -0.66904915 1.47263950 80.61063111
136700 -0.72050432 1.42917149 75.73295764
136800 -0.70235136 1.46079672 72.90646215
136900 -0.74802721 1.50923413 49.94095210
137000 -0.70289662 1.44655942 76.25127180
137100 -0.73328202 1.42258204 74.04960264
137200 -0.71129696 1.38524498 91.21008449
137300 -0.71457263 1.42252719 79.22997275
137400 -0.72304077 1.45169279 69.18144253
137500 -0.69401439 1.44723299 78.75917943
137600 -0.66523580 1.44936828 87.44166474
137700 -0.75670164 1.40855105 72.06829363
137800 -0.70756287 1.46966176 69.28758850
137900 -0.71391536 1.48718500 63.56732213
138000 -0.70879265 1.45212440 73.12201660
138100 -0.73199315 1.45604928 65.66981215
138200 -0.74472078 1.40981570 74.68720430
138300 -0.67780268 1.47379068 77.49088499
138400 -0.74978141 1.41886840 70.82215947
138500 -0.71287559 1.47617429 66.26918876
138600 -0.66532022 1.47654276 80.97184603
138700 -0.72155478 1.42780727 75.81031026
138800 -0.72698224 1.42291239 75.65812217
138900 -0.69524562 1.46107692 74.97973441
139000 -0.68144180 1.47998398 74.94318567
139100 -0.71800964 1.48458422 62.96126025
139200 -0.72103148 1.43590004 73.78611323
139300 -0.68837270 1.46271463 76.70795960
139400 -0.66879141 1.47923296 79.21860989
139500 -0.72414111 1.42663530 75.41319220
139600 -0.72336238 1.45983262 67.10436986
139700 -0.64278855 1.50342068 83.12172288
139800 -0.64656983 1.46254542 90.64878381
139900 -0.73042639 1.45843472 65.51185732
140000 -0.66551998 1.43800073 90.26024955
140100 -0.71283749 1.46799645 68.14397828
140200 -0.69615732 1.46744226 73.20174045
140300 -0.70017911 1.45702213 74.46540614
140400 -0.65799610 1.46520273 86.04821170
140500 -0.71783385 1.50578193 58.66919671
140600 -0.75946917 1.37677941 81.16331517
140700 -0.66250876 1.40879545 99.35021240
140800 -0.72991651 1.45004512 67.71126503
140900 -0.66135342 1.47429274 82.81263619
141000 -0.68488513 1.42594110 87.20283012
141100 -0.67996870 1.47618681 76.25618716
141200 -0.69462161 1.45862842 75.75810033
141300 -0.71992451 1.46300159 67.30526318
141400 -0.69573669 1.40492288 89.82333492
141500 -0.69889903 1.44358461 78.20532296
141600 -0.69369536 1.46800223 73.82274827
141700 -0.75206014 1.43706209 65.30526052
141800 -0.68501601 1.44483035 82.16323054
141900 -0.70059436 1.49094123 66.67465515
142000 -0.72278467 1.39328087 85.46248275
142100 -0.72127176 1.45237331 69.50420531
142200 -0.74603145 1.42177329 70.95506360
142300 -0.76447687 1.43239016 63.54308632
142400 -0.66769555 1.47062188 81.52028501
142500 -0.66799702 1.46149246 83.55591249
142600 -0.73780916 1.46221168 62.64366171
142700 -0.71136769 1.45286468 72.19223759
142800 -0.74145540 1.42554174 71.08632331
142900 -0.74318451 1.45869956 62.09005076
143000 -0.76372333 1.42342108 66.16128145
143100 -0.68943313 1.45651999 77.86714844
143200 -0.68907820 1.44147367 81.75411466
143300 -0.73255869 1.46123818 64.26602962
143400 -0.71933474 1.47418561 64.88256289
143500 -0.76436050 1.39213882 75.15223833
143600 -0.71999078 1.40948323 81.40258084
143700 -0.69235434 1.46255421 75.51317927
143800 -0.74936414 1.45182510 62.20455743
143900 -0.67750990 1.49312283 73.39901454
144000 -0.74613931 1.44502485 64.72878940
144100 -0.75199076 1.45631311 60.44594076
144200 -0.73550484 1.47289846 60.76639854
144300 -0.66841334 1.46324431 83.00148389
144400 -0.75936567 1.40736209 71.77091187
144500 -0.70257095 1.47420381 69.72397859
144600 -0.67570233 1.45958995 81.48298610
144700 -0.67710025 1.47228942 78.05817776
144800 -0.68140435 1.45143078 81.64492238
144900 -0.74737686 1.48058807 55.98002218
145000 -0.65912688 1.47648725 83.07621524
145100 -0.69212163 1.47286434 73.18984940
145200 -0.68227779 1.49005522 72.51210655
145300 -0.70918910 1.46418336 70.09023414
145400 -0.67546842 1.49465136 73.74440527
145500 -0.72714489 1.48701051 59.90721848
145600 -0.72498507 1.44061828 71.45604408
145700 -0.70668109 1.42679046 80.33971925
145800 -0.71310957 1.43473545 76.33569938
145900 -0.70364128 1.47295024 69.69004200
146000 -0.69047354 1.49074121 69.79793441
146100 -0.69697481 1.46816670 72.78547138
146200 -0.67636646 1.43694218 86.96904296
146300 -0.72845571 1.42267747 75.32204259
146400 -0.71458363 1.44543962 73.13174560
146500 -0.69486710 1.45088987 77.58097165
146600 -0.72954501 1.47206859 62.54931497
146700 -0.69259013 1.43221226 83.10555110
146800 -0.69816664 1.44390625 78.34369203
146900 -0.67429431 1.46062779 81.69162720
147000 -0.73814247 1.43104750 70.45240553
147100 -0.68955076 1.47109292 74.38859107
147200 -0.67747577 1.47132831 78.15631047
147300 -0.73238108 1.43964060 69.70345192
147400 -0.64550132 1.45013081 94.05196247
147500 -0.71929182 1.46825739 66.25085955
147600 -0.69430754 1.48780161 69.23801978
147700 -0.72330910 1.43847029 72.47782235
147800 -0.71435825 1.45703546 70.31148898
147900 -0.66849171 1.48218504 78.67055208
148000 -0.69612694 1.42350832 84.39324226
148100 -0.72452567 1.45849027 67.10652774
148200 -0.68874872 1.45295434 78.95445916
148300 -0.69759511 1.46585235 73.13692096
148400 -0.75236972 1.43652267 65.37053077
148500 -0.69054501 1.49445936 69.00467269
148600 -0.72733664 1.48928335 59.37340904
148700 -0.73918556 1.45665366 63.62080654
148800 -0.72951498 1.42289059 74.97588565
148900 -0.72440124 1.47203311 63.96179178
149000 -0.71597191 1.45628529 70.03440994
149100 -0.69404446 1.45307572 77.29019683
149200 -0.70358702 1.47903652 68.34275467
149300 -0.69749920 1.46098919 74.31645246
149400 -0.75143627 1.43621082 65.68432988
149500 -0.69121460 1.45336642 78.08827237
149600 -0.72795869 1.46242317 65.22461261
149700 -0.68371976 1.42492878 87.84868211
149800 -0.72608924 1.44058820 71.16079085
149900 -0.71170770 1.40874636 83.97056387
150000 -0.66921061 1.46668129 81.92962104
150100 -0.72901011 1.42273103 75.15680101
150200 -0.66562740 1.46437922 83.66109434
150300 -0.70691265 1.48870984 65.27186404
150400 -0.75700238 1.45028667 60.70229605
150500 -0.68265279 1.42266145 88.81296130
150600 -0.70853970 1.43050618 78.78801315
150700 -0.69641399 1.44244402 79.24977436
150800 -0.74788939 1.43231075 67.60864832
150900 -0.71950745 1.49303949 60.75436203
151000 -0.66990614 1.43830445 88.72326053
151100 -0.75777599 1.41736091 69.27866487
151200 -0.71232207 1.46040852 70.08133424
151300 -0.72411984 1.44192225 71.35699339
151400 -0.72455335 1.40510501 81.41695625
151500 -0.69666581 1.45428668 76.19333378
151600 -0.68281225 1.45999276 79.10577193
151700 -0.73708443 1.43240341 70.36626830
151800 -0.69804385 1.42429103 83.59647670
151900 -0.72301941 1.48673903 61.09924338
152000 -0.73203954 1.40604607 79.10586150
152100 -0.68450971 1.45524572 79.71938928
152200 -0.73643887 1.42688276 72.02874774
152300 -0.68038922 1.46795317 77.99839134
152400 -0.70733946 1.43451273 78.06683953
152500 -0.71291525 1.46258330 69.39217012
152600 -0.75672798 1.44552515 61.96936247
152700 -0.70732476 1.43521213 77.88570630
152800 -0.75398667 1.43063352 66.54042768
152900 -0.67936466 1.42914991 88.08339473
153000 -0.74616352 1.42094556 71.15216811
153100 -0.69460269 1.42527489 84.37070326
153200 -0.69420135 1.51169554 64.48569218
153300 -0.69030112 1.41191439 89.45335612
153400 -0.68788113 1.45358334 79.06968075
153500 -0.68726361 1.47893094 73.33779015
153600 -0.66221071 1.50467146 76.12741989
153700 -0.72691270 1.43410569 72.63822800
153800 -0.67795843 1.47906302 76.26196133
153900 -0.72103687 1.40501731 82.41760761
154000 -0.70808643 1.44065483 76.23672399
154100 -0.69870872 1.48774107 67.91514480
154200 -0.70233661 1.47480704 69.65768240
154300 -0.70625324 1.46163445 71.55264545
154400 -0.73282477 1.42611492 73.19782095
154500 -0.70227317 1.44426835 77.01997152
154600 -0.68588213 1.47127199 75.49327122
154700 -0.70271868 1.47314198 69.92037024
154800 -0.71803664 1.44879212 71.30436678
154900 -0.72434571 1.47292801 63.77348766
155000 -0.68331347 1.46945872 76.71982026
155100 -0.69972623 1.48182959 68.88133304
155200 -0.70037112 1.44649397 77.02138612
155300 -0.66335169 1.42780775 93.71035400
155400 -0.73401734 1.41408391 76.24739285
155500 -0.67905563 1.47333601 77.19092794
155600 -0.67518380 1.48149378 76.62526583
155700 -0.72474190 1.43475452 73.06109336
155800 -0.69788413 1.44657495 77.74912651
155900 -0.71249574 1.39960363 86.44833861
156000 -0.70994764 1.43312254 77.67697707
156100 -0.68970920 1.40652752 91.20323765
156200 -0.72938885 1.49163995 58.32215320
156300 -0.69029892 1.47631232 72.97546725
156400 -0.69780529 1.44897009 77.16882819
156500 -0.72182952 1.45270592 69.26658757
156600 -0.77900427 1.45860178 53.55610682
156700 -0.72466982 1.42300444 76.26662458
156800 -0.65607631 1.42823184 96.07071937
156900 -0.71866020 1.42686883 76.87635829
157000 -0.69901839 1.44897347 76.80212666
157100 -0.71055881 1.45524045 71.84171893
157200 -0.72912840 1.44790475 68.46171962
157300 -0.72106518 1.44341769 71.81955653
157400 -0.67758201 1.45098176 82.98171945
157500 -0.69634969 1.44581622 78.40645249
157600 -0.73205403 1.41562908 76.33093263
157700 -0.73526050 1.42703311 72.29896173
157800 -0.71632502 1.43556066 75.19982973
157900 -0.74479254 1.44749341 64.44521435
158000 -0.71625121 1.46191529 68.59885314
158100 -0.70618472 1.44839371 74.81657023
158200 -0.69835872 1.43281507 81.18762489
158300 -0.69608950 1.46449433 73.91225536
158400 -0.73691044 1.43158958 70.63013458
158500 -0.68229531 1.42808440 87.43718218
158600 -0.67665549 1.45844793 81.44953874
158700 -0.71739732 1.42974672 76.45055607
158800 -0.68819977 1.46564547 76.07071691
158900 -0.69197800 1.48392888 70.78213890
159000 -0.71325557 1.45686481 70.66854522
159100 -0.72748275 1.49824386 57.48559534
159200 -0.74505891 1.38504902 82.09453874
159300 -0.69523518 1.43973670 80.30929068
159400 -0.68979172 1.42110309 87.00633358
159500 -0.67302210 1.45398768 83.71830442
159600 -0.67625057 1.45089432 83.43366802
159700 -0.75734546 1.43434786 64.72614274
159800 -0.68194781 1.44626783 82.76860401
159900 -0.74394201 1.44185639 66.10190726
160000 -0.72071871 1.42230047 77.55753526
160100 -0.71388108 1.45341867 71.33319372
160200 -0.72592431 1.44319026 70.53436329
160300 -0.73135497 1.47594194 61.18608237
160400 -0.65713805 1.44828946 90.45625781
160500 -0.72833287 1.44127283 70.37138873
160600 -0.68863850 1.44452028 81.10793742
160700 -0.70193486 1.43242435 80.21977895
160800 -0.69908387 1.47320785 70.99259903
160900 -0.71910207 1.45558627 69.32085951
161000 -0.76229279 1.44757704 60.11103326
161100 -0.66791472 1.47201258 81.12944747
161200 -0.71600896 1.45618867 70.04743953
161300 -0.69449852 1.42235136 85.20995995
161400 -0.73074349 1.43747171 70.71008344
161500 -0.71160071 1.45941805 70.52691326
161600 -0.69561018 1.42367284 84.50492988
161700 -0.70509532 1.44945634 74.87044940
161800 -0.68779551 1.46501731 76.34425359
161900 -0.68887759 1.46605855 75.76287813
162000 -0.71252284 1.42018991 80.46840430
162100 -0.74963375 1.45449503 61.47797336
162200 -0.72487722 1.42397594 75.94091326
162300 -0.69834849 1.42703102 82.75284958
162400 -0.70257387 1.45485720 74.27864946
162500 -0.69655213 1.45439749 76.20060029
162600 -0.69620715 1.43927728 80.13321746
162700 -0.68392680 1.49205140 71.57244373
162800 -0.70967224 1.45044475 73.28401422
162900 -0.70893460 1.44050817 76.02753961
163000 -0.68431412 1.47432494 75.29340256
163100 -0.70031275 1.44241677 78.08078420
163200 -0.73741452 1.43211259 70.35740075
163300 -0.72848347 1.44099490 70.40243363
163400 -0.72085636 1.46317992 67.00246020
163500 -0.70138155 1.44380985 77.40318596
163600 -0.72466626 1.44265470 71.01763701
163700 -0.75323141 1.46965135 56.97761879
163800 -0.71454134 1.44069261 74.36348479
163900 -0.71486975 1.43142028 76.71716328
164000 -0.73526291 1.42004072 74.23146256
164100 -0.72981270 1.45408726 66.73712586
164200 -0.71150131 1.47546869 66.82290208
164300 -0.71559841 1.46043041 69.13892605
164400 -0.68035173 1.44611086 83.31735443
164500 -0.73036781 1.47807193 60.97679177
164600 -0.73237062 1.48548729 58.82059496
164700 -0.67927756 1.47573028 76.57989457
164800 -0.69778394 1.46849133 72.46540466
164900 -0.70915553 1.45532633 72.22785511
165000 -0.73404104 1.42034237 74.47128007
165100 -0.69932292 1.46976503 71.70742316
165200 -0.71718095 1.49009420 62.02352858
165300 -0.67723638 1.41046517 94.00338590
165400 -0.69051062 1.44075587 81.49559520
165500 -0.72168687 1.43056960 75.02546774
165600 -0.68204087 1.46826171 77.40032133
165700 -0.73579551 1.44495260 67.42659572
165800 -0.68506360 1.44713370 81.56314959
165900 -0.70635965 1.44738771 75.01881428
166000 -0.73345200 1.44532228 67.95428827
166100 -0.68797381 1.46013055 77.44884776
166200 -0.68168174 1.48029245 74.79896188
166300 -0.73135435 1.46690544 63.25178037
166400 -0.69030773 1.43660786 82.64236119
166500 -0.68456290 1.43458853 84.97190578
166600 -0.69513311 1.46617441 73.80911280
166700 -0.67301229 1.46814597 80.33862730
166800 -0.69930541 1.49141718 66.96201664
166900 -0.71398036 1.45194419 71.66945962
167000 -0.69611355 1.42596786 83.72029561
167100 -0.70593323 1.45904613 72.26701517
167200 -0.72244989 1.47409321 64.03397078
167300 -0.72188659 1.41972479 77.95063054
167400 -0.68400721 1.47423800 75.40996232
167500 -0.70223731 1.47588069 69.44604243
167600 -0.71182932 1.45609726 71.26544515
167700 -0.73089025 1.43331706 71.76992252
167800 -0.72885547 1.41038624 78.69774474
167900 -0.72390991 1.41866645 77.68715108
168000 -0.74787083 1.44854781 63.39865975
168100 -0.72966179 1.44519063 69.00528278
168200 -0.68761973 1.47319068 74.51194798
168300 -0.71230515 1.43251799 77.15747711
168400 -0.73178053 1.40543315 79.35565556
168500 -0.73571927 1.44206557 68.18723783
168600 -0.69248694 1.43226972 83.12189190
168700 -0.71512715 1.43199352 76.49000557
168800 -0.71807433 1.46132862 68.22305698
168900 -0.70623415 1.45696520 72.68214503
169000 -0.68804118 1.45224921 79.34937953
169100 -0.70239136 1.43351903 79.79150284
169200 -0.72872587 1.44058867 70.44194621
169300 -0.72402933 1.46754665 65.09718442
169400 -0.72769307 1.49126845 58.85996171
169500 -0.69581292 1.46657474 73.50856785
169600 -0.69897531 1.47041122 71.66343498
169700 -0.65581175 1.48282836 82.81453612
169800 -0.72871608 1.43100372 72.97698164
169900 -0.71904542 1.45368144 69.80415303
170000 -0.70187720 1.45238858 75.09430952
170100 -0.68965821 1.46216118 76.43966649
170200 -0.75046367 1.46413441 58.95047914
170300 -0.74752229 1.44623934 64.06973364
170400 -0.65833426 1.46614999 85.71065429
170500 -0.70148449 1.47504515 69.85809749
170600 -0.72287267 1.46583083 65.81738006
170700 -0.71234625 1.43249901 77.15073029
170800 -0.71984481 1.43978519 73.09933845
170900 -0.78037692 1.47054780 50.44130612
171000 -0.67521443 1.42719322 89.95460288
171100 -0.70332627 1.46741473 71.05560493
171200 -0.71281594 1.44685926 73.27745891
171300 -0.67523770 1.49180039 74.40881484
171400 -0.70683231 1.42424896 80.99296315
171500 -0.69321350 1.44414160 79.79073825
171600 -0.70973402 1.49652979 62.82723295
171700 -0.68983610 1.42351471 86.32288276
171800 -0.72539399 1.42162447 76.45069582
171900 -0.68493355 1.46776007 76.60112810
172000 -0.70462055 1.42933908 80.25317747
172100 -0.72305550 1.44774930 70.16433607
172200 -0.68904669 1.46450983 76.07378847
172300 -0.68520480 1.45037832 80.70349859
172400 -0.68892008 1.42028672 87.50511585
172500 -0.69524079 1.49894150 66.65134781
172600 -0.73662593 1.41536301 75.19205836
172700 -0.69550016 1.45626929 76.06240421
172800 -0.73412029 1.43643136 70.08022325
172900 -0.69236188 1.41394559 88.23416873
173000 -0.73976852 1.45867589 62.97887552
173100 -0.70684823 1.43837087 77.19387994
173200 -0.69789558 1.45158786 76.48783669
173300 -0.72759662 1.44859340 68.70443982
173400 -0.69547211 1.44382526 79.18136748
173500 -0.71888017 1.42198887 78.15927387
173600 -0.70066601 1.46968062 71.32392804
173700 -0.75390663 1.42827977 67.19691715
173800 -0.70758152 1.43153654 78.79059842
173900 -0.68224064 1.46019523 79.23866992
174000 -0.71863068 1.47989269 63.80796059
174100 -0.70496504 1.46137985 71.99260133
174200 -0.71474898 1.47213856 66.64448915
174300 -0.71734137 1.46695832 67.10216304
174400 -0.67086355 1.48428896 77.43102884
174500 -0.75291878 1.44379537 63.34497167
174600 -0.72467782 1.44272639 70.99600625
174700 -0.72913255 1.47463048 62.08029727
174800 -0.73300836 1.45746064 65.05493701
174900 -0.68945226 1.45460350 78.32967065
175000 -0.73869185 1.42380289 72.28339886
175100 -0.67980543 1.47116046 77.44604944
175200 -0.70562657 1.44709848 75.30744692
175300 -0.69108000 1.45451608 77.84695990
175400 -0.70599277 1.45101713 74.21635979
175500 -0.72770815 1.43548195 72.05632450
175600 -0.76458763 1.47624495 52.74265378
175700 -0.67603194 1.47330385 78.17322659
175800 -0.68299529 1.45583717 80.05373519
175900 -0.68860536 1.43292199 84.14864183
176000 -0.66129932 1.44995316 88.62078656
176100 -0.71499616 1.42530140 78.34325412
176200 -0.68742470 1.48289557 72.41882589
176300 -0.75767146 1.43773286 63.75358907
176400 -0.68112187 1.41616525 91.12271597
176500 -0.69987264 1.50024570 64.98910597
176600 -0.67529686 1.48294478 76.27254697
176700 -0.71739571 1.44649977 72.06377563
176800 -0.69682541 1.44770274 77.78436960
176900 -0.69450731 1.46899156 73.34534280
177000 -0.66830963 1.42964985 91.55385261
177100 -0.65911285 1.46977295 84.60427043
177200 -0.72902379 1.45465433 66.81130185
177300 -0.68492243 1.47740320 74.41160590
177400 -0.69724761 1.48130035 69.74427231
177500 -0.69281413 1.42345807 85.41929885
177600 -0.74352055 1.44968600 64.21940355
177700 -0.73536973 1.46287022 63.12985506
177800 -0.74430065 1.41185115 74.20595798
177900 -0.71773889 1.40540193 83.22967707
178000 -0.71400650 1.45429934 71.08054786
178100 -0.69111429 1.48893360 69.97970201
178200 -0.69221022 1.46911976 74.02011589
178300 -0.70574472 1.45557479 73.16492821
178400 -0.77809601 1.41590106 64.97679385
178500 -0.71341866 1.44317464 74.04406523
178600 -0.71169156 1.46118859 70.07632418
178700 -0.70600395 1.43608859 78.04145602
178800 -0.71021573 1.47945459 66.30759971
178900 -0.73226513 1.46562610 63.30654162
179000 -0.66494436 1.46599441 83.51045069
179100 -0.69610430 1.41762684 86.04359751
179200 -0.74794975 1.46642849 59.04248906
179300 -0.71379487 1.42729986 78.13937165
179400 -0.68402485 1.42522132 87.67180926
179500 -0.71324106 1.44133814 74.56832370
179600 -0.74122491 1.40777438 76.18018050
179700 -0.71181797 1.41475915 82.20561063
179800 -0.68870390 1.43959873 82.35704167
179900 -0.70032764 1.46205023 73.21180603
180000 -0.69062476 1.45338910 78.26498887
180100 -0.74115571 1.45535420 63.42596662
180200 -0.70819967 1.42954994 79.14533239
180300 -0.69307078 1.45113305 78.07015183
180400 -0.70996416 1.47870586 66.54594190
180500 -0.63890388 1.50689764 83.83946321
180600 -0.68358545 1.43992463 83.87868396
180700 -0.67794486 1.50760945 70.36681796
180800 -0.71602762 1.42807392 77.29205221
180900 -0.69556996 1.45607569 76.08835968
181000 -0.69176125 1.45451653 77.63662884
181100 -0.73347421 1.43277644 71.22221420
181200 -0.65033815 1.47623009 86.16819189
181300 -0.70177675 1.42906068 81.17260988
181400 -0.68442010 1.47886877 74.24484551
181500 -0.69651212 1.45824069 75.27622828
181600 -0.67263825 1.47146348 79.69732678
181700 -0.73403362 1.41793815 75.14850214
181800 -0.68655973 1.44847642 80.75445728
181900 -0.71571911 1.44705826 72.39757343
182000 -0.72743727 1.40799683 79.77814750
182100 -0.69733147 1.45942993 74.74109721
182200 -0.74602001 1.46676183 59.45294067
182300 -0.71292265 1.45224294 71.89848172
182400 -0.69346340 1.42253733 85.47511196
182500 -0.64690970 1.50496827 81.35506623
182600 -0.75214744 1.44822944 62.40965267
182700 -0.73065821 1.44883203 67.81517550
182800 -0.72796350 1.44856398 68.61196549
182900 -0.69697082 1.45078471 76.96747395
183000 -0.70653692 1.46218215 71.33895426
183100 -0.69916875 1.45704362 74.76362253
183200 -0.73702219 1.42359387 72.77883681
183300 -0.68404845 1.49573860 70.77405253
183400 -0.72356154 1.44700832 70.21150525
183500 -0.71044740 1.44261450 75.04400225
183600 -0.71429060 1.43831347 75.05484861
183700 -0.69843856 1.40572004 88.76999660
183800 -0.72235255 1.42458490 76.47079170
183900 -0.72918500 1.44321610 69.63936782
184000 -0.71185611 1.45527537 71.45852323
184100 -0.69867969 1.45497328 75.41601325
184200 -0.72259937 1.46792374 65.40525228
184300 -0.66017267 1.49368387 79.02448068
184400 -0.71454851 1.46033751 69.46033188
184500 -0.68534035 1.47023618 75.90105372
184600 -0.72183201 1.46759993 65.69361169
184700 -0.73069874 1.42840311 73.14401924
184800 -0.70436692 1.45160869 74.54857957
184900 -0.67927535 1.45570561 81.27202290
185000 -0.69581419 1.47407289 71.78603212
185100 -0.72927740 1.43850189 70.83599283
185200 -0.69832744 1.43596337 80.36083691
185300 -0.69552141 1.46057494 75.01578583
185400 -0.79159326 1.45585860 51.51919730
185500 -0.68912244 1.45248497 78.95427412
185600 -0.69587423 1.50485149 65.28771281
185700 -0.68887200 1.39792103 94.02616628
185800 -0.68965422 1.46481025 75.81436049
185900 -0.73493036 1.44459783 67.74609052
186000 -0.68501830 1.45436420 79.77520988
186100 -0.71146340 1.43985254 75.46503513
186200 -0.69265199 1.44937356 78.63820526
186300 -0.76153289 1.39106995 76.15216876
186400 -0.72360035 1.42844097 75.07053609
186500 -0.72451442 1.45679458 67.52059095
186600 -0.70948391 1.45524040 72.15342912
186700 -0.73238766 1.43947579 69.74461264
186800 -0.73595176 1.48543734 57.87930406
186900 -0.70451041 1.42328725 81.94202251
187000 -0.69287569 1.47166454 73.23121362
187100 -0.69276364 1.45593583 76.98075052
187200 -0.71962662 1.43072230 75.55985688
187300 -0.74638349 1.45812160 61.41324680
187400 -0.71468898 1.44380067 73.52023559
187500 -0.71693874 1.43567005 74.99699993
187600 -0.72712593 1.44172080 70.58420169
187700 -0.68521690 1.46438809 77.30068443
187800 -0.73708668 1.48554203 57.55781896
187900 -0.70141460 1.47202799 70.56223961
188000 -0.71995408 1.43908766 73.25048382
188100 -0.73739008 1.44952409 65.85107607
188200 -0.69737366 1.45372909 76.11602921
188300 -0.77483842 1.39879698 70.71049851
188400 -0.73999132 1.44658701 65.91132768
188500 -0.69863866 1.41998098 84.61465322
188600 -0.72083682 1.46008936 67.74459844
188700 -0.70294508 1.42186721 82.79973621
188800 -0.67165673 1.45483910 83.95658370
188900 -0.66144763 1.46392293 85.17504646
189000 -0.69809288 1.47112707 71.76536330
189100 -0.70071402 1.47023162 71.18280305
189200 -0.70253655 1.45112160 75.21248082
189300 -0.68000480 1.49411856 72.39204733
189400 -0.73709511 1.48644025 57.36337399
189500 -0.70061154 1.41827689 84.50068000
189600 -0.70751412 1.45027331 73.95570339
189700 -0.70111810 1.44272475 77.76047376
189800 -0.75088493 1.41403394 71.91745143
189900 -0.69876219 1.42744348 82.51563513
190000 -0.72824504 1.43964362 70.81809989
190100 -0.67951144 1.43436873 86.63644531
190200 -0.72286297 1.41032778 80.35746321
190300 -0.73172104 1.44916533 67.44581385
190400 -0.69827115 1.47371153 71.12338680
190500 -0.74135715 1.43901402 67.50490302
190600 -0.73731873 1.45869303 63.61525154
190700 -0.71747446 1.46544819 67.41761660
190800 -0.72592863 1.46069400 66.19123862
190900 -0.71918235 1.47152694 65.52924562
191000 -0.69238962 1.45638720 76.98567040
191100 -0.74844132 1.42803562 68.62319782
191200 -0.71877585 1.44353384 72.43095649
191300 -0.74227123 1.42714069 70.43816004
191400 -0.70371522 1.45568574 73.73706409
191500 -0.68524457 1.45606476 79.28768936
191600 -0.74797938 1.45023092 62.94949251
191700 -0.69064419 1.39988404 92.88530323
191800 -0.74426998 1.43824557 66.95661236
191900 -0.68102196 1.47699273 75.73961648
192000 -0.68984241 1.42708096 85.34126737
192100 -0.73193150 1.42356931 74.13732397
192200 -0.67795578 1.45722360 81.32643105
192300 -0.79386055 1.37597970 73.74131546
192400 -0.68123354 1.44887202 82.33865853
192500 -0.74851350 1.42172761 70.34048971
192600 -0.69807948 1.43407425 80.93625012
192700 -0.71871840 1.44857315 71.16739798
192800 -0.72147740 1.43255645 74.55044492
192900 -0.70703642 1.41425437 83.73911236
193000 -0.70097436 1.44296384 77.74196050
193100 -0.73753911 1.43032625 70.80482483
193200 -0.71330600 1.43686586 75.71651224
193300 -0.71583095 1.44531421 72.80845183
193400 -0.69061462 1.44956010 79.21972706
193500 -0.73052419 1.42736525 73.47345960
193600 -0.68714406 1.44797647 80.69735140
193700 -0.70470028 1.47152808 69.70067061
193800 -0.67254707 1.47795507 78.26468572
193900 -0.73240207 1.43872167 69.93751084
194000 -0.68399308 1.44013927 83.69398779
194100 -0.65912073 1.46663141 85.32978750
194200 -0.71485265 1.47584089 65.77816063
194300 -0.70209177 1.46887599 71.08380942
194400 -0.68987925 1.43490891 83.22408174
194500 -0.64331743 1.48605862 86.49668228
194600 -0.74033219 1.41506704 74.30708231
194700 -0.70052956 1.42583209 82.42529623
194800 -0.71198834 1.47511892 66.76110802
194900 -0.76501568 1.44333948 60.54612630
195000 -0.74690276 1.41102872 73.78130528
195100 -0.72449053 1.46622686 65.27767507
195200 -0.73128518 1.44395644 68.88297980
195300 -0.74155221 1.41356345 74.42057765
195400 -0.75714977 1.41149520 71.10562581
195500 -0.72322949 1.49347568 59.62710391
195600 -0.75871735 1.43326334 64.68288108
195700 -0.72243509 1.45764694 67.88864323
195800 -0.71791134 1.46675605 66.98837603
195900 -0.72204782 1.45790327 67.93412137
196000 -0.70979377 1.41672577 82.23197273
196100 -0.70296018 1.45259914 74.71991876
196200 -0.65356585 1.46814128 86.88754533
196300 -0.72710981 1.41924091 76.64736255
196400 -0.71824529 1.42209766 78.30771413
196500 -0.68834988 1.45454045 78.68809553
196600 -0.71424443 1.43909638 74.86347122
196700 -0.69643034 1.46901423 72.75448061
196800 -0.73423929 1.41656272 75.48272339
196900 -0.71431158 1.46777019 67.77427839
197000 -0.73078494 1.44050690 69.90670750
197100 -0.70265146 1.42187296 82.88540363
197200 -0.68430146 1.45174608 80.64779006
197300 -0.73937636 1.44820588 65.66248204
197400 -0.72573802 1.46450378 65.33905105
197500 -0.69880090 1.47289322 71.14919424
197600 -0.71519699 1.45820137 69.78966780
197700 -0.69637552 1.43036825 82.44455379
197800 -0.71196942 1.50290695 60.90364342
197900 -0.73028551 1.42981840 72.87200148
198000 -0.72731848 1.47460885 62.57819221
198100 -0.70446277 1.44391384 76.46118849
198200 -0.70891397 1.43009376 78.79022525
198300 -0.71813945 1.42307520 78.06635869
198400 -0.70173904 1.46626611 71.79556585
198500 -0.74408193 1.42564380 70.38269142
198600 -0.73211296 1.42888477 72.63346719
198700 -0.66535932 1.47536610 81.22238892
198800 -0.67693361 1.46988207 78.66307605
198900 -0.70482483 1.50963102 61.68436540
199000 -0.67320649 1.51305354 70.87148716
199100 -0.70949428 1.43118056 78.32873242
199200 -0.70413845 1.46827540 70.61517280
199300 -0.71314788 1.47204407 67.12402294
199400 -0.68829192 1.46593785 75.97350905
199500 -0.73828361 1.47219044 60.19633172
199600 -0.73479074 1.44810068 66.89460970
199700 -0.69820178 1.48144092 69.42511790
199800 -0.72836707 1.48949405 59.04860240
199900 -0.71934024 1.45218076 70.09213871
