0 0.77385005 1.18002134 0.54148338
100 0.60100940 1.11113465 23.74715494
200 0.61722304 1.07731117 24.22998260
300 0.59047997 1.04412393 34.09799568
400 0.56548492 1.08529902 34.07681984
500 0.58920703 1.04968826 33.51364762
600 0.62520613 1.06582849 24.27744462
700 0.59482963 1.06571734 30.06335616
800 0.61767690 1.04671039 28.36970975
900 0.57663966 1.08577533 31.46855836
1000 0.60394326 1.07012412 27.65299519
1100 0.54235069 1.10289413 37.90635732
1200 0.54863376 1.07594544 39.28726041
1300 0.61187572 1.06107313 27.34571042
1400 0.57433261 1.04579836 37.35195850
1500 0.53975234 1.07112132 42.16927990
1600 0.59899099 1.06149762 29.79376693
1700 0.61326435 1.10991286 21.49294786
1800 0.57007395 1.00408773 45.62380433
1900 0.57934922 1.06561985 33.37239540
2000 0.60768360 1.12006578 21.68753934
2100 0.60803331 1.05919636 28.33843739
2200 0.60178207 1.06215091 29.14636052
2300 0.60947525 1.10310191 22.84446118
2400 0.52518145 1.09907654 42.85538897
2500 0.60814115 1.01366768 35.76477474
2600 0.56806325 1.09545820 32.36182326
2700 0.62333169 1.07182801 23.81987566
2800 0.59934174 1.10037592 25.09434821
2900 0.58681215 1.04357002 34.95969968
3000 0.59935478 1.03613765 33.55468832
3100 0.60323422 1.09043168 25.36099438
3200 0.60146208 1.07984984 26.92668254
3300 0.57345739 1.11306714 29.43943761
3400 0.53216091 1.10151213 40.71882019
3500 0.58961456 1.08362016 28.90315016
3600 0.58602989 1.05679851 33.14493674
3700 0.58230992 1.08535918 30.26574511
3800 0.57419116 1.00383407 44.73535157
3900 0.60380799 1.00898612 37.48880322
4000 0.56914944 1.09185658 32.49349031
4100 0.60053441 1.04474220 31.94575262
4200 0.55495282 1.06183999 39.56815434
4300 0.59328406 1.08719102 27.72867390
4400 0.54843150 1.08215270 38.58734897
4500 0.59138233 1.04648414 33.54422643
4600 0.60977162 1.05631652 28.41588944
4700 0.56108978 1.15209733 29.68637980
4800 0.59016213 1.08304227 28.85552102
4900 0.58689020 1.01766670 39.33060956
5000 0.55493222 1.07226531 38.18718567
5100 0.57203129 1.14480499 27.50811102
5200 0.61362517 1.09052500 23.36017629
5300 0.57239243 1.05139846 36.94381124
5400 0.60703742 1.09790972 23.82849250
5500 0.62186123 1.02875301 30.52947668
5600 0.52290566 1.13587915 40.44637950
5700 0.61330280 1.06140936 27.03160510
5800 0.54339821 1.05609542 43.27650415
5900 0.58668385 1.10378068 27.38096786
6000 0.55865754 1.01336646 46.53913053
6100 0.58025051 1.08769917 30.45065762
6200 0.56753524 1.04177205 39.53797451
6300 0.57092223 1.11708235 29.67598049
6400 0.59507359 1.02565010 36.19635966
6500 0.57400397 1.07349739 33.53855862
6600 0.63343492 1.02493230 29.19631222
6700 0.57817867 1.02829180 39.34420475
6800 0.57858485 1.08912610 30.65884496
6900 0.61713268 1.05847104 26.73545203
7000 0.60020878 1.08915452 26.10162589
7100 0.61440618 1.02329512 32.83484092
7200 0.53747898 1.11450950 38.11295458
7300 0.58064149 1.06904723 32.63339231
7400 0.56395056 1.13396902 30.03971322
7500 0.57717272 1.08577459 31.34971975
7600 0.58736827 1.04808654 34.14497514
7700 0.56593262 1.11778833 30.77314740
7800 0.54437371 1.10004595 37.66780694
7900 0.62014764 1.07082615 24.51637773
8000 0.60348244 1.05365863 30.01747551
8100 0.57759954 1.02832761 39.46668644
8200 0.57196781 1.05251786 36.87483044
8300 0.56278521 1.03350458 41.99579156
8400 0.59441111 1.06390593 30.39419532
8500 0.56028621 1.11259006 32.55159839
8600 0.57944061 1.06203484 33.84041575
8700 0.59806607 1.05438934 30.98988922
8800 0.58370620 1.01689206 40.15576434
8900 0.59559575 1.08561753 27.43222335
9000 0.59683003 1.03369364 34.46792067
9100 0.58306229 1.10573203 27.97420914
9200 0.54840095 1.09534142 37.12774911
9300 0.56881820 1.02462914 42.09998054
9400 0.58720870 1.10981791 26.70647272
9500 0.61067969 1.10081104 22.84031486
9600 0.63487990 1.06566942 22.65467614
9700 0.60024951 1.03217590 34.03259364
9800 0.62791750 1.03363042 28.64561148
9900 0.57154775 1.02206821 41.92507725
10000 0.53534098 1.09051635 41.01553430
10100 0.62804767 1.03837207 27.84559595
10200 0.61333369 1.10164734 22.25877853
10300 0.57999633 1.06525796 33.27851609
10400 0.61856539 1.04391998 28.63974663
10500 0.58488353 1.06778204 31.87834210
10600 0.55095401 1.05165682 42.01480368
10700 0.57616530 1.08166510 32.05256099
10800 0.62316759 1.03542305 29.17763623
10900 0.56795421 1.09403795 32.53660250
11000 0.54876281 1.05686775 41.80348335
11100 0.60542841 1.07648871 26.55657024
11200 0.60267740 1.06142316 29.06987445
11300 0.58575356 1.14420741 24.50717450
11400 0.57870278 1.13302533 26.72903229
11500 0.55140972 1.05612697 41.24828839
11600 0.58402457 1.11083174 27.29818317
11700 0.58361599 1.08744094 29.74579116
11800 0.58599960 1.05921028 32.80895781
11900 0.57128666 1.04398113 38.32583936
12000 0.56813371 1.08873846 33.07055397
12100 0.56315660 1.09369041 33.69826309
12200 0.62908265 1.07444132 22.48886227
12300 0.59286763 1.11785299 24.82597542
12400 0.59637178 0.96981648 47.22445156
12500 0.59995648 1.09223658 25.81518269
12600 0.56367750 1.10567914 32.37237414
12700 0.57760669 1.09802192 29.92915696
12800 0.53374141 1.08621384 41.92046190
12900 0.59464471 1.08800751 27.35655658
13000 0.61425476 1.04777793 28.83642636
13100 0.58843593 1.06245654 31.83877937
13200 0.63104569 1.09853149 19.42070898
13300 0.52763763 1.08810036 43.35139441
13400 0.63600797 1.04979142 24.72800090
13500 0.54964879 1.11755414 34.73652538
13600 0.58299026 1.04633389 35.35324985
13700 0.64079906 0.97646952 37.65540680
13800 0.55665502 1.09944189 34.66435715
13900 0.61738172 1.08282033 23.54025525
14000 0.58457262 1.11084495 27.17879063
14100 0.54100593 1.06612183 42.50064623
14200 0.54338232 1.07509918 40.72642536
14300 0.62403864 1.00064843 35.35172347
14400 0.56842545 1.08306591 33.65017620
14500 0.56299620 1.10394441 32.69873922
14600 0.61003712 1.06617134 26.99800350
14700 0.61251347 1.10431697 22.15321983
14800 0.59409710 1.01155411 38.95393022
14900 0.60063336 1.06295653 29.26398487
15000 0.60195523 1.09277262 25.35972218
15100 0.60689667 1.07291480 26.71977122
15200 0.62814083 1.02133025 30.72922780
15300 0.59881161 1.09623385 25.62209128
15400 0.58990178 1.04715478 33.75146168
15500 0.61514028 1.08271999 23.96385784
15600 0.55911116 1.02490614 44.34264699
15700 0.60590723 1.13362635 21.03873194
15800 0.59531438 1.02324920 36.56852431
15900 0.59637570 0.94419615 53.44923200
16000 0.58631359 1.10499741 27.34368647
16100 0.53870942 1.01333581 51.55814312
16200 0.57314614 1.08798407 32.00512191
16300 0.61958536 1.06304455 25.65311857
16400 0.61822307 1.07878813 23.86758420
16500 0.62687934 1.06390164 24.24676343
16600 0.57782957 1.06229597 34.16105068
16700 0.61242051 1.03348163 31.45721607
16800 0.63425348 1.02702994 28.69527557
16900 0.57683312 1.05798345 34.98607897
17000 0.58401224 1.04488957 35.35497875
17100 0.58299125 1.06311597 32.91501890
17200 0.61411609 1.07503157 25.08496691
17300 0.55373747 1.05482565 40.86041148
17400 0.54867458 1.06307036 40.95709598
17500 0.57393747 1.07128449 33.83597525
17600 0.56667078 1.08892499 33.39009040
17700 0.51961961 1.00240240 58.82898554
17800 0.56541789 1.03575730 41.00221484
17900 0.60041839 0.99223173 41.50023779
18000 0.60677257 1.04429869 30.78986795
18100 0.61561618 1.05240106 27.89142030
18200 0.56693372 1.05005358 38.40191073
18300 0.55328036 1.08865189 36.63449119
18400 0.57212678 1.08854916 32.17374646
18500 0.60231129 1.07541687 27.30089085
18600 0.56734073 1.02098086 43.08909360
18700 0.56301092 1.02299315 43.74762388
18800 0.60454686 1.01984913 35.32813335
18900 0.61377504 1.05574115 27.74517654
19000 0.61079615 1.02898723 32.52173322
19100 0.60835262 1.03185172 32.50128124
19200 0.55130266 1.04094568 43.57432262
19300 0.62216343 1.03011362 30.24361432
19400 0.59629947 1.08529906 27.32510615
19500 0.61020671 0.99188958 39.66571847
19600 0.57848014 1.07839106 31.92989232
19700 0.60821652 1.00104419 38.18215803
19800 0.57024307 1.07327563 34.42365649
19900 0.61006329 1.06598094 27.01853060
20000 0.60214859 1.07325766 27.60440147
20100 0.55909431 1.09508689 34.52115546
20200 0.54224529 1.02496751 48.53693192
20300 0.62934269 1.04120022 27.17064375
20400 0.59035265 1.11419950 25.65686775
20500 0.58635834 1.05022820 34.03717617
20600 0.57921566 1.09204802 30.19967614
20700 0.62488924 1.09304898 21.05114902
20800 0.58388298 1.09776865 28.57890703
20900 0.62969010 1.05784944 24.60612208
21000 0.55424865 1.12429150 33.06275243
21100 0.58493936 1.07447210 31.00416635
21200 0.57788968 1.05614259 35.01397363
21300 0.59321893 1.10861923 25.55442787
21400 0.56715528 1.07963469 34.35223565
21500 0.58360747 1.08232743 30.33627938
21600 0.57186362 1.06798064 34.73765951
21700 0.58362061 1.03944531 36.29892362
21800 0.59426044 1.09213335 26.98198908
21900 0.62344810 1.07212556 23.76122349
22000 0.54653272 1.08400982 38.84969272
22100 0.60771978 1.05636457 28.80141013
22200 0.60819918 1.02367233 33.93950075
22300 0.57922971 1.07428679 32.27166653
22400 0.57093625 1.08967944 32.32041221
22500 0.56929575 1.08289298 33.46925194
22600 0.59291721 1.06208621 30.95174765
22700 0.58217296 1.03284469 37.69475922
22800 0.59725532 1.08336666 27.35437021
22900 0.55662550 1.07401979 37.55107958
23000 0.53725612 1.04310620 46.82500536
23100 0.61315498 0.98872202 39.77472358
23200 0.57003810 1.01683462 43.21601475
23300 0.60841941 1.07823995 25.76431495
23400 0.60116712 1.00844283 38.11433155
23500 0.57061038 1.09932210 31.37781851
23600 0.55657941 1.06410725 38.86021007
23700 0.56226909 1.01302175 45.73842610
23800 0.60331673 1.04634993 31.14632560
23900 0.58402365 1.09153711 29.20499090
24000 0.57298741 1.09367276 31.42009965
24100 0.57931027 1.03394361 38.13934145
24200 0.63803897 1.02837288 27.84362102
24300 0.56776326 1.09801031 32.16790025
24400 0.56843097 1.06499219 35.92566291
24500 0.59115799 1.07231924 29.95868090
24600 0.56372027 1.11594948 31.44629971
24700 0.55283357 1.06894649 39.13313310
24800 0.57395758 1.11065065 29.53924040
24900 0.63588206 1.08530392 20.04494419
25000 0.57108333 1.08873866 32.39096444
25100 0.59908745 1.04993552 31.44259977
25200 0.54333953 1.10406008 37.53953107
25300 0.56436281 1.10438229 32.33381493
25400 0.63105227 1.10678016 18.61663734
25500 0.59458047 1.03778546 34.25537002
25600 0.59366624 1.07739053 28.80335172
25700 0.57210261 1.01428209 43.21418003
25800 0.64254358 1.04819666 23.91839015
25900 0.57127329 1.05478818 36.70118985
26000 0.63113914 1.08612740 20.74047949
26100 0.57301388 1.09570977 31.19957425
26200 0.53879498 1.03764963 47.29285377
26300 0.63413946 1.08281564 20.62094739
26400 0.57245881 1.08952913 31.98940177
26500 0.60130840 1.02164874 35.64376213
26600 0.58431294 1.03411223 37.01983011
26700 0.57930109 1.07763677 31.84038382
26800 0.60312544 1.05631536 29.70243374
26900 0.55277133 1.09458485 36.11718518
27000 0.60005048 1.02559630 35.19823104
27100 0.61625068 1.05013371 28.11185874
27200 0.54775431 1.06653052 40.72099622
27300 0.60141869 1.06070438 29.41890252
27400 0.56576619 1.13200359 29.74449451
27500 0.59857511 1.08954652 26.38597751
27600 0.56694225 1.08527484 33.73888908
27700 0.59423443 1.09100197 27.11001962
27800 0.56963771 1.06816379 35.22378494
27900 0.56526040 1.07301403 35.61405826
28000 0.61431069 1.06643629 26.15989096
28100 0.61004201 1.12255545 21.04084815
28200 0.55047893 1.10331743 35.80414050
28300 0.58496066 1.03518880 36.70232519
28400 0.58672330 1.04473542 34.79702017
28500 0.57084921 1.11110535 30.20617190
28600 0.58493670 1.04283280 35.47687501
28700 0.62391002 1.01220825 33.13671210
28800 0.58140688 1.12957438 26.37135901
28900 0.60157441 1.07293939 27.75855686
29000 0.59119344 1.08728476 28.15245184
29100 0.60480968 1.08935010 25.17132987
29200 0.59831539 1.01892523 36.73237785
29300 0.53822719 0.99181819 55.93233574
29400 0.55472318 1.02503312 45.38706296
29500 0.58725019 1.11601414 26.15805276
29600 0.58701540 1.11334034 26.43616809
29700 0.56546184 1.08544531 34.06546191
29800 0.63977731 1.07090209 21.16879002
29900 0.59728721 1.02550606 35.77030499
30000 0.57056949 1.08634911 32.77744091
30100 0.60397585 1.05628173 29.54020455
30200 0.60416056 1.05842946 29.19765221
30300 0.60819037 1.05920661 28.30685658
30400 0.54226759 1.11039754 37.22729818
30500 0.57899051 1.12517863 27.22171534
30600 0.53422433 1.07764374 42.80388010
30700 0.59443942 1.06765612 29.88502736
30800 0.59272451 1.01487257 38.61764664
30900 0.62127677 1.05210246 26.90783881
31000 0.59014766 1.06509392 31.11882598
31100 0.54048135 1.09160871 39.54929945
31200 0.57685305 1.05710456 35.10683405
31300 0.61598157 1.06228248 26.41444764
31400 0.59343581 1.11329656 25.09312497
31500 0.55258428 1.13432532 32.76385067
31600 0.59198392 1.04695454 33.34680083
31700 0.56799895 1.03952428 39.78847180
31800 0.55738222 1.08326219 36.24555217
31900 0.60779151 1.02651194 33.52110689
32000 0.56122286 1.05525509 38.98280627
32100 0.56932543 1.02547027 41.83569103
32200 0.58844427 1.03784599 35.52487470
32300 0.58005171 1.09976074 29.21257982
32400 0.54056335 1.10564030 38.10556418
32500 0.57779450 1.04381318 36.88480318
32600 0.58930522 1.08085672 29.29370702
32700 0.53307296 1.12470719 38.45952530
32800 0.57492504 1.10712282 29.64245381
32900 0.60056857 1.04745709 31.52111815
33000 0.61582559 1.04344141 29.21540381
33100 0.59239016 1.04695677 33.26203748
33200 0.61380583 1.07012354 25.76808267
33300 0.55031938 1.09087189 37.12467777
33400 0.57560522 1.10514814 29.67494517
33500 0.54644588 1.12191259 35.19366825
33600 0.63542319 1.10756118 17.81523159
33700 0.57017714 1.08864309 32.60945407
33800 0.59792609 1.08626580 26.88466667
33900 0.62803830 1.02325066 30.40557733
34000 0.59674439 1.00843800 39.00442255
34100 0.60017246 1.08732888 26.31291434
34200 0.59018549 1.04449337 34.10222165
34300 0.54840069 1.08120993 38.70664628
34400 0.59739682 1.01303578 38.00183457
34500 0.55958769 1.10435983 33.47256077
34600 0.56704931 1.06549170 36.17925236
34700 0.64018750 1.09385249 18.40366482
34800 0.55229743 1.10027987 35.65033217
34900 0.62990391 1.10272025 19.19801487
35000 0.60467826 1.06465724 28.23412183
35100 0.58136862 1.07174358 32.12469525
35200 0.58693044 1.05824562 32.74647028
35300 0.59832976 0.99262535 41.83756529
35400 0.58019189 1.10679355 28.50152346
35500 0.59256074 1.11127236 25.45182026
35600 0.58406217 1.06731142 32.11770259
35700 0.58218705 1.03130786 37.94975956
35800 0.55419483 1.07114383 38.51204827
35900 0.56813943 1.07611719 34.55313741
36000 0.53403281 1.10214875 40.15670708
36100 0.57813357 1.02639631 39.68147701
36200 0.66794875 1.04021563 21.48428842
36300 0.56938243 1.05283258 37.42135605
36400 0.59144916 1.07633105 29.39373041
36500 0.55806847 1.08228218 36.19417457
36600 0.56353406 1.07230371 36.11124297
36700 0.56720403 1.07938550 34.37090991
36800 0.60676997 1.01684292 35.44218064
36900 0.56232032 1.06695729 37.09599561
37000 0.57942235 1.07947688 31.59016089
37100 0.53319850 1.07403667 43.52490040
37200 0.59228111 1.01695285 38.32669795
37300 0.57393847 1.05360303 36.26794465
37400 0.57985423 1.05926450 34.13531947
37500 0.58950616 1.07732156 29.67882928
37600 0.60419778 1.05362458 29.88213576
37700 0.58474511 1.10140524 28.02779776
37800 0.54063325 1.05119579 44.70690176
37900 0.55970546 1.06694022 37.72318700
38000 0.64733959 1.03125172 25.89059158
38100 0.61081663 1.15037248 19.12661916
38200 0.57902410 1.06785326 33.14655537
38300 0.57451520 0.99382930 46.67487617
38400 0.57317890 1.11575172 29.27279181
38500 0.58695258 1.12279125 25.67519631
38600 0.61178029 1.06872246 26.33022567
38700 0.54897746 1.07980737 38.72929261
38800 0.59484043 1.04425237 33.17388706
38900 0.55345764 0.97736807 55.17405501
39000 0.57569227 1.01828510 41.66713078
39100 0.57441079 1.07612174 33.11815681
39200 0.56163932 1.07469421 36.25867809
39300 0.58327908 1.08802733 29.75291746
39400 0.59547927 1.07737283 28.43307585
39500 0.61460930 1.03901199 30.14342574
39600 0.58840895 1.04086253 35.04775265
39700 0.57731512 1.04320672 37.08634433
39800 0.61164862 1.07843120 25.12760704
39900 0.56844255 1.12853658 29.36293604
40000 0.56156110 1.05836455 38.45685515
40100 0.61981020 1.08235826 23.15397141
40200 0.56295785 1.05244100 38.98131952
40300 0.55686727 1.12842735 32.11808417
40400 0.58473566 1.02886273 37.81334919
40500 0.60297525 1.06554478 28.44847882
40600 0.60853776 1.02544813 33.56307085
40700 0.54996087 1.11319846 35.02703585
40800 0.55604649 1.07551517 37.50489311
40900 0.58550498 1.05431421 33.61623106
41000 0.60372805 1.05309816 30.05141448
41100 0.60099691 1.07947993 27.06365885
41200 0.59212722 1.06844680 30.25866886
41300 0.55783331 1.06422456 38.53983939
41400 0.55845532 1.06031093 38.92843543
41500 0.55344200 1.10996251 34.44879756
41600 0.53257562 1.06830059 44.43026602
41700 0.57159230 1.05209966 37.02229291
41800 0.57872868 1.04765078 36.08564119
41900 0.58111083 1.06214242 33.45859180
42000 0.63413149 1.09019351 19.78491312
42100 0.61981976 1.10160434 21.07331238
42200 0.57914753 1.11578987 27.93358060
42300 0.57514556 1.12381271 28.18201213
42400 0.59899565 1.06167174 29.76872730
42500 0.54662495 1.15320754 33.19422607
42600 0.58962746 1.03151226 36.32236160
42700 0.55020164 1.12619187 33.92342894
42800 0.53405369 1.04063044 48.06304700
42900 0.53932181 1.15298183 35.08191443
43000 0.56934390 1.10451223 31.16007599
43100 0.64234419 1.06947350 20.94626065
43200 0.57394142 1.00945257 43.70540058
43300 0.57361353 1.07169909 33.85597889
43400 0.58700838 1.02221524 38.48642575
43500 0.57411405 1.04728374 37.17335876
43600 0.61921838 1.02631259 31.42465379
43700 0.57704981 1.10369712 29.49051694
43800 0.59132967 1.08118694 28.82992500
43900 0.60019688 1.05456675 30.53605872
44000 0.55890027 1.08802438 35.33380845
44100 0.57857292 1.06343655 33.83976518
44200 0.60250517 1.06302150 28.88365871
44300 0.59240034 1.08086941 28.64485679
44400 0.61319276 1.05842542 27.47015252
44500 0.56075946 1.08064265 35.74110596
44600 0.54574411 1.10484240 36.85051253
44700 0.60748285 1.11809274 21.88582547
44800 0.60459431 1.06802471 27.80042971
44900 0.60385448 1.05769731 29.36155960
45000 0.58168941 1.08583688 30.34636562
45100 0.58652681 1.07919272 30.08260107
45200 0.55709753 1.01080181 47.39878268
45300 0.58369384 1.11367342 27.12031651
45400 0.58922406 1.06206060 31.72688593
45500 0.58863353 1.07597236 30.02932042
45600 0.54640297 1.10643020 36.53337972
45700 0.61145688 1.09221442 23.58312045
45800 0.60602776 1.08208708 25.76434464
45900 0.54787648 1.03820581 44.87181454
46000 0.56862380 1.05792098 36.86069586
46100 0.57975236 1.04156364 36.80555111
46200 0.58350654 1.05337509 34.18414098
46300 0.53747151 1.14735291 35.84646320
46400 0.57440365 1.04968367 36.74435576
46500 0.59773915 1.02419261 35.90884577
46600 0.60282002 1.04665766 31.19690924
46700 0.62882718 1.02372564 30.18639130
46800 0.57096641 1.09440736 31.80309516
46900 0.58465341 1.07783329 30.64942906
47000 0.58993381 1.07653289 29.68596572
47100 0.59396266 1.08452692 27.89270973
47200 0.56675494 1.04124545 39.80313379
47300 0.63517255 1.02530289 28.84358338
47400 0.59936052 1.04059200 32.83355561
47500 0.60925653 1.01223814 35.81879286
47600 0.60875839 1.05305844 29.08258729
47700 0.60026590 1.04834727 31.44613097
47800 0.62877215 1.00226256 34.20953601
47900 0.58566256 1.10379295 27.59816662
48000 0.57201832 1.02953087 40.51768349
48100 0.55020487 1.08925961 37.33052046
48200 0.57935106 1.03403719 38.11480329
48300 0.63151806 1.04240263 26.61154872
48400 0.60273859 1.07980560 26.67938013
48500 0.58276797 1.06494608 32.71465926
48600 0.57255435 1.09487265 31.39164228
48700 0.57610595 1.06780185 33.80244801
48800 0.57228456 1.03244852 39.96391141
48900 0.60913303 1.08080553 25.31876055
49000 0.59787521 1.06674823 29.30523225
49100 0.57156294 1.03936081 38.99421851
49200 0.55870158 1.09407554 34.72245864
49300 0.61646729 1.10445481 21.40656971
49400 0.60462061 1.08585169 25.60147215
49500 0.61363889 1.10660791 21.72627319
49600 0.63019833 1.07248284 22.54661728
49700 0.55762006 1.01609644 46.28427684
49800 0.51994837 1.12061327 42.36558409
49900 0.58504432 0.96397898 50.95593287
50000 0.55608114 1.06516375 38.83861317
50100 0.59024645 1.03596287 35.45236733
50200 0.56866889 1.06968126 35.24852935
50300 0.59641380 1.01867246 37.16350929
50400 0.56721301 1.07238159 35.23811997
50500 0.59909772 1.07102983 28.49751526
50600 0.58461843 1.06749438 31.97347897
50700 0.63592632 1.03568555 26.95970500
50800 0.55364554 1.11205054 34.21281382
50900 0.55818947 1.11033037 33.25648742
51000 0.61350188 1.07061513 25.76099758
51100 0.60481854 1.08543236 25.61077445
51200 0.54652147 1.06074403 41.82179546
51300 0.53933832 0.99106473 55.79922963
51400 0.58259024 1.05831251 33.67117343
51500 0.58275976 0.99674361 44.25324268
51600 0.53435324 1.06440401 44.47723661
51700 0.59653915 1.01873824 37.12607078
51800 0.56246609 1.12435857 31.07199156
51900 0.54455893 1.07471937 40.47268804
52000 0.55241344 1.07682247 38.23590353
52100 0.62252699 1.02013426 31.92417591
52200 0.62957508 1.10640264 18.90255995
52300 0.57472953 1.06332527 34.71338228
52400 0.59656511 1.00472763 39.75852721
52500 0.61510937 1.00237705 36.61968704
52600 0.56605966 1.01981857 43.59671360
52700 0.59170227 1.05361623 32.40807487
52800 0.54326742 1.08235707 39.87573895
52900 0.57857294 1.06734534 33.31360070
53000 0.57971377 1.08809857 30.52397668
53100 0.59299513 1.04896770 32.83088570
53200 0.57850157 1.07044440 32.92310481
53300 0.55693604 1.01253038 47.11247261
53400 0.57072295 1.06328995 35.62880177
53500 0.60581309 1.09201060 24.68513386
53600 0.61122676 1.09578465 23.24808701
53700 0.57563371 1.07611132 32.84431854
53800 0.63615999 1.10781818 17.67051916
53900 0.57600056 1.01419728 42.34920090
54000 0.57930893 1.04808176 35.89185082
54100 0.61158587 0.97846577 42.28864934
54200 0.59656877 1.08927676 26.82195198
54300 0.57201217 1.03162556 40.16420189
54400 0.53879807 1.05752309 44.26306004
54500 0.60465792 1.00403193 38.28100707
54600 0.54599020 1.08079388 39.36553829
54700 0.62550340 0.97825132 39.81076920
54800 0.60481784 1.06530561 28.11932867
54900 0.59655218 1.04423209 32.82732890
55000 0.62104056 1.03550252 29.54295195
55100 0.55762654 1.10279413 34.09693861
55200 0.56456975 1.07330864 35.73905261
55300 0.60023393 1.08211533 26.90163935
55400 0.61760852 1.02613351 31.74810399
55500 0.54535904 1.09747818 37.67637078
55600 0.59403513 1.03624060 34.61933596
55700 0.54901480 0.98262011 55.12379440
55800 0.58441212 1.07502138 31.04889465
55900 0.58118848 1.03302179 37.88010124
56000 0.54859365 1.13506746 33.71069462
56100 0.60489392 1.03650055 32.39922667
56200 0.58818449 1.02266588 38.15660106
56300 0.53638746 1.08876757 40.93211261
56400 0.56004003 1.04811603 40.32476264
56500 0.60209689 1.06502937 28.69135695
56600 0.54293013 1.05968688 42.88634428
56700 0.57927313 1.09240038 30.14901513
56800 0.56036443 1.04663926 40.47236070
56900 0.53593963 1.06755522 43.63474872
57000 0.58790045 1.05235201 33.39307471
57100 0.56029113 1.05386428 39.40799635
57200 0.57481568 1.09081489 31.31468302
57300 0.60832939 1.04573794 30.26720393
57400 0.54887147 1.06697344 40.38080116
57500 0.55707204 1.03204708 43.61108913
57600 0.58618653 1.09318733 28.56257295
57700 0.63377398 1.04823139 25.33240033
57800 0.58301136 1.04718496 35.21825333
57900 0.59035470 1.09053264 27.96712843
58000 0.56053679 1.08172865 35.66537053
58100 0.56133452 1.10225812 33.25734332
58200 0.62560760 1.01146338 32.97938306
58300 0.58107464 1.08536573 30.53466573
58400 0.58745683 1.05070852 33.73127151
58500 0.55224242 1.01960300 46.96344845
58600 0.56344134 1.07604034 35.66299889
58700 0.61708434 1.03593585 30.18759135
58800 0.61758609 1.06835897 25.30209728
58900 0.57182711 1.03800325 39.15290650
59000 0.59257270 1.07669638 29.11493243
59100 0.57643650 1.08645138 31.43696320
59200 0.61378254 1.04580177 29.22701830
59300 0.60566478 1.08284959 25.74519809
59400 0.57318103 1.02557774 40.93498574
59500 0.48717711 1.10985418 52.99221381
59600 0.60097259 1.07495090 27.62459240
59700 0.57161230 1.10638831 30.46204416
59800 0.57668519 1.10155092 29.78086356
59900 0.58805139 0.99987318 42.48647758
60000 0.62017526 1.03968883 29.01830447
60100 0.58023761 1.15377487 25.21613615
60200 0.63384627 1.07611722 21.47700338
60300 0.58931825 1.09740717 27.45604452
60400 0.60345263 1.11750875 22.71783708
60500 0.60748530 1.09003529 24.57707466
60600 0.59240538 1.12200409 24.58944337
60700 0.54742733 1.08171403 38.89226175
60800 0.59848032 1.09800445 25.50663738
60900 0.59957467 1.04498964 32.09926296
61000 0.63102970 1.03985848 27.09813367
61100 0.60727656 1.10538743 23.04693131
61200 0.54575464 1.11327727 36.08076831
61300 0.59348955 1.11924609 24.58387923
61400 0.59170765 1.06476348 30.83731003
61500 0.61468782 1.13014427 19.61021324
61600 0.63104848 1.05797934 24.35724200
61700 0.57336431 1.06263991 35.11576432
61800 0.59282719 1.06822646 30.14241980
61900 0.56634561 1.10428579 31.87779207
62000 0.59058670 1.11668063 25.39802434
62100 0.59984827 1.10584146 24.46327327
62200 0.59099959 1.06887480 30.43749524
62300 0.64416394 1.02623399 27.23975200
62400 0.65756632 1.09897636 15.24656517
62500 0.60594296 1.03830428 31.90182178
62600 0.61772964 0.93607691 51.43894166
62700 0.59072204 1.10772955 26.15555116
62800 0.60935431 1.10537598 22.64974190
62900 0.54641969 0.96814204 59.03054583
63000 0.55298477 1.11778017 33.88831106
63100 0.59649572 1.10365805 25.34788135
63200 0.59560018 1.15024457 22.12744485
63300 0.63189654 1.06311545 23.49807604
63400 0.56097338 1.07268996 36.67078522
63500 0.61814197 1.07346647 24.54153934
63600 0.56564967 1.12720125 30.10986742
63700 0.59152246 1.07478556 29.57077060
63800 0.56052774 1.03844639 41.72326521
63900 0.59719720 1.05644920 30.86790486
64000 0.55632147 1.07020505 38.11297754
64100 0.56590271 1.06044904 37.13800578
64200 0.56846576 1.05468286 37.36258765
64300 0.59478414 1.03214109 35.14508090
64400 0.57938182 1.05035675 35.53274266
64500 0.53559895 1.06897182 43.53814951
64600 0.65408653 1.04878568 22.07825548
64700 0.59292136 1.04622792 33.26370817
64800 0.57450087 1.06369189 34.71487982
64900 0.57064908 1.10214461 31.08876175
65000 0.58526544 1.06392120 32.31418552
65100 0.53748968 1.05047501 45.63469374
65200 0.57973022 1.08423501 30.96015354
65300 0.61216557 1.01120044 35.46352286
65400 0.53414027 1.10689867 39.67462649
65500 0.59196632 1.08039159 28.79209283
65600 0.59064685 1.07799655 29.35679099
65700 0.58795452 1.04930829 33.83563816
65800 0.60532970 1.06983060 27.42029948
65900 0.61156261 1.05064648 28.90756132
66000 0.60423495 1.05753936 29.30949378
66100 0.55322064 1.09231513 36.24804249
66200 0.55189207 1.02321992 46.40437123
66300 0.59872185 1.03715846 33.51512981
66400 0.59174893 1.05438890 32.28555045
66500 0.54575833 1.04284126 44.66884864
66600 0.59168480 1.03856914 34.72757218
66700 0.56055190 1.14449167 30.20828379
66800 0.57148093 1.11133139 30.04154340
66900 0.60096613 1.10086852 24.72076516
67000 0.65259421 1.08136558 17.90129605
67100 0.56405429 1.07835313 35.23416914
67200 0.55094047 1.05648187 41.31405273
67300 0.59408388 1.09098461 27.14290140
67400 0.55342460 1.07679914 37.98893853
67500 0.57141117 1.01754688 42.77099762
67600 0.59142484 1.11954512 24.98829288
67700 0.58977936 1.07151170 30.35098131
67800 0.55534511 1.08752933 36.25283399
67900 0.60237425 1.11264614 23.34331619
68000 0.61404257 1.03449134 30.98664042
68100 0.58688494 1.03623492 36.11851462
68200 0.61162717 1.01301210 35.22440040
68300 0.61271000 1.02683235 32.53228872
68400 0.54179944 1.06125068 42.95945180
68500 0.58264951 1.05653667 33.91148249
68600 0.60284193 1.03007548 33.87282286
68700 0.57451471 1.06360775 34.72323170
68800 0.54387087 1.07665929 40.40752937
68900 0.56714655 1.02556010 42.32500559
69000 0.55538207 1.08311806 36.74965941
69100 0.59969466 0.99988399 40.08432250
69200 0.57034152 1.09658109 31.71924559
69300 0.57109396 1.05608620 36.55457936
69400 0.59805292 1.09943225 25.44824784
69500 0.60116576 1.13508703 21.87437461
69600 0.58249271 1.04410585 35.80620374
69700 0.56080818 1.03927368 41.52283932
69800 0.59695462 1.00647985 39.33873715
69900 0.58541746 1.04734597 34.67445956
70000 0.59026622 1.03318116 35.90839176
70100 0.55331869 1.11803835 33.78468975
70200 0.62151309 1.00433264 35.07164559
70300 0.59384197 1.08309024 28.08451199
70400 0.58856936 1.02703975 37.30908229
70500 0.65118068 1.06493964 20.19424517
70600 0.59092681 1.04132334 34.44494079
70700 0.55567231 1.05593367 40.22556553
70800 0.53274939 1.07225209 43.87120716
70900 0.57275414 1.11970388 29.04407316
71000 0.58679857 1.06788859 31.45413635
71100 0.56478324 1.03991938 40.47636521
71200 0.59682077 1.03760368 33.82718182
71300 0.57356051 1.09516924 31.13216553
71400 0.59842414 1.07219900 28.48296089
71500 0.61888914 1.09666809 21.73931417
71600 0.56982130 1.13519817 28.59075592
71700 0.54383648 1.09729927 38.08359401
71800 0.58854148 1.00269728 41.82153406
71900 0.62455188 1.05078539 26.52352119
72000 0.54320848 1.09625068 38.35290312
72100 0.60374826 1.10070996 24.18662883
72200 0.59952091 1.07270068 28.19849029
72300 0.56020914 1.10285699 33.46820998
72400 0.58300523 1.11019110 27.57618336
72500 0.58806867 1.10783488 26.70465004
72600 0.56395124 1.04082038 40.52858393
72700 0.61175698 1.06356522 27.02494297
72800 0.62613177 1.01740097 31.78628338
72900 0.58901742 1.12668480 24.94438423
73000 0.60697349 1.09733990 23.89916486
73100 0.57325055 1.09408645 31.31649621
73200 0.64855859 1.00664017 30.16126191
73300 0.58785220 1.10892004 26.65112423
73400 0.59457777 1.04532116 33.06191653
73500 0.56719544 1.10294368 31.80894624
73600 0.60348357 1.06715502 28.13324838
73700 0.54975743 1.04638745 43.10907989
73800 0.57621031 1.11188669 28.92289116
73900 0.56527203 1.08615596 34.02884174
74000 0.58827249 1.07182874 30.62820443
74100 0.57209061 1.11283110 29.77055403
74200 0.59142730 1.04635166 33.55519138
74300 0.56995688 1.06258704 35.90107893
74400 0.61026100 1.13684907 19.99446427
74500 0.57328456 0.99687259 46.33031634
74600 0.54780991 1.10598140 36.21966843
74700 0.60910248 1.03857753 31.24953845
74800 0.57414405 1.08866160 31.70357465
74900 0.57551307 1.08747307 31.52834463
75000 0.62573881 1.03036821 29.57095185
75100 0.56810101 1.06002791 36.68466370
75200 0.57956069 1.04674253 36.04067002
75300 0.53612995 1.08434683 41.50153073
75400 0.54486044 1.08356972 39.32610276
75500 0.56262947 1.07091013 36.50448162
75600 0.54155687 1.10078400 38.31833418
75700 0.56250610 1.01678443 44.98564784
75800 0.56394269 1.09478101 33.39704507
75900 0.61400154 1.05615868 27.64287578
76000 0.58468745 1.02512382 38.47058697
76100 0.61700088 1.06504312 25.85101827
76200 0.60593546 1.02325460 34.44999114
76300 0.55585117 1.14159234 31.51005337
76400 0.54320949 1.02629906 48.05669096
76500 0.58995190 1.03392996 35.84973065
76600 0.61000181 1.04710569 29.73799197
76700 0.60946120 1.07921713 25.44676700
76800 0.61600368 1.10853819 21.10995470
76900 0.59371557 1.05959527 31.13337769
77000 0.60486170 1.09852129 24.18844231
77100 0.64053949 1.04849493 24.19072169
77200 0.54876195 1.10149408 36.41198823
77300 0.60135516 1.07846480 27.11528809
77400 0.56286519 1.03180496 42.26124488
77500 0.56807112 1.08352450 33.67877463
77600 0.59833956 1.05035903 31.52967656
77700 0.58696195 1.05223454 33.60992012
77800 0.58397827 1.09655463 28.68316609
77900 0.60722947 1.06325856 27.92934953
78000 0.63904507 1.07887580 20.28878152
78100 0.61511442 1.05829663 27.13126262
78200 0.54137672 1.08250486 40.34555355
78300 0.56874514 1.04225993 39.18037099
78400 0.57778367 1.05085948 35.81149622
78500 0.59481148 1.12791429 23.64934002
78600 0.63028050 1.11500879 18.01410761
78700 0.60275151 1.06538779 28.51370722
78800 0.60388959 1.05094387 30.33851092
78900 0.59090384 1.05385991 32.53906515
79000 0.60620292 1.11235284 22.61966609
79100 0.53919671 1.02932303 48.57449303
79200 0.56879198 1.09946427 31.78229112
79300 0.60998739 1.07687066 25.63281216
79400 0.62140402 1.04924436 27.31189423
79500 0.60702978 1.05233610 29.52106763
79600 0.57400694 1.05524050 36.01408846
79700 0.59113521 1.10198001 26.61620948
79800 0.62427858 1.06222847 24.92950637
79900 0.56337008 1.11166770 31.89815739
80000 0.60898977 1.03973319 31.08518006
80100 0.56674281 1.02383085 42.72224430
80200 0.54544610 1.04815242 43.92768880
80300 0.59946405 1.11477095 23.73932823
80400 0.56411623 1.10300152 32.52493023
80500 0.54951850 1.08567814 37.90523509
80600 0.56041824 1.05605404 39.05992985
80700 0.53621302 1.08472579 41.43585728
80800 0.54633906 1.06756804 40.94104805
80900 0.56353222 1.08549666 34.51401307
81000 0.58824488 1.08079177 29.52541716
81100 0.56390559 1.09049326 33.86614718
81200 0.62923890 1.04596987 26.44231740
81300 0.58764789 1.06602263 31.52167617
81400 0.60505101 1.09505013 24.50979142
81500 0.61561835 1.08778690 23.29418671
81600 0.62269246 1.01140579 33.50286947
81700 0.57902710 1.04236763 36.83849291
81800 0.58378308 1.04344913 35.62896522
81900 0.60695923 0.96842816 45.44512841
82000 0.63010074 1.05455590 25.00987184
82100 0.55007483 1.11281814 35.03163340
82200 0.51443297 1.06314909 50.13834897
82300 0.56810163 1.02443339 42.30024494
82400 0.56954414 1.06703404 35.39492512
82500 0.59134065 1.05340747 32.51404721
82600 0.57412155 1.07447803 33.38841899
82700 0.58080380 1.03544169 37.56320625
82800 0.62659611 1.02912434 29.63370023
82900 0.58259711 1.10607302 28.04314617
83000 0.59978818 1.06875879 28.65451433
83100 0.59664058 1.04051753 33.39485680
83200 0.57080066 1.11607816 29.78760682
83300 0.57749236 1.07531654 32.52780699
83400 0.54550761 1.00906068 50.61209983
83500 0.59859246 1.07532659 28.05422724
83600 0.57913333 1.04718680 36.06698023
83700 0.59255787 1.02319221 37.14661716
83800 0.58835683 1.06350357 31.71205286
83900 0.64603105 1.04997324 23.10723211
84000 0.53034207 1.09473195 41.89838021
84100 0.60661624 1.08020275 25.87432951
84200 0.56937812 1.09962782 31.63051362
84300 0.59469643 1.01299675 38.55988671
84400 0.63763187 1.03222089 27.25661952
84500 0.58979156 1.06154859 31.67819140
84600 0.55912088 1.00591338 47.84618315
84700 0.55271958 1.11630019 34.07663078
84800 0.60429773 0.99482318 40.19845322
84900 0.57577097 1.09267793 30.89834270
85000 0.57075781 1.10249289 31.02980933
85100 0.58110246 1.05561001 34.38230067
85200 0.58675972 0.98368426 46.13195882
85300 0.57699229 1.09744658 30.12482038
85400 0.54921105 1.04795609 43.00622440
85500 0.60412853 1.11341110 22.93163581
85600 0.63701721 1.01327050 30.71564819
85700 0.61009263 1.07564614 25.76434530
85800 0.53212895 1.06987076 44.34425839
85900 0.62878097 1.02156299 30.57786174
86000 0.57205165 1.08772518 32.28304170
86100 0.63511809 1.05109740 24.67901353
86200 0.55846525 1.06008164 38.95809268
86300 0.61019423 1.10827190 22.22013773
86400 0.60110954 1.06191676 29.31219788
86500 0.57996859 1.05148668 35.23501483
86600 0.54370188 1.10159767 37.68587122
86700 0.57766524 1.02351120 40.29052189
86800 0.53817108 1.08040123 41.42912409
86900 0.61781289 1.09331669 22.28673596
87000 0.59691429 1.04165593 33.15832412
87100 0.55601943 1.06738764 38.55627799
87200 0.57529823 1.08182782 32.22777400
87300 0.53329626 1.14567631 37.04097397
87400 0.62228187 1.09199098 21.62484114
87500 0.57746532 1.02502213 40.06946941
87600 0.57693477 1.03388390 38.67632702
87700 0.55151573 1.11898167 34.15420231
87800 0.58806501 1.06230968 31.93753192
87900 0.59961011 1.02772866 34.91676126
88000 0.62146632 1.02306877 31.58946775
88100 0.58819851 1.06031628 32.18570777
88200 0.55728816 1.05230588 40.36129617
88300 0.61079495 1.08596179 24.40163201
88400 0.58081574 1.05991013 33.83345615
88500 0.58215217 1.03717796 36.98434693
88600 0.58248151 1.03166886 37.82483200
88700 0.57135097 1.08419248 32.84588005
88800 0.55995665 1.10797443 33.04475904
88900 0.59069976 1.07123097 30.19402549
89000 0.61247259 1.10192850 22.39227356
89100 0.58261847 1.03538288 37.17676247
89200 0.61743745 1.08524127 23.24932487
89300 0.56607778 1.10573935 31.80233708
89400 0.57646073 1.09723560 30.26516332
89500 0.59418614 1.10097820 26.08233105
89600 0.55036540 1.03160934 45.33642402
89700 0.58264243 1.04341671 35.88131949
89800 0.57334590 1.06112582 35.32906097
89900 0.56078741 1.05846749 38.62705757
90000 0.60112456 1.10541000 24.24935405
90100 0.57024464 1.09819463 31.57592979
90200 0.60961286 1.09862063 23.26251908
90300 0.57988611 1.03672013 37.55522102
90400 0.49320907 1.06939571 55.58907717
90500 0.58406566 1.08990144 29.37466668
90600 0.53568075 1.12698761 37.59773692
90700 0.57512336 1.14146810 26.99774390
90800 0.58769412 1.03335380 36.42237010
90900 0.60433303 0.96125989 47.64120264
91000 0.56189420 1.04962807 39.65304388
91100 0.61653114 0.99248398 38.36185975
91200 0.58123540 1.09641011 29.29440764
91300 0.53607605 1.07710873 42.37905691
91400 0.56344465 1.05338366 38.72739279
91500 0.58098445 1.09824887 29.16055201
91600 0.58350153 1.08424877 30.13496806
91700 0.58332849 1.06176893 33.02718682
91800 0.58674144 1.02728280 37.65522295
91900 0.59439223 1.10258806 25.88181975
92000 0.58739369 1.14768210 23.96930244
92100 0.55623299 1.07741551 37.22465671
92200 0.57104843 1.02387685 41.71909296
92300 0.58470625 1.12339268 26.11004141
92400 0.60281915 1.05424243 30.06277930
92500 0.62870374 0.98613512 37.54029710
92600 0.57475285 1.09748165 30.62314467
92700 0.60509382 1.09516919 24.48895869
92800 0.60939853 1.07473503 26.01011544
92900 0.55781352 1.10244520 34.08561369
93000 0.57502396 1.05678460 35.56243440
93100 0.56166505 1.07425240 36.30800466
93200 0.56284235 1.11972313 31.34406385
93300 0.54920142 1.06384053 40.71966488
93400 0.58686482 1.08992205 28.77187919
93500 0.62278401 1.05925116 25.60787154
93600 0.55764467 1.02602042 44.50250056
93700 0.59164314 1.07760160 29.19697457
93800 0.63968572 1.04768016 24.45100209
93900 0.61121580 1.10117875 22.70255727
94000 0.56063185 1.09616834 34.03906138
94100 0.56619158 1.11003068 31.38042785
94200 0.60959354 1.06322720 27.48070910
94300 0.61852218 1.02588726 31.62472268
94400 0.54964236 1.04337915 43.60451842
94500 0.54711844 1.06961759 40.47432821
94600 0.60664161 1.03426419 32.42791186
94700 0.58181373 1.07847328 31.18699638
94800 0.59865248 1.05431962 30.88179834
94900 0.56237937 1.09766537 33.46797069
95000 0.58888910 1.01921044 38.62633914
95100 0.60943356 1.02721086 33.08582610
95200 0.56276481 1.02884633 42.78705720
95300 0.56445753 1.07840723 35.13252830
95400 0.54739605 1.09021070 37.93122413
95500 0.57515166 1.05854373 35.28332626
95600 0.57116862 1.08322586 33.00000020
95700 0.59847424 1.10290797 25.01974634
95800 0.62268643 1.07320797 23.75816120
95900 0.58294914 1.09546419 29.01940612
96000 0.57981531 1.08413765 30.95269135
96100 0.56095263 1.11434980 32.23980015
96200 0.58629510 1.10240467 27.59731590
96300 0.58310821 1.06373311 32.80535619
96400 0.60349883 1.11274443 23.11312224
96500 0.55611260 1.06549361 38.78651672
96600 0.60431215 1.07217497 27.31648542
96700 0.57826352 1.08783418 30.87411859
96800 0.61104917 1.03285387 31.82012134
96900 0.58273818 1.04418937 35.73982680
97000 0.56758487 1.12260159 30.00365194
97100 0.58537897 1.06444466 32.21871875
97200 0.54816167 1.06993032 40.17033369
97300 0.60038847 1.10357868 24.57091706
97400 0.56101508 1.05605315 38.91724455
97500 0.57958073 1.08478144 30.92998622
97600 0.60662531 1.01452810 35.89679873
97700 0.60977484 1.03179611 32.23908025
97800 0.58978107 1.01608433 39.00848631
97900 0.60714611 1.06550766 27.64040663
98000 0.56967889 1.05671642 36.78900007
98100 0.53675930 1.06252291 44.09780738
98200 0.62143755 1.00820791 34.33437659
98300 0.52399700 1.02119365 54.07468354
98400 0.63527677 1.04601536 25.42250564
98500 0.59402733 1.06315238 30.57600751
98600 0.53824277 1.11710153 37.69450186
98700 0.57068937 1.06749210 35.07085381
98800 0.53091944 1.09650134 41.55815928
98900 0.57611384 1.05248380 35.94302091
99000 0.60980118 1.03229494 32.15029026
99100 0.58928547 1.06373144 31.48486588
99200 0.58203905 1.02622559 38.85226218
99300 0.53778937 1.08847315 40.59632699
99400 0.60763766 1.12966931 20.97483730
99500 0.58010326 1.04640544 35.97293151
99600 0.59987811 1.07414562 27.94404797
99700 0.60031098 1.13845415 21.83179856
99800 0.60511566 1.01700446 35.73363623
99900 0.55457930 1.03693381 43.41095162
100000 0.57242089 1.00750179 44.42390675
100100 0.58013672 1.03653020 37.53111922
100200 0.60918830 1.10642049 22.58311577
100300 0.55928314 1.04927529 40.33127230
100400 0.61430444 1.03335357 31.12693788
100500 0.60630530 1.04864435 30.21308481
100600 0.62246453 1.06966672 24.25280365
100700 0.61140509 1.03369885 31.61205614
100800 0.58436979 1.03752793 36.44678032
100900 0.58073204 1.02774727 38.87472019
101000 0.61530801 1.01499989 34.16808643
101100 0.56302952 1.05389087 38.75144288
101200 0.57270094 1.05131375 36.88623180
101300 0.56124295 1.09365233 34.15737649
101400 0.60512214 1.05133750 30.03895985
101500 0.59427869 1.04366385 33.38112387
101600 0.56382273 1.06541791 36.94602025
101700 0.58870018 1.07154949 30.57357415
101800 0.56797188 1.06108707 36.56692531
101900 0.58980005 1.05692033 32.32790601
102000 0.61980300 1.06514464 25.32846353
102100 0.59620737 1.06660760 29.66248413
102200 0.57095833 1.11213629 30.09006012
102300 0.62790893 1.07125978 23.09468963
102400 0.59436445 1.00986674 39.21831701
102500 0.59535194 1.02256121 36.68267646
102600 0.57960409 1.06701440 33.12976345
102700 0.58710744 1.14071513 24.41896853
102800 0.56306056 1.01518855 45.14778457
102900 0.58462185 1.04314342 35.49586742
103000 0.55698146 1.02813491 44.29780872
103100 0.56694131 1.01325111 44.59575020
103200 0.58722814 1.08859291 28.84170122
103300 0.57826703 1.03398333 38.36352221
103400 0.54905414 1.09244965 37.27045136
103500 0.58815621 1.09586436 27.86101260
103600 0.57264919 1.07617071 33.51104282
103700 0.56508842 1.02982614 42.07129717
103800 0.58305367 1.06078122 33.22378840
103900 0.61527883 1.07553998 24.80610370
104000 0.56619837 1.06046541 37.06655198
104100 0.58538736 1.09086260 28.98477871
104200 0.62980542 1.01716597 31.19723915
104300 0.58278069 1.01935016 39.90929748
104400 0.60850776 1.05809778 28.40275889
104500 0.62809059 1.07477361 22.61724817
104600 0.61324707 1.11076564 21.41971526
104700 0.60172766 1.04530092 31.62186289
104800 0.58917612 1.07849434 29.60516762
104900 0.60365083 1.06612373 28.23792548
105000 0.58636846 1.07197271 31.01471141
105100 0.58684795 1.07115812 31.01701395
105200 0.63939906 1.03035514 27.28601971
105300 0.64995978 1.04606078 23.10467530
105400 0.57681579 1.11436719 28.57208558
105500 0.51368045 1.10904299 45.12603221
105600 0.60317469 1.02572956 34.55519421
105700 0.58240884 1.08629434 30.13744495
105800 0.63221919 1.05939535 23.96003302
105900 0.55653073 1.08569371 36.17160558
106000 0.57149850 1.10745563 30.38869829
106100 0.58741651 1.08097253 29.67963910
106200 0.60041075 1.08935827 26.03872973
106300 0.61938619 1.01755497 32.95376906
106400 0.56734015 1.03417788 40.81379058
106500 0.60711230 1.08532969 25.17747267
106600 0.52701055 1.07549226 45.01270879
106700 0.55093274 1.05745094 41.17736827
106800 0.58909090 1.03440900 35.95151397
106900 0.58554368 1.11490923 26.61597608
107000 0.60847573 1.10727259 22.63995877
107100 0.58204689 1.07970605 30.98709686
107200 0.54881877 1.01238486 49.14572408
107300 0.56880063 1.04544529 38.67015238
107400 0.60386599 1.08416026 25.94369770
107500 0.56723985 1.10474073 31.62580911
107600 0.61511144 1.06642212 26.01341411
107700 0.57943010 1.08636996 30.78143365
107800 0.55383148 1.02431572 45.73195477
107900 0.57008525 1.03615266 39.85337134
108000 0.60606311 1.04916787 30.18092505
108100 0.57385368 1.09822335 30.75032266
108200 0.60208358 1.05998271 29.38787586
108300 0.57569324 1.06913920 33.71903647
108400 0.56121247 1.09757283 33.75540525
108500 0.57750479 1.11235930 28.59250479
108600 0.60301908 1.02914272 33.99684731
108700 0.60149581 1.04740648 31.34434842
108800 0.54442522 1.09109753 38.58910846
108900 0.56631845 1.07484660 35.13522002
109000 0.58297449 1.02405254 39.02879041
109100 0.56351494 1.00717067 46.55416693
109200 0.60132986 1.04270110 32.10638331
109300 0.66248936 1.05545054 19.90186125
109400 0.57600314 1.08456574 31.74983154
109500 0.55706238 1.02616093 44.61935509
109600 0.54618264 1.09451623 37.77503808
109700 0.59368844 1.08319397 28.10405432
109800 0.61634535 1.12662202 19.55667998
109900 0.56499723 1.08691189 34.00761230
110000 0.52113714 1.05147116 49.91265575
110100 0.57140888 1.01982646 42.35820323
110200 0.62648742 0.97779793 39.74018856
110300 0.60677626 1.08607961 25.15663539
110400 0.56997136 1.07013799 34.88865930
110500 0.57360313 1.06806761 34.33084893
110600 0.59245882 1.09221251 27.34574358
110700 0.61424472 1.07174246 25.47751121
110800 0.57989545 1.10096642 29.12683180
110900 0.62035431 1.10196169 20.94204194
111000 0.55381734 1.08058192 37.43329072
111100 0.61195117 1.08525720 24.26413576
111200 0.55940600 1.06552650 37.98429677
111300 0.60423483 1.05032652 30.36307540
111400 0.61316815 1.09245679 23.23584106
111500 0.56089791 1.09979899 33.60502579
111600 0.60893182 1.00419555 37.42321562
111700 0.55018685 1.05860905 41.19900598
111800 0.58779734 1.09863693 27.65221996
111900 0.59961835 1.08620431 26.55113378
112000 0.53569690 1.09640145 40.29439276
112100 0.58248786 1.06833442 32.32367927
112200 0.58103160 1.04930827 35.32757926
112300 0.61262008 1.07700399 25.11962706
112400 0.58629217 1.06901779 31.41368745
112500 0.60878126 1.10507850 22.78734816
112600 0.61690188 1.10636972 21.14577454
112700 0.62097977 1.12733954 18.66389269
112800 0.57862718 1.11372898 28.22430816
112900 0.56598620 1.10952372 31.47420801
113000 0.59935181 1.07691089 27.70531193
113100 0.57875725 1.11186975 28.35764733
113200 0.58106132 1.12094803 27.09167835
113300 0.63704757 1.06413161 22.50685755
113400 0.58880574 1.07502418 30.11098542
113500 0.59218020 1.05398894 32.25414921
113600 0.63590126 1.08746659 19.79608241
113700 0.56831866 1.07664117 34.44682140
113800 0.58102608 1.10231954 28.74552603
113900 0.59193039 1.15663926 22.58655730
114000 0.57103860 1.10000731 31.21092897
114100 0.54142168 1.06283823 42.83804970
114200 0.64724926 1.05178561 22.65014655
114300 0.60652617 1.09441559 24.29009503
114400 0.59456254 1.05282301 31.93280886
114500 0.57824733 1.10016656 29.57048193
114600 0.56404580 1.03004502 42.27953844
114700 0.56957664 1.09738642 31.81223659
114800 0.58258899 1.05706661 33.84875101
114900 0.59408177 1.05264302 32.05819920
115000 0.63553337 1.04532124 25.48739565
115100 0.57948361 1.05849276 34.32588843
115200 0.56186438 1.04451234 40.44249159
115300 0.56239153 1.13446987 30.37599113
115400 0.55439759 1.05105271 41.25291887
115500 0.54316522 1.09891066 38.09157926
115600 0.56919182 1.01075311 44.54340091
115700 0.60101537 1.04900506 31.19717692
115800 0.59862365 1.05788842 30.37406789
115900 0.56144184 1.11087666 32.42648309
116000 0.59172659 1.07299979 29.75343444
116100 0.57989784 1.08174565 31.21452653
116200 0.65746345 1.06179554 19.70857050
116300 0.55015933 1.08408608 37.92819930
116400 0.61925913 1.03906153 29.28422557
116500 0.57529562 1.10199062 30.04894864
116600 0.62846512 1.07314679 22.75797710
116700 0.57990918 1.06544313 33.27275996
116800 0.59240131 1.05591284 31.92916410
116900 0.64799796 1.03175550 25.70541549
117000 0.51959196 1.07121574 47.60702729
117100 0.56090488 1.06628405 37.52321470
117200 0.54697379 1.08040391 39.16274500
117300 0.53072050 1.05195348 47.21461132
117400 0.58345934 1.06939233 31.97410984
117500 0.55250478 1.06978412 39.10503037
117600 0.55067116 1.11651934 34.56694445
117700 0.59687580 1.09041270 26.63440740
117800 0.59376481 1.05123000 32.33273332
117900 0.57836943 1.07447315 32.43855079
118000 0.56305659 1.08040658 35.22238351
118100 0.57251461 1.03241897 39.91650195
118200 0.57384154 1.04600819 37.43056422
118300 0.58189418 1.04167360 36.31869814
118400 0.56639990 1.06601943 36.25989984
118500 0.57742522 1.02717397 39.70418368
118600 0.62710991 1.01385024 32.27135765
118700 0.58941471 1.04811028 33.70832404
118800 0.60361578 1.04541093 31.23227018
118900 0.63892720 1.06845118 21.62476940
119000 0.53561815 1.06779500 43.68796122
119100 0.57108009 1.04890623 37.61682762
119200 0.58133470 1.03618998 37.32411888
119300 0.59794305 1.03711312 33.67957452
119400 0.56971944 1.10648315 30.88726772
119500 0.59247981 1.03748509 34.73786231
119600 0.61393393 1.00435196 36.44936821
119700 0.63831435 1.08297081 19.91904088
119800 0.58150660 1.06583859 32.86932557
119900 0.58456626 1.06976270 31.68672623
120000 0.55041678 1.00845417 49.49079403
120100 0.56921890 1.08212978 33.57665121
120200 0.56877210 1.04619609 38.56099123
120300 0.57497256 1.01510488 42.41177811
120400 0.58853520 1.04704133 34.05685744
120500 0.60141105 1.05217167 30.64539421
120600 0.59600612 1.10563754 25.25888842
120700 0.60814701 1.02760369 33.26402755
120800 0.53351452 1.05496012 46.02553878
120900 0.56764722 1.07351555 34.99306454
121000 0.57941991 1.03603328 37.77032980
121100 0.52287606 1.08203474 45.35673929
121200 0.57841914 1.06512583 33.64455970
121300 0.59603673 1.04233420 33.22975995
121400 0.53529681 1.10932433 39.14492718
121500 0.62143291 1.05012159 27.17487238
121600 0.59525239 1.04822544 32.47855122
121700 0.58137380 1.07826853 31.30798273
121800 0.59003006 1.02492488 37.36933571
121900 0.57742748 1.08071162 31.88412121
122000 0.59134406 1.04587392 33.64607373
122100 0.60517741 1.06050295 28.70763344
122200 0.59121083 1.04150877 34.35619365
122300 0.57992397 1.08896802 30.38077923
122400 0.62774611 1.08783622 21.12605825
122500 0.58912590 1.09271158 27.98934639
122600 0.59240470 1.07854833 28.92315849
122700 0.57798112 1.14832381 25.98140542
122800 0.59474873 1.06625293 30.00818115
122900 0.57897158 1.04647237 36.21214846
123000 0.54078762 1.08698397 39.98184078
123100 0.60901774 1.05304886 29.03443077
123200 0.60119461 1.06352494 29.07451286
123300 0.60080975 1.05060078 30.99844172
123400 0.54888338 1.13504118 33.63960220
123500 0.57552606 1.08097430 32.27783386
123600 0.65397832 1.04562409 22.57712568
123700 0.60640900 1.10713558 23.05063807
123800 0.55675600 1.06230144 39.06426879
123900 0.55958112 1.08890610 35.07154708
124000 0.55302761 1.09852111 35.64666281
124100 0.58283270 1.03655905 36.93728978
124200 0.54966310 1.05876235 41.30831876
124300 0.56586968 1.03757574 40.59932335
124400 0.63521978 1.07444648 21.45810245
124500 0.60569664 1.03925580 31.79624734
124600 0.60447149 1.09354665 24.78185619
124700 0.60015129 1.04302217 32.29077292
124800 0.55334907 1.03211994 44.51019890
124900 0.59742778 1.03985404 33.34111673
125000 0.60518743 1.06277468 28.39136204
125100 0.59145904 1.04144577 34.31438735
125200 0.61254614 1.06102008 27.22718356
125300 0.64258773 1.08602836 18.88407929
125400 0.61999518 1.07692671 23.77438478
125500 0.60400155 1.06058914 28.92538995
125600 0.58518464 1.07303483 31.13289763
125700 0.61105063 1.09677374 23.17876214
125800 0.58091417 1.05494533 34.51972807
125900 0.59221311 1.03942266 34.48023669
126000 0.53153042 1.07131685 44.31763426
126100 0.61705257 1.07286704 24.81627551
126200 0.59309122 1.08218706 28.34556622
126300 0.56089382 1.09479396 34.12003789
126400 0.60446223 1.02009348 35.30068717
126500 0.65265787 1.06715053 19.67934276
126600 0.56166712 1.05441741 38.99842425
126700 0.57921097 1.04792843 35.93677972
126800 0.58496154 1.10681142 27.46282510
126900 0.57569776 1.05417417 35.78833354
127000 0.66987286 1.05552608 18.90289347
127100 0.59715768 1.02547986 35.80114230
127200 0.60745220 1.00635999 37.28555423
127300 0.59446049 0.93665399 55.79880621
127400 0.53674639 1.05772181 44.77277298
127500 0.55763519 1.05112299 40.45253174
127600 0.61769955 1.02315439 32.25391181
127700 0.59503886 1.12025271 24.18434875
127800 0.57258931 1.04389726 38.04184469
127900 0.60428883 1.03625673 32.55735991
128000 0.61228835 1.06447284 26.80163626
128100 0.54004114 1.15052065 35.01340744
128200 0.58091814 1.04417861 36.13858468
128300 0.59177535 1.08285701 28.53999200
128400 0.58619383 1.08083543 29.95663697
128500 0.55299368 1.03451068 44.19941749
128600 0.60656161 1.05497200 29.22576580
128700 0.55282057 1.12146686 33.63256303
128800 0.56115002 1.06016913 38.30099352
128900 0.59450812 1.09079103 27.07675666
129000 0.57290046 1.10966780 29.86705381
129100 0.59789377 1.08474216 27.06564929
129200 0.58395752 1.09162738 29.20948897
129300 0.56394236 1.09122308 33.77781291
129400 0.54928422 1.05565613 41.84677689
129500 0.57197864 1.05284719 36.82384634
129600 0.60862866 1.05038399 29.50396975
129700 0.55566690 1.02033942 45.98829390
129800 0.59829032 1.03483594 33.98298130
129900 0.58839688 1.01572077 39.36735784
130000 0.58143919 1.08201417 30.84474216
130100 0.57911431 1.02510735 39.68896424
130200 0.56225880 1.09688621 33.57666633
130300 0.61316434 1.07450035 25.32886285
130400 0.61721126 1.08966215 22.79308237
130500 0.61175705 1.01779185 34.31760892
130600 0.57455899 1.08745984 31.74446932
130700 0.58007051 1.08738005 30.52611636
130800 0.52706530 1.12638505 39.95625567
130900 0.60213411 1.02767791 34.42290663
131000 0.56308886 1.09223714 33.86986115
131100 0.60333690 1.08537836 25.90724873
131200 0.55689117 1.03430809 43.27785693
131300 0.58312299 1.04013567 36.29612010
131400 0.56320534 1.03329530 41.93108339
131500 0.62059177 1.07513387 23.88943239
131600 0.59689212 1.08084952 27.72482471
131700 0.56338968 1.04710880 39.68008177
131800 0.57890847 1.09715296 29.72948827
131900 0.58067793 1.07454715 31.92029361
132000 0.55926014 1.07175250 37.20154988
132100 0.53914566 1.07259812 42.13811274
132200 0.55602887 1.09796211 34.96682041
132300 0.57583016 1.07301121 33.18913514
132400 0.57352197 1.01217496 43.28527151
132500 0.61521921 1.07166170 25.30732975
132600 0.60075082 1.04924491 31.21366763
132700 0.56845880 1.10640714 31.18547566
132800 0.58607083 1.05492361 33.40642570
132900 0.56640012 1.08510954 33.88436140
133000 0.64034188 1.00605355 31.55297113
133100 0.52309626 1.08139262 45.37169490
133200 0.61031691 1.14420029 19.54664087
133300 0.60613853 1.15320523 19.88600944
133400 0.57541751 1.06094845 34.88631472
133500 0.58824506 1.08399883 29.14821263
133600 0.62404578 1.06210047 24.98808381
133700 0.57614909 1.05921439 34.96490830
133800 0.59106262 1.09451375 27.39108861
133900 0.61191958 1.07372997 25.65918107
134000 0.57761726 1.05268343 35.57812870
134100 0.57638021 1.05968756 34.84669656
134200 0.56523768 1.07324609 35.58995068
134300 0.61080721 1.02205223 33.72966009
134400 0.57611879 1.05360197 35.77758867
134500 0.56533950 1.01811609 44.07365213
134600 0.59606892 1.04801821 32.34317594
134700 0.58885686 1.05202359 33.23922217
134800 0.62841453 1.03918420 27.65164884
134900 0.57080381 1.08374014 33.02362520
135000 0.54759807 1.09039221 37.86030192
135100 0.55716710 1.07419944 37.39679926
135200 0.60444014 1.07924306 26.41294803
135300 0.58253946 1.04436293 35.75599250
135400 0.58323227 1.06152894 33.08124196
135500 0.54072662 1.06587841 42.60564470
135600 0.60327005 1.08159131 26.36164583
135700 0.57376848 1.04734384 37.24230296
135800 0.57270230 1.12024759 29.01234567
135900 0.57862158 1.06341473 33.83197086
136000 0.61425199 1.07053133 25.63222991
136100 0.56323218 1.12607882 30.76166946
136200 0.55931373 1.05063466 40.11994391
136300 0.60457927 1.11888198 22.38469745
136400 0.56637078 1.09888324 32.40360610
136500 0.56140910 1.06918715 37.01880901
136600 0.56629516 1.05730926 37.48929918
136700 0.58748989 1.11157247 26.48998651
136800 0.55947261 1.05819610 38.98088583
136900 0.59863804 1.02605167 35.40233085
137000 0.55691613 1.12573020 32.30288484
137100 0.60854375 1.10811415 22.54925279
137200 0.62607427 1.06869671 23.74535638
137300 0.59997192 1.10069761 24.93609940
137400 0.59580705 1.02492423 36.17314279
137500 0.56869382 1.05635251 37.06857541
137600 0.61010250 1.09221384 23.83945745
137700 0.58602301 1.00523287 41.86019361
137800 0.53006787 1.08090208 43.52383322
137900 0.55380325 1.01822183 46.82807147
138000 0.56937866 1.07001401 35.04128088
138100 0.62336780 1.05812138 25.66423820
138200 0.61614880 1.07804888 24.33667028
138300 0.58792373 1.01183481 40.19124195
138400 0.64186180 1.02607587 27.62864564
138500 0.56529122 1.09832289 32.71322268
138600 0.55607201 1.05748376 39.90586984
138700 0.57111846 1.08421943 32.89595014
138800 0.60071109 1.10855989 24.03868091
138900 0.60850773 1.08831864 24.57100777
139000 0.60025651 1.01316734 37.40195097
139100 0.58587381 1.02896897 37.55081949
139200 0.60397766 1.03247498 33.24469552
139300 0.60297080 1.10785914 23.65522238
139400 0.59552665 1.12377362 23.80990647
139500 0.58662944 1.06350667 32.07871238
139600 0.58890215 1.01153483 40.04071192
139700 0.63319307 1.09331462 19.60316135
139800 0.62064186 1.10185986 20.90041488
139900 0.58539629 1.05535610 33.48830444
140000 0.57899840 0.97044485 50.76863731
140100 0.56069377 1.09978895 33.65486215
140200 0.59568326 1.12039092 24.04146765
140300 0.57186066 1.13476162 28.15180145
140400 0.55058066 1.07976246 38.33353683
140500 0.54985527 1.10067257 36.21916218
140600 0.55941006 1.08898093 35.10437747
140700 0.61948843 1.06987562 24.75839132
140800 0.56782648 1.05054236 38.12106407
140900 0.54537996 1.06539110 41.47546139
141000 0.58462464 1.11321653 26.95895716
141100 0.60409270 1.07039166 27.58899646
141200 0.54733007 1.04825570 43.43421236
141300 0.58536792 1.04656911 34.80398388
141400 0.55980218 1.07257418 36.96616590
141500 0.62900408 1.00848459 32.95887783
141600 0.57148208 1.01791853 42.68705225
141700 0.58409876 1.04227800 35.74478860
141800 0.59785154 1.06639384 29.35730277
141900 0.58881285 1.01604179 39.22031836
142000 0.59319060 1.06871330 30.00316308
142100 0.56250590 1.05166471 39.20340287
142200 0.55811786 1.07707092 36.80926372
142300 0.57239325 1.07687640 33.48212656
142400 0.56337729 1.05651631 38.28893760
142500 0.55770742 1.07209766 37.53235203
142600 0.58914686 1.07465286 30.08547707
142700 0.58333288 1.14327691 25.08107412
142800 0.58074876 1.10914627 28.16275199
142900 0.55548992 1.11710865 33.32807839
143000 0.61210828 0.99328763 39.01665088
143100 0.64050288 1.04731604 24.37586129
143200 0.60202141 1.12878020 22.13389069
143300 0.55081939 1.06620814 39.99561972
143400 0.56197004 1.05927159 38.23137285
143500 0.53063897 1.11840089 39.60689109
143600 0.57476355 1.06062960 35.07778239
143700 0.59974078 1.08002398 27.24899976
143800 0.58717155 1.05856632 32.64971635
143900 0.55382447 1.10174300 35.12841555
144000 0.61949805 1.02017035 32.45982747
144100 0.57083211 1.04339595 38.52137637
144200 0.55670869 1.09609443 34.99351395
144300 0.58952740 1.03131043 36.37744407
144400 0.59825038 1.01867901 36.79010417
144500 0.56824081 1.06548058 35.90389829
144600 0.56667865 1.08781105 33.51260531
144700 0.63403303 1.02328000 29.38749714
144800 0.58021379 1.04244934 36.56409309
144900 0.62387939 1.03983657 28.33539670
145000 0.61576221 1.02870993 31.64192650
145100 0.59671286 1.08095564 27.74861113
145200 0.55684381 1.08551603 36.11575681
145300 0.57134567 1.11611264 29.65994667
145400 0.59791813 1.06050010 30.14865182
145500 0.55198182 1.06856912 39.39354776
145600 0.56860400 1.03254802 40.79213809
145700 0.60016067 1.07890028 27.30044987
145800 0.57402922 1.04283764 37.88140011
145900 0.58099638 0.98679360 46.70977744
146000 0.60895108 1.04872919 29.69127361
146100 0.58395454 1.06249506 32.79162508
146200 0.57175816 1.06348228 35.36571290
146300 0.61965880 1.07986964 23.47712642
146400 0.61210351 1.11523046 21.24548345
146500 0.59491950 1.08822090 27.27629011
146600 0.56775858 1.00926044 45.15882786
146700 0.60158762 1.01265399 37.23299913
146800 0.56912539 1.10804882 30.87905269
146900 0.59023083 1.09324424 27.69994937
147000 0.58737256 1.10165155 27.44142177
147100 0.64623514 1.08670199 18.24003543
147200 0.57323974 1.12952007 28.19381730
147300 0.60113422 1.03379821 33.58531531
147400 0.55497816 1.10738571 34.30655570
147500 0.59283932 1.07067523 29.82022141
147600 0.56579955 1.12315264 30.37768337
147700 0.61822879 1.05007734 27.75878909
147800 0.59027263 1.05259608 32.85674118
147900 0.59038108 1.01014320 39.99284807
148000 0.60561896 1.05683404 29.14024107
148100 0.57079852 1.13466859 28.40075500
148200 0.56256945 1.03666264 41.52617793
148300 0.53174455 1.07075462 44.33267621
148400 0.57669449 1.04787939 36.50301515
148500 0.60031786 1.11290539 23.72921391
148600 0.63538660 1.05848731 23.56170645
148700 0.61295463 1.07763477 24.97961088
148800 0.61742741 1.01821102 33.18999268
148900 0.54510335 1.12241183 35.49611400
149000 0.58836174 1.03047735 36.76434190
149100 0.57492561 1.02449670 40.72994478
149200 0.59172741 1.11038649 25.70402593
149300 0.60770933 1.02190698 34.34641326
149400 0.59505245 0.99993261 41.01522855
149500 0.60348821 1.02182045 35.18241808
149600 0.63106459 1.08785547 20.55778365
149700 0.65834058 0.99491429 31.06376952
149800 0.57659586 1.11260350 28.77377822
149900 0.59774066 1.14424566 22.00869283
150000 0.57659784 1.06263135 34.38933527
150100 0.64776961 1.07274737 19.68366230
150200 0.59296783 1.04040313 34.16674041
150300 0.58458154 0.99983491 43.23558875
150400 0.57649112 1.00138825 44.70142353
150500 0.59833199 1.05090084 31.45027403
150600 0.56399798 1.09599114 33.25739758
150700 0.55111429 1.06391393 40.23175629
150800 0.60486119 1.09103757 24.97598362
150900 0.59506658 1.03356398 34.84932705
151000 0.57848165 1.01727498 41.22940480
151100 0.55691272 1.02802474 44.33345658
151200 0.58185798 1.06585292 32.79069007
151300 0.55546170 1.09295950 35.62832419
151400 0.58380423 1.05859611 33.36783639
151500 0.57272899 1.01912826 42.18334781
151600 0.62060429 1.05452099 26.67348143
151700 0.54204338 1.03445125 46.97400205
151800 0.56214628 1.04991749 39.54957592
151900 0.60228585 1.12527115 22.33764354
152000 0.56380015 1.04138917 40.47388318
152100 0.55815820 1.09318977 34.94794092
152200 0.59988280 1.07061937 28.39311983
152300 0.59409454 1.07563874 28.93139161
152400 0.61205491 1.03269274 31.65753816
152500 0.54385169 0.96942543 59.38829554
152600 0.57518449 1.06120940 34.90242101
152700 0.60154467 1.03117785 33.94271887
152800 0.61528257 1.08567891 23.59491968
152900 0.66351759 1.04781768 20.89345273
153000 0.60346632 1.03622380 32.72406410
153100 0.57633458 1.03525686 38.58326236
153200 0.57759610 1.02134835 40.68995302
153300 0.57465876 1.06740932 34.17948076
153400 0.61382918 1.08483830 23.96089630
153500 0.56809772 1.02788784 41.70063172
153600 0.57365766 1.04060388 38.31898773
153700 0.56943110 1.07894807 33.90779407
153800 0.58026428 1.08761779 30.45677447
153900 0.59571639 1.03701968 34.14718889
154000 0.61533541 1.12344738 19.98065785
154100 0.57650369 1.15556932 25.96234276
154200 0.60064066 1.05317847 30.65035304
154300 0.59748379 1.04758610 32.12140496
154400 0.58658202 1.12618625 25.49785299
154500 0.54072047 1.04934015 44.96213132
154600 0.58853943 1.13279373 24.61612807
154700 0.57883925 1.09220833 30.26556104
154800 0.57932245 1.06650230 33.26010864
154900 0.61721210 1.13905440 18.56289027
155000 0.56921078 1.06429198 35.84016579
155100 0.62719441 1.02700634 29.89429019
155200 0.51911872 1.08987211 45.51122262
155300 0.57359972 1.12555055 28.39990442
155400 0.55462925 1.03415621 43.85548322
155500 0.62059610 1.04401095 28.25917171
155600 0.59605654 1.12048708 23.95762040
155700 0.56439090 1.09116766 33.67806352
155800 0.61784478 1.04842370 28.07795095
155900 0.61206027 1.08963444 23.75094909
156000 0.61404279 1.06463519 26.45185906
156100 0.61124175 1.07302870 25.87569398
156200 0.54140266 1.05974169 43.27248985
156300 0.61409233 1.03541579 30.82481153
156400 0.62019987 1.07930198 23.44804961
156500 0.65090495 1.09260969 16.88100616
156600 0.58745871 1.10725233 26.88796439
156700 0.60104083 1.09202539 25.62163304
156800 0.61129874 1.03109581 32.06839573
156900 0.59913312 1.00034981 40.10384968
157000 0.58681493 1.04920762 34.09310940
157100 0.57578098 1.07953762 32.39267825
157200 0.56901863 1.02849828 41.38261605
157300 0.59022063 1.05562524 32.42572883
157400 0.60405078 1.07730118 26.72554801
157500 0.51189188 1.11599658 45.03143260
157600 0.59880761 1.02423459 35.68592758
157700 0.56246898 1.10997322 32.26290317
157800 0.60154134 1.08794178 25.97144344
157900 0.59409375 1.07672296 28.79730611
158000 0.58490295 1.01395992 40.43882644
158100 0.59169958 1.13642588 23.71536691
158200 0.57730390 1.12182763 27.85223644
158300 0.58818039 1.08506736 29.03853019
158400 0.54597365 1.11397607 35.96475213
158500 0.60474821 1.07576717 26.77852871
158600 0.56965348 1.07759653 34.02106498
158700 0.58815981 1.07819696 29.85612347
158800 0.59249713 1.09219309 27.33988649
158900 0.59303978 1.04338504 33.68039050
159000 0.60574714 1.10062853 23.80443154
159100 0.59080328 1.08599545 28.38015202
159200 0.59339562 1.03444642 35.04667871
159300 0.55839975 1.10280777 33.90850490
159400 0.61450073 1.07562742 24.93925948
159500 0.60678427 1.05596164 29.03968417
159600 0.62884930 1.12084763 17.77883046
159700 0.58533667 1.10799592 27.27254725
159800 0.58952933 1.07568147 29.87650005
159900 0.52421188 1.13622510 40.06316290
160000 0.59684762 1.09154321 26.51688170
160100 0.54707918 1.14948640 33.26028279
160200 0.59717747 0.99923587 40.72160823
160300 0.58821003 1.10441481 26.99575950
160400 0.59247239 1.02603015 36.66660985
160500 0.58733920 1.04999051 33.86373020
160600 0.58455584 1.03607140 36.64438561
160700 0.62528947 1.07624534 22.91949361
160800 0.56980859 1.02520656 41.77041657
160900 0.55971600 1.12493558 31.68553401
161000 0.54341289 1.07361629 40.90489292
161100 0.61975645 1.07874697 23.59501635
161200 0.58196200 1.06785756 32.50109794
161300 0.61541837 1.01691623 33.79502234
161400 0.56739046 1.06162000 36.62811193
161500 0.58969723 1.09677997 27.44081546
161600 0.57783937 1.05756308 34.82181136
161700 0.64598968 1.03510880 25.45414388
161800 0.57287731 1.05102177 36.88961473
161900 0.59533998 1.03679739 34.26040652
162000 0.55702416 1.07736072 37.03882590
162100 0.58189424 1.05753267 33.93353096
162200 0.61843343 1.06734213 25.28226446
162300 0.54719098 1.06102475 41.61325971
162400 0.60703167 1.08160357 25.62724549
162500 0.64147842 1.05423479 23.18829453
162600 0.60347409 1.03608365 32.74550169
162700 0.60735718 1.04267020 30.93196105
162800 0.57291289 1.04394367 37.96106733
162900 0.55049654 1.10524217 35.61551182
163000 0.56844645 1.06559419 35.84098390
163100 0.59597453 1.07196747 29.00936097
163200 0.56105726 1.01503349 45.65312134
163300 0.58421182 1.09072018 29.25330892
163400 0.57650123 1.03695210 38.26815941
163500 0.51847272 1.05537259 50.08734834
163600 0.61847747 1.03172634 30.63322831
163700 0.56577744 1.07064917 35.79592333
163800 0.58561740 1.06224569 32.46807431
163900 0.60781110 1.07629486 26.11976672
164000 0.57349151 1.11332777 29.40908707
164100 0.60796993 1.06325871 27.78686488
164200 0.60590219 1.08068952 25.95447571
164300 0.61620033 1.02513170 32.18062043
164400 0.57035479 1.06050206 36.09829958
164500 0.57916579 1.06877151 32.99433292
164600 0.58914449 1.12523813 25.02469077
164700 0.62837660 1.02936607 29.28526572
164800 0.53746989 1.06174196 44.01867347
164900 0.58882426 1.08515803 28.89193524
165000 0.59845458 1.14301518 21.93391343
165100 0.58951965 1.05877129 32.12376410
165200 0.55386820 1.08231856 37.21489261
165300 0.59317134 1.12561909 24.15530676
165400 0.57384875 1.07003434 34.01772972
165500 0.56836825 1.09367051 32.47961303
165600 0.58338669 1.08319652 30.28218838
165700 0.64952117 1.07926958 18.60985754
165800 0.56177948 1.14191458 30.06146680
165900 0.57460092 1.09329231 31.09563717
166000 0.58841229 1.01518101 39.46370925
166100 0.62502557 1.07201105 23.49861040
166200 0.57399654 1.08077364 32.64624384
166300 0.57078318 1.11874631 29.57125703
166400 0.55402501 1.10214059 35.04008034
166500 0.56526686 1.04345523 39.80295488
166600 0.53780763 1.06160080 43.94958917
166700 0.55212928 1.06909889 39.28749678
166800 0.58005610 1.09083665 30.14597766
166900 0.58387515 1.10085784 28.26955995
167000 0.58040023 1.03297831 38.06015026
167100 0.58118280 1.01418560 41.20397793
167200 0.63470512 1.02519166 28.94017599
167300 0.54085197 1.09986340 38.59252016
167400 0.57439476 1.05674915 35.70926543
167500 0.55838792 1.07433632 37.08387889
167600 0.58025169 0.99495849 45.16566937
167700 0.57184823 1.04756699 37.64452702
167800 0.58479503 1.08351554 29.94090392
167900 0.54692534 1.03354547 45.87694783
168000 0.58760465 1.05682821 32.80497467
168100 0.59296924 1.09934101 26.49698368
168200 0.59288807 1.08586230 27.96138312
168300 0.58006208 1.05471654 34.73998627
168400 0.56391741 1.01626012 44.74766732
168500 0.60554135 1.04054177 31.62054626
168600 0.56944016 1.04226276 39.01943864
168700 0.62093457 1.04295347 28.36402030
168800 0.62995352 1.07012711 22.89138643
168900 0.58817232 1.14795503 23.78982242
169000 0.59213259 1.11881907 24.89960149
169100 0.59729724 1.03937469 33.44444838
169200 0.57632555 1.07619347 32.67915939
169300 0.60896227 1.05780264 28.35775059
169400 0.56892057 1.05189743 37.66603602
169500 0.55696354 1.09530546 35.01383404
169600 0.63303088 1.02447520 29.34382216
169700 0.56983753 1.07396506 34.42978333
169800 0.56796327 1.07991266 34.13100775
169900 0.59080756 1.05453073 32.46139261
170000 0.62226397 1.09574997 21.22908251
170100 0.60220274 1.10550632 24.02640654
170200 0.64604984 1.05566945 22.26597895
170300 0.60205206 1.09822725 24.77053938
170400 0.55990320 1.03248712 42.85351929
170500 0.57773844 1.09424962 30.29167337
170600 0.57047638 1.08372581 33.10039063
170700 0.59923906 1.05701433 30.37492803
170800 0.56496467 1.05923168 37.52866358
170900 0.58978624 1.02387971 37.60408908
171000 0.58337152 1.07218227 31.63263496
171100 0.55220189 1.06785039 39.43371153
171200 0.62238748 1.00773092 34.25680286
171300 0.58557061 1.09329324 28.68314776
171400 0.53988461 1.06215696 43.33035953
171500 0.62499642 1.11842081 18.64070905
171600 0.57332632 1.06459908 34.85718401
171700 0.55102663 1.08735098 37.33877107
171800 0.56716993 1.09410624 32.71166436
171900 0.55971238 1.04123043 41.47295917
172000 0.55609028 1.04668797 41.49826317
172100 0.57192383 1.06532197 35.07845636
172200 0.58770644 1.14301143 24.15812641
172300 0.54392119 1.10240718 37.55035900
172400 0.59693733 1.05504182 31.12366197
172500 0.59248078 1.09290102 27.26720953
172600 0.55747531 1.02744155 44.29732383
172700 0.56000315 1.14664094 30.22283926
172800 0.58113462 1.02018067 40.11852337
172900 0.59733655 1.06455985 29.70825454
173000 0.57956535 1.11594298 27.82850829
173100 0.57970492 1.09128663 30.17425954
173200 0.60201540 1.05901094 29.53790938
173300 0.60703156 1.08378541 25.37132462
173400 0.57962945 1.04703210 35.98117807
173500 0.55958355 1.04893974 40.30963473
173600 0.58898067 1.09530470 27.74513191
173700 0.63573816 1.01267433 31.03642966
173800 0.63893804 1.06050386 22.70006368
173900 0.56459305 1.08664946 34.13238938
174000 0.55961096 1.02895487 43.52166390
174100 0.59624861 1.09350224 26.42820152
174200 0.53079225 1.07859485 43.60601113
174300 0.55836077 1.06803224 37.90250327
174400 0.60780638 0.99218448 40.06283881
174500 0.59603118 1.05826932 30.84543254
174600 0.57247446 1.05344500 36.62312020
174700 0.61546944 1.10350381 21.68152103
174800 0.61316653 1.01642781 34.30274610
174900 0.55588332 1.14534824 31.28988300
175000 0.54564491 1.16694046 32.89472389
175100 0.58136231 1.04924884 35.26417456
175200 0.60754965 1.06042808 28.25872922
175300 0.59650365 1.12833683 23.27318742
175400 0.56301240 0.99890036 48.30209355
175500 0.55918240 1.12957350 31.47650450
175600 0.59513195 1.07326726 29.01605398
175700 0.61106644 1.00145934 37.55714264
175800 0.61856550 1.06592775 25.44692396
175900 0.61959975 1.06388996 25.53509672
176000 0.62511187 1.01411920 32.56876470
176100 0.55656995 1.09498089 35.14360198
176200 0.56860865 1.08991971 32.82981448
176300 0.55313972 1.11250971 34.29727390
176400 0.56041379 1.04573684 40.59933737
176500 0.60330372 1.07892469 26.67432965
176600 0.53803782 1.05275018 45.15334709
176700 0.57161317 1.09760852 31.32227883
176800 0.56408519 1.10179113 32.65039041
176900 0.61054620 1.05731349 28.12609102
177000 0.62182560 1.04424707 28.00254527
177100 0.59180187 1.06698923 30.51916296
177200 0.55581943 1.05300157 40.61634540
177300 0.57147523 1.10930744 30.22435629
177400 0.59386987 1.08730353 27.59506212
177500 0.55616661 1.10108499 34.61945166
177600 0.55923313 1.09820358 34.16559818
177700 0.56453236 1.03396729 41.50593375
177800 0.58555485 1.09457095 28.55100308
177900 0.62192772 1.04616206 27.68792547
178000 0.56515526 1.04252653 39.97497334
178100 0.65235944 1.06090320 20.57282637
178200 0.61030869 1.04308325 30.30282902
178300 0.56685516 1.03831876 40.24866897
178400 0.60477155 1.07485677 26.88748792
178500 0.58069170 1.08669363 30.46723254
178600 0.53532761 1.05866675 45.01328111
178700 0.61056181 1.03148106 32.14272904
178800 0.55319867 1.17789512 30.69976126
178900 0.63549085 1.10305967 18.23034436
179000 0.58108014 1.07384567 31.92041083
179100 0.52541855 1.07218302 45.86607821
179200 0.62273825 1.06556997 24.74658090
179300 0.58965438 1.05647929 32.42173786
179400 0.54998395 1.07961299 38.50052819
179500 0.58765553 1.09716649 27.83245194
179600 0.62805629 1.07847402 22.16660199
179700 0.55312030 0.99476310 51.53588568
179800 0.61029218 1.07884004 25.33439731
179900 0.60255150 1.07707564 27.04815291
180000 0.56073286 1.14614008 30.07482833
180100 0.62416379 1.08178699 22.44634498
180200 0.57221980 1.02748397 40.82279888
180300 0.59912178 1.14166320 21.87762000
180400 0.60523841 1.10965852 23.04682945
180500 0.64376574 1.10514655 16.70316055
180600 0.62173910 1.07541678 23.64896404
180700 0.58067804 1.06860878 32.68288644
180800 0.58218969 1.14496761 25.23494809
180900 0.59567737 1.09571706 26.31133413
181000 0.57034109 1.05879108 36.34158600
181100 0.59181560 1.04760994 33.28173708
181200 0.58959753 1.11522717 25.72781488
181300 0.61360593 1.12309636 20.32845932
181400 0.58609796 1.09421248 28.47254110
181500 0.59219838 1.07847931 28.97439517
181600 0.61926922 1.15536879 17.32778051
181700 0.60950404 1.00662604 36.84109911
181800 0.60611774 1.03658283 32.14775100
181900 0.59132278 1.13454638 23.91517988
182000 0.57704489 1.08558981 31.39933715
182100 0.58743887 1.05163036 33.59789053
182200 0.58612836 1.10514537 27.36923980
182300 0.55650419 1.10296207 34.35328546
182400 0.60314241 1.11290910 23.16886815
182500 0.61372160 1.03088478 31.64980036
182600 0.60323446 1.06294758 28.75002147
182700 0.55995692 1.07980829 36.03336281
182800 0.60022833 1.06748356 28.73466355
182900 0.57034562 1.13909449 28.22530756
183000 0.56101277 1.08582433 35.07548840
183100 0.58068456 1.07856937 31.42233059
183200 0.54967260 1.03241212 45.37475203
183300 0.60782229 1.07122652 26.75744028
183400 0.60733257 1.06508329 27.66162848
183500 0.58789051 0.98124061 46.42305163
183600 0.56254267 1.03753574 41.39031093
183700 0.60863879 1.08147434 25.33372291
183800 0.58777415 1.08419966 29.22476479
183900 0.57157295 1.09764318 31.32791713
184000 0.54452029 1.11562023 36.19491271
184100 0.57309209 1.12383531 28.64413066
184200 0.56077428 1.11347623 32.35765432
184300 0.55859484 1.04061052 41.84072954
184400 0.56041952 1.00991165 46.76619419
184500 0.60307954 1.08187791 26.36524867
184600 0.56993214 1.06354552 35.77552289
184700 0.57064369 1.06007165 36.09213064
184800 0.57673956 1.04129613 37.51607105
184900 0.59286782 1.05930611 31.34925474
185000 0.55847692 1.11665135 32.64019832
185100 0.55868328 1.08082250 36.21851813
185200 0.61591298 0.98351915 40.37599535
185300 0.61194698 1.05484160 28.21744878
185400 0.57730855 1.06084214 34.47819537
185500 0.61770115 1.06437642 25.81331314
185600 0.57335458 1.11810774 29.03724450
185700 0.58237436 1.10943802 27.78119547
185800 0.62015111 1.02253760 31.91926338
185900 0.58046225 0.99953280 44.19196153
186000 0.58525722 1.05625048 33.38919362
186100 0.57098166 1.02270113 41.94214340
186200 0.56593328 1.08087282 34.48925675
186300 0.60327130 1.06293388 28.74465092
186400 0.55173155 1.10845137 35.00918823
186500 0.63135005 1.09678412 19.54816129
186600 0.59037161 1.07850980 29.35196672
186700 0.58460739 1.02643140 38.26001765
186800 0.58222244 1.05227779 34.62445813
186900 0.62245707 0.99624924 36.51793218
187000 0.53954137 1.03105752 48.19012988
187100 0.59982914 1.08948614 26.14084399
187200 0.58279211 1.09510171 29.09145907
187300 0.59473656 1.12719750 23.71664200
187400 0.54867139 1.06631195 40.51928156
187500 0.60730408 1.11155997 22.47667806
187600 0.58218358 1.07247145 31.85376306
187700 0.58246102 1.04863757 35.11689607
187800 0.54304135 1.06977013 41.49378291
187900 0.58463419 1.04292828 35.52697910
188000 0.60193045 1.05077966 30.74912795
188100 0.57490481 1.09129445 31.24236948
188200 0.55009144 1.10726427 35.52710084
188300 0.58052641 1.09966764 29.11762025
188400 0.58904033 1.03276548 36.23568352
188500 0.57910048 1.08271711 31.27593561
188600 0.61372443 1.08895809 23.51444801
188700 0.56423883 1.11335282 31.54553112
188800 0.61908852 1.10173449 21.19253663
188900 0.59624790 1.03360430 34.60122441
189000 0.54106375 1.09675253 38.85401064
189100 0.59051041 1.09726016 27.22068115
189200 0.62296645 1.08171924 22.66560906
189300 0.61382886 1.04716956 29.00841927
189400 0.60758557 1.05907232 28.44196097
189500 0.57686156 1.03086975 39.19790286
189600 0.62417633 1.01512006 32.54727875
189700 0.54081850 1.05891891 43.53946180
189800 0.58362513 1.05767079 33.53784322
189900 0.59198389 1.04872821 33.07692832
190000 0.61156810 1.03939480 30.65030578
190100 0.61069024 1.04954897 29.23684875
190200 0.59941837 1.05350111 30.84745841
190300 0.62341041 1.09299080 21.31742603
190400 0.54673840 1.06513526 41.16496947
190500 0.62366450 1.06266913 24.97698729
190600 0.59710922 1.06221691 30.07442501
190700 0.62077590 1.08892914 22.22900673
190800 0.57156572 1.05247129 36.97346925
190900 0.56321073 1.08345102 34.82641079
191000 0.62483158 1.04094730 27.99086838
191100 0.56455122 1.06819040 36.40494902
191200 0.59218703 1.12723288 24.24064325
191300 0.59033992 1.10245631 26.73606027
191400 0.56686005 1.10828170 31.38324218
191500 0.58024160 1.11143703 28.06857674
191600 0.61382484 1.07709561 24.88333948
191700 0.57217080 1.08956014 32.05155279
191800 0.58041299 1.10199344 28.91187010
191900 0.61701564 1.05965025 26.59066424
192000 0.57208988 1.12370427 28.88203151
192100 0.56872753 1.08968815 32.82782989
192200 0.61171051 1.11127796 21.66226500
192300 0.58706545 1.06560755 31.70122708
192400 0.61006196 1.08803916 24.30584439
192500 0.61201169 1.07067977 26.03166302
192600 0.58625991 1.05720593 33.03748715
192700 0.58242514 1.09795458 28.87604266
192800 0.57339072 1.08986374 31.74088071
192900 0.58030807 1.04309705 36.44153901
193000 0.56755829 1.09399006 32.63362765
193100 0.62388553 1.06940299 24.03594223
193200 0.58891973 1.08394640 29.01165925
193300 0.57492119 1.06734610 34.12876442
193400 0.59550571 1.03946520 33.79466799
193500 0.60936853 1.06285059 27.57515884
193600 0.58862657 1.03480839 35.98349758
193700 0.60182161 1.09868206 24.76999943
193800 0.60391210 1.03130074 33.45495238
193900 0.55823864 1.10214712 34.01186990
194000 0.59525633 1.03290665 34.92007791
194100 0.54168582 1.07106609 41.67508394
194200 0.59167769 1.06795147 30.41749956
194300 0.56360158 1.05933916 37.83484330
194400 0.58347847 0.99370944 44.71868284
194500 0.57577868 1.10310233 29.83218005
194600 0.57044006 1.03552014 39.87569578
194700 0.54918099 1.15107119 32.65210277
194800 0.60495240 1.06284152 28.42800600
194900 0.49227852 1.04547872 59.28466869
195000 0.56197545 1.08518729 34.91882145
195100 0.58060281 1.07384023 32.02570724
195200 0.57253348 1.09386612 31.50270763
195300 0.54338543 1.07663893 40.53449493
195400 0.53974703 1.07020608 42.28903432
195500 0.57030524 1.04316693 38.67814790
195600 0.60698273 1.05497436 29.14405061
195700 0.56929376 1.01434979 43.84568422
195800 0.60420205 1.06521551 28.25184753
195900 0.55015295 1.07360679 39.19939727
196000 0.60265086 1.06567070 28.49552313
196100 0.53146258 1.08466978 42.70670162
196200 0.56769454 1.07255046 35.10460613
196300 0.57980454 1.08279150 31.11193586
196400 0.58289497 1.06536552 32.63051820
196500 0.57848982 1.05575313 34.93696006
196600 0.62050597 1.06097145 25.77352277
196700 0.63712866 1.06320526 22.61993705
196800 0.56026681 1.07545945 36.49117412
196900 0.51880818 1.08321982 46.35322395
197000 0.60934589 1.09033069 24.18817463
197100 0.59004402 1.02527819 37.30461151
197200 0.60419545 1.08561954 25.71115480
197300 0.56626832 1.08861271 33.51881258
197400 0.55506617 1.06711537 38.82545249
197500 0.61817007 1.10403702 21.13550888
197600 0.62427038 1.13193118 17.75713118
197700 0.63582413 1.02637454 28.54975812
197800 0.56325176 1.07156663 36.27242975
197900 0.57006022 1.08219044 33.37569686
198000 0.56538087 1.14126030 29.24824441
198100 0.57854062 1.10580470 28.95850530
198200 0.56987708 1.09199152 32.31119447
198300 0.54009507 1.07718196 41.31742317
198400 0.57880308 1.03215045 38.55077460
198500 0.55725070 1.07805961 36.89834053
198600 0.62156292 1.08727265 22.27362381
198700 0.60653749 1.02444841 34.12305148
198800 0.61164834 1.07207951 25.92000026
198900 0.53744797 1.08325625 41.28133692
199000 0.54332842 1.03776404 46.10040175
199100 0.58576518 1.09145841 28.83891774
199200 0.57928134 1.08309377 31.19189688
199300 0.56010169 1.09508068 34.27963147
199400 0.58373772 1.07461853 31.24494398
199500 0.55631394 1.05277009 40.52976988
199600 0.58245580 1.05283054 34.49216307
199700 0.57188423 1.06830518 34.69016436
199800 0.60746002 1.03562890 32.04475106
199900 0.61239428 1.05079784 28.72859495
