0 -1.00877170 0.94045297 0.08404430
100 -0.93052990 1.07965279 10.81797041
200 -0.92285372 1.02911823 6.10562167
300 -0.93511796 1.06671377 8.91589159
400 -0.92896438 1.05252857 7.77908376
500 -0.91091506 1.04191135 8.19191149
600 -0.91394478 1.04962830 8.66564999
700 -0.92257378 1.03454107 6.57100573
800 -0.94935066 1.06452841 7.84105614
900 -0.91804683 1.07575659 11.26552029
1000 -0.92417059 1.06922754 9.98265337
1100 -0.89468445 1.08115711 14.14677646
1200 -0.94139862 1.05956983 7.71983492
1300 -0.94521686 1.02489599 4.30530081
1400 -0.88095032 1.04285179 11.39714015
1500 -0.93580538 1.06815501 9.04077796
1600 -0.93704251 1.05646428 7.64914400
1700 -0.90561108 1.05601456 10.07417744
1800 -0.96196912 1.02607890 3.61717292
1900 -0.92198413 1.08566773 12.24610466
2000 -0.91747797 1.04592798 8.00603107
2100 -0.97603720 1.04074923 4.40481923
2200 -0.95079944 1.01933424 3.61396561
2300 -0.95936726 1.04739997 5.56888725
2400 -0.98894858 1.04552102 4.62319963
2500 -0.89572054 1.06857399 12.46699765
2600 -0.94618071 1.05039285 6.48762030
2700 -0.93599763 1.05639127 7.70770319
2800 -0.88641456 1.11194069 19.56321878
2900 -0.96374570 1.01475853 2.75402075
3000 -0.94113387 1.04161101 5.92889941
3100 -0.94617731 1.03077492 4.71073437
3200 -0.89050524 1.08203936 14.71174694
3300 -0.93246942 1.04538643 6.82947506
3400 -0.91565206 1.04672165 8.23482628
3500 -0.94083168 1.08226261 10.49714439
3600 -0.94673804 1.07736770 9.52968376
3700 -0.92064709 1.10183256 14.67500513
3800 -0.93795339 1.03542139 5.57329773
3900 -0.87678100 1.09016337 17.41434604
4000 -0.93626818 1.08710012 11.42909382
4100 -0.96338696 1.06084101 6.81312168
4200 -0.93598488 1.02335974 4.73979292
4300 -0.91906449 1.06004636 9.33037909
4400 -0.93722194 1.04584320 6.56350196
4500 -0.95349265 1.01480281 3.18116867
4600 -0.90764299 1.06039680 10.35863506
4700 -0.93155468 1.01726098 4.60440027
4800 -0.92299857 1.06190129 9.22555907
4900 -0.93512271 1.01095668 3.96238977
5000 -0.92859513 1.02617399 5.45056589
5100 -0.93256305 0.98989463 3.06966178
5200 -0.91197808 1.07323975 11.46794758
5300 -0.97014220 1.03962114 4.46171884
5400 -0.96682430 1.01133956 2.43158471
5500 -0.93467670 1.04853078 6.98772377
5600 -0.89633374 1.05821364 11.22844293
5700 -0.91016198 1.06518881 10.66966639
5800 -0.97352635 1.04572241 4.93181737
5900 -0.92104699 1.06828641 10.11262682
6000 -0.93403203 1.10045837 13.49474654
6100 -0.91792757 1.06627104 10.12741900
6200 -0.95879368 1.03989309 4.88936472
6300 -0.95811496 1.05468847 6.35701579
6400 -0.92281535 1.04828651 7.80885388
6500 -0.92586238 1.04094637 6.88381470
6600 -0.92839242 1.05595645 8.17720749
6700 -0.96881690 1.03579329 4.16643676
6800 -0.92892925 1.06112839 8.70028561
6900 -0.93463262 1.03842652 6.04607189
7000 -0.93918435 1.09384965 12.19563218
7100 -0.93817367 1.06824799 8.90254145
7200 -0.92155416 1.07388369 10.75045895
7300 -0.93175816 1.07569442 10.22801824
7400 -0.95051033 0.99948737 2.44911369
7500 -0.95144005 1.06817506 8.16170628
7600 -0.93607196 1.04789856 6.83546088
7700 -0.88347901 1.08608091 16.04757770
7800 -0.91729832 1.06987992 10.60538153
7900 -0.92388274 1.02978276 6.07956321
8000 -0.92127054 1.07204056 10.54611223
8100 -0.90935219 1.09174167 14.15386381
8200 -0.92428201 1.05787617 8.68524112
8300 -0.91233399 1.06495878 10.45042482
8400 -0.92548107 1.05998936 8.82536531
8500 -0.94804550 1.03261852 4.76254484
8600 -0.91524795 1.05705697 9.32205235
8700 -0.85220816 1.08143653 19.55899408
8800 -0.94223131 0.99706474 2.77615601
8900 -0.88161311 1.06975641 14.17852636
9000 -0.92512336 1.03941858 6.80109727
9100 -0.88814761 1.09701236 17.06179594
9200 -0.93788243 1.06767675 8.85320513
9300 -0.93604435 1.04253977 6.32696692
9400 -0.93304897 1.01259202 4.20010055
9500 -0.87511709 1.12195143 22.58151802
9600 -0.91894096 1.06517446 9.91786221
9700 -0.89626709 1.04198434 9.61081738
9800 -0.92417505 1.08639530 12.17654983
9900 -0.93553644 1.03271933 5.49901925
10000 -0.90722573 1.07817809 12.51834415
10100 -0.95814332 1.01770911 3.16825242
10200 -0.90616266 1.08395480 13.37466825
10300 -0.91463339 1.06790556 10.59458919
10400 -0.90249932 1.03169330 8.09008883
10500 -0.92631244 1.05172129 7.88853873
10600 -0.92074161 1.02316781 5.81771034
10700 -0.95217207 1.06294040 7.52152226
10800 -0.93594251 1.03798991 5.92279343
10900 -0.89717732 1.03813772 9.17038034
11000 -0.91919287 1.04369186 7.65397833
11100 -0.90151314 1.09300992 15.07575004
11200 -0.93594281 1.04297972 6.37427604
11300 -0.96147722 1.05934467 6.72013106
11400 -0.90510977 1.07320306 12.09157482
11500 -0.91148661 1.09064836 13.80829031
11600 -0.94836296 1.04601329 5.94246781
11700 -0.97497867 1.06120468 6.49627377
11800 -0.95751501 1.03667926 4.65913453
11900 -0.92914824 1.02242298 5.13253055
12000 -0.92150091 1.05092512 8.17399372
12100 -0.94953579 1.09060707 11.15849217
12200 -0.94572559 1.02745443 4.47244978
12300 -0.91940507 1.05521009 8.78235351
12400 -0.95750627 1.02015219 3.36352329
12500 -0.87690521 1.10000629 18.82710762
12600 -0.91046211 1.06936986 11.13309943
12700 -0.92714054 1.05364592 8.02548940
12800 -0.89317582 1.07521750 13.54541333
12900 -0.96317693 1.03643721 4.41366440
13000 -0.92746055 1.09649353 13.36116293
13100 -0.87624949 1.11665942 21.54477459
13200 -0.89785671 1.06123641 11.40339450
13300 -0.91548468 1.04905009 8.47688024
13400 -0.89994965 1.07327085 12.60288744
13500 -0.90624477 1.08501616 13.50970315
13600 -0.94667216 1.03201732 4.78534971
13700 -0.90990308 1.06012138 10.12208687
13800 -0.89022926 1.04292857 10.34266653
13900 -0.93749074 1.05106960 7.06123626
14000 -0.95110987 1.02331355 3.88256051
14100 -0.89681942 1.00887696 7.05636437
14200 -0.91053144 1.07887585 12.30680428
14300 -0.95345368 1.04687644 5.77580192
14400 -0.91000514 1.07702473 12.11717873
14500 -0.87441617 1.09894616 18.97812803
14600 -0.90201078 1.04923883 9.72511565
14700 -0.90578112 1.05034170 9.47282738
14800 -0.94035955 1.08507030 10.90048524
14900 -0.90997169 1.04277646 8.35628385
15000 -0.90706891 1.06648866 11.10289707
15100 -0.96352121 1.06011292 6.72777863
15200 -0.91192715 1.09794650 14.82249680
15300 -0.93221987 1.06901563 9.37943245
15400 -0.93143064 1.06380688 8.82688178
15500 -0.91632581 1.06925137 10.61113039
15600 -0.92887220 1.05230098 7.76232737
15700 -0.92734392 1.08362920 11.56783505
15800 -0.90877298 1.08711040 13.56081528
15900 -0.94056243 1.05082703 6.84945787
16000 -0.96795267 0.97445862 0.81262768
16100 -0.92371037 1.05856118 8.80281881
16200 -0.91751418 1.04669167 8.07659415
16300 -0.91651827 1.09790994 14.42327495
16400 -0.95473430 1.05008387 6.03288240
16500 -0.92743592 1.07946060 11.01279623
16600 -0.95251166 1.05955672 7.12890907
16700 -0.94319674 1.06113734 7.78905918
16800 -0.90318623 1.05296377 9.98722150
16900 -0.92567493 1.03815862 6.64807866
17000 -0.94905662 0.99630847 2.36985108
17100 -0.90841735 1.04995245 9.18893753
17200 -0.92409572 1.06562078 9.56481242
17300 -0.94999043 1.02978276 4.43312262
17400 -0.94380705 1.06518122 8.21218061
17500 -0.92821039 1.02626304 5.48490018
17600 -0.91779027 1.07529104 11.22814188
17700 -0.93201416 1.03294374 5.75086957
17800 -0.88228169 1.10787870 19.39164283
17900 -0.96636282 1.03776776 4.41731955
18000 -0.95750955 0.94056964 0.94718504
18100 -0.95036830 1.02982457 4.41763414
18200 -0.88245461 1.03002372 10.11035739
18300 -0.91083193 1.00934735 5.73652680
18400 -0.96319607 1.02146876 3.23115617
18500 -0.95209538 1.04404671 5.56981786
18600 -0.90079520 1.05357521 10.28470840
18700 -0.88343464 1.06447756 13.34629722
18800 -0.93437192 1.02788904 5.18687335
18900 -0.90288501 1.10877850 17.32096652
19000 -0.92821912 1.07783680 10.74737133
19100 -0.85608999 1.10688359 22.66127701
19200 -0.95040610 1.03943239 5.22885387
19300 -0.91720737 1.07983559 11.85594991
19400 -0.93250209 1.04413240 6.70843779
19500 -0.93331137 1.06833845 9.22568125
19600 -0.91251326 1.05357182 9.19052566
19700 -0.92049350 1.04871523 8.03298949
19800 -0.91812712 1.05812390 9.19697327
19900 -0.86600689 1.04579034 13.56497070
20000 -0.90025642 1.09890534 16.06079205
20100 -0.95531889 1.04599279 5.60550909
20200 -0.92030515 1.07472175 10.95339197
20300 -0.95369651 0.99290731 1.99252548
20400 -0.93276801 1.07045048 9.51422902
20500 -0.93988795 1.03423502 5.35449839
20600 -0.95618989 1.02778266 3.98473379
20700 -0.93146199 1.05651958 8.02194040
20800 -0.99000613 1.02725726 3.03428051
20900 -0.94398398 1.01518203 3.69324620
21000 -0.94938735 1.06974133 8.44981349
21100 -0.93629745 1.09365529 12.34742878
21200 -0.89838153 1.07656837 13.17293267
21300 -0.89824389 1.09672591 15.94139892
21400 -0.88858999 1.08715551 15.61191254
21500 -0.93968711 1.03931148 5.80709264
21600 -0.93560705 1.07999319 10.52234056
21700 -0.94228838 1.02907758 4.79194767
21800 -0.89672945 1.07699872 13.39674119
21900 -0.90550854 1.05664598 10.15100108
22000 -0.93807890 1.07450222 9.66751299
22100 -0.92829515 1.04202688 6.80526552
22200 -0.94221285 1.07069849 8.95374022
22300 -0.90632308 1.06878368 11.44246364
22400 -0.94344682 1.03488092 5.20151635
22500 -0.95558976 1.03352446 4.47430264
22600 -0.95600931 1.05157268 6.12609508
22700 -0.91099509 1.08107324 12.55103382
22800 -0.89960280 1.11642809 18.88895324
22900 -0.87420382 1.07607033 15.85920276
23000 -0.89184663 1.06247095 12.17343313
23100 -0.96687054 1.01168487 2.45129212
23200 -0.91638845 1.03109048 6.78327840
23300 -0.95989890 1.04555470 5.36939958
23400 -0.93893865 1.04778311 6.64501303
23500 -0.99143569 1.00549845 1.57671246
23600 -0.92139441 1.04509127 7.61059389
23700 -0.90844279 1.04920228 9.11190726
23800 -0.88058043 1.05486437 12.62878503
23900 -0.92413650 1.07557556 10.76224665
24000 -0.90923839 1.05876479 10.03372454
24100 -0.93015655 1.05200943 7.64201552
24200 -0.94338003 1.06725025 8.47672153
24300 -0.93458942 1.03711614 5.93388258
24400 -0.95433973 1.01908318 3.42867302
24500 -0.87117356 1.11869030 22.52633430
24600 -0.91695338 1.09365059 13.76611703
24700 -0.91561351 1.07300425 11.12556195
24800 -0.96514786 1.01643713 2.81428220
24900 -0.90507537 1.05297220 9.80697950
25000 -0.93075594 1.04233773 6.66049822
25100 -0.94849421 1.03505188 4.94333417
25200 -0.95540308 1.04774780 5.77175860
25300 -0.90820911 1.07196659 11.65070840
25400 -0.89873986 1.06909374 12.21846804
25500 -0.92395114 1.09193164 12.96400960
25600 -0.90767252 1.06165464 10.49556139
25700 -0.92800333 1.06198803 8.86241980
25800 -0.86401041 1.08258542 18.03603126
25900 -0.90099747 1.03529200 8.53811280
26000 -0.91643467 1.04062897 7.59838682
26100 -0.91143682 1.07569477 11.82130573
26200 -0.94254273 1.03929651 5.63760198
26300 -0.92846832 1.06189630 8.81878193
26400 -0.94289873 1.05117710 6.74868041
26500 -0.90153031 1.09366063 15.16732842
26600 -0.91763756 1.03927413 7.37672045
26700 -0.90128555 1.10264661 16.52276446
26800 -0.92218693 1.06899726 10.10761106
26900 -0.92633535 1.06873325 9.76203335
27000 -0.91529644 1.05284278 8.87566544
27100 -0.94771103 1.02597989 4.25354002
27200 -0.90443954 1.02036211 7.04131392
27300 -0.95846048 1.06966573 8.02270928
27400 -0.91554784 1.09102025 13.50943888
27500 -0.90906790 1.08333720 13.02372789
27600 -0.96962798 1.06691832 7.29617604
27700 -0.91764242 1.04427153 7.83494672
27800 -0.97647893 1.04047187 4.36919982
27900 -0.89339207 1.04053028 9.78049101
28000 -0.89797444 1.08954641 14.94120811
28100 -0.96471085 1.02193390 3.20990510
28200 -0.96103433 1.02359524 3.46729119
28300 -0.93575013 1.06539517 8.72204511
28400 -0.92881596 1.03696067 6.31466234
28500 -0.90795940 1.06522786 10.87446532
28600 -0.92482297 1.07635135 10.80812468
28700 -0.91521145 1.06186993 9.85198954
28800 -0.94275383 1.06342362 8.07102045
28900 -0.94907023 1.02336192 3.98790662
29000 -0.92259414 1.03357046 6.48784425
29100 -0.94737614 1.04671204 6.06124473
29200 -0.94835433 1.06411245 7.84446282
29300 -0.93673898 1.03754986 5.83346705
29400 -0.93049521 0.99346595 3.36010232
29500 -0.96310172 1.02517664 3.50650496
29600 -0.90700692 1.06530409 10.97137242
29700 -0.91136058 1.06148758 10.14321411
29800 -0.91694394 1.08783180 12.94795690
29900 -0.88350339 1.06870747 13.83146181
30000 -0.89980026 1.06343385 11.45361389
30100 -0.90946640 1.06423476 10.62295641
30200 -0.95615503 1.05280191 6.24530678
30300 -0.88892048 1.03906551 10.13566325
30400 -0.92822116 1.02831134 5.64243439
30500 -0.93780960 1.05426462 7.36937901
30600 -0.97077861 1.05733673 6.18753154
30700 -0.96069233 1.01552857 2.91954338
30800 -0.92370172 1.05268180 8.18248996
30900 -0.89688372 1.07195434 12.75291343
31000 -0.96031963 1.09104183 10.73366533
31100 -0.94828776 1.03165844 4.67112828
31200 -0.92981173 1.05925588 8.43162028
31300 -0.92274346 1.06897520 10.06183584
31400 -0.96917110 1.03610188 4.18197699
31500 -0.91353664 1.03338936 7.21484881
31600 -0.88496060 1.07911870 14.95285051
31700 -0.91591033 1.05318952 8.85957435
31800 -0.96193319 1.04314118 5.06218119
31900 -0.89349831 1.11559211 19.38167823
32000 -0.91950697 1.06813236 10.21719085
32100 -0.90519285 1.07897755 12.81180140
32200 -0.95157031 1.00024284 2.43488906
32300 -0.89165345 1.03277884 9.29565574
32400 -0.92598412 1.02097554 5.25793921
32500 -0.88053823 1.07240256 14.62675058
32600 -0.90037330 1.07631009 12.93985834
32700 -0.91470735 1.03465553 7.22069734
32800 -0.94809028 1.07386156 9.01815316
32900 -0.95995406 1.05084763 5.88696057
33000 -0.91305315 1.08186405 12.47394093
33100 -0.91314840 1.03469472 7.35819831
33200 -0.96152338 1.03804378 4.61607900
33300 -0.93606435 1.01922943 4.44024071
33400 -0.93926483 1.02277030 4.49213830
33500 -0.96980385 1.03813239 4.33956292
33600 -0.91224563 1.09068341 13.74632636
33700 -0.95146588 1.04402590 5.59821558
33800 -0.93469845 1.05039900 7.17212642
33900 -0.94259833 1.04140250 5.82468472
34000 -0.95674589 1.03752466 4.76574200
34100 -0.96136705 1.02508434 3.56508154
34200 -0.89039529 1.07642007 13.99761358
34300 -0.90295056 1.04697718 9.41158392
34400 -0.98091170 1.05060606 5.24297102
34500 -0.95710364 1.01038004 2.74292370
34600 -0.91107099 1.03268922 7.37293796
34700 -0.92981029 1.02789394 5.49703070
34800 -0.97042907 1.01629854 2.63496838
34900 -0.94505343 1.02139112 4.05790836
35000 -0.92649492 1.06692598 9.53734075
35100 -0.92116219 1.11464701 16.66201923
35200 -0.91179695 1.03737150 7.70677808
35300 -0.94027858 1.02320564 4.46285653
35400 -0.89749400 1.06470592 11.83246410
35500 -0.89666660 1.06400113 11.83702488
35600 -0.93426781 1.09434490 12.57808458
35700 -0.90280923 1.03399917 8.25095264
35800 -0.94845846 1.03247639 4.72944311
35900 -0.93520616 1.00731748 3.74176740
36000 -0.95791429 1.03814599 4.77046120
36100 -0.92773670 1.06143813 8.82022065
36200 -0.88663091 1.07097289 13.74349436
36300 -0.91700022 1.04321756 7.78923792
36400 -0.93559591 1.08631542 11.36489050
36500 -0.92890826 1.03823894 6.42007296
36600 -0.91569656 1.07662970 11.57107510
36700 -0.88783411 1.06512368 12.91732411
36800 -0.92730585 1.05266517 7.91228819
36900 -0.93393390 1.06469964 8.76036909
37000 -0.93976250 1.03039192 5.04570926
37100 -0.96699466 1.04814858 5.36124753
37200 -0.96546911 1.03003598 3.79906974
37300 -0.94824627 1.03363365 4.83651814
37400 -0.91928126 1.04086072 7.38559263
37500 -0.90947715 1.05109496 9.20728926
37600 -0.92160669 1.01805169 5.38827201
37700 -0.91754535 1.02904762 6.52364777
37800 -0.91210168 1.03878986 7.80487760
37900 -0.91871967 1.04106953 7.45007535
38000 -0.91291909 1.03019399 7.00708068
38100 -0.90493658 1.09469655 14.98707192
38200 -0.88761434 1.07514223 14.14555696
38300 -0.96026610 1.01949837 3.20440279
38400 -0.93222364 1.07310538 9.87428484
38500 -0.89323266 1.06656808 12.49369090
38600 -0.89358825 1.09383177 16.00552020
38700 -0.89296706 1.07858494 13.99506859
38800 -0.97032107 1.03266277 3.85698615
38900 -0.93432445 1.06881712 9.21539370
39000 -0.94901423 1.02052183 3.78643890
39100 -0.94566897 1.01751205 3.75486857
39200 -0.93692317 1.04802028 6.79333130
39300 -0.90467636 1.07614986 12.50019114
39400 -0.94197038 1.06705381 8.53451492
39500 -0.96213533 1.07129747 8.07340415
39600 -0.94480277 1.02763366 4.53685993
39700 -0.92703521 1.06150368 8.87846586
39800 -0.88128907 1.09572453 17.66396134
39900 -0.95830635 1.02940921 4.02209162
40000 -0.92251053 1.08027878 11.48858896
40100 -0.90320821 1.05854529 10.57536505
40200 -0.98509393 1.02545115 2.95753387
40300 -0.93361120 1.04728856 6.93626794
40400 -0.94020203 1.01301521 3.77335659
40500 -0.94950115 1.04096417 5.41230749
40600 -0.95529461 1.04198712 5.23010137
40700 -0.89584524 1.08589644 14.65802806
40800 -0.92867006 1.04418735 6.97960874
40900 -0.96541021 1.05458788 6.06753932
41000 -0.95700885 1.01561525 3.07680021
41100 -0.93549205 1.05489267 7.58187420
41200 -0.95162896 1.06965644 8.32871072
41300 -0.91230565 1.05740913 9.61351007
41400 -0.94013639 1.04458263 6.26476290
41500 -0.97428729 0.99476662 1.33259659
41600 -0.95103349 1.01899128 3.57875778
41700 -0.91290016 1.04433508 8.24274514
41800 -0.93407295 1.04903313 7.07696858
41900 -0.90104960 1.03062600 8.14586705
42000 -0.95387578 1.02227775 3.67575840
42100 -0.91198334 1.09194667 13.94789421
42200 -0.94312230 1.03253337 5.02341513
42300 -0.93610217 1.04470106 6.52561190
42400 -0.91312115 1.01714289 6.02805149
42500 -0.94403290 1.03039251 4.79763608
42600 -0.97116208 1.00264660 1.80164505
42700 -0.93337082 1.08120170 10.82666732
42800 -0.91486896 1.03789682 7.48657254
42900 -0.96917874 1.03676203 4.23879978
43000 -0.90698661 1.03628804 8.04855784
43100 -0.95324969 1.04431020 5.54000229
43200 -0.90865828 1.05236221 9.41066543
43300 -0.92672437 1.03724642 6.49062761
43400 -0.93044092 1.04755315 7.17754098
43500 -0.90627193 1.06787586 11.33983537
43600 -0.92948572 1.04299799 6.81044495
43700 -0.92828630 1.08969674 12.32901654
43800 -0.91492863 1.02758616 6.62837534
43900 -1.00617026 0.99642243 1.09655705
44000 -0.87118650 1.08091086 16.86528514
44100 -0.96110671 1.03742109 4.57756780
44200 -0.92992918 1.05281213 7.74012691
44300 -0.89826393 1.08663399 14.50953779
44400 -0.97399086 1.05476787 5.82639082
44500 -0.90811824 1.03615404 7.93238798
44600 -0.91210677 1.05699321 9.58638289
44700 -0.94390572 1.03196951 4.93278477
44800 -0.88850459 1.04693033 10.91335808
44900 -0.94398544 1.01519996 3.69433287
45000 -0.98499735 1.04161057 4.30878793
45100 -0.93792109 1.05857225 7.82086218
45200 -0.93505880 1.04957306 7.06607672
45300 -0.89938768 1.06203908 11.33779624
45400 -0.88935064 1.12802860 21.96873207
45500 -0.90424080 1.08770965 14.06688571
45600 -0.89655758 1.08635801 14.64692049
45700 -0.94060574 1.03869010 5.69680596
45800 -0.98928608 1.08350442 8.96910939
45900 -0.92380528 1.07802920 11.09855602
46000 -0.91206800 1.06135488 10.06597326
46100 -0.95420719 1.08489279 10.14652237
46200 -0.96400450 1.03559439 4.31103792
46300 -0.93135332 1.05285382 7.64563689
46400 -0.93858296 1.06205883 8.16461665
46500 -0.88724003 1.09181659 16.41337823
46600 -0.95948407 1.02656414 3.75180455
46700 -0.96335448 1.01457063 2.75613039
46800 -0.94614615 1.00456720 2.93890829
46900 -0.92717610 1.02587789 5.53038750
47000 -0.88954724 1.06533219 12.75066323
47100 -0.92892513 1.05712269 8.26345343
47200 -0.95068347 1.01672741 3.44233389
47300 -0.89639529 1.11334968 18.70852808
47400 -0.89572157 1.04345913 9.80430075
47500 -0.87656490 1.06924016 14.72721976
47600 -0.95521770 1.01765645 3.29142519
47700 -0.89821150 1.01971686 7.61067015
47800 -0.92327284 1.06098808 9.10270500
47900 -0.89157401 1.04576445 10.46351217
48000 -0.92812482 0.99014898 3.38899096
48100 -0.90633543 1.10859643 16.96293879
48200 -0.91667951 1.07175509 10.88330320
48300 -0.98166070 0.98817970 0.89700984
48400 -0.94062005 1.03250789 5.16676558
48500 -0.96755860 1.08336938 9.41991789
48600 -0.94912954 1.04127629 5.45958276
48700 -0.93336310 1.04795441 7.01777160
48800 -0.90775400 1.07422266 11.97029690
48900 -0.92491731 1.02293656 5.47857575
49000 -0.90028331 1.08718117 14.38104512
49100 -0.89456880 1.05991106 11.59808995
49200 -0.88780749 1.07143384 13.66666932
49300 -0.89612996 1.09286640 15.59989721
49400 -0.88708562 1.10266601 18.02828440
49500 -0.91620230 1.08322274 12.38517640
49600 -0.90881446 1.05568272 9.74182036
49700 -0.92580362 1.06125318 8.94118658
49800 -0.93711266 1.03195233 5.33550062
49900 -0.93434442 1.06543038 8.81741400
50000 -0.96600819 1.02758748 3.58762974
50100 -0.89797686 1.02858991 8.29254686
50200 -0.88991872 1.09292620 16.27289291
50300 -0.95927279 1.04150693 5.01611198
50400 -0.92081596 1.05838982 9.00923295
50500 -0.92255793 1.04126568 7.16334906
50600 -0.91132172 1.08982144 13.70693711
50700 -0.95501561 1.03580476 4.69302605
50800 -0.96535498 1.04326424 4.94924758
50900 -0.95422026 1.08614191 10.31520236
51000 -0.96212322 1.02650851 3.64410141
51100 -0.89455293 1.08477050 14.64108548
51200 -0.95749969 1.06179890 7.15263503
51300 -0.92292869 1.07687458 11.01857268
51400 -0.93223332 1.05405434 7.70981426
51500 -0.92162289 1.06719755 9.93911865
51600 -0.92021014 1.03114714 6.47563951
51700 -0.90306755 1.08604717 13.95236654
51800 -0.92621861 1.02262880 5.35931747
51900 -0.91932343 1.01997705 5.70274863
52000 -0.89816262 1.08306408 14.03845053
52100 -0.90699065 1.08701185 13.71149274
52200 -0.86510547 1.07712548 17.17871118
52300 -0.90405719 1.05961606 10.61035166
52400 -0.93461800 1.05402588 7.54809437
52500 -0.89330412 1.10621703 17.89388587
52600 -0.91727209 1.06004669 9.47708980
52700 -0.91738964 1.06017033 9.48098616
52800 -0.90302518 1.06221906 10.99861635
52900 -0.95543977 1.03378317 4.50261673
53000 -0.92937339 1.04303023 6.82137083
53100 -0.91986553 1.05010560 8.22133167
53200 -0.91177865 1.09016601 13.71475874
53300 -0.92774680 1.07709289 10.68656286
53400 -0.92336764 1.05374940 8.31822881
53500 -0.94848223 1.07481850 9.11686987
53600 -0.92378105 1.04211132 7.14691161
53700 -0.92006578 1.02439602 5.96212332
53800 -0.89410656 1.07079169 12.90202560
53900 -0.89893330 1.04292784 9.42503056
54000 -0.93285494 1.06246894 8.57886053
54100 -0.91035300 1.08260277 12.81003964
54200 -0.92748874 1.13013712 18.85363346
54300 -0.95143255 1.08748205 10.63005616
54400 -0.96379216 1.01878878 3.02145209
54500 -0.90302878 1.05118755 9.82116932
54600 -0.93604676 1.09277762 12.23773358
54700 -0.91032740 1.12858300 19.96653199
54800 -0.88839617 1.06996714 13.42376399
54900 -0.91536948 1.08512259 12.71021912
55000 -0.93766786 1.05860584 7.84026237
55100 -0.91849363 1.04310802 7.65619573
55200 -0.92148445 1.04778146 7.86295322
55300 -0.90094498 1.05164876 10.07218379
55400 -0.89909011 1.06099467 11.25131080
55500 -0.90449569 1.02851280 7.64266646
55600 -0.95979595 1.02420065 3.56105120
55700 -0.91857311 1.08751881 12.77087991
55800 -0.86902441 1.12084974 23.17211991
55900 -0.93428670 1.06006985 8.21680457
56000 -0.93310525 1.04939067 7.17670681
56100 -0.94461860 0.98341523 2.09183850
56200 -0.92719733 1.00622585 4.23078701
56300 -0.92075352 1.05205664 8.34778057
56400 -0.93972015 0.99846788 2.99139804
56500 -0.96771836 1.01267298 2.48500325
56600 -0.92912301 1.07011966 9.72614000
56700 -0.91053694 1.06387701 10.48580663
56800 -0.95068978 1.06586604 7.92821861
56900 -0.92002701 1.08628536 12.48468974
57000 -0.93225782 1.04310703 6.62896109
57100 -0.95135013 1.04318512 5.52513876
57200 -0.91650922 1.05155258 8.64181868
57300 -0.93515229 1.03864482 6.03156520
57400 -0.95368104 1.05199317 6.27402654
57500 -0.91360888 1.06923739 10.84049017
57600 -0.92444338 1.03637920 6.58508505
57700 -0.92727956 1.06020140 8.71630538
57800 -0.93720620 1.03211998 5.34337646
57900 -0.92867598 1.08969754 12.30125959
58000 -0.90763648 1.11207876 17.40027242
58100 -0.94610488 1.03127963 4.75553108
58200 -0.95730565 1.08196394 9.61864512
58300 -0.90338052 1.07482586 12.45840995
58400 -0.93561990 1.07188155 9.49995564
58500 -0.89824719 1.08471972 14.25151857
58600 -0.95842528 1.03380645 4.37598913
58700 -0.93183076 1.04116374 6.47893624
58800 -0.93857214 1.07535309 9.74338966
58900 -0.93705909 1.03051802 5.22235492
59000 -0.91340564 1.05831806 9.61569260
59100 -0.90705623 1.07402729 12.01065628
59200 -0.90371459 1.03450950 8.20636842
59300 -0.88498278 1.03803290 10.48937690
59400 -0.92142786 1.07416295 10.79500960
59500 -0.97085891 1.02339675 3.11814335
59600 -0.91701227 1.04132110 7.61325329
59700 -0.95856583 1.06068546 6.98403027
59800 -0.89231139 1.08172513 14.47417287
59900 -0.92009435 1.04226589 7.44895359
60000 -0.88399527 1.05188442 11.91876675
60100 -0.90612584 1.05656212 10.08392177
60200 -0.94013130 1.01295982 3.77410029
60300 -0.96565320 1.04564246 5.16359108
60400 -0.90842824 1.07459737 11.95494646
60500 -0.90861671 1.08212583 12.90407057
60600 -0.97240116 1.02510583 3.20129035
60700 -0.92168764 1.06247020 9.39118567
60800 -0.90661402 1.10962594 17.10069001
60900 -0.95490982 1.04793763 5.81245156
61000 -0.95852519 1.00506095 2.37593375
61100 -0.95077361 1.01711668 3.46394327
61200 -0.94892499 1.03542893 4.95337923
61300 -0.87845285 1.09131670 17.37205907
61400 -0.91528820 1.05190664 8.78052656
61500 -0.92694385 1.04906108 7.57514945
61600 -0.92255864 1.04403050 7.41944972
61700 -0.95868175 1.05475176 6.34006421
61800 -0.91750381 1.08551894 12.58550302
61900 -0.93003433 1.04843462 7.29228413
62000 -0.89773218 1.04962613 10.19203644
62100 -0.93024380 0.99669183 3.52302698
62200 -0.90679240 1.04075507 8.46206994
62300 -0.90154096 1.03405734 8.37990952
62400 -0.92114586 1.04658199 7.77302821
62500 -0.92598785 1.06847209 9.75671673
62600 -0.96983481 1.05036934 5.49197096
62700 -0.94478551 1.01120643 3.39743322
62800 -0.94008079 1.00300786 3.20007248
62900 -0.92510187 1.07557109 10.68891462
63000 -0.91282555 1.10660937 16.06294046
63100 -0.89800559 1.09388758 15.55324754
63200 -0.91690084 1.04926583 8.37958816
63300 -0.94997637 1.04361041 5.63263606
63400 -0.93897951 1.06957929 9.01135348
63500 -0.97731791 1.04098656 4.39651583
63600 -0.87759719 1.09133269 17.47868839
63700 -0.95394667 1.06941494 8.19041871
63800 -0.92042977 1.03549312 6.82024784
63900 -0.92353857 1.03511274 6.54526395
64000 -0.97032903 1.05673568 6.13643606
64100 -0.92926744 1.02137309 5.04860677
64200 -0.92934810 1.07897569 10.81320967
64300 -0.91297035 1.05807135 9.62678839
64400 -0.93551693 1.05132249 7.21215695
64500 -0.90434269 1.08187988 13.27131240
64600 -0.91167258 1.10382870 15.73250140
64700 -0.93061169 1.05727920 8.16178152
64800 -0.87814181 1.11526863 21.08156896
64900 -0.90827690 1.07802502 12.40176549
65000 -0.93213391 1.04038352 6.38749325
65100 -0.89792522 1.08055912 13.73247288
65200 -0.92002106 1.03718649 6.99905708
65300 -0.94762257 1.04558653 5.94008978
65400 -0.94577668 1.05899838 7.41040693
65500 -0.90056955 1.06132184 11.13948374
65600 -0.96007836 0.99730476 1.91573880
65700 -0.87437086 1.09050346 17.76195180
65800 -0.89660621 1.08778522 14.83752081
65900 -0.98072259 1.05054872 5.24083228
66000 -0.92152552 1.07660203 11.09315850
66100 -0.91570684 1.08899929 13.21307066
66200 -0.87606362 1.10068360 19.03288673
66300 -0.90132610 1.08387986 13.83017786
66400 -0.94697677 1.04534255 5.95083252
66500 -0.97143294 1.04781327 5.19175664
66600 -0.93800688 1.07674204 9.95334609
66700 -0.90414164 1.02834124 7.66308758
66800 -0.88968776 1.09603531 16.74755018
66900 -0.90233587 1.05864334 10.67082891
67000 -0.88318978 1.06126593 13.01236722
67100 -0.90611586 1.08476491 13.48790605
67200 -0.94321772 1.05538185 7.16478049
67300 -0.93435473 1.04374678 6.54887973
67400 -0.90798980 1.03899546 8.19303393
67500 -0.88427674 1.07731818 14.80089599
67600 -0.97011126 1.02442882 3.21649268
67700 -0.95252154 1.01489744 3.23294053
67800 -0.94707864 1.05724974 7.15158860
67900 -0.92948792 1.07424455 10.20433156
68000 -0.90237258 1.06940911 11.89482401
68100 -0.89946799 1.07594009 12.98379584
68200 -0.92560547 1.01794021 5.07520960
68300 -0.96853323 1.03655810 4.24123151
68400 -0.91440450 1.09214221 13.76549862
68500 -0.92469559 1.08594354 12.07570040
68600 -0.91979854 1.06066192 9.33916700
68700 -0.90303663 1.08804615 14.22931787
68800 -0.91846459 1.08901300 12.98631817
68900 -0.93874964 1.06921694 8.98214226
69000 -0.92594286 1.06975197 9.91249726
69100 -0.91213429 1.06883157 10.92066314
69200 -0.93182122 1.03289886 5.76028356
69300 -0.92595765 1.07230510 10.22040359
69400 -0.96119710 1.04413552 5.18358085
69500 -0.95180881 1.04958943 6.12022287
69600 -0.94464195 1.05759770 7.32088904
69700 -0.95607324 1.00497175 2.47572660
69800 -0.88606525 1.10787196 18.95234167
69900 -0.95367526 1.07906339 9.40166963
70000 -0.93202477 1.05795333 8.13727662
70100 -0.93141945 1.05044401 7.39614513
70200 -0.95254336 1.04797404 5.92552280
70300 -0.89251987 1.09438600 16.19964746
70400 -0.91942363 1.06267187 9.59375060
70500 -0.91036089 1.08314813 12.88179700
70600 -0.92225103 1.04857111 7.88058274
70700 -0.94238118 1.06051871 7.76715631
70800 -0.92758692 1.05426065 8.05696783
70900 -0.91598078 1.04996239 8.52585432
71000 -0.96835379 1.06592714 7.22029187
71100 -0.90337990 1.09187201 14.73155567
71200 -0.92809825 1.08429753 11.60284340
71300 -0.92044722 0.98286341 3.70432453
71400 -0.90671773 1.05289164 9.64413667
71500 -0.93047354 1.08669252 11.75938769
71600 -0.90143054 1.03920397 8.83664274
71700 -0.95770421 1.07087213 8.19950290
71800 -0.94585409 1.06460259 8.03276650
71900 -0.89117232 1.08660510 15.25220874
72000 -0.85837383 1.05387782 15.42428665
72100 -0.97951704 1.00048463 1.48412476
72200 -0.94070869 1.08662189 11.09050008
72300 -0.90557696 1.08089638 13.02478637
72400 -0.94511529 1.04309256 5.83927761
72500 -0.89410638 1.07134048 12.96848505
72600 -0.91761372 1.07057123 10.66246023
72700 -0.89056575 1.07279276 13.52695897
72800 -0.92674936 1.05122907 7.80649024
72900 -0.95079836 1.04351945 5.58334467
73000 -0.89870849 1.10254812 16.76545063
73100 -0.93184355 1.07347559 9.94576180
73200 -0.91408341 1.04625666 8.32350167
73300 -0.89564726 1.05815128 11.29309684
73400 -0.91308393 1.05335930 9.11877458
73500 -0.95616975 1.04117149 5.11666534
73600 -0.94554545 1.00102002 2.78417007
73700 -0.94317467 1.04958517 6.57316186
73800 -0.94705962 1.02863346 4.49295282
73900 -0.89237989 1.05898883 11.73032575
74000 -0.88516358 1.12323188 21.59834402
74100 -0.96484516 1.06494763 7.22441057
74200 -0.94607441 1.04701799 6.16022958
74300 -0.88106278 1.05554730 12.64314650
74400 -0.89585618 1.07998847 13.87146878
74500 -0.96942259 1.00023247 1.72913940
74600 -0.95780716 1.06683163 7.71493261
74700 -0.93261292 1.03708459 6.06237225
74800 -0.91867251 1.03688266 7.08137833
74900 -0.93522565 1.08998204 11.89534429
75000 -0.90746465 1.09868724 15.33534318
75100 -0.92675042 1.03838618 6.58880869
75200 -0.93483379 1.06820922 9.11002732
75300 -0.87655732 1.08605523 16.87456051
75400 -0.89167127 1.06816053 12.84851222
75500 -0.93412558 1.06871222 9.21601487
75600 -0.93349650 1.04658484 6.87567341
75700 -0.92900110 1.02759711 5.53107762
75800 -0.94572562 1.04456707 5.94431965
75900 -0.94375720 1.01224526 3.51886271
76000 -0.87925676 1.10419908 19.17814285
76100 -0.92425375 1.01894000 5.24510941
76200 -0.93950756 1.03452507 5.40191128
76300 -0.92503728 1.06330360 9.22855687
76400 -0.93632844 1.04101681 6.16906386
76500 -0.90601770 1.04883093 9.30011352
76600 -0.94428223 1.05436387 6.99814316
76700 -0.95412492 1.05389317 6.44915670
76800 -0.91222813 1.07920565 12.19900145
76900 -0.92616970 1.08092214 11.29576012
77000 -0.94379900 1.05801848 7.41327249
77100 -0.91238770 1.05831083 9.70357571
77200 -0.89000317 1.08318696 14.91903423
77300 -0.92682828 1.02876424 5.77895367
77400 -0.90285598 1.06104796 10.88430471
77500 -0.90456662 1.03945195 8.55459064
77600 -0.89063049 1.08991734 15.76927569
77700 -0.97425402 1.04989621 5.32105418
77800 -1.03166264 0.98407784 1.08191098
77900 -0.91542914 1.05236282 8.81518865
78000 -0.95893479 1.02714642 3.81896062
78100 -0.96943083 1.01192560 2.38462688
78200 -0.94797036 1.03799943 5.22549192
78300 -0.88939604 1.07965072 14.52127263
78400 -0.94435344 1.03666237 5.30345313
78500 -0.90731554 1.05461459 9.76731039
78600 -0.94525353 1.01820298 3.82441112
78700 -0.91621251 1.08790669 13.01929917
78800 -0.89457070 1.04338988 9.91850338
78900 -0.91640469 1.07492488 11.29720038
79000 -0.97362395 1.00140866 1.66927341
79100 -0.97209928 1.05727006 6.14265748
79200 -0.95147010 1.01913334 3.56728510
79300 -0.93121568 1.06636383 9.13591153
79400 -0.88837949 1.09271601 16.41349873
79500 -0.93241648 1.03763578 6.12378094
79600 -0.93474987 1.02276465 4.77613651
79700 -0.93686551 1.08726498 11.41381973
79800 -0.89089471 1.05612753 11.58350909
79900 -0.90902562 1.06001769 10.19011493
80000 -0.92683989 1.04464698 7.15522598
80100 -0.92788482 1.09315449 12.84690379
80200 -0.99240004 1.01149070 1.91943300
80300 -0.93057428 1.04722027 7.13585642
80400 -0.94950023 1.08468251 10.34480299
80500 -0.95649103 1.01054196 2.77917952
80600 -0.90733368 1.05666851 9.98260871
80700 -0.93579685 1.03982501 6.09528834
80800 -0.87467780 1.06597235 14.57761989
80900 -0.91652708 1.03490182 7.08802380
81000 -0.91658582 1.03666880 7.23470291
81100 -0.93235642 1.01120467 4.16083302
81200 -0.94639153 1.05668029 7.12727600
81300 -0.92760642 1.08586479 11.85003607
81400 -0.93203734 1.04430308 6.75599725
81500 -0.94387924 1.06156107 7.79770582
81600 -0.96074540 1.02752334 3.77539572
81700 -0.94206098 1.02884501 4.78673265
81800 -0.93009768 1.02637036 5.35938355
81900 -0.93254752 1.06361199 8.72876032
82000 -0.91352279 1.09567293 14.34945442
82100 -0.94079638 1.06653141 8.54231873
82200 -0.91807930 1.07060357 10.62811059
82300 -0.95740414 1.02481302 3.70569797
82400 -0.88941780 1.11489099 19.70873097
82500 -0.92631942 1.05324316 8.04398973
82600 -0.95888959 1.02453338 3.62264514
82700 -0.91557327 1.04303609 7.89179307
82800 -0.91006673 1.09190987 14.11320184
82900 -0.91517932 1.02839524 6.67018122
83000 -0.91127450 1.05674916 9.63379835
83100 -0.95601331 1.05536675 6.51849071
83200 -0.92871745 1.04745513 7.28935245
83300 -0.91871081 1.03976030 7.33242215
83400 -0.93238109 1.06042274 8.38274961
83500 -0.89617980 1.05597894 11.00508467
83600 -0.90478454 1.04764311 9.30007983
83700 -0.87886396 1.05186007 12.52470717
83800 -0.92091323 1.02276007 5.77437267
83900 -0.93006351 1.05840060 8.32090173
84000 -0.90625274 1.11007734 17.20665251
84100 -0.88641620 1.04089937 10.58198688
84200 -0.87388182 1.11532980 21.61987024
84300 -0.95766827 0.96531768 1.01330333
84400 -0.90584491 1.09181582 14.48845419
84500 -0.91462636 1.06004711 9.69951313
84600 -0.92571829 1.04812300 7.57294835
84700 -0.90714130 1.01910115 6.69885401
84800 -0.92982992 1.07084602 9.76379998
84900 -0.95624905 1.03142884 4.27240072
85000 -0.95900110 1.03373762 4.34644914
85100 -0.94239166 1.04511782 6.18306047
85200 -0.90967271 1.03171341 7.41805034
85300 -0.92606940 1.01557939 4.88319478
85400 -0.88970795 1.06527597 12.72644332
85500 -0.92766144 1.06988801 9.80300034
85600 -0.94550429 1.02138577 4.03285505
85700 -0.89818155 1.06436458 11.72312673
85800 -0.90270606 1.03831240 8.63259493
85900 -0.93418663 1.06310472 8.56203877
86000 -0.91967736 1.06822356 10.21426784
86100 -0.91955285 1.07350060 10.86207042
86200 -0.91225064 1.06090373 9.99979444
86300 -0.93360312 1.04965824 7.17015585
86400 -0.92310422 1.06637269 9.72778220
86500 -0.91468362 1.05241129 8.88347910
86600 -0.92833679 1.08111538 11.16342928
86700 -0.94991528 1.02824691 4.31552923
86800 -0.94120790 1.02516213 4.55292812
86900 -0.95656129 1.04202935 5.17816160
87000 -0.88409793 1.01202464 8.64017290
87100 -0.91747061 1.07417913 11.11577884
87200 -0.92534522 1.06858978 9.81843549
87300 -0.88673425 1.10566577 18.53048074
87400 -0.95547082 1.05528060 6.53342594
87500 -0.90004833 1.04603869 9.60688313
87600 -0.90415111 1.07596231 12.52675738
87700 -0.92445841 1.02441891 5.62235341
87800 -0.93223255 1.03036864 5.52577229
87900 -0.94108081 0.99738311 2.85831499
88000 -0.92854913 1.05887614 8.47962041
88100 -0.89419169 1.06349121 12.03782678
88200 -0.92321799 1.06092622 9.10005104
88300 -0.92617599 1.07358412 10.36150990
88400 -0.91585387 1.08462893 12.60276004
88500 -0.93759841 1.04634837 6.58848370
88600 -1.00958542 0.97025261 0.25102419
88700 -0.97118037 1.03225934 3.79858496
88800 -0.92300026 1.05011851 7.97633789
88900 -0.93433591 1.05987345 8.19197438
89000 -0.93362324 1.06542210 8.86406817
89100 -0.93995320 0.98581632 2.44421386
89200 -0.90488876 1.05869683 10.43057476
89300 -0.95447179 1.04112968 5.18871861
89400 -0.87886268 1.07003713 14.54158145
89500 -0.91945321 1.03989783 7.28470298
89600 -0.85544843 1.15978690 32.45285064
89700 -0.92179476 1.03835852 6.96164348
89800 -0.94340017 1.03297783 5.04443084
89900 -0.87543195 1.11613721 21.55938633
90000 -0.92964365 1.07653732 10.48085469
90100 -0.92774670 1.06264651 8.95488783
90200 -0.89286798 1.08286014 14.56454342
90300 -0.93790267 1.07173476 9.33771575
90400 -0.92917124 1.03598972 6.20547265
90500 -0.89626837 1.10093877 16.77138274
90600 -0.96365530 1.04141418 4.83874470
90700 -0.92733958 1.10109205 14.05417173
90800 -0.90461445 1.05887663 10.47626204
90900 -0.96396828 1.06958121 7.79897521
91000 -0.94905530 1.04097537 5.43594010
91100 -0.92226178 1.02157720 5.58326299
91200 -0.89702168 1.08229676 14.05348393
91300 -0.95370440 1.02122630 3.60823451
91400 -0.95658045 1.02723753 3.92544675
91500 -0.95437941 1.06078082 7.17681392
91600 -0.94925366 1.04656967 5.95044587
91700 -0.95558486 1.04916739 5.90343758
91800 -0.91428711 1.08553786 12.85860646
91900 -0.97897718 1.04808414 5.03122837
92000 -0.91637673 1.05201615 8.70007280
92100 -0.92008530 1.04731719 7.92849773
92200 -0.96692929 1.08714106 9.95067121
92300 -0.94794071 1.03574810 5.03145299
92400 -0.92211505 1.08899541 12.69289443
92500 -0.90087710 1.08699616 14.29664793
92600 -0.93719218 1.01034650 3.79326121
92700 -0.93329759 1.04885492 7.11075310
92800 -0.93789788 1.05140036 7.06935349
92900 -0.95344860 1.02114298 3.61417807
93000 -0.90992062 1.07515123 11.88856317
93100 -0.90599279 1.03329495 7.88770287
93200 -0.92748026 1.06659437 9.42667973
93300 -0.92813753 1.01791721 4.88848040
93400 -0.91430788 1.04480590 8.16564865
93500 -0.91675224 1.04397890 7.88111230
93600 -0.97892789 1.07496594 8.03026056
93700 -0.96286093 1.06230473 6.99583107
93800 -0.91262835 1.04023395 7.88798568
93900 -0.95325939 1.07026700 8.32441797
94000 -0.89672840 1.08077703 13.88382754
94100 -0.92251357 1.07339066 10.61470129
94200 -0.88747293 1.06671027 13.14181353
94300 -0.95594575 1.00250166 2.34860065
94400 -0.88671286 1.07478015 14.20203148
94500 -0.91460305 1.08426182 12.65943833
94600 -0.94252703 1.03997002 5.69887344
94700 -0.94009273 1.01857545 4.14573619
94800 -0.91027414 1.06407374 10.53177428
94900 -0.93329610 1.07986967 10.65777095
95000 -0.93120813 1.03781644 6.22202392
95100 -0.87928483 1.06467890 13.86170169
95200 -0.95244337 1.03961256 5.14602167
95300 -0.91893979 1.02470452 6.07576077
95400 -0.89569775 1.05314490 10.75891453
95500 -0.93829689 1.02637873 4.82049198
95600 -0.89172277 1.05014644 10.87663327
95700 -0.89905161 1.05299357 10.39912636
95800 -0.91165339 1.07186905 11.32859462
95900 -0.94241445 1.02350678 4.35967124
96000 -0.94043243 1.06072415 7.90406597
96100 -0.90897922 1.04085149 8.26938764
96200 -0.90764558 1.02511693 7.08594609
96300 -0.91963342 1.04031820 7.30808159
96400 -0.95164276 0.99520384 2.19090485
96500 -0.89838564 1.04913872 10.07698112
96600 -0.93038044 1.01464813 4.51313210
96700 -0.90895680 1.07375879 11.80255124
96800 -0.93436324 1.04160093 6.34945731
96900 -0.94446726 1.01285933 3.51759027
97000 -0.89707990 1.01240282 7.24332913
97100 -0.95392313 1.03863409 4.98953954
97200 -0.91408336 1.07420505 11.40428144
97300 -0.90103130 1.07994135 13.33977842
97400 -0.94981829 1.05240031 6.50201390
97500 -0.93441835 1.04071028 6.26465428
97600 -0.89937123 1.09798946 16.01351501
97700 -0.90475060 1.08321349 13.40914055
97800 -0.89856090 1.09912950 16.26474994
97900 -0.90888534 1.05993076 10.19332611
98000 -0.89836182 1.05985002 11.19867323
98100 -0.88936008 1.06096063 12.27672712
98200 -0.90138693 1.04505998 9.38046874
98300 -0.91886721 1.06556301 9.96867011
98400 -0.93710520 1.08022270 10.45685396
98500 -0.89494127 1.07494257 13.32399118
98600 -0.90964106 1.03031665 7.30775145
98700 -0.94186561 1.04308842 6.02253050
98800 -0.91012885 1.00226074 5.40400438
98900 -0.94521104 1.02565206 4.36253243
99000 -0.95151468 1.04297725 5.49779755
99100 -0.93864190 1.06131243 8.07763706
99200 -0.93064521 1.02587797 5.28377631
99300 -0.89870731 1.05865728 11.03330622
99400 -0.95021919 1.00912943 2.98720920
99500 -0.91585328 1.06675192 10.35584073
99600 -0.93542945 1.03323313 5.54855477
99700 -0.95201448 1.01760151 3.43628766
99800 -0.92689660 1.07119130 10.01571968
99900 -0.95616373 1.04141006 5.13870832
100000 -0.93971319 1.02584075 4.69315988
100100 -0.91451835 1.04333854 8.00959732
100200 -0.94067097 1.06607763 8.49697451
100300 -0.94108053 1.04897193 6.63347277
100400 -0.89319179 1.05892654 11.63649247
100500 -0.91601589 1.04683829 8.21549262
100600 -0.90044090 1.09622677 15.64714221
100700 -0.90911963 1.04539050 8.67929417
100800 -0.95664261 1.04051593 5.03649892
100900 -0.89812838 1.04412829 9.61898111
101000 -0.92718464 1.06046398 8.75218364
101100 -0.89348884 1.02856039 8.75818071
101200 -0.93731325 1.03876934 5.90481238
101300 -0.86892863 1.08026987 17.07497173
101400 -0.89563671 1.08676690 14.79844077
101500 -0.98118860 1.03338746 3.65366894
101600 -0.96251564 1.02892116 3.81681384
101700 -0.93291767 1.05707933 7.98301126
101800 -0.93112512 1.00081843 3.66313101
101900 -0.92694239 1.03589734 6.35788349
102000 -0.91810334 1.05492378 8.85803067
102100 -0.93508446 1.08022030 10.58567729
102200 -0.94502792 1.04550216 6.07129549
102300 -0.94346308 1.05857794 7.49279684
102400 -0.89964990 1.08274952 13.84628919
102500 -0.91258808 1.06891670 10.89101349
102600 -0.93766882 1.06579935 8.64733347
102700 -0.93712919 1.05099407 7.07627074
102800 -0.91538785 1.06172346 9.82067407
102900 -0.91234715 1.05525314 9.38062248
103000 -0.93087202 1.04418721 6.82495383
103100 -0.97264953 0.99388445 1.33694633
103200 -0.93226029 1.07319283 9.88257022
103300 -0.92220447 1.05999656 9.07569387
103400 -0.93484039 1.02525207 4.95432443
103500 -0.93942044 1.01992429 4.27964490
103600 -0.96169714 1.02415362 3.48293391
103700 -0.93711624 1.04062123 6.08328748
103800 -0.93851071 0.99853226 3.06815636
103900 -0.90471056 1.08902780 14.20440425
104000 -0.90278398 1.07923619 13.07647288
104100 -0.91836162 1.06635146 10.10124345
104200 -0.90837366 1.07051951 11.46016979
104300 -0.93896652 1.03548112 5.51605338
104400 -0.85953767 1.07016078 17.08413944
104500 -0.89689205 1.04323238 9.66176311
104600 -0.91042064 1.09092821 13.94261053
104700 -0.92910615 1.01636333 4.71501493
104800 -0.91067541 1.07759509 12.12969518
104900 -0.90397946 1.05530213 10.15424145
105000 -0.90859257 1.09234904 14.30928374
105100 -0.93663618 1.01239949 3.95433454
105200 -0.91311217 1.07971222 12.18737785
105300 -0.94679757 1.07711624 9.49451849
105400 -0.89606098 1.06613305 12.14510279
105500 -0.93767401 1.04826820 6.77058424
105600 -0.91056780 1.06452194 10.55669720
105700 -0.92893183 1.07380328 10.18896800
105800 -0.92442877 1.05461276 8.32742028
105900 -0.96696058 1.00972018 2.32905169
106000 -0.94347225 1.05869611 7.50511487
106100 -0.92464914 1.04947295 7.78630933
106200 -0.91467777 1.06115235 9.81736391
106300 -0.90162572 1.04785479 9.62652956
106400 -0.90580470 1.09993160 15.67612066
106500 -0.90754427 1.05272514 9.55025869
106600 -0.85617557 1.07344428 17.96197757
106700 -0.90097266 1.08181228 13.59044523
106800 -0.90267885 1.11635253 18.57228418
106900 -0.92080992 1.02954487 6.29922765
107000 -0.92036481 1.03028250 6.39352171
107100 -0.93490758 1.07085586 9.42158069
107200 -0.92582638 1.02606867 5.64408385
107300 -0.94959272 1.04615147 5.89299924
107400 -0.89325547 1.06856093 12.72554485
107500 -0.89842563 1.06824407 12.14950629
107600 -0.91408610 1.06067232 9.81478077
107700 -0.88672219 1.04406246 10.83980415
107800 -0.92414666 1.03380665 6.38864140
107900 -0.92087248 1.06829658 10.12762264
108000 -0.92874008 1.00058185 3.81824999
108100 -0.90578904 1.07628927 12.41234287
108200 -0.95566776 1.04640548 5.62968208
108300 -0.91655183 1.05990106 9.52092032
108400 -0.90158709 1.08766015 14.31770802
108500 -0.91254685 1.08895413 13.47815208
108600 -0.94425456 1.03320585 5.01538369
108700 -0.94996838 1.08227224 9.99955501
108800 -0.94066854 1.06191196 8.02225410
108900 -0.92380524 1.04527860 7.44182684
109000 -0.97496855 1.01368603 2.34124196
109100 -0.92948677 1.08616109 11.75597993
109200 -0.93857140 1.07000758 9.08764589
109300 -0.91321325 1.03307100 7.21636537
109400 -0.91427724 1.00754857 5.33011473
109500 -0.92508578 1.09876502 13.87158644
109600 -0.93358800 1.04073173 6.32140020
109700 -0.91187335 1.08862352 13.49139384
109800 -0.95500056 1.03384059 4.52709747
109900 -0.94783979 1.04560314 5.93032406
110000 -0.91391121 1.03922266 7.68598168
110100 -0.91803462 1.07386872 11.03089198
110200 -0.92911864 1.06189348 8.77215890
110300 -0.94638678 1.02412572 4.18449964
110400 -0.94098674 1.03618798 5.45546618
110500 -0.91395726 1.05368377 9.07683914
110600 -0.91884065 1.03318066 6.75293051
110700 -0.93804593 1.06617931 8.66796955
110800 -0.93134923 1.00017866 3.61541264
110900 -0.91154266 1.06540083 10.57102645
111000 -0.92756248 1.05558837 8.19804861
111100 -0.92069367 1.05798299 8.97491008
111200 -0.88834097 1.07744358 14.35480293
111300 -0.89601886 1.10492895 17.40752774
111400 -0.92907773 1.05085660 7.60101101
111500 -0.89664225 1.05124385 10.46657112
111600 -0.94163438 1.04682480 6.39079373
111700 -0.90166174 1.05941725 10.82127382
111800 -0.92709654 1.02555160 5.51147918
111900 -0.90397185 1.05133600 9.74519542
112000 -0.90831953 1.08514909 13.33529275
112100 -0.92070840 1.05406305 8.55813882
112200 -0.96699421 1.03575384 4.22155165
112300 -0.94501317 1.06705722 8.36297231
112400 -0.94468745 1.03140974 4.84351214
112500 -0.94051179 1.02882596 4.87618912
112600 -0.90628128 1.05497037 9.90098875
112700 -0.92190735 1.01650562 5.26072969
112800 -0.92762309 1.07697096 10.68002145
112900 -0.95787276 1.07566858 8.78364877
113000 -0.89069119 1.06771752 12.90291526
113100 -0.91084392 0.99562037 5.01501291
113200 -0.94236423 1.04799720 6.46266692
113300 -0.94734717 1.03903108 5.34942665
113400 -0.92615394 1.09600583 13.38547127
113500 -0.93435365 1.06125472 8.34352756
113600 -0.89640189 1.06411141 11.87699151
113700 -0.92447517 1.05191200 8.04502859
113800 -0.96411155 1.05338766 5.98849426
113900 -0.91423694 1.04541884 8.23002913
114000 -0.93572848 1.06249661 8.39315816
114100 -0.89282870 1.08820145 15.29266424
114200 -0.92988361 1.09445696 12.89206140
114300 -0.92502465 1.05596453 8.42489271
114400 -0.94677786 1.03233458 4.80578975
114500 -0.91549162 1.05441957 9.02255646
114600 -0.91975208 1.07862091 11.49153430
114700 -0.92613696 1.03716614 6.52684206
114800 -0.94678697 1.07678597 9.45315403
114900 -0.91740757 1.04310359 7.74489408
115000 -0.93595587 1.04170654 6.25586986
115100 -0.93312565 0.99698499 3.33988430
115200 -0.92678346 1.06008679 8.73988200
115300 -0.94373189 1.07044887 8.83701515
115400 -0.94194713 1.00550274 3.22534498
115500 -0.92948557 1.06927163 9.59900284
115600 -0.90291717 1.05922396 10.67747466
115700 -0.94870733 1.02438581 4.08209281
115800 -0.93671779 1.01101872 3.86396128
115900 -0.92212356 1.04775603 7.81049026
116000 -0.87263666 1.10031348 19.40778136
116100 -0.94171225 1.07697523 9.76008600
116200 -0.88713262 1.05717801 12.11308593
116300 -0.93753249 1.03960792 5.96588447
116400 -0.94937577 1.06739735 8.17247525
116500 -0.89188611 1.04081841 9.96829868
116600 -0.89848290 1.08750164 14.60621122
116700 -0.91666595 1.06954354 10.61761066
116800 -0.91273253 1.05406478 9.22254448
116900 -0.91428828 1.07765050 11.82057438
117000 -0.88577203 1.01391328 8.56646790
117100 -0.92439498 1.06646496 9.64010226
117200 -0.92169598 1.04063760 7.17334702
117300 -0.93040362 1.05664634 8.10854864
117400 -0.93968437 1.06212658 8.10517311
117500 -0.89746635 1.05637815 10.91473058
117600 -0.95754549 1.05099295 6.00098051
117700 -0.96419884 1.08079966 9.19513731
117800 -0.91290207 1.06273860 10.14802077
117900 -0.96918529 1.02169147 3.04460630
118000 -0.93000338 1.10940398 15.15457710
118100 -0.93102753 1.02185851 4.96042326
118200 -0.95548387 1.06045369 7.09085222
118300 -0.93306417 1.03739027 6.05873160
118400 -0.90612222 1.03895151 8.36270477
118500 -0.91897587 1.05402884 8.69345460
118600 -0.90240589 1.09788446 15.69721178
118700 -0.94974695 1.06849219 8.28288432
118800 -0.92437366 1.02522427 5.68901716
118900 -0.91217496 1.01398766 5.90382968
119000 -0.94088885 1.06041115 7.84237456
119100 -0.92833417 1.02558149 5.42427612
119200 -0.93333996 1.08920385 11.91063552
119300 -0.90394997 1.07356926 12.24748448
119400 -0.91310767 1.03856436 7.69696128
119500 -0.98220086 1.04510644 4.68102240
119600 -0.89234269 1.07201640 13.23904870
119700 -0.92017428 1.10543247 15.26569921
119800 -0.96044195 1.03233379 4.17184642
119900 -0.90473603 1.10777705 16.98441096
120000 -0.89443383 1.06360675 12.02535528
120100 -0.93004059 1.08958784 12.18954187
120200 -0.92075892 1.04287552 7.45250495
120300 -0.93320625 1.05730613 7.98800581
120400 -0.89710970 1.07488678 13.09156140
120500 -0.90267621 1.06969110 11.89893960
120600 -0.87455477 1.07851573 16.12639875
120700 -0.93692653 1.03561398 5.65400795
120800 -0.93481600 1.03376437 5.63271203
120900 -0.97699803 1.04493264 4.77064866
121000 -0.90831191 1.06539830 10.86173699
121100 -0.93673290 1.08489263 11.09937371
121200 -0.94245515 1.00778462 3.32523604
121300 -0.87566415 1.07150240 15.11111849
121400 -0.91337727 1.08667721 13.09207865
121500 -0.97500996 1.02166750 2.88036603
121600 -0.91885076 1.05393303 8.69363754
121700 -0.93467278 1.07823477 10.35590094
121800 -0.93267156 1.01972169 4.69711640
121900 -0.96773502 1.03386575 4.03724624
122000 -0.90582882 1.06220025 10.72855341
122100 -0.93152189 1.02931305 5.48990521
122200 -0.88443633 1.05604715 12.30047982
122300 -0.88991543 1.09093904 15.99121193
122400 -0.94645430 1.00874122 3.15883676
122500 -0.91090058 1.08298491 12.81184667
122600 -0.97784111 1.02663164 3.18171212
122700 -0.93102632 1.04255334 6.66174474
122800 -0.94913977 1.01925237 3.69132674
122900 -0.93543355 1.08421016 11.09059730
123000 -0.89934437 1.06723229 11.93748268
123100 -0.91456517 1.04506994 8.16870204
123200 -0.89734363 1.05341056 10.61603729
123300 -0.91179117 1.08486603 12.98482110
123400 -0.94640907 1.05923998 7.40268047
123500 -0.91098612 1.08559686 13.15498958
123600 -0.92738397 1.06636636 9.40710898
123700 -0.95668266 1.02580144 3.81112519
123800 -0.97683770 0.96776513 0.42604617
123900 -0.87723795 1.06921397 14.64124588
124000 -0.89324438 1.07505283 13.51748565
124100 -0.95046312 1.05975471 7.24999931
124200 -0.92895684 1.02638150 5.44063159
124300 -0.92232162 1.06624375 9.77326982
124400 -0.92220327 1.08470194 12.09847258
124500 -0.91032404 1.03777548 7.87315585
124600 -0.87964562 1.11994177 21.68269068
124700 -0.91911108 1.06022377 9.34614843
124800 -0.92993249 1.07723024 10.54849526
124900 -0.94196185 1.05714138 7.42385033
125000 -0.92243698 1.06167024 9.24313255
125100 -0.95629941 1.09748147 11.83026282
125200 -0.93042278 1.04024779 6.49282632
125300 -0.88995545 1.04871619 10.92734415
125400 -0.92192149 1.00880621 4.77721174
125500 -0.93522408 1.05630752 7.74860491
125600 -0.93805599 1.04540612 6.46969427
125700 -0.90741048 1.11260615 17.50678969
125800 -0.91143505 1.10096332 15.31683691
125900 -0.92130458 1.05024801 8.12131638
126000 -0.92474964 1.06044830 8.93072137
126100 -0.94131329 1.06108431 7.89192736
126200 -0.93009760 1.04153283 6.63230224
126300 -0.91146361 1.03521253 7.54993345
126400 -0.92489173 1.06667046 9.62662370
126500 -0.93501414 1.06368880 8.57415336
126600 -0.94243375 1.01372574 3.68742190
126700 -0.90067901 1.04978848 9.91119963
126800 -0.91559330 1.04727718 8.29367047
126900 -0.93186081 1.07031673 9.55953315
127000 -0.90669908 1.03438709 7.91312195
127100 -0.96134515 1.03086640 4.01678603
127200 -0.87763536 1.09884343 18.56373649
127300 -0.91812587 1.08145095 11.99136241
127400 -0.90471770 1.04372650 8.93168744
127500 -0.90524119 1.07278612 12.02783155
127600 -0.93250876 0.99944920 3.50014553
127700 -0.93152341 1.07535239 10.20113214
127800 -0.96418640 1.00463929 2.13403313
127900 -0.87916478 1.10665450 19.57089118
128000 -0.92613095 1.04204246 6.96422514
128100 -0.95993076 1.01283545 2.77691845
128200 -0.95119219 1.00923267 2.94535573
128300 -0.92774789 1.06347054 9.04796513
128400 -0.94519258 1.02966294 4.67501889
128500 -0.95615003 1.10265783 12.61361703
128600 -0.89967985 1.04566447 9.60791138
128700 -0.93042297 1.05166605 7.58847456
128800 -0.93581492 1.04609579 6.67706272
128900 -0.90898973 1.05805716 9.97960971
129000 -0.89131773 1.07975340 14.32388988
129100 -0.94896233 1.06491845 7.90554646
129200 -0.89649132 1.02122143 7.89326905
129300 -0.92822433 1.08214967 11.30764156
129400 -0.96783599 1.05037289 5.55461998
129500 -0.95440143 1.00376178 2.48477903
129600 -0.93285237 1.09741327 13.11973766
129700 -0.96722458 1.00042835 1.80862366
129800 -0.95556270 1.00804482 2.67193736
129900 -0.94476225 1.00882142 3.25558426
130000 -0.92446054 1.10499000 14.86405501
130100 -0.94818948 1.05639837 7.00247180
130200 -0.91386576 1.11161827 16.76978623
130300 -0.96601634 1.01595704 2.75260991
130400 -0.95774073 1.04751552 5.64756161
130500 -0.92356480 1.06596056 9.64459551
130600 -0.94541375 1.00350103 2.92100949
130700 -0.91123229 1.03491248 7.54491799
130800 -0.91486809 1.06252019 9.95411754
130900 -0.89510386 1.06141026 11.70772255
131000 -0.89547899 1.08033050 13.95533990
131100 -0.92633555 1.04566162 7.28879784
131200 -0.92300924 1.03884934 6.91089097
131300 -0.92734753 1.06345937 9.07570489
131400 -0.90952214 1.07488590 11.89136590
131500 -0.92569436 1.03966024 6.78014317
131600 -0.98785971 1.05740903 5.84204369
131700 -0.92629719 1.06403499 9.21804081
131800 -0.94397859 1.09271660 11.75321312
131900 -0.90607807 1.03006392 7.61577972
132000 -0.91495076 1.04167575 7.81890875
132100 -0.91148100 1.07315971 11.50196368
132200 -0.95512882 1.01388236 3.04718887
132300 -0.92546102 1.08992258 12.56719376
132400 -0.92086948 1.04672762 7.80893614
132500 -0.89057062 1.10414393 17.86756929
132600 -0.92741600 1.05224466 7.86120426
132700 -0.94753252 1.05675388 7.07461346
132800 -0.95335119 1.00091710 2.38433084
132900 -0.94717916 1.02507657 4.21326624
133000 -0.89786722 1.10992836 18.00409310
133100 -0.90903842 1.04139819 8.31381921
133200 -0.92265009 1.04522361 7.52527239
133300 -0.91965712 1.10339156 14.99197436
133400 -0.95428847 1.04547361 5.60237730
133500 -0.92122667 1.06250379 9.43116986
133600 -0.96069934 1.04606277 5.38629855
133700 -0.93412625 1.03512042 5.79241814
133800 -0.96515906 1.00538735 2.14082498
133900 -0.90000104 1.12770160 20.78882570
134000 -0.91702638 1.03914311 7.41555800
134100 -0.96156066 1.03879114 4.68072479
134200 -0.92500495 1.09739406 13.67463349
134300 -0.91923910 1.03360246 6.75584752
134400 -0.96218613 1.03144777 4.03181353
134500 -0.92318712 1.07977364 11.37070761
134600 -0.90113176 1.07318206 12.47437485
134700 -0.92614080 1.07853868 10.98868744
134800 -0.94961113 1.04764878 6.03716089
134900 -0.90883448 1.05757233 9.94147837
135000 -0.87997175 1.07617881 15.16393678
135100 -0.90726523 1.06382443 10.77786934
135200 -0.92227612 1.08729596 12.44559062
135300 -0.94601410 1.02307949 4.12754515
135400 -0.94283523 1.01667728 3.85683481
135500 -0.88007072 1.05469855 12.67240911
135600 -0.95768692 1.03217794 4.27180480
135700 -0.91951152 1.06081637 9.37933184
135800 -0.89211055 1.06560168 12.50194035
135900 -0.91815175 1.04463122 7.82710211
136000 -0.90398719 1.04270099 8.90596662
136100 -0.89750580 1.10310264 16.97273990
136200 -0.94193131 1.07626096 9.65690103
136300 -0.94906953 1.00777828 2.96612100
136400 -0.91689322 1.07332315 11.05766886
136500 -0.95673874 1.02884914 4.04436185
136600 -0.94157683 1.05647832 7.37544997
136700 -0.92715001 1.03358836 6.14706736
136800 -0.90518973 1.06390731 10.98193092
136900 -0.90834708 1.07564209 12.09309598
137000 -0.92319267 1.03109861 6.23817522
137100 -0.90324661 1.03666360 8.43589859
137200 -0.91219423 0.99913922 5.06225786
137300 -0.97615971 1.06514042 6.91283805
137400 -0.92774867 1.06306397 9.00185780
137500 -0.95903410 1.00768971 2.50315395
137600 -0.91165599 1.07720857 11.99334236
137700 -0.91132166 1.09997097 15.17756901
137800 -0.94922095 1.01013346 3.09727295
137900 -0.93474112 1.02312845 4.80324589
138000 -0.92562848 1.08517514 11.90172129
138100 -0.96526879 1.05996825 6.64963648
138200 -0.92562908 1.04457739 7.23795890
138300 -0.89299082 1.08476128 14.80578386
138400 -0.94650047 1.01023950 3.24549869
138500 -0.92631916 1.05036205 7.75070391
138600 -0.87946827 1.03027286 10.48581506
138700 -0.95510833 1.04169631 5.21173749
138800 -0.92929215 1.02855981 5.58562157
138900 -0.92613671 1.04891077 7.61956255
139000 -0.90866734 1.08402668 13.15240365
139100 -0.93071144 1.09660872 13.14751146
139200 -0.93732583 1.03523008 5.59610900
139300 -0.90866680 1.09056931 14.05074255
139400 -0.92861461 1.05354303 7.90851664
139500 -0.90482312 1.06402640 11.03032955
139600 -0.95649977 1.04802591 5.75067433
139700 -0.89914290 1.07519785 12.92332778
139800 -0.95001533 1.04369040 5.63817931
139900 -0.94274428 1.06805855 8.60801909
140000 -0.89723886 1.02075863 7.78331826
140100 -0.94186430 1.04804879 6.49666263
140200 -0.89513565 1.07762702 13.64259366
140300 -0.94435417 0.98252485 2.07716240
140400 -0.92755723 1.05754305 8.40673151
140500 -0.93016572 1.02551018 5.28930664
140600 -0.97312720 1.06248348 6.68734050
140700 -0.96076085 1.04464637 5.24882292
140800 -0.88510935 1.06728817 13.47818820
140900 -0.91520104 1.07350091 11.22166926
141000 -0.93754695 1.03006452 5.15535547
141100 -0.91150174 1.06473368 10.49788016
141200 -0.87388781 1.11804321 22.07140347
141300 -0.90700912 1.10006677 15.58366983
141400 -0.91569550 1.07205238 11.00201642
141500 -0.93039532 1.02891583 5.53625970
141600 -0.90174678 1.08961118 14.57248867
141700 -0.95524431 1.03523581 4.63410733
141800 -0.89166990 1.11941315 20.21811265
141900 -0.93635411 1.09410776 12.40892284
142000 -0.96811962 1.03536127 4.15145276
142100 -0.94526856 1.06186037 7.75413669
142200 -0.96442186 0.98911239 1.39779163
142300 -0.94959067 1.03767532 5.11403097
142400 -0.94254560 1.00427817 3.12356367
142500 -0.92349783 1.06424079 9.45177060
142600 -0.95609043 1.01156681 2.85926151
142700 -0.95038778 1.05764414 7.02431705
142800 -0.95132884 1.03528720 4.82139382
142900 -0.90166417 1.07946610 13.21570425
143000 -0.92519412 1.06863825 9.83547693
143100 -0.92129043 1.05361112 8.46523037
143200 -0.90424825 1.04753966 9.34119089
143300 -0.96995815 1.01960476 2.87366759
143400 -0.91512632 1.04995920 8.59769111
143500 -0.93766465 1.01564390 4.09740893
143600 -0.95512479 1.05968466 7.02225492
143700 -0.96643873 1.03534243 4.20484452
143800 -0.93145696 1.08482375 11.43779619
143900 -0.90862233 1.09566959 14.78475433
144000 -0.93100652 1.07349242 10.00523925
144100 -0.92065672 1.05448716 8.60646114
144200 -0.91827820 1.03847980 7.25356363
144300 -0.93320874 1.01632602 4.43010692
144400 -0.92889881 1.04820331 7.34963511
144500 -0.95425505 1.04344234 5.41203602
144600 -0.94795027 1.08315140 10.21923496
144700 -0.89249368 1.08574306 14.99189321
144800 -0.92324060 1.05503751 8.46244173
144900 -0.94680616 1.06481745 8.00631638
145000 -0.91276413 1.06451749 10.36217559
145100 -0.94327327 1.07134749 8.97156769
145200 -0.90535964 1.05453403 9.94208120
145300 -0.93774543 1.06905266 9.02458356
145400 -0.93667098 1.07689015 10.05583743
145500 -0.89083785 1.06173914 12.20100542
145600 -0.91973318 1.03393748 6.74413163
145700 -0.89694441 1.07900649 13.63156451
145800 -0.93017289 1.06058094 8.55198465
145900 -0.94666950 1.04356443 5.79922271
146000 -0.96977868 1.04873340 5.33080631
146100 -0.92664061 1.05503730 8.20721731
146200 -0.90267175 1.10173483 16.24812386
146300 -0.93013424 1.04323200 6.78671514
146400 -0.95737604 1.03416372 4.45016666
146500 -0.97506334 1.00569898 1.86210678
146600 -0.88745415 1.03797560 10.20313777
146700 -0.90645183 1.07320829 11.96577211
146800 -0.93812539 1.03234078 5.30423571
146900 -0.93963253 1.03942998 5.82097624
147000 -0.96042092 1.04951646 5.73501439
147100 -0.90748523 1.06900720 11.36084792
147200 -0.90499756 1.06445030 11.06216783
147300 -0.90394954 1.08179339 13.29759461
147400 -0.94628963 1.02337832 4.13459048
147500 -0.98148700 1.03050278 3.41171405
147600 -0.89107966 1.06576142 12.63217423
147700 -0.93478136 1.07544577 9.99505619
147800 -0.91891491 1.08611175 12.55059973
147900 -0.95307066 1.03311222 4.55500192
148000 -0.92769147 1.04728978 7.34691268
148100 -0.95354197 1.04627989 5.71408238
148200 -0.91182793 1.10342833 15.65728257
148300 -0.97565430 1.00934814 2.05745727
148400 -0.91484066 1.00952878 5.39789469
148500 -0.92655469 1.05289495 7.99079179
148600 -0.92019741 1.08087400 11.74822857
148700 -0.91418037 1.08308774 12.53867795
148800 -0.89059112 1.07446785 13.73127416
148900 -0.90932723 1.05533765 9.65878595
149000 -0.91811893 1.03266176 6.76873870
149100 -0.93317202 1.04481092 6.72754416
149200 -0.95205290 1.03548744 4.80351348
149300 -0.91811375 1.06846678 10.36986747
149400 -0.92782908 1.04902697 7.50749164
149500 -0.92699504 1.07404431 10.35835724
149600 -0.93427645 1.08904508 11.82655901
149700 -0.88951022 1.08137198 14.73329534
149800 -0.93419478 1.06541563 8.82554757
149900 -0.94082939 1.03804875 5.62687180
150000 -0.93034975 1.06489968 9.02654745
150100 -0.91932572 1.04978685 8.23287661
150200 -0.91969168 1.04879182 8.10462429
150300 -0.92323484 1.04250958 7.22545631
150400 -0.93188910 1.06734484 9.20445302
150500 -0.89739351 1.06973458 12.43223074
150600 -0.90646611 1.09722800 15.21233598
150700 -0.92410745 1.05783772 8.69432692
150800 -0.92840695 1.03730250 6.37364518
150900 -0.93873257 1.05003563 6.88041252
151000 -0.90864120 1.02147332 6.72743287
151100 -0.92926965 1.08104299 11.08752348
151200 -0.96038876 1.05232815 6.02004993
151300 -0.94082939 1.10343610 13.52189942
151400 -0.94964011 1.02364154 3.97959757
151500 -0.93165894 1.06655883 9.12823074
151600 -0.90751736 1.03440012 7.83820924
151700 -0.91295604 1.06465961 10.36173861
151800 -0.88334957 1.06890190 13.87249191
151900 -0.87759822 1.06831006 14.48973251
152000 -0.93022536 1.05862772 8.33424090
152100 -0.86952530 1.06425723 15.03918111
152200 -0.99320946 1.08271051 8.82909531
152300 -0.94479074 1.03761076 5.36185326
152400 -0.93175933 1.03700226 6.11309109
152500 -0.93206840 1.01776134 4.60315063
152600 -0.92593833 1.07334820 10.34995446
152700 -0.93304387 1.03338199 5.71783948
152800 -0.89736391 1.03860070 9.19212586
152900 -0.94834811 1.03640457 5.06683433
153000 -0.93247721 1.05839303 8.15418777
153100 -0.92545703 1.04684226 7.46753906
153200 -0.93477918 1.03935693 6.11920817
153300 -0.93431115 1.04721792 6.88317432
153400 -0.85983839 1.08358305 18.74485389
153500 -0.96792675 1.06387507 6.99811260
153600 -0.92677599 1.04861314 7.54315330
153700 -0.90338147 1.05021122 9.68871415
153800 -0.90913737 1.07496744 11.93644003
153900 -0.87297716 1.06497256 14.67674586
154000 -0.88049203 1.08372561 16.08234792
154100 -0.94604693 1.06948921 8.59430229
154200 -0.93357558 1.05891271 8.13709124
154300 -0.92103507 1.03267862 6.53560726
154400 -0.93694928 1.05170825 7.15998058
154500 -0.92664272 1.04734983 7.42914038
154600 -0.93117265 1.05099255 7.46835035
154700 -0.94389171 1.05379415 6.96068333
154800 -0.95254111 1.03221383 4.50573016
154900 -0.91801587 1.06345914 9.79718672
155000 -0.92137564 1.05654905 8.76724531
155100 -0.90363720 1.06163043 10.87357153
155200 -0.95758200 1.01579637 3.06422476
155300 -0.93285116 1.04864873 7.12026954
155400 -0.94823021 1.03424408 4.88858841
155500 -0.93594969 1.06189986 8.31201022
155600 -0.91334828 1.07385840 11.42471197
155700 -0.92482748 1.07919774 11.17148249
155800 -0.91187221 1.04215179 8.12923044
155900 -0.89432832 1.10403778 17.44707039
156000 -0.94089446 1.02464964 4.53301690
156100 -0.95853552 1.03096696 4.13747643
156200 -0.95102009 1.04094424 5.33494270
156300 -0.92533881 1.03060520 6.03574576
156400 -0.90154061 1.14167770 23.21729682
156500 -0.92161261 1.07076615 10.36452341
156600 -0.94689069 1.06203326 7.68602525
156700 -0.93756219 1.05478625 7.43931902
156800 -0.91409058 1.04493560 8.19659873
156900 -0.90670374 1.04669354 9.02691633
157000 -0.91713045 1.03228275 6.81890674
157100 -0.92178361 1.04385384 7.46317388
157200 -0.91953456 1.07035511 10.48001993
157300 -0.94933504 1.10262946 12.93134572
157400 -0.90239933 1.08789026 14.26980670
157500 -0.93676179 1.05941756 7.98563641
157600 -0.88866011 1.02967859 9.37262451
157700 -0.94538244 1.03940737 5.48837729
157800 -0.92360833 1.04988256 7.90610575
157900 -0.93640865 1.03819893 5.91145580
158000 -0.92293601 1.05435014 8.41390558
158100 -0.92896304 1.04757030 7.28310717
158200 -0.97300829 1.02069709 2.86331515
158300 -0.90412380 1.08777461 14.08704438
158400 -0.95291713 1.00629943 2.69321082
158500 -0.93356156 1.05542919 7.76469080
158600 -0.91608718 1.05605395 9.14440049
158700 -0.91173760 1.04768573 8.66637688
158800 -0.94922753 1.06184168 7.54320298
158900 -0.94251987 1.07353486 9.28241299
159000 -0.92841794 1.11197193 15.67944955
159100 -0.93116365 1.08040851 10.87241087
159200 -0.92112390 1.04471815 7.59648354
159300 -0.91471368 1.03724343 7.44258593
159400 -0.94265162 1.07697242 9.70541583
159500 -0.87313326 1.06378663 14.52128383
159600 -0.94605567 1.05282631 6.74162032
159700 -0.94972239 1.07038809 8.51056577
159800 -0.92728846 1.04042313 6.73165589
159900 -0.95375545 1.06066736 7.19291194
160000 -0.94075134 1.05901226 7.69703816
160100 -0.93512600 1.03231506 5.49220245
160200 -0.93065306 1.07577496 10.31416936
160300 -0.94579669 1.03137476 4.77992536
160400 -0.95110721 1.08541110 10.36333600
160500 -0.91235463 1.08456046 12.89411505
160600 -0.95941324 1.03439633 4.38501301
160700 -0.90631511 0.99660540 5.47446112
160800 -0.95645189 1.06555793 7.62503680
160900 -0.91209766 1.04898078 8.76200784
161000 -0.95697525 1.02455530 3.70481075
161100 -0.89319984 1.09093065 15.63386060
161200 -0.87776729 1.06975531 14.64108469
161300 -0.91282000 1.09282812 14.00011256
161400 -0.93816959 1.07582536 9.82751083
161500 -0.94811755 1.04911519 6.25780542
161600 -0.94214037 1.01323027 3.67290206
161700 -0.94075324 1.03122355 5.05372151
161800 -0.87903783 1.06914971 14.41424915
161900 -0.92144569 1.07099566 10.40536502
162000 -0.92375433 1.06752034 9.81221610
162100 -0.97929995 1.02108627 2.74087452
162200 -0.92302437 1.05302655 8.26985860
162300 -0.95135999 0.99794710 2.33238759
162400 -0.95914156 1.02564860 3.69606115
162500 -0.89365148 1.13126860 22.08415634
162600 -0.90062387 1.07790723 13.11793753
162700 -0.95677336 1.00470089 2.43036490
162800 -0.92191278 1.05023563 8.07239796
162900 -0.92599697 1.05106968 7.84576477
163000 -0.95325096 1.01007192 2.89705410
163100 -0.93966079 1.06046808 7.92200775
163200 -0.93950010 1.04868513 6.69949632
163300 -0.94922884 1.02692801 4.24781432
163400 -0.91338993 1.07698300 11.81299321
163500 -0.93067382 1.05231819 7.63756591
163600 -0.91740808 1.07096901 10.72746338
163700 -0.94167934 1.07174447 9.11150731
163800 -0.92383739 1.06569611 9.59316644
163900 -0.93379503 1.05291353 7.48714620
164000 -0.89658916 1.03032942 8.57330878
164100 -0.93289314 1.03935683 6.24398717
164200 -0.89659933 1.11006387 18.15607084
164300 -0.88992011 1.04925313 10.98438335
164400 -0.91476180 1.00265320 5.01895510
164500 -0.92548209 1.03713956 6.57311099
164600 -0.91995316 1.02358428 5.91107142
164700 -0.93451156 1.05111717 7.25670917
164800 -0.92929772 1.03310560 5.95267651
164900 -0.96235795 1.04381615 5.10919690
165000 -0.93506635 1.01004384 3.91082085
165100 -0.94970277 1.05747820 7.04068734
165200 -0.92599434 1.06915070 9.83686341
165300 -0.91298431 1.06568853 10.47778268
165400 -0.92585171 1.06645345 9.52968784
165500 -0.93123209 1.03726142 6.17179011
165600 -0.91613460 1.03962364 7.53290103
165700 -0.90541889 1.10246417 16.09545479
165800 -0.92781212 1.01436846 4.67719466
165900 -0.95036187 1.01598317 3.40886117
166000 -0.91010711 1.10097397 15.43693562
166100 -0.90289407 1.07561303 12.60409802
166200 -0.91309113 1.06612568 10.51916245
166300 -0.89750996 1.06633445 12.01895602
166400 -0.90422248 1.06127069 10.77724940
166500 -0.91829101 1.05992232 9.37963755
166600 -0.91447651 1.05510036 9.18017582
166700 -0.90539030 1.07747861 12.60089503
166800 -0.97280695 1.04271624 4.66788186
166900 -0.97560910 1.05942043 6.28387368
167000 -0.95160446 0.98486525 1.77885737
167100 -0.89720371 1.10540318 17.35861261
167200 -0.92366755 1.04144909 7.09478927
167300 -0.90864844 1.07092454 11.48392579
167400 -0.93828938 1.03331561 5.37484623
167500 -0.95524111 1.04954871 5.95665235
167600 -0.90864033 1.07715987 12.25811074
167700 -0.96831358 1.04101821 4.64417225
167800 -0.94399823 1.05408133 6.98456074
167900 -0.91838934 1.09988123 14.56234177
168000 -0.95103611 1.05282712 6.48544013
168100 -0.96148114 0.97376444 1.02422565
168200 -0.93653437 1.03144068 5.33023567
168300 -0.93624829 1.04264903 6.32406129
168400 -0.91232145 1.06472106 10.42422534
168500 -0.90803600 1.03576545 7.90654543
168600 -0.91170094 1.07307047 11.47153210
168700 -0.90502180 1.04587889 9.10681063
168800 -0.95495830 1.02693522 3.97389130
168900 -0.94522735 1.05529460 7.04349844
169000 -0.88068127 1.06412247 13.63044881
169100 -0.94089832 1.04502671 6.26154180
169200 -0.96830350 1.04917678 5.42035102
169300 -0.91075223 1.07290545 11.53545753
169400 -0.95438023 1.03736590 4.85698189
169500 -0.93368700 1.06778238 9.13505154
169600 -0.92718410 1.01567234 4.80750581
169700 -0.90784985 1.06752968 11.15243837
169800 -0.91973764 1.05217452 8.44083894
169900 -0.97137274 1.06007551 6.46806922
170000 -0.84552265 1.07775331 20.09208054
170100 -0.94065152 1.04981713 6.74285045
170200 -0.91381957 1.09563169 14.31782819
170300 -0.91211066 1.04220431 8.11308493
170400 -0.94191664 1.01067832 3.52776753
170500 -0.94746009 1.03567743 5.05053227
170600 -0.92417894 1.03305771 6.32370825
170700 -0.92806697 0.99780238 3.72971410
170800 -0.92692766 1.05290572 7.96457742
170900 -0.90545715 1.08444369 13.50672831
171000 -0.94967714 1.03717006 5.06550525
171100 -0.93118384 1.09308963 12.60515269
171200 -0.94477803 1.01416703 3.58343672
171300 -0.93540451 1.06981387 9.26397057
171400 -0.96111025 1.00852350 2.46870624
171500 -0.91909427 1.02279709 5.92257695
171600 -0.93173275 1.04944878 7.27523901
171700 -0.96338116 1.01508352 2.78840187
171800 -0.90687425 1.01880536 6.70329148
171900 -0.91605009 1.05966783 9.53730981
172000 -0.88721045 1.03334558 9.83398389
172100 -0.89753145 1.11175415 18.33210406
172200 -1.01869361 1.03093259 3.44976795
172300 -0.87088516 1.07587114 16.25709353
172400 -0.87916785 1.02974769 10.48005122
172500 -0.94548086 1.04531987 6.02910705
172600 -0.95858726 0.98927691 1.62884554
172700 -0.93298038 1.06032326 8.33142575
172800 -0.92810735 1.03684729 6.35550250
172900 -0.92609156 1.03172344 6.07058884
173000 -0.92224459 1.05744486 8.79515023
173100 -0.90477668 1.07537967 12.39377071
173200 -0.91605181 1.08233305 12.27966745
173300 -0.88367546 1.06053478 12.87466830
173400 -0.92035798 1.03837766 7.07673068
173500 -0.91889082 1.05432097 8.73078264
173600 -0.92664331 1.04253899 6.97233364
173700 -0.89800690 1.04272844 9.50057820
173800 -0.90039326 1.05758060 10.74754469
173900 -0.88441787 1.08334354 15.56986379
174000 -0.93990994 1.06386563 8.28809874
174100 -0.91200211 1.06142186 10.07922992
174200 -0.91360165 1.04482489 8.22821779
174300 -0.94845057 0.98709150 2.01656129
174400 -0.95526030 1.06163141 7.23160627
174500 -0.94350123 1.05084177 6.68058612
174600 -0.94636941 1.04050832 5.53399796
174700 -0.91783741 1.06196974 9.64395603
174800 -0.94706938 1.02010394 3.85810623
174900 -0.95175724 1.02851449 4.24594438
175000 -0.89360329 1.06108141 11.82966950
175100 -0.95174276 1.06058770 7.27920025
175200 -0.93340002 1.08952231 11.95101609
175300 -0.92602608 1.06324272 9.14802720
175400 -0.93996456 1.08491191 10.90273861
175500 -0.91100842 1.07750441 12.08843858
175600 -0.92107116 1.08911294 12.79108523
175700 -0.93582804 1.07372698 9.71320298
175800 -0.92142818 1.09980842 14.30804671
175900 -0.93137709 1.02654935 5.28445313
176000 -0.95264897 1.05335768 6.46246523
176100 -0.91123329 1.09977594 15.15618039
176200 -0.90281361 1.06446447 11.27365435
176300 -0.90759740 1.07812462 12.47707941
176400 -0.96133124 1.04616940 5.37191341
176500 -0.90978762 1.06563632 10.75501625
176600 -0.91102842 1.06690470 10.79132552
176700 -0.91222035 1.02526642 6.68515066
176800 -0.94007223 1.04632145 6.43457930
176900 -0.97003682 1.03636795 4.17860776
177000 -0.91947419 1.04430865 7.68926458
177100 -0.91363354 1.05068467 8.79828423
177200 -0.93815174 1.05775831 7.71853005
177300 -0.94438609 1.05294105 6.84488314
177400 -0.90143514 1.09945786 16.02634126
177500 -0.90258393 1.04230022 9.00461033
177600 -0.91121539 1.05801250 9.77470402
177700 -0.90074988 1.04290848 9.24128634
177800 -0.93547336 1.03231659 5.46985373
177900 -0.94424315 1.01501783 3.66807253
178000 -0.87905571 1.04891946 12.20629097
178100 -0.94113246 1.02450177 4.50795064
178200 -0.90370241 1.01572838 6.79672257
178300 -0.90963169 1.07551667 11.96043251
178400 -0.92524229 1.06743044 9.68931177
178500 -0.97253728 1.06276896 6.73551974
178600 -0.96626864 1.03572876 4.24361256
178700 -0.93957522 1.08507497 10.94820100
178800 -0.94057272 1.07250612 9.26967567
178900 -0.92366475 1.06102734 9.07706983
179000 -0.91553474 1.02353006 6.27052527
179100 -0.93397805 1.04108428 6.32762199
179200 -0.92848331 1.07396354 10.24079791
179300 -0.93499366 1.04920266 7.03349612
179400 -0.93806468 1.06825433 8.91003480
179500 -0.90665912 1.07518725 12.19218302
179600 -0.94159848 1.08300101 10.55000238
179700 -0.95256038 1.04607093 5.74007012
179800 -0.96414403 1.04914183 5.55737674
179900 -0.93171883 1.02538173 5.17236117
180000 -0.98172362 0.99000910 0.96737716
180100 -0.92621046 1.07424898 10.44135267
180200 -0.89113109 1.08600121 15.17438497
180300 -0.94918070 1.05888458 7.21922720
180400 -0.92894631 1.04024542 6.59643160
180500 -0.93971216 1.07974787 10.23456711
180600 -0.93463683 1.03440632 5.69838572
180700 -0.91557469 1.00976326 5.34964009
180800 -0.93152457 1.01470097 4.43755030
180900 -0.95750823 0.99644297 1.98124997
181000 -0.92584463 1.05373071 8.12953958
181100 -0.96368806 1.00924982 2.41454918
181200 -0.89582005 1.06816958 12.40875613
181300 -0.96386607 1.06414445 7.16730853
181400 -0.93307114 1.04531404 6.78211919
181500 -0.92993683 1.06376347 8.92548777
181600 -0.95104592 1.04918872 6.11745198
181700 -0.95858420 1.03257956 4.26732597
181800 -0.93581379 1.03256600 5.46850682
181900 -0.90907714 1.05173603 9.30859309
182000 -0.96067708 1.02084334 3.28253533
182100 -0.89604683 1.07063728 12.67980767
182200 -0.94638585 1.04445169 5.89779891
182300 -0.96883181 1.00457453 1.97491764
182400 -0.90873030 1.08493123 13.26829710
182500 -0.91684996 1.03118713 6.75263994
182600 -0.92875504 1.03723527 6.34291794
182700 -0.93208365 1.04387303 6.71238797
182800 -0.94052788 1.03995150 5.81410211
182900 -0.93758816 1.06244667 8.26974500
183000 -0.92615780 1.04867302 7.59451788
183100 -0.91471044 1.03101923 6.91921262
183200 -0.88548302 1.07340371 14.17130707
183300 -0.91336861 1.05077541 8.83033983
183400 -0.94371119 1.05484569 7.08052438
183500 -0.92706263 1.04538411 7.20899433
183600 -0.92464022 1.03851235 6.75676663
183700 -0.90146497 1.09007759 14.66544145
183800 -0.89428333 1.02930088 8.73232191
183900 -0.92456778 1.05136161 7.98209805
184000 -0.92111441 1.09884538 14.18894139
184100 -0.90883581 1.05416798 9.58093905
184200 -0.92685830 1.06919244 9.77827265
184300 -0.94147233 1.07302235 9.27999316
184400 -0.93062820 1.04425826 6.84853275
184500 -0.92776947 1.09033726 12.45589849
184600 -0.93831891 1.03379852 5.41337422
184700 -0.89518559 1.05782782 11.30644912
184800 -0.94245589 1.06921272 8.76149825
184900 -0.94266180 1.03392391 5.16544587
185000 -0.93475407 1.05399750 7.53625521
185100 -0.92797667 1.02888486 5.70509102
185200 -0.92675849 1.04927763 7.61018294
185300 -0.96616318 1.02467705 3.36079577
185400 -0.88757082 1.05715377 12.06112568
185500 -0.92260574 1.05204893 8.20192801
185600 -0.87808469 1.09881038 18.50393539
185700 -0.92653673 1.01550076 4.84360041
185800 -0.97548509 1.01077367 2.14721022
185900 -0.93314620 1.02898968 5.35439966
186000 -0.92930786 1.05521659 8.03395506
186100 -0.94651132 1.05573196 7.02014353
186200 -0.96855841 1.07834742 8.73081738
186300 -0.94809986 1.05338830 6.69138260
186400 -0.92443910 1.08475687 11.93443133
186500 -0.93887711 1.01105374 3.73178341
186600 -0.91437640 1.06664955 10.46925892
186700 -0.99064982 1.01953979 2.46160422
186800 -0.93856844 1.03310814 5.34039966
186900 -0.91647242 1.06522205 10.12648832
187000 -0.94903979 1.02512766 4.12055473
187100 -0.92107247 1.04540646 7.66597383
187200 -0.92987980 1.06283962 8.82481139
187300 -0.94605645 1.02223964 4.06423652
187400 -0.90125632 1.08618335 14.14810938
187500 -0.91972517 1.06684574 10.04848706
187600 -0.90425091 1.10493730 16.58672802
187700 -0.97040799 1.02950896 3.59868049
187800 -0.98425688 1.05408038 5.54028618
187900 -0.88418313 1.07067388 13.98786619
188000 -0.91251711 1.05267681 9.09789215
188100 -0.91653823 1.03264478 6.89801309
188200 -0.89972252 1.10063000 16.37248440
188300 -0.91337213 1.07289424 11.30369039
188400 -0.95054265 1.06862641 8.25912727
188500 -0.89504743 1.06401495 12.00722567
188600 -0.91745452 1.06353376 9.85183542
188700 -0.94433506 1.02794687 4.58715048
188800 -0.93146155 1.02422601 5.10350927
188900 -0.94775013 1.02729149 4.35201183
189000 -0.93913475 1.02122889 4.38906629
189100 -0.91433883 1.05631078 9.31990902
189200 -0.94297341 1.05358822 6.99127572
189300 -0.92514724 1.03083226 6.06839484
189400 -0.93948276 1.05397768 7.23684702
189500 -0.93171571 1.06813400 9.30919317
189600 -0.92017561 1.03047102 6.42375869
189700 -0.94260256 1.02860336 4.73647714
189800 -0.91762586 1.06456218 9.95499638
189900 -0.92064372 1.08692710 12.52322521
190000 -0.91291914 1.10854781 16.36024118
190100 -0.90834389 1.03272565 7.62218763
190200 -0.94789172 1.01862629 3.71242002
190300 -0.94129406 1.01948559 4.13731695
190400 -0.90822556 1.09370463 14.53678363
190500 -0.88913029 1.05991233 12.18640652
190600 -0.90989028 1.07927218 12.41552940
190700 -0.88239244 1.05963396 12.92557197
190800 -0.91973655 1.06418695 9.74044008
190900 -0.88415349 1.12940036 22.80245069
191000 -0.94583433 1.08263763 10.26333030
191100 -0.91934964 1.03365324 6.75117254
191200 -0.92699022 1.05084378 7.74994851
191300 -0.94626853 1.01802656 3.75734171
191400 -0.87829982 1.05666518 13.09419784
191500 -0.96578552 1.02861838 3.67574055
191600 -0.92932293 1.04945322 7.44309547
191700 -0.97824889 1.00502082 1.75020050
191800 -0.92536102 1.06135253 8.98518112
191900 -0.93437965 1.06926485 9.26506714
192000 -0.91235459 1.05549289 9.40523399
192100 -0.92651217 1.03137693 6.01133265
192200 -0.95221357 1.04820597 5.96397795
192300 -0.95613533 1.04967251 5.92935967
192400 -0.94209649 1.08608665 10.93619668
192500 -0.93143741 1.05985838 8.38484583
192600 -0.89144490 1.06414828 12.40701879
192700 -0.96263097 1.03556949 4.35929078
192800 -0.88739909 1.10670887 18.61831705
192900 -0.96074385 1.02842960 3.84612362
193000 -0.93817445 0.99899498 3.11145384
193100 -0.92161654 1.04440599 7.52822868
193200 -0.91852194 1.10260674 14.96374511
193300 -0.89578911 1.03470240 9.01720330
193400 -0.93672508 1.04536527 6.54912535
193500 -0.90186488 1.05514656 10.34315013
193600 -0.92648859 1.03617510 6.41503793
193700 -0.95359786 1.05207958 6.28669978
193800 -0.91543303 1.06370176 10.03983173
193900 -0.94581164 1.01917001 3.86043443
194000 -0.93336234 1.02762660 5.23323327
194100 -0.92759706 1.03809896 6.50180670
194200 -0.89659110 1.05754543 11.12970974
194300 -0.91789377 1.07414386 11.07656534
194400 -0.95576168 1.02487714 3.78180758
194500 -0.90287730 1.08424174 13.72683111
194600 -0.91826931 1.09947684 14.51161475
194700 -0.90893408 1.08524148 13.29162908
194800 -0.97259047 1.05557521 5.94870381
194900 -0.94130064 1.03861582 5.64918882
195000 -0.91302335 1.09000665 13.58339935
195100 -0.94999517 1.06732578 8.13291032
195200 -0.96535110 1.03216476 3.97579707
195300 -0.90323110 1.08813982 14.22341471
195400 -0.91497741 1.00550486 5.15481542
195500 -0.98304662 1.04954824 5.09863490
195600 -0.94319290 1.07217492 9.07687901
195700 -0.97152359 1.02528892 3.23966346
195800 -0.91852441 1.06221335 9.61505360
195900 -0.91917986 1.06356957 9.71497189
196000 -0.92947191 1.07383888 10.15514056
196100 -0.92667053 1.05153353 7.84313471
196200 -0.96628458 1.04663142 5.23718052
196300 -0.88035965 1.10145405 18.62607150
196400 -0.97211249 1.00534600 1.92044652
196500 -0.89215955 1.07744793 13.93626827
196600 -0.90441803 1.00966378 6.34783972
196700 -0.88732476 1.05012042 11.35990349
196800 -0.92854096 1.07757771 10.69123360
196900 -0.90767624 1.04046117 8.35345012
197000 -0.89863571 1.08615948 14.40706092
197100 -0.92565597 1.02059690 5.25547893
197200 -0.90951461 1.06782582 11.03526448
197300 -0.93989465 1.12263834 16.70832512
197400 -0.86729087 1.10299258 20.50922113
197500 -0.92782486 1.06861546 9.63943911
197600 -0.91213259 1.03753511 7.69153816
197700 -0.95457719 1.02799251 4.07303175
197800 -0.90328435 1.04532120 9.22002411
197900 -0.95769015 1.03566237 4.56408228
198000 -0.89652318 1.04861250 10.21593877
198100 -0.90903833 1.01509695 6.25581915
198200 -0.99752968 1.04004118 4.05675797
198300 -0.89254216 1.09868889 16.82778732
198400 -0.91508419 1.10345228 15.37914877
198500 -0.91201644 1.06406007 10.37540245
198600 -0.92662025 1.07185085 10.11610778
198700 -0.95998387 1.03834346 4.70292887
198800 -0.90568401 1.03595733 8.14208435
198900 -0.95885348 1.03797240 4.71608983
199000 -0.90826724 1.09562705 14.81106833
199100 -0.90577588 1.07489950 12.23903517
199200 -0.93701339 1.05130845 7.11535776
199300 -0.91494655 1.07599245 11.55409301
199400 -0.94354420 1.06564621 8.28065201
199500 -0.91884556 1.03661307 7.04393368
199600 -0.91354607 1.05747316 9.51238087
199700 -0.89860361 1.06695825 11.98022955
199800 -0.92151432 1.04489511 7.58254164
199900 -0.94974824 1.05592776 6.87296505
