0 0.48941031 1.26701506 0.60007391
100 0.35072235 1.21476045 14.77479887
200 0.36595938 1.20228765 13.75729575
300 0.36602795 1.28935604 9.03090246
400 0.30953464 1.21768938 21.52604524
500 0.33065390 1.20616454 18.74159751
600 0.39962519 1.25468138 6.06444013
700 0.34579464 1.25012989 13.13315984
800 0.35732545 1.19153715 16.06010839
900 0.32049290 1.19556585 21.56464530
1000 0.38995141 1.18803587 12.32332900
1100 0.32106804 1.29854825 16.00937620
1200 0.37709812 1.22672223 10.23725195
1300 0.36357173 1.19057571 15.29317410
1400 0.37216046 1.22029426 11.34797633
1500 0.34273243 1.24201097 14.04790718
1600 0.35343199 1.19809972 15.93292479
1700 0.43151931 1.20436632 6.91770290
1800 0.41323662 1.20140756 8.62417658
1900 0.35397319 1.21199073 14.53473023
2000 0.39239745 1.21737396 9.20268548
2100 0.32544090 1.23255323 17.50997248
2200 0.29563207 1.21736082 24.29774321
2300 0.40655023 1.20053477 9.31309603
2400 0.38231729 1.23424425 9.08651999
2500 0.33021690 1.23328601 16.63852826
2600 0.34889262 1.21335411 15.17047561
2700 0.31740400 1.21422113 20.34965747
2800 0.34964679 1.23950525 13.13285167
2900 0.36153541 1.23238433 11.87216094
3000 0.36529230 1.18738994 15.41359572
3100 0.37451925 1.19828261 13.04592266
3200 0.39989408 1.17909002 12.32020873
3300 0.42162882 1.22661528 5.76367924
3400 0.35060941 1.21711330 14.59387604
3500 0.39737145 1.17603076 12.95049587
3600 0.33516686 1.22146971 16.66848569
3700 0.32848067 1.19707508 20.00621002
3800 0.38131447 1.18047952 14.18569976
3900 0.32062803 1.19266693 21.84734598
4000 0.36748885 1.16116050 18.41780602
4100 0.32448254 1.24301481 17.02684571
4200 0.32503373 1.23669583 17.31030690
4300 0.36124095 1.26213725 10.34383170
4400 0.26527320 1.18180051 34.53389564
4500 0.37488495 1.18114961 14.88959539
4600 0.34006005 1.20464734 17.33645897
4700 0.32261058 1.23438447 17.88620207
4800 0.33276020 1.21510907 17.58781030
4900 0.38147564 1.18919119 13.16330788
5000 0.38409290 1.23248180 8.99658158
5100 0.35614495 1.26578223 10.93256549
5200 0.38961873 1.18341516 12.88802400
5300 0.33735145 1.22298870 16.19264609
5400 0.36273065 1.22407765 12.30353860
5500 0.33597209 1.21149786 17.36889158
5600 0.34155701 1.20428198 17.13305940
5700 0.30837188 1.21457307 22.00954889
5800 0.41804686 1.20200193 8.15996923
5900 0.37059846 1.18044458 15.51912886
6000 0.34013317 1.19669389 18.11477836
6100 0.38651136 1.18247145 13.34631615
6200 0.37024974 1.22211825 11.45034868
6300 0.36936889 1.21536504 12.11378106
6400 0.41607864 1.22530669 6.31094216
6500 0.37565989 1.26640403 8.29457581
6600 0.34763589 1.18952307 17.70998657
6700 0.37888492 1.21351750 11.07404276
6800 0.40914154 1.16328153 13.47359953
6900 0.36500078 1.23589290 11.16725503
7000 0.31329332 1.25377997 18.49783681
7100 0.38089479 1.26311487 7.77328201
7200 0.36467798 1.20744043 13.43966164
7300 0.38495857 1.24366011 8.20435674
7400 0.34659077 1.18380623 18.51769211
7500 0.32876087 1.25948654 15.48209025
7600 0.31719554 1.20122207 21.58727454
7700 0.38701109 1.20047645 11.33571496
7800 0.34750808 1.27259686 12.00235828
7900 0.36435644 1.20814550 13.41821290
8000 0.41034676 1.16645438 12.93606815
8100 0.33751859 1.23014446 15.64000253
8200 0.36144763 1.22705725 12.25870167
8300 0.35409658 1.21325630 14.40613911
8400 0.35235120 1.14338189 23.16469944
8500 0.29450657 1.15158896 32.12669383
8600 0.36537641 1.28597594 9.16009250
8700 0.37679559 1.23652591 9.60414342
8800 0.34531907 1.22574539 14.71996914
8900 0.34732560 1.24705748 13.05619098
9000 0.34886825 1.28028522 11.61473942
9100 0.35787160 1.22993919 12.55450013
9200 0.37306086 1.18731101 14.40617770
9300 0.33247650 1.28155968 14.20208473
9400 0.31462770 1.25606764 18.14647078
9500 0.39708892 1.23053095 7.70831974
9600 0.32208325 1.26522388 16.43187340
9700 0.31334251 1.20888822 21.57118679
9800 0.35556489 1.24886305 11.73824448
9900 0.32105099 1.23583603 18.06988151
10000 0.34772647 1.14942349 22.93025793
10100 0.36957708 1.22341188 11.43793949
10200 0.35603516 1.24785624 11.72242315
10300 0.38229198 1.19715998 12.21562403
10400 0.35074766 1.23979867 12.95022989
10500 0.38948550 1.21316971 9.87647636
10600 0.32395841 1.19469060 21.04035510
10700 0.33935509 1.28427117 13.02709156
10800 0.35906825 1.16799131 18.64402711
10900 0.41882442 1.20682154 7.63585047
11000 0.36183098 1.22632303 12.25948706
11100 0.33825780 1.22777743 15.68831959
11200 0.36716592 1.23102488 11.20123042
11300 0.32465199 1.25173200 16.53836267
11400 0.36985248 1.20256744 13.21574011
11500 0.37161025 1.21334776 11.99626891
11600 0.36103776 1.24840231 10.98641293
11700 0.33908637 1.20088850 17.85814330
11800 0.35011611 1.27635968 11.51202300
11900 0.37319606 1.22905637 10.55611896
12000 0.30191807 1.24479054 21.14226799
12100 0.36643238 1.24012468 10.71268199
12200 0.39744684 1.25713357 6.17734123
12300 0.32567597 1.28449535 15.31463048
12400 0.38475414 1.19532595 12.11913186
12500 0.36998584 1.15416012 19.08647637
12600 0.32007600 1.22512194 18.98968537
12700 0.36979343 1.18443199 15.15485799
12800 0.37766460 1.26740914 8.01405677
12900 0.38458576 1.16865187 15.28638884
13000 0.38127702 1.23883510 8.91814591
13100 0.31385426 1.24170774 19.02411173
13200 0.36655926 1.21386109 12.61317132
13300 0.38548098 1.16523149 15.63857898
13400 0.35020889 1.23505973 13.32730827
13500 0.41341480 1.14554523 15.67663669
13600 0.36937547 1.16865759 17.15679833
13700 0.35852986 1.22054573 13.16339136
13800 0.33796856 1.19150537 19.01263609
13900 0.35182717 1.23911956 12.83080713
14000 0.40159577 1.21601391 8.36852789
14100 0.37033889 1.21665456 11.87923332
14200 0.29200290 1.27103015 22.05102267
14300 0.36348406 1.20279829 14.04238687
14400 0.36803166 1.19055024 14.69744645
14500 0.41028593 1.25084278 5.23252319
14600 0.26468674 1.21660885 31.16320669
14700 0.31554258 1.24115584 18.74358713
14800 0.32653017 1.15824159 25.09361553
14900 0.33417087 1.20027988 18.72170093
15000 0.36165134 1.20616032 13.97311821
15100 0.32985460 1.28242071 14.62924382
15200 0.34511105 1.21800239 15.35709732
15300 0.36918307 1.19971501 13.58507484
15400 0.33864974 1.20291479 17.72972118
15500 0.38266137 1.18031618 14.04628500
15600 0.32720366 1.21994848 18.13341004
15700 0.38844244 1.20204889 11.01975521
15800 0.36900010 1.15535978 19.04088326
15900 0.35738377 1.19502334 15.67974446
16000 0.39848963 1.28407057 5.27905089
16100 0.40296967 1.20899367 8.84851813
16200 0.36765030 1.23803232 10.67821877
16300 0.35418281 1.24262786 12.27710794
16400 0.39331180 1.22011818 8.88173916
16500 0.32305120 1.26110638 16.41179612
16600 0.28368693 1.23534616 25.48573219
16700 0.34842283 1.20559655 15.94382518
16800 0.35953503 1.18681487 16.27064100
16900 0.38523054 1.16612045 15.54788090
17000 0.35559323 1.19658550 15.77393658
17100 0.37649339 1.22290185 10.59900288
17200 0.31523737 1.18957165 23.16582494
17300 0.34732706 1.21546565 15.22754087
17400 0.33340475 1.25462831 14.90628406
17500 0.39556610 1.23622446 7.48688014
17600 0.33588218 1.19066863 19.44400326
17700 0.33104974 1.25688370 15.20160332
17800 0.39541047 1.19649277 10.82635772
17900 0.39698515 1.19769317 10.53937292
18000 0.34267302 1.25620327 13.33496571
18100 0.42426684 1.26093459 3.63080930
18200 0.31499773 1.23887496 18.98105592
18300 0.30911824 1.19424585 23.80989351
18400 0.36245335 1.11544220 26.49033145
18500 0.35941319 1.23219877 12.18082894
18600 0.35902004 1.25975051 10.74768497
18700 0.35474468 1.25387634 11.61324970
18800 0.34109518 1.27674616 12.89574170
18900 0.34988576 1.15826359 21.31174663
19000 0.36763552 1.17996258 15.96466922
19100 0.33988098 1.19688401 18.13550444
19200 0.37079077 1.14856723 19.81345343
19300 0.41720938 1.21643516 6.91868436
19400 0.32688192 1.24759361 16.35815040
19500 0.36756214 1.17097535 17.09357402
19600 0.37117389 1.22109781 11.41086110
19700 0.33759307 1.20418761 17.77801210
19800 0.31670137 1.23026530 19.23065893
19900 0.32096053 1.23380641 18.21836191
20000 0.33161747 1.27930350 14.39051009
20100 0.37184688 1.21575032 11.76061489
20200 0.36447750 1.25380092 10.25035112
20300 0.34557525 1.22401111 14.81065733
20400 0.34308385 1.27077990 12.73824676
20500 0.36364145 1.20609945 13.70548335
20600 0.35118729 1.26000566 11.87238502
20700 0.32635415 1.27271802 15.44859430
20800 0.35945922 1.26038335 10.66059440
20900 0.36310044 1.21592900 12.90471146
21000 0.35630169 1.22322943 13.27146258
21100 0.33491248 1.25745442 14.53200811
21200 0.35755685 1.26164491 10.88058210
21300 0.40483362 1.21251862 8.35481529
21400 0.38936789 1.18308730 12.95402185
21500 0.37945303 1.22215518 10.29569426
21600 0.41007645 1.24306067 5.66416658
21700 0.36325113 1.20532830 13.83149240
21800 0.42634099 1.20682736 7.05339478
21900 0.33792675 1.27540037 13.43644027
22000 0.35631750 1.25152206 11.49738611
22100 0.36779855 1.21473301 12.37384103
22200 0.39173502 1.20846450 10.05002690
22300 0.30285343 1.22384565 22.33312773
22400 0.35047815 1.22402481 14.06450733
22500 0.32421538 1.19733810 20.71984949
22600 0.30096977 1.22577026 22.56154428
22700 0.35490253 1.27205924 10.91698059
22800 0.32821316 1.27695650 15.02086096
22900 0.37666894 1.15241859 18.49541137
23000 0.36156821 1.18665242 16.00551641
23100 0.31475578 1.24758373 18.53144406
23200 0.36981191 1.20754625 12.74831798
23300 0.37113848 1.23042570 10.72293737
23400 0.36327440 1.25486622 10.36547373
23500 0.37699346 1.21156779 11.47543204
23600 0.37654952 1.21742624 11.02922387
23700 0.37808030 1.21545552 11.00609152
23800 0.38444288 1.26004305 7.47500267
23900 0.36471777 1.19247802 14.93112870
24000 0.39100854 1.25027551 7.17583163
24100 0.35088212 1.19785696 16.33467085
24200 0.33945267 1.23615150 14.92603761
24300 0.33745630 1.23369399 15.40847006
24400 0.34011019 1.21979420 15.99886007
24500 0.37769586 1.21034155 11.49847006
24600 0.34241199 1.26520695 13.02226846
24700 0.39663858 1.17224630 13.50229571
24800 0.39026174 1.23538797 8.10860034
24900 0.36613520 1.24502854 10.47082293
25000 0.36281159 1.19597027 14.82142133
25100 0.42100655 1.24669944 4.54045783
25200 0.31878834 1.21322609 20.18368768
25300 0.33969598 1.28702604 12.93285099
25400 0.45020520 1.20751583 5.51642151
25500 0.34330283 1.21958554 15.51024320
25600 0.36939036 1.19245855 14.31202056
25700 0.36863375 1.17552459 16.37560908
25800 0.34919982 1.20974088 15.44370176
25900 0.34268339 1.20877756 16.53502367
26000 0.34954188 1.22921049 13.82440113
26100 0.33884498 1.23297077 15.23192845
26200 0.37016476 1.22070867 11.57215284
26300 0.38461741 1.20337379 11.32488406
26400 0.33383005 1.27401762 14.14376834
26500 0.38644051 1.21862937 9.75846910
26600 0.42729604 1.18581584 9.16194437
26700 0.36138133 1.26418412 10.24895663
26800 0.34579153 1.19927557 16.96283160
26900 0.36536857 1.20113004 13.95044599
27000 0.38012368 1.22993962 9.63939460
27100 0.35447992 1.23310424 12.82556742
27200 0.36599602 1.21810970 12.33154464
27300 0.38999929 1.23284413 8.30503302
27400 0.37574886 1.23642821 9.73985950
27500 0.41360408 1.18541858 10.29657908
27600 0.36730835 1.23068148 11.20606527
27700 0.42308730 1.18556597 9.50535531
27800 0.36687095 1.19525459 14.34747243
27900 0.39567315 1.22121440 8.54563127
28000 0.34427956 1.22325614 15.06923750
28100 0.29960040 1.24750931 21.45763659
28200 0.32899760 1.22169406 17.68682112
28300 0.29886109 1.24466457 21.75943500
28400 0.35270594 1.19029901 16.86492362
28500 0.39005698 1.18571209 12.57459710
28600 0.39062894 1.24213418 7.65524126
28700 0.31369527 1.24536151 18.84740889
28800 0.39390591 1.25413052 6.67998254
28900 0.34510107 1.13893153 24.96836508
29000 0.32263474 1.25800734 16.61090923
29100 0.36560815 1.21696256 12.47819223
29200 0.41152021 1.18557833 10.46049546
29300 0.34390164 1.26898942 12.66417755
29400 0.34007276 1.19339509 18.47066462
29500 0.36417337 1.13317621 23.13952509
29600 0.36589819 1.21424099 12.66895119
29700 0.37608024 1.21934616 10.93057414
29800 0.35625684 1.27609181 10.61684870
29900 0.33864042 1.20270838 17.75128638
30000 0.36821229 1.18762984 14.99752617
30100 0.32558564 1.20667542 19.56492350
30200 0.31582479 1.22918634 19.46754099
30300 0.31990784 1.17836869 23.61368079
30400 0.34433629 1.16900944 20.69485872
30500 0.37838235 1.20245806 12.15264214
30600 0.38306642 1.21515482 10.43608339
30700 0.35834393 1.23017076 12.47128311
30800 0.42130343 1.18922759 9.23183839
30900 0.36979127 1.22184045 11.53161410
31000 0.35334541 1.25675428 11.68888050
31100 0.38108853 1.18493080 13.69042914
31200 0.34148589 1.21758430 15.95953503
31300 0.33203992 1.24899278 15.40616225
31400 0.34391825 1.25190425 13.33735706
31500 0.35995933 1.25543958 10.79851016
31600 0.35321481 1.24652874 12.20253376
31700 0.39121005 1.21754671 9.31689874
31800 0.41224511 1.22802477 6.44067660
31900 0.35303990 1.16471264 19.94997018
32000 0.32689435 1.25384422 16.04795998
32100 0.33337570 1.18440028 20.56347660
32200 0.33319693 1.22134216 17.00515992
32300 0.34627718 1.24497105 13.32944578
32400 0.36121465 1.25042842 10.85935675
32500 0.41641362 1.22756151 6.11700860
32600 0.37331931 1.15402197 18.67879118
32700 0.35429342 1.17188814 18.82152788
32800 0.35054342 1.22857611 13.71932070
32900 0.37437036 1.19517799 13.38522950
33000 0.35016525 1.21880407 14.52161611
33100 0.35302139 1.26524659 11.40525626
33200 0.33920914 1.23251798 15.20376127
33300 0.31387467 1.27502294 17.63324524
33400 0.34501262 1.18929298 18.13856581
33500 0.34322875 1.21460159 15.93505626
33600 0.37489136 1.22902799 10.34459862
33700 0.36631881 1.15625902 19.26606491
33800 0.41652537 1.13537766 17.03426357
33900 0.36326160 1.23619316 11.38435108
34000 0.33363180 1.26785464 14.35585185
34100 0.31779698 1.21837521 19.93027330
34200 0.36323127 1.22149085 12.43468625
34300 0.35870937 1.24249823 11.63474865
34400 0.35575787 1.23339892 12.62074757
34500 0.37788836 1.29567792 7.46496700
34600 0.31803927 1.22511371 19.35883235
34700 0.32622657 1.19808163 20.29227989
34800 0.33368471 1.23568978 15.89829068
34900 0.31005624 1.17381862 26.00018552
35000 0.39636870 1.21669281 8.83976691
35100 0.37034436 1.19227535 14.20759242
35200 0.37019645 1.16796775 17.14073845
35300 0.35765224 1.21937268 13.38182517
35400 0.33706412 1.22723401 15.92149565
35500 0.39662953 1.21454695 8.99383929
35600 0.37686056 1.16635612 16.51200472
35700 0.35562224 1.25598666 11.39105605
35800 0.40521393 1.21575546 8.04077150
35900 0.37738708 1.18884344 13.69485424
36000 0.35153521 1.24309712 12.63986605
36100 0.36209043 1.29992991 9.50952748
36200 0.29216604 1.22453880 24.44467282
36300 0.32735518 1.25201862 16.05422327
36400 0.32819860 1.25815595 15.63332278
36500 0.35421085 1.20823597 14.83755720
36600 0.40806959 1.20843719 8.41747452
36700 0.38489698 1.20317037 11.31234138
36800 0.37259963 1.22489820 10.93556799
36900 0.30658840 1.22008559 21.89717988
37000 0.32779427 1.18072584 21.94057029
37100 0.35000760 1.26444925 11.88078781
37200 0.39541691 1.21106155 9.42383538
37300 0.38148697 1.22637972 9.73264178
37400 0.34520858 1.26332933 12.65256156
37500 0.41037554 1.25363051 5.09133642
37600 0.31959882 1.22978711 18.73721691
37700 0.40587169 1.25625634 5.38682382
37800 0.34302257 1.22467074 15.15820565
37900 0.34384168 1.26312350 12.87264829
38000 0.37133272 1.22267127 11.26750114
38100 0.32945919 1.26888337 15.02620624
38200 0.41622387 1.17490560 11.33352453
38300 0.35247381 1.16610258 19.84624829
38400 0.36149744 1.21588930 13.12878522
38500 0.35724713 1.26139451 10.93438297
38600 0.35353903 1.17467572 18.57849519
38700 0.36822080 1.22591999 11.42680196
38800 0.35238573 1.16568529 19.91520718
38900 0.39226266 1.20842299 9.99684167
39000 0.32296945 1.18360053 22.44432523
39100 0.33793850 1.23009660 15.57520794
39200 0.34455283 1.25718367 12.99853122
39300 0.32931355 1.18245215 21.47568154
39400 0.32983684 1.22619913 17.20103569
39500 0.34742868 1.20584774 16.07132853
39600 0.37108223 1.23813196 10.22372227
39700 0.35499586 1.17916788 17.81330158
39800 0.35768594 1.20488984 14.64961674
39900 0.38488136 1.20809516 10.84940092
40000 0.38199135 1.26207255 7.68226687
40100 0.35548737 1.20547790 14.90916336
40200 0.38940559 1.26068424 6.88842653
40300 0.35268455 1.17155082 19.10051678
40400 0.40650070 1.20533922 8.85139109
40500 0.38248527 1.19455894 12.46376400
40600 0.30498814 1.20101055 23.91426821
40700 0.35731646 1.23669002 12.18337296
40800 0.33160818 1.22946983 16.66515540
40900 0.33911645 1.21388377 16.64976175
41000 0.36566178 1.23778331 10.95883710
41100 0.38527501 1.21292424 10.37200578
41200 0.35401452 1.21831466 13.99212820
41300 0.37354599 1.25033172 9.22877693
41400 0.34672434 1.19365508 17.40133533
41500 0.38106258 1.21242164 10.90803980
41600 0.31583930 1.21654118 20.44026867
41700 0.35743915 1.24334127 11.76690379
41800 0.36016014 1.19872957 14.90544324
41900 0.36304855 1.17989475 16.59048526
42000 0.38082620 1.24391418 8.67400720
42100 0.37893839 1.18926639 13.45892358
42200 0.39155496 1.15181654 16.85933180
42300 0.39961549 1.17580095 12.75122654
42400 0.40964654 1.22659790 6.77580794
42500 0.42507552 1.20160552 7.64757571
42600 0.38585365 1.19865846 11.64974893
42700 0.34874168 1.20975841 15.51131166
42800 0.38372659 1.24426740 8.31281447
42900 0.39266728 1.20843286 9.95242719
43000 0.37664194 1.18610560 14.09457232
43100 0.33531257 1.21604312 17.08535380
43200 0.37483700 1.21874548 11.13403648
43300 0.40336745 1.21214571 8.52811273
43400 0.33915963 1.19854960 18.08090412
43500 0.38367575 1.15944049 16.64415398
43600 0.35903887 1.18706039 16.31269794
43700 0.41518863 1.20407405 8.19737864
43800 0.37015758 1.25061168 9.64912966
43900 0.31550143 1.24740172 18.40315062
44000 0.37069234 1.20581332 12.79580036
44100 0.36734995 1.19805134 13.99478246
44200 0.33235246 1.18109270 21.12232172
44300 0.30506640 1.20627383 23.39185131
44400 0.45343750 1.19216280 6.89846340
44500 0.33805159 1.22690523 15.78506676
44600 0.32889267 1.22145557 17.72347281
44700 0.36284725 1.17268891 17.50949552
44800 0.34363160 1.22621048 14.94798530
44900 0.34168358 1.19745629 17.78965060
45000 0.36575753 1.22165880 12.07919248
45100 0.40587996 1.23301351 6.67288595
45200 0.37096111 1.20023287 13.30225826
45300 0.33091942 1.22981076 16.75738620
45400 0.38224674 1.25146948 8.11052123
45500 0.38238377 1.22527549 9.70866519
45600 0.30716292 1.21913099 21.86296829
45700 0.35985689 1.24029253 11.60253645
45800 0.40443478 1.22130328 7.66294271
45900 0.39523056 1.19468268 11.03418700
46000 0.30556648 1.23229218 21.19437072
46100 0.34745608 1.23594297 13.68647553
46200 0.32983757 1.18290693 21.33302023
46300 0.35853583 1.23588993 12.06110560
46400 0.38644153 1.17643428 14.08200682
46500 0.34414098 1.24868593 13.46258383
46600 0.36199499 1.19402140 15.13842403
46700 0.35700626 1.17854128 17.59971559
46800 0.38981086 1.25709974 6.99103921
46900 0.29622369 1.22149285 23.84407888
47000 0.42890604 1.18720083 8.88900169
47100 0.36617093 1.23597703 11.00458076
47200 0.38872025 1.28422066 6.31608527
47300 0.33551929 1.22817370 16.10646050
47400 0.38904729 1.16151504 15.74429397
47500 0.40624289 1.20030828 9.36441787
47600 0.34723926 1.30676019 11.69077210
47700 0.38822190 1.19074218 12.21580818
47800 0.35123365 1.23383972 13.25430489
47900 0.41347576 1.17504209 11.55046228
48000 0.34829987 1.25745059 12.41169053
48100 0.39389357 1.16982251 14.10237684
48200 0.39345455 1.21518476 9.27277908
48300 0.42825975 1.23384717 4.76143026
48400 0.33560205 1.26781738 14.03120408
48500 0.34455683 1.29241795 12.11003324
48600 0.35425846 1.23960905 12.44383167
48700 0.31320069 1.26901192 17.92712121
48800 0.32458169 1.19782400 20.60575908
48900 0.35020824 1.19061755 17.20104487
49000 0.38456468 1.23386159 8.84980123
49100 0.37180613 1.22406599 11.09982079
49200 0.37205465 1.20168012 13.01840589
49300 0.35741096 1.29722420 10.16966898
49400 0.43303551 1.18732196 8.59029195
49500 0.39400028 1.19803302 10.81660270
49600 0.35624871 1.19693735 15.64317109
49700 0.37771715 1.18593867 13.98154068
49800 0.32020022 1.16492572 25.28651141
49900 0.33327391 1.19448664 19.46532992
50000 0.36238211 1.21401412 13.16612790
50100 0.42529525 1.21033650 6.81017188
50200 0.32078930 1.24664427 17.48165471
50300 0.36605339 1.27511100 9.28057884
50400 0.31463673 1.15433441 27.78900319
50500 0.42343876 1.24146498 4.64398654
50600 0.40028486 1.20340379 9.63696811
50700 0.36086933 1.22829097 12.24976404
50800 0.36213950 1.19838427 14.66563667
50900 0.37002238 1.18271026 15.32553214
51000 0.37341482 1.23242116 10.29535358
51100 0.32216424 1.28083448 15.99643753
51200 0.34907947 1.26731818 11.92255401
51300 0.35429997 1.21975440 13.83392772
51400 0.31632937 1.15699417 27.09278458
51500 0.37225523 1.23440547 10.31068404
51600 0.36004781 1.16811536 18.49008705
51700 0.34629801 1.23464842 13.94756536
51800 0.35886525 1.20085185 14.87468685
51900 0.31559929 1.21507810 20.60767597
52000 0.39160496 1.22857842 8.42526333
52100 0.34549113 1.15712281 22.14344189
52200 0.30705921 1.27970097 18.81909866
52300 0.32798025 1.22134808 17.88845973
52400 0.37871539 1.17713950 14.90232958
52500 0.35583588 1.20722467 14.69527767
52600 0.39032279 1.22734813 8.65369210
52700 0.34597874 1.21528187 15.44985465
52800 0.32966450 1.20111065 19.39664298
52900 0.40964193 1.21684530 7.53964325
53000 0.33702696 1.21282752 17.07962663
53100 0.34638064 1.17755181 19.29623295
53200 0.37289189 1.19320906 13.78038748
53300 0.37764611 1.24186404 9.17513281
53400 0.33562498 1.18408868 20.22729050
53500 0.43696305 1.18099221 9.06825522
53600 0.36198157 1.21953533 12.76182525
53700 0.37680252 1.24238409 9.24860593
53800 0.37997245 1.19750934 12.45547340
53900 0.37644706 1.24051920 9.40164738
54000 0.32376305 1.18598235 22.02974318
54100 0.36368643 1.20731880 13.58559668
54200 0.36636369 1.18808047 15.19232278
54300 0.35980585 1.24391784 11.39980435
54400 0.39598683 1.20798154 9.64306831
54500 0.38395427 1.19235871 12.52662886
54600 0.33563106 1.23370137 15.70632941
54700 0.37220762 1.16020237 17.93713471
54800 0.36569258 1.20462575 13.56736449
54900 0.37238969 1.21751871 11.54377766
55000 0.37367849 1.19846175 13.13357043
55100 0.32117678 1.20458189 20.54117853
55200 0.32073920 1.29588948 16.07566528
55300 0.36194936 1.20973807 13.60259743
55400 0.33068907 1.23061517 16.74022377
55500 0.39923952 1.21340502 8.82568234
55600 0.31420650 1.24853842 18.58375962
55700 0.38098882 1.22376968 9.98736139
55800 0.40013562 1.21912727 8.25664627
55900 0.41001702 1.19565249 9.49266948
56000 0.34828350 1.21362960 15.23887218
56100 0.32680661 1.19201191 20.82868912
56200 0.36415532 1.14863147 20.68310398
56300 0.35347603 1.24902703 12.03375826
56400 0.41698648 1.19136522 9.34638000
56500 0.40105396 1.18141289 11.92661064
56600 0.32044691 1.25960115 16.93569048
56700 0.35221856 1.20863001 15.09391521
56800 0.34598062 1.25159549 13.03248309
56900 0.37459310 1.20423315 12.44908952
57000 0.37877006 1.18447754 14.02106889
57100 0.30589317 1.26936399 19.30801379
57200 0.36536955 1.22654556 11.76045675
57300 0.32952165 1.22561053 17.29833106
57400 0.36205784 1.19670937 14.84849787
57500 0.35771508 1.23849016 12.01422887
57600 0.34176945 1.22509557 15.32379039
57700 0.34022918 1.21724427 16.18761238
57800 0.37487467 1.20312069 12.52097425
57900 0.40401151 1.24958635 5.87766359
58000 0.31021971 1.23006351 20.45383515
58100 0.36207982 1.21814743 12.86090927
58200 0.36001114 1.24232421 11.46168947
58300 0.37057027 1.19195552 14.21283212
58400 0.35620408 1.18144342 17.36646457
58500 0.36694999 1.18493548 15.47107506
58600 0.38105435 1.24643435 8.50867281
58700 0.41904392 1.20632812 7.66415407
58800 0.37708017 1.25037395 8.78601518
58900 0.34609660 1.25541984 12.83682348
59000 0.36051658 1.22424696 12.59707384
59100 0.37276888 1.21952970 11.33161372
59200 0.38263171 1.20414983 11.48128486
59300 0.39534872 1.19645703 10.83651783
59400 0.39500532 1.20966350 9.59228305
59500 0.41013842 1.18957146 10.13478395
59600 0.32152127 1.19278596 21.67475335
59700 0.41284074 1.16947483 12.31677784
59800 0.39768749 1.23802060 7.15464830
59900 0.34899694 1.16607698 20.36864900
60000 0.41510523 1.21371114 7.32644469
60100 0.37024875 1.26619163 8.98919690
60200 0.40217832 1.19942678 9.84202688
60300 0.38602818 1.21269466 10.30589908
60400 0.32704910 1.20721186 19.26082693
60500 0.34332133 1.17136409 20.54770190
60600 0.35620761 1.17407443 18.26675091
60700 0.32623774 1.27795201 15.33971815
60800 0.40620067 1.24908055 5.69555221
60900 0.39120152 1.17400766 13.85558923
61000 0.34612189 1.17474560 19.68356827
61100 0.39556400 1.25992507 6.25643879
61200 0.35423084 1.17619931 18.28762954
61300 0.36443681 1.20206485 13.98433656
61400 0.37247988 1.21502884 11.74073963
61500 0.32661295 1.29277936 15.05760274
61600 0.38742470 1.19371136 11.98523705
61700 0.31378464 1.21024899 21.36570259
61800 0.35231310 1.22872510 13.44576663
61900 0.35235289 1.18194517 17.86830596
62000 0.34533532 1.27035527 12.39998652
62100 0.37905228 1.22596749 10.05458158
62200 0.39168492 1.15850760 15.87612706
62300 0.34833887 1.25290138 12.60968948
62400 0.34063208 1.22733473 15.33918769
62500 0.35203496 1.24483505 12.46841269
62600 0.40897217 1.19293001 9.87502486
62700 0.32813224 1.22206384 17.80628567
62800 0.36376520 1.21917553 12.54625809
62900 0.32445725 1.17079254 23.75491334
63000 0.39460283 1.25884685 6.40107242
63100 0.34151802 1.18925937 18.69001275
63200 0.35515568 1.21999553 13.69029710
63300 0.33487471 1.17562442 21.36782303
63400 0.35031547 1.28423396 11.32701365
63500 0.32593182 1.20278303 19.87543617
63600 0.29892590 1.26825236 20.71935214
63700 0.38086815 1.15203706 18.04271445
63800 0.33350196 1.17044573 22.25295263
63900 0.37118937 1.21125115 12.23426892
64000 0.35330476 1.25115997 11.95242088
64100 0.35821079 1.23380473 12.24299719
64200 0.37484615 1.23321565 10.06181723
64300 0.30314924 1.23395466 21.55610392
64400 0.33840308 1.26854859 13.55137836
64500 0.37102325 1.24362467 9.90658967
64600 0.39175896 1.26405571 6.50405771
64700 0.35223160 1.22105930 14.03356810
64800 0.35767975 1.25020638 11.36722943
64900 0.29641587 1.25456569 21.75538641
65000 0.34453045 1.19658687 17.43252837
65100 0.35491662 1.24409763 12.08713058
65200 0.33414173 1.16901854 22.33255310
65300 0.36569876 1.23789080 10.94718838
65400 0.38144478 1.20951010 11.12188111
65500 0.36664866 1.23821447 10.80001564
65600 0.33961670 1.25434454 13.90361136
65700 0.37823901 1.23094452 9.79719928
65800 0.33355310 1.23205655 16.16044152
65900 0.35353650 1.21709683 14.16224537
66000 0.41068876 1.21730103 7.40780893
66100 0.44007961 1.14402561 13.95923179
66200 0.37379979 1.22006131 11.15834276
66300 0.37504661 1.23509344 9.91310648
66400 0.27975656 1.28538436 24.36039556
66500 0.38596894 1.23658220 8.51244989
66600 0.30797515 1.16133670 28.05052656
66700 0.39653951 1.28055109 5.54116636
66800 0.37695880 1.21728330 10.99059468
66900 0.32877395 1.27495595 14.97278213
67000 0.32906280 1.24695479 16.01666099
67100 0.37156175 1.26211048 8.96599948
67200 0.29750017 1.25004439 21.75087136
67300 0.37452123 1.24855743 9.19562959
67400 0.44054890 1.26835842 2.26781140
67500 0.37336075 1.23044716 10.43754866
67600 0.36669172 1.19976319 13.90925818
67700 0.36402707 1.21916321 12.51161133
67800 0.36170306 1.20429996 14.14227027
67900 0.32080478 1.19006977 22.09779163
68000 0.40326050 1.18373793 11.43770069
68100 0.35678152 1.20236226 15.02233140
68200 0.34744260 1.22682394 14.31424841
68300 0.35741264 1.18852635 16.37876506
68400 0.34411817 1.22939967 14.64177516
68500 0.39058443 1.16398570 15.23582803
68600 0.34524754 1.19691110 17.28782294
68700 0.33574399 1.21951372 16.72903873
68800 0.40537052 1.21709320 7.91413819
68900 0.35956250 1.20874763 14.02484395
69000 0.33395693 1.22527917 16.57675146
69100 0.41194677 1.25049987 5.10181696
69200 0.34406088 1.17085451 20.49778391
69300 0.36235407 1.24264610 11.11793533
69400 0.37744797 1.24984072 8.76747708
69500 0.35620508 1.17577970 18.05383135
69600 0.36455012 1.24323417 10.78451419
69700 0.36912445 1.23851381 10.45448128
69800 0.35620399 1.28947743 10.39400811
69900 0.36176103 1.23452367 11.69858143
70000 0.37297606 1.19295703 13.79663984
70100 0.33387363 1.17603586 21.48253937
70200 0.39965917 1.17170206 13.26432201
70300 0.39593910 1.21166755 9.31564645
70400 0.35614834 1.20518487 14.84160427
70500 0.31145912 1.26270878 18.46914883
70600 0.33036391 1.20271235 19.12064486
70700 0.34886912 1.24340943 13.02151756
70800 0.37433466 1.15791077 17.99056397
70900 0.40687848 1.21555233 7.90151270
71000 0.34553735 1.24835039 13.26319656
71100 0.39388768 1.20954655 9.72082488
71200 0.39795173 1.24286594 6.83907510
71300 0.36357986 1.24080617 11.05718200
71400 0.36588897 1.23586716 11.04939454
71500 0.37584432 1.13909017 20.65330306
71600 0.36533809 1.20740783 13.35357014
71700 0.34747095 1.21972730 14.85440901
71800 0.33379440 1.24516846 15.31539997
71900 0.31967519 1.18045142 23.40445125
72000 0.40185923 1.23122288 7.18095129
72100 0.37108441 1.20812766 12.52987781
72200 0.36547253 1.22252307 12.05015724
72300 0.37950383 1.20385900 11.88120999
72400 0.36169176 1.27566243 9.86074331
72500 0.38377364 1.21499452 10.36724960
72600 0.39993376 1.19498867 10.52031615
72700 0.34135233 1.21057642 16.58282953
72800 0.35430808 1.19397511 16.23370609
72900 0.35216757 1.20141195 15.78701457
73000 0.34866200 1.23748710 13.40552555
73100 0.38224891 1.16208120 16.44345767
73200 0.33929289 1.27957058 13.12206845
73300 0.35967892 1.22702705 12.50752860
73400 0.39016642 1.21825510 9.37282189
73500 0.38903740 1.20679127 10.50028242
73600 0.32607683 1.17929770 22.40915626
73700 0.32792550 1.18829317 21.04402520
73800 0.36528327 1.19405110 14.68688353
73900 0.38572079 1.16988415 14.99493651
74000 0.39818762 1.21397476 8.88305071
74100 0.31678281 1.17783267 24.24669666
74200 0.35885917 1.21803850 13.31921104
74300 0.35303692 1.21663855 14.27363854
74400 0.36579907 1.22648108 11.70746064
74500 0.32692037 1.22381756 17.88016100
74600 0.34517150 1.20590989 16.41240676
74700 0.42272766 1.21333104 6.74126134
74800 0.33577365 1.22239237 16.49661975
74900 0.33103513 1.19891960 19.38318686
75000 0.34225122 1.23403369 14.61811593
75100 0.36965097 1.24784181 9.85567327
75200 0.34041035 1.19802099 17.93428842
75300 0.33888896 1.19851321 18.12816754
75400 0.34709962 1.23486554 13.81051172
75500 0.33620861 1.22028592 16.59097785
75600 0.36463474 1.26111510 9.91789468
75700 0.33408147 1.21331631 17.52151045
75800 0.33095875 1.15755816 24.43230967
75900 0.36596206 1.21140883 12.90728261
76000 0.40686205 1.23710045 6.31551532
76100 0.38005504 1.25068879 8.40919409
76200 0.35515524 1.20350358 15.14578184
76300 0.41096776 1.22578043 6.71764243
76400 0.35368189 1.18403117 17.42887860
76500 0.33056151 1.26796665 14.86776849
76600 0.32825144 1.20002010 19.74677359
76700 0.36743296 1.23903877 10.64514545
76800 0.34534557 1.22398957 14.84778907
76900 0.33664161 1.22503232 16.15305813
77000 0.34193778 1.17043914 20.88484077
77100 0.36232672 1.18996403 15.53092300
77200 0.36874590 1.15151993 19.63698625
77300 0.30428791 1.21109324 23.10381655
77400 0.35021624 1.27665728 11.49002842
77500 0.36624506 1.26342874 9.61391990
77600 0.34863845 1.29342330 11.47678643
77700 0.42203648 1.19341331 8.71951689
77800 0.35886557 1.24797830 11.31259248
77900 0.32818655 1.21002212 18.80793993
78000 0.34583033 1.19870279 17.01470664
78100 0.38940999 1.21968086 9.34065768
78200 0.37957857 1.17518841 15.03962751
78300 0.37096442 1.22677816 11.00580959
78400 0.37603140 1.22500893 10.49593708
78500 0.38132436 1.27341738 7.39527168
78600 0.36049416 1.24531711 11.22604934
78700 0.37671531 1.22345981 10.52875729
78800 0.38732808 1.17789876 13.80183821
78900 0.37599688 1.27556980 7.98680442
79000 0.36787478 1.21841978 12.05620269
79100 0.30387692 1.24722382 20.62479453
79200 0.39163601 1.22872180 8.41166747
79300 0.37719707 1.25340494 8.62582968
79400 0.40187536 1.21721738 8.24070296
79500 0.36381153 1.24451197 10.81311014
79600 0.39419998 1.17758592 13.08942630
79700 0.34858467 1.21888937 14.75276832
79800 0.37295616 1.20342069 12.73384973
79900 0.37938803 1.22053072 10.43130659
80000 0.30684893 1.23671678 20.65605115
80100 0.35971968 1.21511882 13.44169114
80200 0.36486517 1.24894981 10.43377193
80300 0.35875757 1.22182922 13.03004736
80400 0.37137947 1.25761525 9.16985340
80500 0.42417071 1.17973054 10.10741198
80600 0.36589574 1.22812972 11.57464440
80700 0.38165610 1.15912864 16.92501045
80800 0.36114089 1.22497241 12.45549600
80900 0.36300297 1.17500865 17.19551201
81000 0.30315788 1.24618583 20.82139291
81100 0.35630776 1.20774146 14.57954897
81200 0.35079066 1.25375529 12.20100037
81300 0.34267530 1.26347502 13.04256725
81400 0.35539934 1.26756841 10.98058021
81500 0.38245571 1.15829234 16.94885995
81600 0.32044604 1.25635710 17.07216317
81700 0.32990622 1.25737549 15.37437089
81800 0.37952350 1.18328072 14.06898848
81900 0.39183433 1.19487322 11.37572654
82000 0.35922193 1.16803570 18.61652028
82100 0.37466393 1.12322780 23.47877005
82200 0.35855259 1.20005788 14.99789852
82300 0.39125086 1.27359657 6.26175825
82400 0.37155952 1.26563485 8.83896062
82500 0.33731295 1.24858692 14.55519094
82600 0.38845497 1.23081327 8.61454896
82700 0.37070312 1.16992292 16.81886437
82800 0.31881152 1.21810186 19.76828603
82900 0.39874216 1.23428416 7.28586105
83000 0.31449617 1.23606942 19.24939460
83100 0.35983981 1.24211881 11.49755581
83200 0.34519712 1.21569872 15.53531899
83300 0.33479966 1.26138077 14.39129932
83400 0.38097090 1.17941513 14.35431925
83500 0.35511001 1.24469455 12.02590100
83600 0.33763649 1.23619633 15.21640852
83700 0.39982255 1.20729980 9.31442476
83800 0.35542219 1.20731075 14.74702050
83900 0.32566973 1.23001972 17.64414114
84000 0.38362618 1.23580452 8.83196298
84100 0.34817674 1.25655889 12.46871694
84200 0.36588700 1.21479066 12.62346458
84300 0.30584028 1.20147267 23.70281534
84400 0.34386067 1.22332109 15.12957324
84500 0.39365991 1.28914342 5.71304049
84600 0.37311581 1.24935490 9.33226188
84700 0.39394703 1.21724321 9.04795970
84800 0.33329648 1.19618883 19.28341103
84900 0.34971268 1.22630572 14.00856193
85000 0.35061188 1.22190508 14.20781390
85100 0.32738714 1.18659525 21.32791875
85200 0.30428304 1.27176418 19.55119447
85300 0.38615655 1.20380714 11.10669909
85400 0.36911737 1.24776398 9.92943189
85500 0.33487811 1.24107789 15.36852677
85600 0.29054971 1.29519604 21.94625177
85700 0.40205965 1.24222815 6.46494917
85800 0.31421615 1.20748915 21.53694833
85900 0.36731687 1.18396888 15.53401739
86000 0.37971804 1.24406560 8.79820338
86100 0.35856365 1.23049408 12.41765688
86200 0.37921624 1.24444843 8.83734701
86300 0.44668317 1.13670015 14.75476241
86400 0.36803712 1.23069946 11.10838352
86500 0.38937998 1.23920843 7.96620146
86600 0.38946183 1.20484563 10.63652087
86700 0.34489532 1.18804902 18.29524268
86800 0.34328337 1.23404132 14.45532398
86900 0.32882457 1.18912259 20.79741473
87000 0.37242168 1.20810546 12.36041743
87100 0.31454590 1.27405288 17.53323791
87200 0.37460121 1.13317581 21.77758405
87300 0.32411011 1.19803295 20.66726580
87400 0.34841197 1.20866222 15.66076009
87500 0.30683969 1.23125194 21.01859992
87600 0.37073766 1.15725637 18.54224796
87700 0.31461265 1.27346170 17.53637498
87800 0.35439239 1.18782862 16.89199740
87900 0.30942075 1.24341882 19.76093983
88000 0.34299061 1.20012712 17.31327114
88100 0.37610765 1.22975421 10.14189241
88200 0.35643543 1.20899226 14.44659642
88300 0.38771014 1.16699436 15.14975625
88400 0.31498564 1.22974786 19.58283845
88500 0.35567131 1.25353700 11.49479071
88600 0.39299730 1.24922796 7.01368876
88700 0.35573161 1.23651374 12.42193743
88800 0.35750124 1.16128655 19.77365786
88900 0.33940439 1.20410605 17.49330020
89000 0.33639112 1.18171738 20.37932194
89100 0.39006302 1.19054242 12.03355066
89200 0.36400109 1.27139895 9.65686125
89300 0.34764516 1.20100199 16.50630201
89400 0.33054645 1.21112154 18.30694358
89500 0.33657192 1.25466694 14.38191228
89600 0.39615409 1.15505661 15.89628033
89700 0.36107209 1.24920760 10.94041568
89800 0.36779711 1.22132302 11.83383500
89900 0.36381476 1.20033010 14.24025475
90000 0.37685950 1.21409291 11.27180542
90100 0.37528529 1.17652344 15.40011047
90200 0.35731644 1.15848378 20.19271948
90300 0.39060268 1.19250748 11.76120788
90400 0.38111646 1.25662671 8.00726938
90500 0.34829783 1.18680795 17.91299404
90600 0.35425948 1.23797179 12.54389842
90700 0.33088951 1.24182695 15.99123121
90800 0.40753418 1.19613041 9.66941062
90900 0.39318829 1.20967898 9.78331395
91000 0.41169465 1.16933145 12.43605156
91100 0.37292046 1.23721644 10.04549240
91200 0.38782326 1.15351481 17.02076502
91300 0.37877064 1.20991939 11.40553700
91400 0.36064522 1.22289539 12.68243773
91500 0.35963615 1.19350791 15.52128787
91600 0.37462094 1.21314414 11.63192480
91700 0.34166833 1.23761826 14.48019950
91800 0.32659383 1.23238731 17.32058841
91900 0.34788327 1.21796795 14.93437902
92000 0.34014779 1.23414449 14.94483931
92100 0.37316758 1.20456183 12.59745316
92200 0.38246716 1.19926032 11.98122550
92300 0.36837424 1.16134347 18.27548714
92400 0.37660148 1.15973434 17.45082492
92500 0.36576282 1.22914475 11.52004398
92600 0.35845144 1.18001020 17.21677258
92700 0.30700706 1.23095104 21.00701633
92800 0.36604478 1.25213861 10.11735744
92900 0.37082824 1.20096622 13.24651733
93000 0.36960015 1.20761499 12.76955533
93100 0.34228461 1.23854163 14.32563863
93200 0.40928662 1.23687596 6.10678062
93300 0.31980522 1.19402450 21.85048338
93400 0.41876843 1.23848503 5.19132966
93500 0.36572963 1.20639320 13.39538338
93600 0.29890986 1.18086072 27.31570528
93700 0.36042289 1.22831768 12.31006264
93800 0.31386155 1.19071790 23.29505074
93900 0.33829921 1.27596795 13.36234238
94000 0.31956120 1.18667076 22.70083717
94100 0.39109975 1.21773206 9.31363927
94200 0.35278508 1.22971228 13.30629823
94300 0.32551899 1.25075906 16.43414633
94400 0.27685657 1.16387338 34.16172381
94500 0.39013269 1.14205686 18.50843157
94600 0.38217451 1.23790928 8.86905124
94700 0.35911048 1.24834229 11.25918727
94800 0.36210490 1.15880406 19.47567554
94900 0.33756849 1.20265687 17.92984114
95000 0.41204557 1.22721167 6.51706113
95100 0.29728285 1.24811688 21.89305010
95200 0.37077799 1.21139846 12.27428025
95300 0.34300260 1.24463853 13.85653784
95400 0.34358615 1.32000194 12.43268455
95500 0.33924918 1.20360501 17.56640954
95600 0.32412541 1.25713241 16.38475085
95700 0.39459487 1.15524076 16.03273932
95800 0.39246986 1.18498305 12.39581467
95900 0.36743743 1.23216584 11.08715404
96000 0.34394394 1.25209588 13.32414900
96100 0.35330508 1.24200830 12.44121921
96200 0.34527387 1.22651137 14.67037708
96300 0.36459799 1.21679779 12.62815512
96400 0.31667901 1.21013248 20.84137899
96500 0.37305285 1.20579581 12.49500496
96600 0.33925991 1.28248053 13.07215351
96700 0.32142178 1.23838156 17.84350680
96800 0.32599661 1.23093401 17.52364471
96900 0.36132558 1.25716065 10.53290163
97000 0.38700284 1.23200892 8.69557281
97100 0.34801093 1.20890282 15.69968606
97200 0.32859158 1.25111589 15.88525112
97300 0.35876024 1.21272625 13.78268887
97400 0.35377297 1.25724458 11.60518487
97500 0.33716585 1.24864476 14.57616123
97600 0.33575447 1.20126461 18.36263500
97700 0.37990375 1.19202177 13.04120405
97800 0.36374666 1.20856532 13.46263592
97900 0.34968144 1.22324297 14.24365587
98000 0.37451065 1.19747777 13.12919298
98100 0.39442910 1.23623778 7.60541815
98200 0.35141509 1.19786695 16.25431710
98300 0.39650589 1.18523107 11.94146861
98400 0.35628911 1.19262852 16.09072692
98500 0.43775468 1.21955282 5.17311396
98600 0.37346149 1.18326395 14.81965094
98700 0.33768245 1.23499265 15.28647091
98800 0.32211418 1.22836303 18.38761053
98900 0.32222767 1.18232419 22.72529848
99000 0.33119833 1.20446678 18.81029892
99100 0.40545675 1.22696634 7.13617040
99200 0.37530670 1.24582370 9.24174592
99300 0.36023406 1.26014703 10.56138884
99400 0.37275713 1.30930026 8.13862087
99500 0.30057698 1.21231703 23.72892184
99600 0.40822835 1.22405391 7.09492244
99700 0.38091604 1.21840187 10.41962203
99800 0.34716683 1.24789677 13.03636163
99900 0.38818298 1.21345387 9.99663927
100000 0.35565004 1.25128200 11.60517658
100100 0.34884297 1.22051900 14.58283779
100200 0.36141352 1.22952629 12.08637866
100300 0.36512343 1.24940983 10.37552763
100400 0.36728668 1.32196875 9.04772504
100500 0.37317023 1.22651643 10.74281279
100600 0.33410141 1.18357855 20.53814854
100700 0.35465286 1.22584326 13.31250614
100800 0.38230042 1.26780374 7.44489510
100900 0.35768261 1.19438431 15.70445649
101000 0.38187410 1.17947919 14.23949652
101100 0.35808020 1.24208082 11.74793098
101200 0.35852660 1.28577733 10.10850360
101300 0.43379307 1.21307339 5.96979596
101400 0.34581800 1.24926802 13.17291210
101500 0.43508786 1.10273739 21.56306084
101600 0.37718770 1.21413240 11.22805304
101700 0.35282637 1.19838756 15.99258232
101800 0.38456726 1.24533672 8.15639587
101900 0.36207768 1.18485837 16.14008009
102000 0.33456856 1.20288764 18.39918557
102100 0.37090695 1.22064814 11.48086599
102200 0.31086460 1.21613640 21.40265147
102300 0.33428707 1.23676222 15.72989517
102400 0.38839357 1.18241860 13.14069006
102500 0.32028289 1.21877908 19.44753921
102600 0.36545941 1.22075769 12.19025670
102700 0.38533126 1.14245093 18.98531408
102800 0.36843943 1.21554582 12.22034629
102900 0.37106440 1.23375140 10.50663361
103000 0.33938579 1.20129845 17.76945956
103100 0.31268547 1.21124897 21.48173910
103200 0.35476113 1.17134140 18.82368306
103300 0.33702816 1.25670977 14.21693174
103400 0.37087235 1.25153180 9.51155856
103500 0.36840321 1.17600473 16.34627108
103600 0.36186604 1.21644073 13.03157156
103700 0.35276540 1.23585634 12.89621804
103800 0.35057443 1.25261398 12.28671749
103900 0.35727033 1.16929695 18.72752214
104000 0.35767108 1.16754170 18.90136111
104100 0.35964166 1.21005605 13.89518850
104200 0.34146185 1.20982851 16.63262205
104300 0.34607717 1.16953291 20.35694874
104400 0.37167154 1.25868588 9.08752520
104500 0.32346552 1.23158541 17.92248960
104600 0.35833470 1.17229299 18.18906885
104700 0.40783512 1.18859564 10.45264872
104800 0.35394328 1.21829861 14.00384146
104900 0.34754581 1.20273441 16.35143771
105000 0.31651083 1.17714782 24.38046733
105100 0.37381630 1.23881941 9.83269532
105200 0.38788101 1.17099944 14.60590608
105300 0.32069564 1.23934487 17.91454916
105400 0.42112468 1.17230719 11.26338527
105500 0.38359017 1.17751998 14.27630194
105600 0.34064414 1.20478805 17.22980239
105700 0.35749567 1.26201173 10.87529678
105800 0.33261830 1.27718459 14.26858874
105900 0.35529058 1.22907239 12.98577125
106000 0.37544876 1.22537961 10.54060694
106100 0.36104672 1.23700273 11.63833458
106200 0.31075899 1.22612927 20.63452296
106300 0.40971539 1.22161438 7.14780766
106400 0.39790157 1.20428396 9.79282500
106500 0.38290671 1.20467945 11.39842382
106600 0.34459298 1.21704889 15.51611430
106700 0.36546528 1.22419911 11.92268294
106800 0.33243622 1.24904051 15.33724501
106900 0.35941259 1.17996876 17.08615973
107000 0.32093648 1.18636675 22.48812942
107100 0.33175794 1.24426007 15.70616573
107200 0.37487048 1.19093995 13.77574532
107300 0.31273976 1.19645788 22.89368454
107400 0.31705420 1.18662561 23.16145877
107500 0.33029039 1.21636967 17.89769253
107600 0.35170218 1.24142069 12.71188915
107700 0.36546454 1.24313553 10.66667863
107800 0.33902979 1.22684190 15.63175773
107900 0.40204060 1.24149918 6.50919456
108000 0.34907972 1.15300087 22.19283795
108100 0.34197479 1.20815758 16.70349910
108200 0.39365869 1.25514306 6.66030954
108300 0.36402969 1.22274989 12.22775257
108400 0.35913871 1.21446753 13.57885278
108500 0.38669286 1.23104241 8.79682865
108600 0.39870974 1.17348496 13.13288533
108700 0.38719902 1.23686014 8.35535233
108800 0.40869115 1.21041082 8.18176424
108900 0.39957002 1.19165841 10.91204073
109000 0.35107266 1.16810350 19.78801855
109100 0.34635724 1.15906484 21.73440906
109200 0.35085598 1.18544212 17.68372368
109300 0.34795521 1.18216340 18.50154141
109400 0.36058273 1.21759038 13.11425992
109500 0.35267932 1.22964146 13.32685312
109600 0.32588974 1.19053746 21.14821519
109700 0.37228444 1.22785505 10.75807912
109800 0.40272669 1.21181446 8.61939234
109900 0.35805883 1.23372308 12.26996243
110000 0.33508171 1.24690076 15.00878492
110100 0.33915371 1.23505898 15.04443208
110200 0.39455967 1.22294782 8.52735096
110300 0.33465492 1.23744638 15.62597485
110400 0.36841087 1.20889993 12.80746048
110500 0.34039397 1.20591202 17.16331734
110600 0.32622830 1.21069540 19.08595810
110700 0.33996408 1.21478333 16.43668783
110800 0.32333054 1.29411100 15.62338974
110900 0.36913999 1.18408568 15.28023489
111000 0.35828396 1.21112172 13.99139247
111100 0.37848097 1.25725986 8.29679637
111200 0.33906497 1.27321735 13.30869636
111300 0.34326619 1.23915855 14.13358490
111400 0.39954411 1.21012733 9.08424150
111500 0.32472513 1.17915450 22.66245631
111600 0.33021736 1.23795056 16.33813882
111700 0.36146301 1.23370946 11.79346623
111800 0.39255913 1.17713768 13.31934503
111900 0.35299839 1.27008884 11.25207481
112000 0.37067025 1.20360378 13.00920750
112100 0.36098333 1.21801416 13.02365689
112200 0.35922365 1.28110419 10.08751666
112300 0.37298075 1.19948172 13.11890767
112400 0.36054033 1.26361240 10.38652808
112500 0.34541372 1.23102243 14.32741191
112600 0.33322897 1.25421944 14.95421845
112700 0.39235854 1.23200824 8.10478148
112800 0.34458576 1.21455738 15.72701390
112900 0.32774626 1.31079179 14.89390756
113000 0.34930537 1.19746736 16.61090667
113100 0.37432060 1.22748895 10.52658185
113200 0.33572499 1.23741180 15.45178113
113300 0.34760300 1.21302960 15.39434863
113400 0.34239018 1.21611955 15.93839224
113500 0.33272060 1.24553070 15.47465097
113600 0.39767002 1.25422537 6.28337081
113700 0.37493111 1.17640126 15.45943831
113800 0.37211462 1.21319702 11.94471356
113900 0.38961120 1.21358413 9.82669520
114000 0.39213378 1.22672627 8.50207997
114100 0.37307568 1.21830246 11.39213642
114200 0.35106990 1.25582992 12.06558455
114300 0.32806006 1.25206887 15.93036729
114400 0.36464179 1.19879240 14.28241189
114500 0.35814535 1.19895020 15.16690224
114600 0.33625514 1.28739199 13.48567059
114700 0.32633350 1.21763036 18.47240544
114800 0.32835530 1.22343778 17.66183861
114900 0.34766984 1.20714188 15.91355467
115000 0.39255739 1.24972005 7.03599392
115100 0.42236951 1.23335268 5.23417901
115200 0.34445979 1.29137172 12.13360197
115300 0.36339645 1.16660331 18.22760418
115400 0.39246954 1.25904612 6.62001069
115500 0.37987239 1.21310750 10.99047505
115600 0.41318506 1.19143875 9.66118943
115700 0.38708666 1.21282053 10.17484083
115800 0.33889480 1.18822963 19.22375013
115900 0.31023754 1.25659859 18.94673665
116000 0.35125378 1.18628069 17.52875986
116100 0.41508391 1.19389579 9.23442223
116200 0.35587304 1.23282351 12.64263052
116300 0.41498773 1.24433298 5.16295145
116400 0.34775082 1.23530241 13.68279480
116500 0.39662740 1.22430909 8.20750393
116600 0.36276225 1.27695761 9.68257627
116700 0.36610710 1.24634563 10.40305031
116800 0.34547305 1.23888692 13.80669309
116900 0.32820180 1.19260454 20.52420404
117000 0.35963955 1.25439339 10.89050984
117100 0.39325073 1.24722598 7.09025173
117200 0.38086591 1.22223045 10.12051685
117300 0.37134724 1.21802214 11.63595073
117400 0.34161733 1.21942246 15.78890538
117500 0.36177676 1.25760112 10.45166518
117600 0.36454876 1.18676310 15.58481734
117700 0.33713640 1.18726405 19.61697342
117800 0.35644627 1.26399625 10.95197158
117900 0.37767189 1.19668711 12.81885983
118000 0.36934784 1.24171308 10.23367660
118100 0.34924552 1.30890507 11.40310738
118200 0.39349898 1.15858475 15.67037026
118300 0.32425429 1.27893593 15.66512510
118400 0.37159769 1.21733535 11.66029928
118500 0.36593144 1.22863997 11.53331653
118600 0.40918325 1.22740340 6.75897376
118700 0.34961824 1.20803890 15.53575881
118800 0.37478839 1.21616483 11.35314181
118900 0.35382471 1.23965227 12.50453171
119000 0.33790024 1.29772236 13.14075951
119100 0.30516944 1.24939640 20.25983663
119200 0.37196128 1.23308832 10.43554304
119300 0.31658847 1.23583309 18.87859029
119400 0.38403970 1.19735114 11.99178982
119500 0.42041380 1.20413191 7.76232637
119600 0.37764517 1.19893306 12.59261546
119700 0.33054250 1.17550980 22.10682670
119800 0.34480158 1.19532415 17.52179226
119900 0.37057448 1.22734955 11.01452702
120000 0.41958935 1.21307042 7.01131288
120100 0.35454519 1.23897504 12.44057322
120200 0.38120798 1.30431259 7.06507166
120300 0.35482664 1.22017335 13.72379969
120400 0.38695521 1.22279686 9.36972488
120500 0.33334477 1.15655656 24.17499225
120600 0.35961559 1.23545368 11.93700582
120700 0.35978110 1.19487299 15.35651383
120800 0.31621780 1.25488249 17.90574364
120900 0.37804963 1.22876697 9.97301919
121000 0.35052961 1.21130777 15.10385481
121100 0.31720107 1.21284092 20.50607651
121200 0.35660917 1.21070339 14.26740680
121300 0.37686284 1.21468944 11.22032606
121400 0.34249464 1.19580050 17.83273722
121500 0.34918283 1.19991544 16.38136803
121600 0.39957300 1.24778098 6.40620373
121700 0.36003238 1.21055341 13.79581385
121800 0.36618902 1.21340542 12.70200063
121900 0.35389378 1.18611662 17.15822560
122000 0.40112048 1.22364799 7.80339481
122100 0.40635953 1.18976731 10.45989160
122200 0.38950617 1.19291679 11.83785003
122300 0.38313785 1.22163867 9.89863027
122400 0.42584664 1.19942184 7.80734409
122500 0.34184071 1.29516847 12.51885157
122600 0.30246323 1.17318688 27.55117080
122700 0.39616906 1.17469329 13.24131797
122800 0.38912481 1.22978517 8.61171527
122900 0.36636972 1.22665925 11.61795885
123000 0.39549445 1.17905872 12.77410130
123100 0.30989043 1.19072857 24.04094633
123200 0.39271327 1.13457573 19.43781653
123300 0.39863497 1.18642497 11.58707830
123400 0.36178583 1.23333016 11.77401141
123500 0.36922055 1.20605454 12.96450781
123600 0.36114906 1.22913577 12.15066181
123700 0.37181494 1.19760575 13.45799610
123800 0.37735419 1.17109853 15.82879185
123900 0.34353152 1.20277800 16.96725098
124000 0.34993909 1.24221668 12.92859357
124100 0.35920370 1.22996880 12.36398373
124200 0.35674486 1.21512900 13.86256144
124300 0.37293863 1.23586283 10.12908379
124400 0.36366000 1.23792359 11.22103777
124500 0.38566114 1.26023458 7.32733136
124600 0.38679138 1.19752187 11.65897983
124700 0.31597264 1.15662617 27.21106296
124800 0.40356707 1.23912251 6.50268930
124900 0.33684293 1.21558835 16.87277713
125000 0.36779810 1.27977728 8.94315005
125100 0.37682473 1.18347131 14.37554143
125200 0.33542810 1.23749126 15.49562733
125300 0.36026452 1.20847292 13.95160629
125400 0.32922093 1.15938936 24.46842056
125500 0.35760891 1.21226192 13.98659615
125600 0.30202465 1.16347570 28.91656270
125700 0.32642927 1.20676128 19.41012873
125800 0.36383210 1.20067004 14.20406838
125900 0.37758643 1.18770346 13.79779745
126000 0.32884440 1.23382197 16.83688544
126100 0.33881827 1.15812015 23.05472124
126200 0.34974583 1.26969277 11.74742140
126300 0.34975248 1.17981822 18.50898957
126400 0.34275002 1.20588360 16.79272696
126500 0.32990260 1.23435528 16.62117686
126600 0.37024254 1.21610636 11.93757022
126700 0.38002274 1.25625607 8.15403728
126800 0.28254733 1.24889306 24.94879124
126900 0.37388878 1.21699285 11.39711304
127000 0.29671929 1.20547231 25.12926580
127100 0.35637817 1.16525058 19.39231808
127200 0.35239813 1.20886220 15.04620486
127300 0.30799328 1.24508785 19.94096166
127400 0.38073440 1.23828936 9.01624344
127500 0.36233810 1.20353416 14.12822738
127600 0.38013240 1.18750966 13.51115897
127700 0.36433589 1.21243094 13.03654593
127800 0.36659822 1.22658937 11.59257784
127900 0.35952143 1.17129214 18.14997166
128000 0.37507323 1.23234558 10.09190886
128100 0.41288825 1.20764448 8.05899906
128200 0.31472747 1.24474855 18.68931721
128300 0.35484629 1.24358229 12.12627860
128400 0.33048430 1.23844634 16.26221364
128500 0.36063609 1.16294455 19.10324775
128600 0.38117334 1.21563746 10.61840699
128700 0.33517188 1.20444841 18.14920734
128800 0.36353204 1.22611807 12.04102198
128900 0.34317574 1.20520374 16.79009034
129000 0.32866245 1.25104767 15.87644266
129100 0.33387560 1.19831056 18.96902942
129200 0.37023478 1.20184658 13.23655346
129300 0.40146719 1.17746998 12.36116036
129400 0.33822983 1.20264561 17.82373267
129500 0.35760023 1.20424692 14.72317339
129600 0.37711858 1.20312377 12.24242337
129700 0.37319014 1.27712113 8.30209161
129800 0.39168072 1.20557875 10.32421906
129900 0.38442294 1.24039535 8.45538608
130000 0.34999741 1.18979953 17.32245951
130100 0.38037889 1.26964505 7.61531610
130200 0.32325272 1.26320954 16.29656994
130300 0.34222900 1.28915540 12.50464659
130400 0.37899102 1.21202453 11.19142850
130500 0.39984615 1.17831753 12.41870824
130600 0.32705094 1.19754888 20.20380522
130700 0.35263874 1.22307832 13.81614202
130800 0.36105282 1.22358194 12.57301854
130900 0.36455057 1.23657137 11.18487012
131000 0.36838172 1.20183048 13.48031318
131100 0.38438591 1.27953861 6.89264294
131200 0.37436097 1.26763452 8.41634454
131300 0.34267359 1.22095522 15.49983922
131400 0.37208435 1.16489014 17.30854416
131500 0.39134197 1.22543103 8.68354901
131600 0.36325092 1.25030166 10.58511834
131700 0.33222543 1.18583209 20.59130906
131800 0.36723516 1.23055511 11.22454748
131900 0.37979301 1.20248467 11.97947994
132000 0.36530790 1.22585095 11.82002157
132100 0.37329656 1.23615060 10.06525353
132200 0.33148399 1.25405007 15.25452071
132300 0.33120049 1.16542705 23.30157621
132400 0.38535420 1.26211806 7.28935074
132500 0.31597589 1.18143458 23.96131575
132600 0.35467171 1.23492265 12.67768645
132700 0.38623613 1.20208465 11.26481747
132800 0.31542506 1.19943736 22.09037687
132900 0.34959899 1.20336382 15.97950696
133000 0.32739568 1.24721649 16.28917438
133100 0.33105526 1.21187029 18.15458516
133200 0.35238724 1.15527864 21.36689940
133300 0.36930935 1.22972132 11.00956983
133400 0.42016784 1.16624968 12.13116070
133500 0.34864682 1.22569302 14.21465599
133600 0.38358122 1.19252803 12.55177843
133700 0.40334549 1.24989510 5.92629700
133800 0.31919131 1.27754435 16.59801921
133900 0.39855275 1.22102969 8.26392741
134000 0.33166210 1.18949926 20.27403052
134100 0.39650254 1.20631701 9.74411365
134200 0.30919443 1.23886834 20.07192202
134300 0.37286341 1.21774223 11.46502647
134400 0.35261289 1.21450986 14.51576193
134500 0.33089212 1.30078954 14.29904912
134600 0.41567311 1.18315409 10.38199522
134700 0.33560199 1.23398829 15.69212630
134800 0.29579057 1.17780601 28.31643239
134900 0.33354621 1.27508513 14.16380668
135000 0.36316708 1.18774453 15.66226826
135100 0.30331792 1.25236653 20.47639347
135200 0.37396560 1.23769780 9.88311733
135300 0.36194191 1.25495622 10.54448892
135400 0.34267117 1.20124690 17.25226736
135500 0.38041624 1.19488620 12.67459340
135600 0.35583011 1.17751479 17.89379191
135700 0.27840340 1.21590712 28.08833291
135800 0.33094240 1.22329128 17.23234970
135900 0.34591257 1.23743420 13.82870757
136000 0.36410084 1.23303551 11.47641234
136100 0.40688522 1.18856366 10.54421000
136200 0.38010903 1.19847942 12.34013718
136300 0.31083440 1.29926465 17.89208264
136400 0.33361960 1.22725053 16.48746147
136500 0.38384408 1.16818477 15.43372603
136600 0.34537472 1.23337104 14.17419810
136700 0.42844524 1.17366051 10.54087491
136800 0.35367633 1.18215845 17.64862330
136900 0.34587894 1.25963810 12.69119206
137000 0.37766296 1.18890683 13.65402112
137100 0.39450415 1.19666725 10.90351560
137200 0.35558840 1.20146140 15.28228270
137300 0.36845254 1.23256159 10.92633727
137400 0.34952707 1.17949442 18.58184897
137500 0.39372983 1.21499235 9.25982486
137600 0.38446924 1.22450774 9.52321865
137700 0.34040467 1.17869404 20.09290175
137800 0.34276184 1.25042232 13.59089219
137900 0.31797200 1.25046917 17.79374741
138000 0.35747581 1.19085922 16.11242787
138100 0.33830440 1.27127746 13.48522503
138200 0.35767904 1.18602070 16.62326905
138300 0.38361534 1.21826591 10.11292585
138400 0.34530905 1.17527955 19.74224099
138500 0.36725448 1.18739051 15.15113587
138600 0.33789095 1.17403841 21.07283357
138700 0.33816576 1.24450090 14.63523612
138800 0.34873011 1.20347602 16.09972890
138900 0.37963029 1.21969227 10.46909929
139000 0.38914723 1.19924193 11.22026226
139100 0.35037883 1.17843501 18.58227057
139200 0.35233159 1.27942186 11.11470947
139300 0.36159699 1.23458478 11.71727204
139400 0.38946045 1.19069151 12.08366949
139500 0.39183434 1.22591401 8.59427194
139600 0.35740658 1.19044185 16.16793547
139700 0.35974526 1.26251109 10.53840561
139800 0.38109072 1.11806759 23.61940861
139900 0.34929117 1.24870840 12.67198967
140000 0.43000503 1.31131047 2.51361144
140100 0.31632978 1.25607002 17.83229711
140200 0.36443525 1.21758316 12.58516900
140300 0.37098432 1.22622008 11.04426063
140400 0.34407915 1.17007912 20.59537333
140500 0.38818916 1.19313130 11.96129135
140600 0.30408645 1.22370767 22.10131888
140700 0.35605960 1.26790285 10.87453371
140800 0.36270009 1.26200636 10.14739162
140900 0.35730038 1.20700192 14.50591265
141000 0.39529679 1.24595893 6.94159992
141100 0.40247371 1.20885397 8.90948798
141200 0.38107275 1.16144853 16.67010075
141300 0.33934484 1.21147137 16.82369891
141400 0.35148526 1.18186548 18.00619666
141500 0.38089034 1.22496440 9.90872570
141600 0.35927877 1.27435037 10.23018381
141700 0.37688165 1.20311919 12.27200935
141800 0.31637104 1.15224695 27.77528053
141900 0.35180128 1.24561231 12.46044138
142000 0.35235275 1.18429953 17.59315382
142100 0.34708324 1.21432728 15.36167497
142200 0.37257330 1.16346503 17.43968044
142300 0.37299253 1.13623454 21.47501174
142400 0.35549923 1.25053807 11.66347781
142500 0.32505803 1.24026160 17.08668410
142600 0.35361982 1.19773948 15.94218526
142700 0.35409743 1.21695444 14.09206241
142800 0.37754911 1.20102402 12.39523307
142900 0.39137031 1.21683339 9.35854720
143000 0.32455290 1.19204750 21.21771370
143100 0.30374157 1.23383658 21.44748417
143200 0.37406550 1.21302355 11.71220052
143300 0.33662983 1.26168103 14.07907768
143400 0.37924821 1.16653961 16.19633468
143500 0.37187162 1.24060931 9.97206772
143600 0.34820996 1.15711781 21.72776818
143700 0.36716942 1.26491240 9.43755104
143800 0.36527047 1.17905580 16.38977282
143900 0.37552635 1.20427177 12.32879252
144000 0.38940228 1.20889428 10.26605444
144100 0.33056262 1.20908801 18.48700726
144200 0.40640343 1.17558591 12.11959229
144300 0.37131787 1.25361423 9.35536513
144400 0.31791803 1.24372393 18.16041991
144500 0.35973867 1.19681693 15.15999400
144600 0.37621768 1.25879487 8.50996300
144700 0.42056970 1.23124207 5.51841267
144800 0.36986238 1.19577157 13.89968357
144900 0.38033350 1.21398289 10.85950709
145000 0.39447091 1.19505478 11.07494334
145100 0.42281193 1.26163893 3.71478494
145200 0.30949276 1.25948962 18.96704962
145300 0.41469995 1.24813212 4.98318805
145400 0.34262205 1.22181389 15.44044337
145500 0.30809104 1.24844287 19.74359345
145600 0.35155717 1.22650265 13.71856662
145700 0.31004942 1.20094974 22.94608762
145800 0.38113450 1.26059323 7.84094997
145900 0.40372275 1.17679401 12.22451255
146000 0.38169407 1.14826250 18.51028037
146100 0.37322879 1.20453478 12.59227385
146200 0.32755369 1.17345887 22.87519371
146300 0.40199136 1.21341725 8.55113286
146400 0.38594882 1.20536442 10.98178185
146500 0.31951192 1.18236440 23.20704028
146600 0.32522747 1.17036219 23.67569923
146700 0.39209535 1.24707685 7.22213635
146800 0.34309040 1.18046349 19.45479960
146900 0.37440690 1.23281823 10.14350826
147000 0.42286938 1.18190200 9.94813475
147100 0.34889000 1.23790218 13.34518513
147200 0.36777724 1.22441243 11.59816954
147300 0.36439903 1.25028880 10.42941378
147400 0.31767332 1.23670323 18.62474981
147500 0.36523033 1.23783223 11.01384745
147600 0.38807158 1.22425823 9.13239291
147700 0.37125469 1.19021270 14.31430270
147800 0.36085806 1.17066828 18.04358564
147900 0.35866043 1.20140410 14.84901289
148000 0.37029912 1.16731161 17.21426436
148100 0.37364940 1.22852502 10.53657291
148200 0.32694072 1.23984592 16.78401357
148300 0.31853088 1.27673372 16.73618053
148400 0.34729255 1.25925801 12.48973817
148500 0.38471696 1.23345474 8.85922577
148600 0.35111394 1.27298132 11.44853329
148700 0.37117021 1.26183492 9.02684396
148800 0.39024598 1.24562343 7.50137850
148900 0.35585893 1.17764436 17.87377537
149000 0.36711233 1.21936379 12.08066488
149100 0.35755126 1.22992865 12.60081875
149200 0.36190375 1.17213751 17.70969460
149300 0.40101777 1.25126226 6.08642418
149400 0.38475757 1.24789686 7.99777713
149500 0.36809361 1.18528288 15.27965594
149600 0.34774503 1.22760332 14.21142814
149700 0.35923958 1.21857720 13.22158375
149800 0.38268953 1.23717950 8.85408062
149900 0.38963695 1.19222100 11.89815825
150000 0.36428330 1.19654847 14.56062019
150100 0.36861015 1.20808162 12.85614006
150200 0.37000029 1.22706326 11.10984690
150300 0.37354125 1.18892977 14.16420554
150400 0.35998160 1.21966722 13.02925365
150500 0.41843707 1.24251863 4.97830918
150600 0.34571847 1.22258637 14.89782982
150700 0.35667169 1.21347598 14.01470558
150800 0.31727633 1.19859145 21.83581787
150900 0.37696808 1.23591626 9.62178936
151000 0.36735613 1.20509856 13.30034034
151100 0.38311683 1.17385399 14.78724667
151200 0.40727981 1.18303849 11.13851439
151300 0.31013354 1.19571199 23.46263095
151400 0.37734460 1.20048688 12.47360495
151500 0.38113975 1.25553152 8.05260289
151600 0.35572687 1.25395807 11.46729818
151700 0.37943127 1.16866202 15.89324181
151800 0.33929052 1.26105416 13.67215808
151900 0.39370752 1.22399819 8.53718336
152000 0.41203450 1.23880234 5.74154146
152100 0.33199821 1.24529310 15.60872346
152200 0.35827580 1.21204263 13.91112385
152300 0.36920148 1.23112730 10.92585124
152400 0.35404241 1.25735258 11.56120993
152500 0.32843556 1.23303691 16.95920709
152600 0.37941186 1.16876117 15.88256547
152700 0.35333785 1.17043709 19.14816679
152800 0.34309429 1.20919542 16.43243762
152900 0.30193654 1.25961477 20.43004993
153000 0.35122888 1.19243535 16.85150059
153100 0.29597212 1.26379290 21.46916558
153200 0.37401869 1.22720746 10.58502218
153300 0.34674817 1.24174502 13.43988309
153400 0.35720144 1.24054970 11.96288333
153500 0.35136442 1.22756725 13.66952045
153600 0.29301318 1.20263353 26.16188641
153700 0.40040351 1.20304428 9.65993690
153800 0.37148915 1.22907022 10.77303682
153900 0.33563636 1.19073971 19.47660919
154000 0.35868668 1.26204351 10.70507428
154100 0.41212748 1.26869214 4.35088105
154200 0.37944415 1.22909659 9.78050406
154300 0.33095343 1.24463128 15.82121891
154400 0.37893432 1.26776304 7.84806007
154500 0.37052115 1.22240349 11.39299565
154600 0.37552063 1.15688220 17.98890897
154700 0.41032081 1.20839779 8.21666153
154800 0.40693099 1.16046073 14.06652504
154900 0.32496792 1.22641617 18.02540403
155000 0.36319139 1.25403606 10.41463964
155100 0.33906375 1.21243531 16.78402538
155200 0.36061271 1.19642057 15.07875666
155300 0.34494629 1.20322521 16.70350636
155400 0.33062606 1.20566813 18.79301695
155500 0.39124373 1.20706766 10.23217364
155600 0.39067924 1.22101535 9.09480178
155700 0.36631179 1.26016718 9.72959530
155800 0.35842781 1.21750395 13.42414158
155900 0.41845690 1.20609711 7.73351520
156000 0.33331667 1.22006096 17.08679136
156100 0.38988131 1.21246994 9.89381810
156200 0.39001233 1.19407548 11.65864489
156300 0.39571963 1.24078276 7.19053828
156400 0.38680851 1.19400211 12.02393306
156500 0.34539819 1.18946013 18.06039033
156600 0.36605707 1.20595525 13.39256213
156700 0.36526748 1.24763254 10.44760128
156800 0.30624563 1.29024232 18.81798319
156900 0.35591125 1.21478510 14.01157315
157000 0.35326283 1.23118252 13.13382085
157100 0.32773792 1.21497192 18.45199906
157200 0.33806883 1.21513201 16.71213963
157300 0.40127689 1.22329822 7.81470775
157400 0.34735030 1.26756783 12.17688863
157500 0.34825021 1.22485134 14.33766022
157600 0.37022321 1.20117618 13.30408133
157700 0.37445073 1.18129671 14.92654567
157800 0.36512423 1.22899809 11.61637161
157900 0.35181242 1.15550326 21.41943363
158000 0.34945637 1.27510650 11.64153570
158100 0.31460534 1.20814351 21.40439724
158200 0.36879583 1.19831537 13.77714981
158300 0.35912765 1.23683407 11.91747756
158400 0.41414601 1.18687827 10.08371608
158500 0.35412698 1.24532717 12.13402823
158600 0.29906790 1.22041816 23.35348978
158700 0.37245049 1.27736334 8.39064847
158800 0.35532426 1.20434910 15.04008173
158900 0.36279715 1.15566893 19.82803974
159000 0.36853260 1.23102054 11.02092186
159100 0.41418941 1.21043115 7.69301748
159200 0.38991562 1.15727551 16.24442534
159300 0.35730525 1.19078221 16.14515836
159400 0.38600318 1.19801656 11.69794857
159500 0.34859441 1.22337967 14.39716427
159600 0.32843554 1.17963875 21.96059700
159700 0.40078848 1.25390992 5.98361048
159800 0.37784756 1.18342762 14.25516925
159900 0.36673406 1.24301360 10.50362962
160000 0.37125184 1.20714575 12.59899939
160100 0.37075112 1.19796069 13.55864719
160200 0.33916144 1.20586526 17.36519632
160300 0.38555901 1.22982078 9.01093105
160400 0.40228503 1.17641545 12.41067852
160500 0.35581718 1.19589281 15.81349629
160600 0.32793356 1.25752605 15.70544855
160700 0.40148118 1.18608561 11.34122334
160800 0.34157300 1.15213585 23.48146144
160900 0.36509888 1.15734068 19.27499657
161000 0.33188708 1.23396798 16.31109056
161100 0.33360167 1.21068249 17.83301148
161200 0.37306396 1.19400612 13.67373115
161300 0.38414936 1.23280324 8.96838784
161400 0.34184686 1.20540532 16.98028361
161500 0.37219968 1.26740260 8.69775587
161600 0.35744519 1.24114038 11.89316492
161700 0.38765539 1.19348300 11.98359158
161800 0.38165950 1.24757730 8.37630630
161900 0.36055621 1.23867541 11.60263751
162000 0.36737608 1.20383601 13.41830851
162100 0.38033851 1.22277861 10.14100767
162200 0.32492029 1.23518423 17.42699497
162300 0.39168226 1.20111295 10.75569085
162400 0.30920985 1.25017819 19.44154761
162500 0.38798010 1.21819495 9.62026211
162600 0.30032554 1.23649829 21.95117931
162700 0.36217802 1.22864100 12.04350162
162800 0.31056926 1.22460197 20.78443337
162900 0.36835399 1.18422713 15.36701446
163000 0.31669687 1.20209018 21.59318566
163100 0.36620510 1.20639673 13.33132426
163200 0.35854273 1.25313275 11.10334941
163300 0.30613850 1.22620617 21.51390551
163400 0.39087387 1.18252264 12.85472199
163500 0.42237052 1.17703399 10.57348731
163600 0.28975604 1.18159631 29.11097813
163700 0.34853961 1.15036445 22.66552279
163800 0.34815842 1.24116950 13.25844677
163900 0.36066330 1.23617603 11.74410790
164000 0.35646134 1.18872179 16.49309346
164100 0.40921906 1.17800873 11.56152415
164200 0.36619022 1.25992062 9.75570746
164300 0.41365573 1.22856485 6.27915677
164400 0.37586052 1.24996535 8.95703792
164500 0.33303694 1.17737781 21.45643209
164600 0.33898138 1.23965304 14.78437511
164700 0.36876608 1.21545252 12.18530838
164800 0.38638748 1.16592193 15.44236684
164900 0.30560581 1.26950398 19.35955435
165000 0.40631081 1.15650735 14.68390195
165100 0.39232281 1.21086379 9.76982033
165200 0.36360439 1.21975347 12.52163365
165300 0.38524409 1.16102721 16.24117807
165400 0.34009776 1.21056745 16.78345387
165500 0.34941645 1.22598694 14.07666921
165600 0.32829860 1.16407051 23.97909889
165700 0.33552543 1.20407349 18.12689045
165800 0.35448520 1.19937062 15.65041491
165900 0.40868843 1.22866948 6.71292364
166000 0.36846904 1.21785792 12.02385730
166100 0.38009485 1.21518165 10.78569847
166200 0.35620414 1.24230991 12.00269740
166300 0.36589298 1.18983326 15.06070172
166400 0.35240120 1.26798773 11.40509559
166500 0.37383395 1.21237146 11.79831669
166600 0.33137682 1.23792862 16.14331659
166700 0.35470973 1.22304562 13.51562044
166800 0.32897376 1.27336776 14.97962611
166900 0.33131382 1.20272513 18.95871440
167000 0.36045016 1.25495377 10.75166015
167100 0.31338709 1.26000539 18.21197359
167200 0.38598149 1.15593057 16.87811083
167300 0.38474718 1.21465351 10.28361810
167400 0.35737026 1.24357996 11.76323115
167500 0.37682874 1.23421751 9.74924734
167600 0.36299817 1.26028608 10.17334912
167700 0.34472692 1.18575588 18.58072469
167800 0.37510225 1.19719762 13.08388894
167900 0.38548689 1.21595477 10.08842591
168000 0.27843711 1.16748437 33.32525362
168100 0.34731477 1.20061568 16.59501017
168200 0.39225723 1.26431052 6.44112131
168300 0.34711951 1.23433951 13.84187218
168400 0.33515799 1.24512151 15.09226806
168500 0.33208171 1.20725131 18.39943574
168600 0.36750293 1.21197344 12.65207345
168700 0.37872041 1.22002889 10.55205897
168800 0.36286700 1.17306601 17.45884854
168900 0.36419502 1.19485114 14.74963683
169000 0.35529735 1.23900806 12.32943644
169100 0.33078501 1.22656247 17.01339144
169200 0.32699373 1.25091711 16.17014924
169300 0.37762707 1.18382749 14.23559321
169400 0.35958432 1.21392515 13.56272124
169500 0.37218612 1.23210388 10.47313559
169600 0.33445725 1.27842152 13.93501626
169700 0.35170315 1.27245461 11.37535210
169800 0.38160565 1.18780250 13.30275088
169900 0.33708006 1.27655542 13.54627781
170000 0.34877891 1.26430106 12.07111661
170100 0.34223143 1.21865606 15.75387999
170200 0.33777840 1.21190036 17.03869714
170300 0.38498677 1.14846765 18.09504818
170400 0.35681926 1.22320131 13.19938059
170500 0.33197267 1.22314879 17.06964586
170600 0.35866423 1.29018636 10.03605313
170700 0.36676257 1.22538093 11.66010912
170800 0.32868959 1.20187625 19.48776260
170900 0.35522339 1.22122987 13.58249963
171000 0.35964329 1.24947051 11.12661770
171100 0.41568371 1.22768852 6.16909355
171200 0.32693558 1.18398651 21.70521196
171300 0.35039129 1.25270536 12.30977395
171400 0.35213323 1.21511025 14.53542540
171500 0.32542403 1.25063172 16.45699866
171600 0.41556910 1.23718564 5.53711011
171700 0.36015287 1.26236491 10.48680960
171800 0.36016710 1.20655462 14.14263904
171900 0.36242405 1.22320773 12.41209767
172000 0.38228208 1.14424319 19.05884638
172100 0.35634155 1.23941998 12.15384455
172200 0.32902084 1.27169349 15.01756606
172300 0.37290491 1.17641766 15.71287826
172400 0.37479229 1.23196229 10.15305060
172500 0.40789760 1.18385054 10.98677378
172600 0.40561719 1.22468440 7.29027753
172700 0.34020552 1.24108437 14.50266256
172800 0.35593293 1.20721496 14.68219280
172900 0.35399852 1.21426274 14.33365496
173000 0.36533068 1.21748859 12.47197896
173100 0.33609769 1.19677520 18.75966264
173200 0.36058649 1.24825226 11.05697805
173300 0.33906614 1.21068234 16.93867526
173400 0.37756041 1.18854879 13.70641250
173500 0.30285617 1.21013503 23.47070126
173600 0.38111130 1.23583560 9.12579704
173700 0.42682313 1.21304043 6.45841072
173800 0.35114032 1.20602409 15.49533807
173900 0.33733082 1.17814970 20.65437914
174000 0.39313589 1.26331086 6.38301522
174100 0.30592794 1.27236769 19.21375552
174200 0.40640696 1.19011783 10.41687382
174300 0.36474485 1.22261583 12.14113188
174400 0.38052146 1.21750647 10.54015136
174500 0.33703560 1.21992966 16.48432819
174600 0.40195247 1.18257368 11.70112895
174700 0.34920150 1.20017113 16.35299529
174800 0.32414805 1.23847211 17.35479419
174900 0.35141788 1.27384556 11.38035135
175000 0.31423172 1.23989620 19.06116056
175100 0.34115858 1.25746438 13.51993745
175200 0.33668945 1.21769229 16.72244717
175300 0.29770673 1.24872962 21.77560929
175400 0.42996954 1.23014132 4.89225050
175500 0.37629433 1.14940626 18.99078369
175600 0.35196213 1.20248702 15.71199589
175700 0.42158051 1.21954019 6.31169818
175800 0.37232190 1.15728819 18.33417864
175900 0.32015476 1.25357348 17.24986694
176000 0.37783789 1.20342303 12.12534594
176100 0.34262426 1.15583800 22.77490343
176200 0.35609217 1.23985982 12.16315287
176300 0.34229517 1.26588916 13.01718166
176400 0.38899611 1.20644876 10.53684898
176500 0.35472744 1.20247491 15.30762965
176600 0.31327102 1.22589342 20.17974800
176700 0.37936218 1.26423178 7.91642407
176800 0.35776598 1.20875434 14.27814356
176900 0.35752996 1.20397402 14.75935069
177000 0.37690575 1.28602862 7.67369683
177100 0.32083763 1.24152336 17.75933556
177200 0.37931650 1.22441909 10.13849099
177300 0.33780382 1.23141387 15.50582883
177400 0.39526573 1.19357558 11.14771284
177500 0.34952325 1.25530402 12.32049131
177600 0.35819682 1.23497188 12.16839841
177700 0.37418141 1.23186088 10.23662817
177800 0.36471618 1.22321532 12.09879901
177900 0.37368666 1.22315367 10.93020948
178000 0.37949846 1.23566040 9.33010230
178100 0.36609448 1.25929093 9.79395830
178200 0.38287825 1.19761583 12.10001140
178300 0.38208898 1.19709950 12.24576032
178400 0.35267001 1.20402340 15.45881722
178500 0.39902653 1.26346730 5.76513999
178600 0.34090783 1.21824047 15.99747051
178700 0.42415989 1.18353782 9.65758038
178800 0.32208805 1.19792950 21.03552580
178900 0.38838459 1.25149100 7.40556138
179000 0.29752364 1.24366895 22.08493234
179100 0.40877674 1.18097746 11.24402401
179200 0.36212968 1.18437513 16.18866739
179300 0.33170784 1.26075542 14.93119348
179400 0.32548919 1.21000080 19.27693923
179500 0.36434963 1.21206015 13.06721928
179600 0.33628336 1.23240368 15.68620114
179700 0.39135391 1.16488532 15.02997454
179800 0.34301974 1.22308958 15.27900765
179900 0.34536948 1.20789577 16.19689326
180000 0.43453505 1.23189227 4.46216128
180100 0.38785790 1.24588293 7.75225368
180200 0.34352308 1.20655460 16.60853422
180300 0.30044375 1.15845977 29.92816607
180400 0.32551341 1.22724058 17.86975174
180500 0.38940651 1.20876730 10.27716271
180600 0.37008008 1.22362410 11.35623216
180700 0.36460543 1.28315634 9.30769908
180800 0.37540786 1.21963591 10.99079504
180900 0.34956475 1.20261885 16.05692590
181000 0.30740741 1.24651230 19.97641891
181100 0.33385478 1.21974495 17.02255405
181200 0.36744421 1.25843444 9.64936642
181300 0.32542140 1.14366833 27.45863930
181400 0.38627148 1.24577171 7.93744210
181500 0.37585381 1.19529001 13.18822907
181600 0.33893329 1.24657263 14.39848486
181700 0.35138351 1.22273523 14.02835258
181800 0.35744499 1.18760459 16.47732836
181900 0.30760861 1.23156980 20.84856896
182000 0.32322625 1.23691100 17.61459060
182100 0.33601802 1.21106496 17.39976649
182200 0.34430369 1.29243848 12.14925869
182300 0.39781529 1.24676854 6.63765118
182400 0.32926926 1.18366307 21.34163347
182500 0.36543529 1.28568190 9.15633476
182600 0.27787900 1.23771499 26.60858060
182700 0.40301929 1.24168660 6.40285573
182800 0.37320091 1.14292784 20.37483562
182900 0.34871023 1.20950775 15.53872121
183000 0.37415137 1.23056547 10.32951664
183100 0.34971450 1.15930397 21.19055182
183200 0.39507897 1.26873232 5.99304512
183300 0.33135578 1.22297240 17.18706134
183400 0.34995612 1.20054404 16.20232760
183500 0.35591839 1.22174715 13.44150910
183600 0.36569253 1.19186913 14.86539138
183700 0.36249114 1.20747234 13.73502717
183800 0.39777190 1.21279987 9.02722361
183900 0.33519626 1.26965427 14.04056762
184000 0.32628996 1.25961018 15.90325762
184100 0.36086780 1.18871187 15.87140855
184200 0.38228486 1.28458507 7.04723768
184300 0.38139024 1.23905620 8.89121085
184400 0.35139905 1.23202536 13.35139714
184500 0.32209977 1.25879728 16.67307857
184600 0.35426639 1.18543557 17.18164691
184700 0.34344746 1.23917500 14.10418935
184800 0.37029855 1.18458161 15.07193553
184900 0.37132769 1.17920512 15.57398349
185000 0.32837614 1.27856443 14.95711731
185100 0.34903990 1.25309877 12.49433837
185200 0.34235026 1.27232409 12.80969904
185300 0.35657978 1.26440130 10.91831304
185400 0.33223091 1.27669669 14.34475562
185500 0.36342040 1.27711532 9.58884815
185600 0.32742641 1.14303276 27.21017847
185700 0.36425521 1.22258674 12.20973014
185800 0.38364802 1.13536345 20.32148799
185900 0.39628934 1.25561517 6.36295676
186000 0.27697337 1.20202470 29.67001770
186100 0.32583545 1.20258619 19.91136994
186200 0.34738976 1.22461954 14.48604914
186300 0.32912577 1.23708574 16.57810258
186400 0.38622871 1.25012604 7.71565905
186500 0.35565954 1.22663470 13.10831789
186600 0.35475050 1.22457308 13.39331829
186700 0.42124756 1.22205310 6.13883359
186800 0.38571178 1.17874111 13.88275713
186900 0.35019950 1.24241454 12.87813745
187000 0.37194196 1.24537348 9.69145874
187100 0.40714117 1.20904848 8.44747094
187200 0.35938526 1.26503021 10.49769518
187300 0.33195697 1.23530310 16.21207355
187400 0.39593546 1.23722873 7.38483043
187500 0.37756267 1.22386911 10.39340578
187600 0.31891081 1.22736331 19.03469200
187700 0.37236194 1.21585485 11.68594031
187800 0.36852701 1.19088628 14.59547584
187900 0.37280380 1.20461444 12.63863871
188000 0.34352237 1.23990738 14.04818520
188100 0.35182851 1.25303847 12.08008778
188200 0.38204629 1.21794389 10.32314156
188300 0.38824600 1.22417165 9.11944699
188400 0.34907382 1.20978356 15.45885976
188500 0.37607672 1.19818867 12.86126245
188600 0.34898113 1.18739505 17.74328748
188700 0.32220542 1.20507367 20.31096127
188800 0.37478278 1.22878391 10.37554151
188900 0.38141587 1.19534579 12.50734935
189000 0.34412832 1.17284648 20.23199900
189100 0.36039395 1.23638420 11.76840959
189200 0.39710759 1.19966791 10.32668843
189300 0.37120777 1.23390101 10.47825680
189400 0.38562012 1.19848978 11.69354048
189500 0.34542565 1.27887767 12.16969194
189600 0.36647647 1.19797560 14.11875641
189700 0.37913768 1.22461969 10.14494579
189800 0.38375889 1.20218668 11.53972088
189900 0.38362920 1.24216560 8.44349062
190000 0.38680963 1.25050534 7.63089053
190100 0.35125837 1.22256555 14.06008298
190200 0.38439431 1.19746737 11.93880798
190300 0.36757950 1.23859453 10.65291058
190400 0.35774130 1.21456260 13.76854327
190500 0.36815562 1.16519360 17.77785313
190600 0.34275597 1.22547411 15.13989594
190700 0.38930319 1.16727598 14.93472420
190800 0.39512071 1.19081877 11.46010345
190900 0.40087674 1.19786281 10.12871235
191000 0.32960781 1.21889863 17.80546533
191100 0.38854205 1.14826626 17.72300092
191200 0.37796541 1.22481918 10.27229852
191300 0.30009305 1.24180343 21.67481479
191400 0.36708948 1.19908962 13.92405569
191500 0.37845774 1.23498193 9.49993505
191600 0.37811517 1.18377011 14.18264997
191700 0.37237810 1.19591892 13.56011057
191800 0.38346560 1.22309353 9.74743576
191900 0.34970007 1.22507462 14.10194074
192000 0.34110537 1.20479404 17.15583898
192100 0.35856913 1.22294238 12.97028345
192200 0.40096586 1.18017380 12.08303995
192300 0.38437807 1.21849639 10.00563439
192400 0.36354291 1.23093934 11.69495615
192500 0.36698990 1.19443667 14.41765167
192600 0.37188897 1.22077353 11.34463496
192700 0.38025404 1.24414011 8.72971063
192800 0.37274675 1.17506010 15.90168467
192900 0.37915466 1.21759265 10.69728312
193000 0.35444734 1.21340984 14.34171637
193100 0.30483893 1.25535685 20.04042623
193200 0.39119293 1.15402453 16.57390817
193300 0.33414499 1.21648688 17.24116354
193400 0.35605984 1.23276981 12.61933381
193500 0.36633227 1.20983072 12.99878088
193600 0.34891235 1.19508251 16.91757899
193700 0.38426155 1.18266070 13.58195039
193800 0.31377461 1.24115775 19.07115377
193900 0.35423017 1.21096134 14.58836246
194000 0.36252692 1.22939347 11.94206528
194100 0.32136612 1.20284562 20.67451811
194200 0.39992894 1.17201300 13.19744473
194300 0.41341781 1.19318220 9.45325884
194400 0.38313495 1.16730858 15.63222583
194500 0.35769099 1.24357056 11.71806769
194600 0.35077584 1.24783570 12.49448131
194700 0.34559253 1.20602487 16.33649478
194800 0.42953111 1.22844552 5.04295394
194900 0.35397903 1.26683802 11.21092087
195000 0.32475475 1.18849571 21.57205282
195100 0.31266847 1.24396483 19.11652175
195200 0.33388248 1.24379646 15.37693415
195300 0.33355728 1.26366571 14.51167947
195400 0.37318628 1.18959591 14.13539133
195500 0.33582621 1.18985415 19.54257108
195600 0.37629690 1.17839876 15.04465980
195700 0.37964585 1.25257386 8.36718031
195800 0.38275577 1.20356501 11.52295862
195900 0.35309352 1.25456440 11.82295353
196000 0.32987010 1.24657786 15.89905465
196100 0.39503478 1.29080570 5.55111593
196200 0.33840991 1.22825779 15.62915143
196300 0.31849585 1.23407608 18.64486030
196400 0.32702476 1.23844530 16.85470748
196500 0.34797578 1.24328278 13.16410383
196600 0.32966851 1.13802488 27.62437785
196700 0.34803934 1.16541727 20.60227609
196800 0.36027803 1.20235202 14.52867749
196900 0.35397307 1.20743824 14.94577188
197000 0.35754165 1.22187396 13.19902902
197100 0.36999120 1.17837918 15.84695672
197200 0.39412195 1.21989917 8.81315172
197300 0.36612503 1.23528478 11.05528316
197400 0.33288758 1.22605488 16.69722157
197500 0.36589995 1.19438616 14.56855410
197600 0.40025763 1.25115305 6.16728315
197700 0.36760363 1.27074194 9.19241683
197800 0.35028711 1.20164005 16.04431487
197900 0.43410994 1.21658060 5.65014809
198000 0.33883026 1.25181357 14.14880826
198100 0.34281005 1.22860437 14.90300732
198200 0.39564107 1.18949198 11.55140451
198300 0.36297828 1.25925909 10.21738703
198400 0.33089399 1.18474812 20.93991872
198500 0.33129476 1.20361418 18.87584206
198600 0.40779806 1.22965004 6.72515693
198700 0.37729373 1.20334626 12.19938737
198800 0.36255630 1.26653402 10.00537076
198900 0.38474493 1.16509190 15.74196324
199000 0.33268890 1.26194247 14.72068921
199100 0.37712259 1.22067099 10.69597535
199200 0.35102689 1.25773433 11.98968660
199300 0.30458995 1.25579475 20.06959484
199400 0.34216636 1.19069204 18.42984451
199500 0.35015933 1.20495457 15.74292948
199600 0.32931178 1.29020719 14.61518418
199700 0.36839551 1.24837824 9.99227326
199800 0.33373990 1.20845715 18.01125788
199900 0.31231920 1.25488782 18.62959554
