0 0.49069595 0.39449945 0.05841077
100 0.49419186 0.18787174 22.51606611
200 0.48865343 0.18982194 22.15178132
300 0.50710117 0.19362022 21.32151997
400 0.45518822 0.23254989 15.02381766
500 0.43780688 0.26541325 10.99078882
600 0.45300372 0.18463934 24.29443228
700 0.48475044 0.20750243 18.64393182
800 0.47923603 0.15221926 30.91321932
900 0.44567046 0.20598864 20.29605323
1000 0.54083288 0.15487369 30.87711489
1100 0.46738138 0.22504748 15.83617914
1200 0.51053379 0.18109107 24.01604009
1300 0.46812125 0.18741940 23.10338232
1400 0.38356619 0.29564506 12.22339261
1500 0.53735596 0.17571538 25.84952888
1600 0.54267535 0.14906701 32.39427583
1700 0.43270826 0.31618019 5.77696947
1800 0.53582221 0.20027346 20.58696041
1900 0.46283423 0.22220925 16.49542315
2000 0.47062080 0.17198605 26.42674889
2100 0.52583887 0.20332379 19.67458913
2200 0.49356546 0.16866404 26.77886410
2300 0.52709798 0.20694920 19.00145543
2400 0.48875327 0.15512354 30.04548402
2500 0.49155992 0.19623224 20.79626793
2600 0.54210078 0.15824141 30.10984597
2700 0.44898845 0.23472575 14.95887868
2800 0.53013619 0.16722136 27.54704346
2900 0.45987228 0.27273466 8.90335056
3000 0.47457249 0.18757858 22.88470930
3100 0.46207510 0.22077556 16.77984928
3200 0.44489277 0.16819164 28.38596221
3300 0.45713966 0.24468156 12.98041396
3400 0.48466490 0.18306992 23.64691255
3500 0.48774491 0.18749631 22.65400276
3600 0.54163282 0.18680452 23.59280265
3700 0.44961402 0.20118014 21.03404240
3800 0.50718323 0.20183698 19.66009053
3900 0.50587264 0.17544550 25.22960656
4000 0.52447501 0.13582615 35.19342342
4100 0.51845795 0.21108745 18.01432349
4200 0.46018622 0.22615695 15.90327118
4300 0.49849880 0.18107154 23.96596108
4400 0.50259059 0.17471601 25.37979355
4500 0.48051669 0.18211951 23.92575347
4600 0.46583566 0.17592377 25.68867895
4700 0.47652098 0.28136593 7.31265395
4800 0.46698800 0.17289469 26.33330643
4900 0.47125787 0.17452243 25.83312213
5000 0.50143514 0.14338101 32.92768332
5100 0.45523775 0.26880542 9.60783861
5200 0.49648061 0.16343268 27.98824074
5300 0.50109308 0.21437357 17.22918379
5400 0.50706655 0.15965216 28.90851076
5500 0.48041627 0.17918505 24.57138342
5600 0.43538129 0.32975940 4.55465960
5700 0.51221678 0.20781713 18.54175167
5800 0.43496409 0.19683081 22.75369413
5900 0.49955772 0.24194621 12.49059777
6000 0.48227697 0.20851345 18.49060219
6100 0.46683668 0.15313685 31.02060979
6200 0.48585717 0.16881516 26.82322380
6300 0.48360442 0.17803986 24.76755979
6400 0.43842868 0.23696874 15.18511004
6500 0.54636489 0.20720985 19.65887157
6600 0.44276763 0.25863925 11.62920275
6700 0.43407915 0.29940834 7.23212036
6800 0.51579069 0.20054246 20.01632893
6900 0.45867878 0.24213198 13.31487730
7000 0.51002319 0.16180202 28.41936991
7100 0.44499348 0.21764288 18.13991799
7200 0.50131634 0.17053137 26.32879352
7300 0.46333719 0.18455438 23.88048778
7400 0.50232576 0.15268336 30.58546599
7500 0.53754117 0.15376637 31.02017076
7600 0.50420380 0.18643925 22.81293211
7700 0.43744049 0.23141443 16.16739354
7800 0.48338455 0.19826283 20.48697986
7900 0.45392740 0.21961532 17.33065965
8000 0.46853721 0.16747214 27.52955710
8100 0.42036465 0.19096383 25.01895364
8200 0.43465769 0.27162988 10.37425247
8300 0.42699233 0.28627176 9.13211682
8400 0.40459174 0.32236739 7.56477906
8500 0.51170609 0.14578716 32.38059953
8600 0.49394605 0.30767653 4.28013695
8700 0.49155205 0.21393814 17.34519096
8800 0.49394707 0.20441142 19.14576624
8900 0.42193812 0.27570939 10.77090629
9000 0.44806857 0.24260790 13.73457288
9100 0.50938243 0.16400564 27.89068308
9200 0.42368346 0.26727608 11.71992691
9300 0.47258918 0.16397913 28.22860229
9400 0.45543636 0.23231607 15.05190983
9500 0.47222467 0.23159522 14.56581903
9600 0.50927076 0.19577240 20.89742944
9700 0.52363403 0.10522472 43.72551738
9800 0.45162203 0.23337833 15.05160533
9900 0.49299352 0.18320636 23.52428653
10000 0.46458523 0.25506731 11.12984468
10100 0.46362255 0.22186572 16.52756954
10200 0.49003023 0.21019861 18.06198180
10300 0.50878485 0.18978623 22.13350214
10400 0.46964233 0.22551660 15.68302178
10500 0.45595001 0.22327800 16.58553329
10600 0.53075050 0.13767167 34.88087376
10700 0.49879263 0.21834819 16.49941961
10800 0.41450915 0.16605273 31.02000588
10900 0.43805134 0.27380045 9.88198215
11000 0.51845528 0.16741266 27.21873429
11100 0.47325476 0.18283009 23.93903935
11200 0.51831977 0.17825187 24.75392399
11300 0.46458590 0.20751706 19.15192107
11400 0.42596510 0.22655818 17.78161561
11500 0.52400567 0.19251102 21.81397560
11600 0.48407892 0.15980334 28.97395744
11700 0.49606883 0.20106354 19.79558500
11800 0.44616222 0.15214051 32.16641722
11900 0.56053909 0.11271934 43.09757920
12000 0.47321210 0.22655142 15.40100110
12100 0.47454661 0.23341738 14.19882148
12200 0.49158805 0.18301002 23.57770658
12300 0.45590974 0.23443127 14.67847849
12400 0.53597499 0.20102186 20.44325061
12500 0.47437215 0.22890007 14.96598635
12600 0.50145724 0.17724692 24.81052814
12700 0.47144748 0.17536312 25.63848745
12800 0.50498936 0.21993067 16.22492906
12900 0.56153300 0.16763933 28.88889614
13000 0.51205755 0.19481807 21.12250410
13100 0.43259395 0.22638939 17.34210954
13200 0.53879685 0.19268725 22.24188552
13300 0.46618444 0.22215403 16.38634122
13400 0.49218007 0.20405285 19.22821891
13500 0.46304201 0.19125339 22.47052022
13600 0.49439483 0.15928286 28.98807955
13700 0.50586189 0.16491965 27.64856724
13800 0.53533267 0.16868399 27.37774801
13900 0.47162591 0.18185892 24.19530867
14000 0.52292980 0.15464076 30.36346578
14100 0.45119497 0.21427001 18.43878001
14200 0.51947287 0.21462761 17.37105838
14300 0.48558497 0.20833902 18.47086298
14400 0.52386906 0.20187329 19.91196225
14500 0.43758406 0.20635470 20.69712672
14600 0.46856378 0.20303988 19.89076330
14700 0.54458802 0.12483812 38.85107704
14800 0.48844796 0.24953007 11.38732496
14900 0.50059615 0.16709288 27.12303991
15000 0.48660791 0.21647525 16.93034069
15100 0.47116127 0.23424466 14.15325260
15200 0.49309578 0.19416465 21.20792895
15300 0.38508811 0.29265805 12.36351921
15400 0.46743721 0.20316616 19.90194818
15500 0.53379452 0.18728934 23.19394773
15600 0.47158753 0.23502912 14.01132925
15700 0.47981903 0.20185691 19.83397682
15800 0.45399277 0.24233763 13.48704346
15900 0.43826744 0.26601415 10.88155873
16000 0.41179059 0.24103697 16.52507264
16100 0.51086447 0.16626903 27.37410251
16200 0.48103762 0.21121763 17.99917703
16300 0.45411914 0.28520945 7.64096199
16400 0.45288971 0.23750828 14.31146991
16500 0.47781166 0.22169269 16.14290967
16600 0.50219682 0.26160805 9.57857932
16700 0.49447479 0.20649240 18.73785915
16800 0.48151280 0.18445831 23.39999767
16900 0.47939380 0.16622271 27.53821799
17000 0.48964210 0.19310258 21.45691516
17100 0.46781670 0.24531515 12.48158418
17200 0.55493861 0.13891731 35.59121068
17300 0.39153696 0.36564491 6.47225162
17400 0.51963321 0.20179434 19.83547240
17500 0.46925651 0.16058853 29.13150632
17600 0.53484562 0.14889622 32.13366350
17700 0.50783837 0.20291080 19.45279650
17800 0.50207867 0.16054168 28.67230385
17900 0.51286370 0.20047008 19.98883150
18000 0.47454826 0.23302463 14.26428231
18100 0.48825752 0.14965277 31.40581095
18200 0.45278002 0.23421494 14.85720707
18300 0.48014872 0.20437571 19.33146897
18400 0.50702749 0.14293824 33.06506588
18500 0.48075945 0.23377220 14.00094007
18600 0.49549351 0.22213819 15.82756583
18700 0.45002692 0.26979381 9.72547995
18800 0.46633280 0.20376522 19.82078390
18900 0.50948613 0.19444446 21.17153259
19000 0.48393083 0.19453255 21.23754601
19100 0.41639622 0.21205100 21.15720921
19200 0.48590102 0.20196281 19.70875528
19300 0.46119304 0.18983314 22.83804566
19400 0.49166230 0.19681095 20.67765427
19500 0.47992266 0.20686718 18.85169246
19600 0.47065107 0.17363821 26.05050871
19700 0.52909155 0.15944028 29.35764775
19800 0.44092728 0.29179731 7.59870350
19900 0.55983310 0.12058354 40.82677786
20000 0.44184825 0.21417067 18.95708238
20100 0.49581309 0.19901647 20.20595447
20200 0.52790778 0.20442847 19.51353281
20300 0.48562922 0.17721941 24.91885515
20400 0.44837836 0.15265409 31.92239632
20500 0.45146475 0.27134346 9.45408811
20600 0.45919289 0.22696068 15.80391289
20700 0.48093879 0.19569036 21.05287999
20800 0.47078608 0.20275174 19.88016420
20900 0.45588355 0.18465016 24.16090729
21000 0.52425204 0.22750088 15.17205387
21100 0.45811910 0.21024858 18.87980509
21200 0.52298458 0.19478650 21.32043562
21300 0.46960345 0.28925367 6.59434931
21400 0.50586761 0.24996581 11.27234355
21500 0.47701914 0.21252202 17.83805621
21600 0.48038270 0.22400481 15.67957328
21700 0.55335878 0.14934530 32.83746985
21800 0.44644430 0.24068746 14.12434968
21900 0.51978885 0.16498543 27.81172293
22000 0.51222836 0.18787409 22.57346818
22100 0.51149997 0.19746083 20.57718275
22200 0.48539364 0.23121826 14.35031127
22300 0.45454785 0.19127079 22.81689128
22400 0.43632355 0.20625888 20.79515560
22500 0.48665761 0.19857830 20.37436032
22600 0.48050430 0.18577020 23.13724566
22700 0.48403574 0.14661690 32.22892736
22800 0.42061328 0.33136457 5.50653695
22900 0.46025130 0.20670127 19.47217957
23000 0.44855369 0.27431640 9.22154479
23100 0.48491337 0.13265664 35.85003886
23200 0.51923636 0.18280548 23.77174803
23300 0.49483236 0.24336236 12.28102798
23400 0.46067397 0.20779558 19.24453774
23500 0.52186325 0.15155684 31.10100305
23600 0.46222771 0.19844822 21.02493204
23700 0.44732508 0.26145371 10.98486032
23800 0.37858998 0.29803999 12.56811896
23900 0.45341608 0.20757659 19.59841541
24000 0.49482198 0.20262142 19.49255722
24100 0.48060062 0.22992070 14.65165260
24200 0.47259130 0.20687809 19.02365506
24300 0.48955103 0.18655768 22.83340290
24400 0.46686332 0.19214989 22.14985331
24500 0.47884585 0.19361743 21.52063262
24600 0.51664503 0.20373630 19.39824791
24700 0.46535064 0.24936330 11.94599692
24800 0.45779575 0.23475004 14.54437442
24900 0.44987803 0.18401950 24.57989428
25000 0.49649113 0.16521986 27.56701290
25100 0.51679781 0.18790364 22.63351593
25200 0.50369669 0.12721871 37.21164819
25300 0.48948895 0.20622089 18.83041343
25400 0.50596119 0.17035052 26.38720928
25500 0.47350046 0.17403170 25.88194872
25600 0.49692411 0.17940290 24.33627163
25700 0.48788459 0.21493435 17.19803934
25800 0.44690116 0.22783695 16.22980057
25900 0.51234374 0.17566867 25.23845717
26000 0.46539368 0.17915667 24.98468732
26100 0.47942922 0.19532113 21.15829929
26200 0.52972666 0.20930622 18.62389668
26300 0.42200808 0.24666385 14.79735672
26400 0.48482902 0.19956827 20.20151832
26500 0.49842135 0.15999732 28.80189045
26600 0.46506882 0.16328868 28.62621759
26700 0.50608366 0.16951462 26.58026071
26800 0.50661305 0.18853505 22.38057955
26900 0.53369277 0.17383833 26.14215213
27000 0.43623905 0.26570365 11.05048357
27100 0.46838491 0.22319620 16.12954797
27200 0.52188106 0.18468779 23.41906465
27300 0.39711592 0.31138634 9.21875718
27400 0.42489340 0.29400327 8.43815466
27500 0.47554901 0.22738607 15.19670928
27600 0.44034862 0.30273139 6.50973500
27700 0.41867734 0.18463521 26.49768423
27800 0.49003575 0.24378507 12.25119482
27900 0.50745390 0.12600076 37.56557192
28000 0.50056934 0.16939973 26.58840512
28100 0.48696890 0.12235209 38.62908579
28200 0.53885229 0.18033479 24.88115224
28300 0.47633503 0.21053233 18.22901540
28400 0.49048817 0.16937836 26.63840755
28500 0.49394573 0.20150008 19.71943691
28600 0.47611060 0.20702990 18.90408213
28700 0.54888892 0.19216339 22.79309119
28800 0.49788748 0.21561725 17.00072973
28900 0.46302830 0.24188723 13.18327805
29000 0.45736086 0.25127088 11.96922379
29100 0.47833372 0.24455043 12.31699796
29200 0.51140869 0.20244620 19.57883135
29300 0.46253064 0.20621772 19.47776211
29400 0.49475286 0.22446247 15.42047831
29500 0.53202139 0.18896836 22.77986036
29600 0.47622896 0.18848729 22.65134353
29700 0.48714304 0.18096859 24.07003073
29800 0.47913142 0.15258946 30.82373593
29900 0.47553385 0.22489835 15.62958983
30000 0.51279996 0.23030349 14.48037261
30100 0.52431896 0.18226656 23.99963137
30200 0.43341729 0.22757548 17.08173568
30300 0.46507015 0.23040558 14.99118104
30400 0.54844989 0.16791354 28.10575833
30500 0.52544997 0.19171982 22.01416706
30600 0.50840188 0.13900149 34.09540583
30700 0.53302995 0.15859792 29.68297089
30800 0.42463490 0.27803316 10.27790414
30900 0.52455079 0.18711904 22.96052187
31000 0.49138557 0.17512291 25.32195703
31100 0.45772260 0.18920353 23.11126459
31200 0.45026192 0.30100344 6.13709753
31300 0.45730661 0.21091424 18.78807602
31400 0.45551243 0.34487566 2.50891807
31500 0.50361469 0.24454564 12.08956237
31600 0.51002637 0.15455748 30.17127819
31700 0.47194941 0.14862148 31.98899810
31800 0.45719203 0.22234935 16.69613846
31900 0.51246175 0.21973465 16.32544619
32000 0.47266187 0.24706854 12.06770282
32100 0.43639600 0.18109840 25.98169072
32200 0.47248163 0.18751679 22.95318830
32300 0.52276337 0.23574597 13.74877893
32400 0.52681480 0.19680902 21.00280416
32500 0.48122768 0.18262114 23.80298533
32600 0.46987406 0.26007149 10.24378006
32700 0.48931496 0.25066797 11.20711278
32800 0.48209862 0.19674091 20.81735862
32900 0.42508721 0.27934209 10.08512842
33000 0.44671227 0.18791007 23.91085940
33100 0.46694101 0.17586228 25.66530762
33200 0.40037008 0.34933846 6.24635671
33300 0.53014316 0.19517020 21.43192945
33400 0.49702032 0.14679745 32.06020498
33500 0.50866424 0.21816531 16.56946218
33600 0.49616459 0.18274278 23.60770559
33700 0.50227588 0.16394620 27.86328807
33800 0.48863863 0.20793904 18.50824584
33900 0.47015926 0.18237543 24.12546067
34000 0.42946292 0.19879078 22.73031524
34100 0.47430044 0.26707892 9.16423986
34200 0.57490902 0.16040049 31.50964304
34300 0.50258423 0.19418071 21.18412980
34400 0.51985673 0.15445550 30.34319597
34500 0.50580837 0.16660040 27.25455592
34600 0.51213939 0.20635172 18.82350982
34700 0.49744484 0.19459886 21.09807801
34800 0.51607716 0.14981060 31.42660473
34900 0.51577806 0.14954232 31.48899754
35000 0.51132303 0.18853897 22.42198995
35100 0.51627883 0.19438746 21.27075805
35200 0.47520704 0.16040559 29.01008626
35300 0.43324654 0.22940296 16.77968723
35400 0.48324289 0.15289215 30.67154527
35500 0.46080529 0.19176312 22.44941087
35600 0.45277239 0.22559352 16.32403302
35700 0.49553197 0.16951173 26.57240302
35800 0.48112732 0.20381666 19.42204042
35900 0.46731159 0.24803754 12.08056039
36000 0.48529052 0.22842932 14.82643293
36100 0.52599984 0.17817972 24.94011473
36200 0.50557346 0.19399710 21.23412899
36300 0.39751014 0.22914307 19.84813149
36400 0.45670913 0.18521036 24.00434344
36500 0.53382800 0.14879954 32.12300259
36600 0.47908868 0.21346084 17.61707130
36700 0.44335149 0.17991201 25.82388779
36800 0.49926257 0.19903078 20.19458647
36900 0.42871459 0.24803539 14.08742628
37000 0.42895510 0.30068263 7.45565883
37100 0.48642996 0.18232544 23.78318044
37200 0.39723337 0.26309375 14.65215032
37300 0.49252688 0.19455220 21.13232211
37400 0.51205221 0.17563882 25.24159658
37500 0.51957651 0.17412624 25.70109812
37600 0.49423118 0.25277156 10.85474708
37700 0.50249166 0.18747717 22.58608165
37800 0.50431608 0.17920895 24.38365857
37900 0.50823020 0.18340782 23.48995469
38000 0.48458893 0.18280354 23.70590130
38100 0.49044361 0.23846348 13.09268595
38200 0.48918816 0.22725367 14.97909486
38300 0.49671176 0.22660452 15.03840179
38400 0.50025221 0.15296505 30.51316468
38500 0.48297430 0.15720621 29.61934852
38600 0.47499852 0.22666007 15.33590247
38700 0.44877643 0.18007659 25.49507955
38800 0.45689529 0.26629323 9.86775871
38900 0.51566596 0.19615526 20.89904970
39000 0.48434394 0.25451310 10.70577492
39100 0.48164859 0.19892943 20.38307347
39200 0.45082286 0.21928871 17.53748116
39300 0.52985270 0.22056875 16.54337804
39400 0.51035564 0.16353490 28.01149201
39500 0.44515800 0.21835136 18.00193645
39600 0.50335994 0.16400728 27.85192673
39700 0.50954765 0.12515092 37.81658757
39800 0.46366035 0.23796207 13.78843019
39900 0.51377791 0.18320875 23.59413897
40000 0.46645302 0.26361072 9.86371779
40100 0.54374808 0.16407998 28.78607452
40200 0.46926824 0.22787299 15.28607454
40300 0.48941896 0.27534422 7.82551144
40400 0.42828054 0.25726207 12.75889846
40500 0.50917775 0.15748680 29.44844181
40600 0.52605779 0.19977776 20.38397792
40700 0.48172042 0.20812789 18.57452404
40800 0.48171716 0.16968804 26.68893016
40900 0.47728854 0.27026765 8.67314630
41000 0.49658907 0.22589709 15.16172867
41100 0.49749431 0.15319105 30.46046842
41200 0.47894822 0.20398281 19.43295871
41300 0.46173164 0.26978095 9.21073413
41400 0.46385308 0.29061326 6.63602927
41500 0.48934576 0.21735405 16.73652790
41600 0.48679390 0.27217580 8.25671411
41700 0.50263847 0.18114333 23.95260264
41800 0.45896148 0.16311055 28.90038589
41900 0.50259682 0.19404065 21.21299872
42000 0.46725888 0.20998080 18.58963804
42100 0.47972380 0.19248076 21.73767865
42200 0.43538245 0.24873814 13.52778927
42300 0.41626480 0.25346861 14.24151518
42400 0.49982506 0.18073751 24.03803496
42500 0.47408483 0.26213094 9.83973669
42600 0.53977632 0.15198092 31.54781021
42700 0.44152245 0.26664140 10.60207069
42800 0.50800867 0.14509861 32.51942907
42900 0.45694811 0.19703954 21.52320725
43000 0.47279571 0.22043467 16.49189073
43100 0.50373146 0.15901857 29.04298670
43200 0.48711136 0.23443143 13.78953460
43300 0.53943100 0.18450336 23.99680240
43400 0.54915818 0.14201240 34.48706364
43500 0.49422887 0.26172755 9.57628887
43600 0.55605920 0.20324623 20.92734004
43700 0.51086542 0.20712544 18.65932714
43800 0.45407669 0.25947354 10.92831830
43900 0.48674791 0.16025992 28.82546290
44000 0.45659339 0.25960304 10.79772056
44100 0.41644233 0.26781102 12.22790526
44200 0.48433793 0.23322807 14.02908922
44300 0.51880881 0.19554634 21.07753628
44400 0.44733616 0.23712618 14.65068143
44500 0.47870436 0.17679007 25.13808829
44600 0.45896745 0.21368621 18.19824996
44700 0.52216687 0.19293807 21.68300609
44800 0.48629102 0.15409522 30.32854870
44900 0.50720193 0.17616225 25.07760248
45000 0.48242414 0.18122662 24.08535133
45100 0.53158967 0.14194674 33.79469554
45200 0.50083565 0.25149683 11.02694463
45300 0.50721643 0.19586508 20.86157206
45400 0.49124062 0.17562277 25.21093382
45500 0.45407671 0.21452965 18.25410050
45600 0.42414949 0.28058983 10.00604391
45700 0.44705651 0.31908037 4.67549927
45800 0.43519826 0.20956501 20.23237529
45900 0.48623054 0.18512074 23.18134662
46000 0.44813195 0.20956853 19.47721963
46100 0.51362509 0.15590523 29.88395020
46200 0.42593259 0.28211147 9.69184264
46300 0.49153043 0.19178171 21.71329504
46400 0.48836042 0.22843410 14.78516876
46500 0.45140738 0.31018015 5.21442452
46600 0.47348965 0.18611049 23.22576153
46700 0.38066012 0.31746566 10.52696204
46800 0.45381529 0.23911443 14.00859767
46900 0.46440182 0.24504720 12.63880007
47000 0.52225308 0.14300205 33.27157404
47100 0.49974552 0.15228222 30.68208113
47200 0.48878613 0.16831848 26.90103976
47300 0.47765627 0.20044387 20.16094648
47400 0.49148131 0.18347662 23.47747080
47500 0.42781510 0.27650022 10.23142761
47600 0.55131295 0.18612364 24.18805757
47700 0.49456027 0.22749869 14.89314613
47800 0.48538548 0.12738431 37.26644934
47900 0.45392297 0.19217547 22.65706503
48000 0.46338956 0.19888248 20.89429055
48100 0.42044673 0.26117236 12.80091848
48200 0.44252172 0.18404414 24.97034350
48300 0.51437474 0.21579287 17.06945071
48400 0.45722970 0.29813102 6.10329340
48500 0.46642228 0.21362976 17.93066533
48600 0.49962522 0.17647916 24.98085332
48700 0.50824333 0.13298490 35.68250691
48800 0.51129193 0.20446469 19.18078325
48900 0.54922240 0.15019934 32.41160820
49000 0.50172235 0.16513008 27.58342181
49100 0.45730380 0.19176761 22.59184703
49200 0.42984029 0.22576500 17.64010945
49300 0.47565969 0.20019726 20.25679219
49400 0.47729510 0.17600361 25.34494661
49500 0.49866489 0.22875193 14.66384285
49600 0.44088369 0.23074559 16.07089724
49700 0.42945561 0.32516042 5.28873648
49800 0.42014980 0.22916301 17.78066534
49900 0.46743994 0.21088324 18.41265426
50000 0.45735475 0.22220142 16.71547550
50100 0.46694990 0.20068397 20.40959554
50200 0.47995854 0.24181999 12.71128737
50300 0.52665071 0.17185417 26.38039106
50400 0.47547899 0.20301598 19.70199237
50500 0.40935617 0.31587086 7.64700775
50600 0.49355641 0.16170989 28.41184830
50700 0.46568073 0.22557305 15.80128710
50800 0.41973975 0.29142910 9.11467406
50900 0.44873893 0.19457919 22.41270269
51000 0.49221328 0.23878131 13.02604956
51100 0.52937788 0.19456911 21.53245501
51200 0.49497407 0.22224585 15.81089944
51300 0.47165379 0.19641872 21.12442202
51400 0.44101961 0.28441016 8.41984905
51500 0.51743604 0.11868374 39.72142688
51600 0.45984315 0.23722758 14.05371743
51700 0.47815884 0.24516125 12.22603710
51800 0.53754286 0.18372515 24.09213843
51900 0.45025708 0.15866296 30.35896265
52000 0.47578933 0.17676697 25.20957056
52100 0.52759978 0.22895320 15.00937731
52200 0.49119818 0.26202234 9.55765348
52300 0.40845316 0.23614140 17.61523227
52400 0.46938797 0.16998175 26.92274551
52500 0.44249885 0.21216597 19.29400265
52600 0.44465239 0.24416288 13.67428256
52700 0.50810086 0.16629499 27.34182776
52800 0.51803674 0.18082710 24.18104243
52900 0.50031401 0.20343356 19.31923231
53000 0.46151126 0.22004904 16.93186502
53100 0.51962367 0.15140795 31.09154699
53200 0.42999106 0.18316955 25.95834701
53300 0.40878625 0.19282156 25.62142721
53400 0.44686381 0.13420498 36.73522412
53500 0.51828861 0.19901074 20.36557838
53600 0.44968466 0.24576724 13.15968953
53700 0.51264395 0.18876983 22.38902631
53800 0.48361826 0.18167320 23.96747572
53900 0.49732765 0.18360000 23.41805092
54000 0.49842161 0.22236786 15.77783456
54100 0.51816079 0.20120694 19.92424839
54200 0.50446104 0.23413357 13.76578647
54300 0.51686836 0.13903438 34.19379811
54400 0.47364683 0.21867608 16.78642641
54500 0.52855753 0.19660960 21.09159277
54600 0.49914018 0.19259200 21.50940818
54700 0.51979960 0.20246971 19.70512006
54800 0.49841676 0.16755541 27.01649590
54900 0.47821359 0.22325806 15.85618073
55000 0.48017580 0.25180589 11.17724647
55100 0.42963668 0.33530775 4.56804209
55200 0.53374423 0.16721012 27.66490001
55300 0.48812827 0.22906597 14.67969100
55400 0.50464701 0.22107844 16.01725936
55500 0.46741914 0.21984301 16.75902755
55600 0.54033383 0.16954664 27.36778515
55700 0.50033420 0.23534566 13.55558088
55800 0.44524711 0.15754629 30.89084036
55900 0.53129026 0.18887287 22.77687247
56000 0.52647086 0.17359540 25.97987476
56100 0.52394525 0.19271281 21.77067660
56200 0.47474755 0.18026009 24.46165646
56300 0.48880760 0.26018983 9.83607663
56400 0.47594086 0.23246633 14.32318566
56500 0.50865559 0.18416103 23.33068968
56600 0.43500445 0.20173360 21.76699325
56700 0.52756516 0.20178341 20.02482704
56800 0.43952262 0.21272957 19.36386412
56900 0.49369085 0.21032266 18.00864977
57000 0.51232776 0.13847447 34.27378834
57100 0.52755789 0.14967913 31.70998675
57200 0.53067538 0.24860680 11.93043954
57300 0.53838828 0.17322090 26.45120993
57400 0.55179512 0.14849702 32.96824120
57500 0.49397016 0.15328114 30.45327714
57600 0.45631053 0.18772008 23.48576716
57700 0.52365792 0.15190867 31.05450342
57800 0.45957298 0.21661434 17.63232295
57900 0.44829981 0.21297132 18.82631866
58000 0.45737307 0.23414147 14.66305283
58100 0.50305819 0.18585582 22.93354036
58200 0.44912353 0.26254530 10.74110452
58300 0.50310495 0.21180348 17.71378480
58400 0.46498155 0.23321687 14.52145279
58500 0.46428217 0.23141888 14.84767873
58600 0.53969852 0.16011014 29.56155951
58700 0.44837901 0.26157871 10.91258944
58800 0.52223923 0.16474705 27.91926772
58900 0.46639823 0.21318384 18.01467896
59000 0.48400098 0.22485675 15.46556305
59100 0.50219591 0.24515577 11.99077869
59200 0.45717925 0.19365087 22.20678930
59300 0.55594748 0.14598221 33.82757887
59400 0.43515787 0.21271571 19.63995328
59500 0.45487746 0.23602375 14.46212788
59600 0.50330207 0.19410478 21.20187217
59700 0.53828571 0.20687259 19.38199608
59800 0.49958374 0.19931688 20.13694395
59900 0.48452040 0.20441113 19.24731121
60000 0.47713293 0.19331087 21.62165047
60100 0.46628504 0.25748660 10.72338437
60200 0.48443370 0.20850607 18.45611713
60300 0.54072761 0.19055044 22.76392878
60400 0.46694636 0.23087819 14.84736538
60500 0.49794941 0.17552885 25.19575107
60600 0.47865346 0.21782317 16.82203531
60700 0.48406766 0.16812037 27.01100046
60800 0.43531314 0.24772847 13.68550385
60900 0.53554688 0.15931129 29.59731744
61000 0.45333085 0.29932610 6.15662234
61100 0.49867376 0.19501316 21.01068271
61200 0.52779138 0.15466963 30.47967627
61300 0.49759911 0.20626250 18.76999113
61400 0.50056187 0.17922229 24.37155624
61500 0.46937020 0.17482361 25.82129512
61600 0.47660771 0.16297953 28.36295002
61700 0.50388820 0.20081843 19.84420761
61800 0.47350978 0.20181660 19.98919654
61900 0.46505935 0.15819860 29.84438388
62000 0.43321793 0.29528927 7.71209113
62100 0.50604325 0.11434508 40.81762690
62200 0.47073859 0.27259871 8.54365922
62300 0.49302389 0.21767478 16.64557628
62400 0.47343175 0.19213370 21.95713427
62500 0.45663845 0.13383520 36.36196320
62600 0.43685113 0.26139140 11.60006199
62700 0.49236902 0.14700463 32.03244534
62800 0.39394830 0.31449044 9.27942406
62900 0.47958273 0.20964566 18.32582039
63000 0.46516657 0.16212154 28.89976550
63100 0.52323026 0.19368114 21.55355823
63200 0.48944574 0.21100558 17.91514145
63300 0.49152517 0.19149484 21.77311128
63400 0.53589182 0.16922054 27.27369075
63500 0.48091148 0.18558547 23.16898156
63600 0.50967801 0.18277440 23.64031272
63700 0.52144366 0.19269247 21.71812077
63800 0.46050123 0.25824287 10.82761875
63900 0.45258902 0.18000964 25.32178075
64000 0.48012544 0.17031575 26.57492634
64100 0.50536608 0.21993129 16.22676756
64200 0.47662537 0.16144267 28.72798764
64300 0.53248634 0.12320935 38.83421332
64400 0.45431572 0.23610660 14.47404927
64500 0.46566539 0.23781956 13.74068087
64600 0.50927593 0.19744615 20.55705159
64700 0.45973366 0.23425143 14.54698396
64800 0.48956567 0.21238192 17.65471052
64900 0.54051305 0.17011279 27.24471935
65000 0.52647278 0.18722538 22.98692301
65100 0.49726799 0.19739262 20.52860752
65200 0.49349743 0.14622939 32.22090373
65300 0.46760580 0.22439233 15.94371970
65400 0.45991302 0.20361052 20.08789763
65500 0.46412506 0.20569232 19.52124216
65600 0.47806028 0.25501060 10.75163803
65700 0.44693948 0.25161488 12.41678219
65800 0.39873907 0.20501920 24.13564389
65900 0.41899462 0.24347529 15.53092847
66000 0.50369124 0.22542243 15.24547606
66100 0.52547524 0.15298009 30.83391288
66200 0.45745895 0.22224632 16.70305672
66300 0.48787363 0.22028404 16.22243745
66400 0.44732059 0.15503799 31.39075261
66500 0.44301510 0.20303662 21.02092569
66600 0.43919756 0.26542346 10.90389114
66700 0.49605023 0.20006002 19.99579782
66800 0.54256314 0.13397501 36.29045754
66900 0.51843888 0.13424272 35.48346331
67000 0.47454185 0.20125667 20.07351355
67100 0.53240098 0.17189131 26.54169895
67200 0.46979248 0.18014277 24.62484776
67300 0.43737392 0.22923042 16.54213797
67400 0.47461513 0.23141541 14.53257733
67500 0.47374702 0.17552125 25.53996509
67600 0.51191377 0.16278852 28.20561162
67700 0.54238007 0.18464798 24.08628109
67800 0.52051599 0.16282611 28.33618087
67900 0.44515488 0.20700020 20.12845506
68000 0.46208258 0.21915963 17.07048536
68100 0.52086368 0.15047551 31.34888266
68200 0.54706418 0.21499226 18.22145019
68300 0.47611217 0.25431070 10.89800069
68400 0.50985584 0.20576960 18.91129368
68500 0.48365877 0.20752798 18.65625704
68600 0.46458992 0.20625308 19.39587171
68700 0.40630544 0.31728936 7.80986014
68800 0.52591844 0.17775609 25.03206007
68900 0.50216674 0.24483844 12.03990160
69000 0.44139724 0.22270612 17.43370151
69100 0.53402435 0.14016827 34.33509314
69200 0.45704099 0.16686053 28.09974513
69300 0.49847659 0.23338216 13.88191298
69400 0.40725395 0.30245739 9.05819519
69500 0.45772282 0.25272284 11.73896024
69600 0.46373860 0.24459465 12.73285668
69700 0.43545532 0.30286144 6.80095809
69800 0.51611355 0.19036303 22.10365374
69900 0.51635691 0.17677690 25.04805042
70000 0.47121213 0.18153703 24.27740530
70100 0.50402794 0.17442403 25.45037203
70200 0.44797298 0.22088826 17.39391277
70300 0.51032052 0.24065271 12.74903635
70400 0.52926144 0.20658208 19.13336244
70500 0.48713708 0.20408074 19.27490603
70600 0.39250216 0.24052065 18.49472437
70700 0.47172535 0.20552474 19.31004186
70800 0.41142196 0.27493349 11.74385021
70900 0.52522934 0.17840858 24.86963766
71000 0.50855820 0.23014445 14.46207499
71100 0.42845084 0.22278604 18.26203511
71200 0.43157929 0.20911328 20.55956649
71300 0.44283661 0.31165099 5.53660065
71400 0.52612937 0.16304132 28.41608102
71500 0.47369554 0.21021384 18.35535632
71600 0.50238706 0.15876639 29.09967636
71700 0.52605496 0.19779927 20.78199819
71800 0.52037467 0.16350184 28.17325345
71900 0.46036003 0.21577905 17.75434270
72000 0.50865749 0.18365231 23.44063847
72100 0.52499394 0.15013543 31.52850099
72200 0.44743633 0.21092445 19.25625256
72300 0.47222958 0.24939879 11.72596082
72400 0.45123125 0.24992666 12.45019860
72500 0.45518533 0.23846923 14.05027274
72600 0.48117162 0.23287280 14.14300506
72700 0.51724091 0.18858535 22.49670213
72800 0.45251378 0.22478038 16.47842737
72900 0.45526479 0.22501346 16.31076393
73000 0.51092676 0.20177074 19.70711730
73100 0.46937261 0.26864677 9.09585433
73200 0.48729422 0.21132682 17.87950231
73300 0.47625615 0.24662028 12.04455404
73400 0.51065160 0.14819065 31.76070212
73500 0.51262734 0.20307685 19.46908932
73600 0.53535101 0.16193512 28.96229036
73700 0.46376554 0.17920929 25.03073646
73800 0.48577801 0.24586906 11.97930529
73900 0.46664190 0.16435046 28.32173378
74000 0.48038750 0.18682995 22.91305985
74100 0.47416740 0.15752777 29.73005256
74200 0.54589865 0.16170920 29.44459530
74300 0.46242143 0.22416614 16.16484743
74400 0.52483910 0.15962263 29.19912970
74500 0.52955955 0.23120317 14.68306897
74600 0.52111403 0.19897507 20.42841259
74700 0.47834052 0.20107153 20.02083509
74800 0.44303961 0.19397443 22.84551120
74900 0.48109508 0.16508153 27.77204167
75000 0.43851354 0.27433135 9.78659754
75100 0.47761591 0.17855862 24.76866517
75200 0.51820637 0.16843151 26.97771985
75300 0.45879214 0.24071906 13.53425326
75400 0.50850248 0.26703047 8.87659473
75500 0.47741580 0.19011865 22.28011268
75600 0.46356335 0.21174037 18.38465884
75700 0.47973128 0.24422506 12.33832616
75800 0.49489090 0.19127176 21.79679104
75900 0.49079357 0.14306090 33.05122913
76000 0.50144135 0.17082559 26.26149484
76100 0.51630111 0.13847661 34.33010414
76200 0.49649937 0.15425817 30.20065060
76300 0.50763659 0.23531491 13.58974848
76400 0.47890204 0.16106786 28.76684665
76500 0.48328890 0.18896400 22.40772802
76600 0.44177856 0.20526235 20.65624368
76700 0.48070388 0.20306707 19.57745862
76800 0.51310800 0.18414869 23.38180305
76900 0.50282243 0.17320436 25.72211484
77000 0.49051667 0.20262111 19.52418068
77100 0.45286258 0.24139416 13.68887411
77200 0.48201663 0.16273953 28.30796541
77300 0.50141910 0.15409405 30.23587421
77400 0.47717877 0.18749558 22.83946814
77500 0.51784091 0.18185786 23.95214631
77600 0.45735280 0.16446134 28.64862140
77700 0.50268459 0.18605590 22.88964313
77800 0.42968234 0.19053579 24.40991388
77900 0.46229470 0.20178864 20.35471707
78000 0.47219840 0.23633978 13.77879835
78100 0.47413088 0.19448546 21.45271943
78200 0.50137014 0.18412641 23.30164112
78300 0.51294164 0.18349768 23.52037013
78400 0.46992915 0.26169248 10.01661312
78500 0.53620561 0.21308063 18.12484886
78600 0.48959737 0.22838550 14.77987524
78700 0.53055442 0.25690743 10.70452766
78800 0.51156195 0.16807029 26.96253465
78900 0.51797873 0.18251469 23.81154754
79000 0.49332025 0.18997168 22.07825687
79100 0.44434510 0.18500831 24.65944710
79200 0.49124804 0.19659934 20.72421316
79300 0.51036874 0.20058604 19.93671877
79400 0.50589275 0.17530855 25.26048633
79500 0.48264551 0.21251097 17.72665710
79600 0.53639353 0.21555924 17.67144195
79700 0.55145197 0.17582401 26.45109012
79800 0.42202555 0.31037601 7.05623657
79900 0.48201337 0.18501285 23.27149716
80000 0.48114588 0.20061013 20.05589995
80100 0.50018011 0.24998894 11.25167499
80200 0.49366888 0.11860791 39.61079496
80300 0.52673490 0.21169382 18.08698626
80400 0.52209238 0.16421331 28.04171761
80500 0.44046856 0.22237088 17.54804738
80600 0.45714436 0.20374161 20.17698012
80700 0.47070514 0.22689485 15.41179107
80800 0.49325041 0.16113466 28.55110496
80900 0.51974176 0.16458039 27.90606399
81000 0.50807822 0.16763337 27.02975327
81100 0.44846138 0.27405726 9.25890141
81200 0.52310382 0.19957391 20.35220140
81300 0.48990380 0.20930367 18.23351215
81400 0.51697104 0.16581021 27.56643789
81500 0.50342171 0.15694001 29.54493344
81600 0.47620095 0.25514201 10.77511645
81700 0.49409128 0.20876045 18.30373983
81800 0.47949522 0.22014877 16.38345469
81900 0.43858155 0.26167749 11.45267168
82000 0.50355855 0.16604660 27.37342739
82100 0.47223839 0.22417607 15.84237995
82200 0.49886351 0.22812323 14.77145847
82300 0.50338941 0.15910431 29.02111186
82400 0.45124325 0.21733482 17.87189433
82500 0.52893916 0.20787245 18.87523530
82600 0.49857061 0.17889935 24.44377074
82700 0.47403354 0.17367073 25.94959761
82800 0.50985438 0.17103039 26.26209632
82900 0.49942111 0.16155923 28.42716775
83000 0.37867442 0.33444122 9.50892444
83100 0.48191899 0.24012214 12.94392653
83200 0.48737469 0.19204629 21.70207295
83300 0.51994485 0.17748078 24.95630048
83400 0.48378927 0.15706062 29.64116475
83500 0.46699751 0.15712044 30.03982329
83600 0.49312056 0.16938851 26.61449329
83700 0.49507619 0.20643345 18.74612636
83800 0.52553432 0.17501725 25.63462070
83900 0.50478872 0.21070912 17.92698395
84000 0.45518357 0.21128839 18.81029269
84100 0.42061845 0.24041287 15.88474045
84200 0.44159277 0.20434169 20.84678849
84300 0.42874332 0.32066099 5.68609604
84400 0.49215898 0.20776452 18.50798060
84500 0.49232206 0.16858225 26.80656384
84600 0.50375646 0.19727882 20.55499405
84700 0.48475372 0.20595260 18.94342079
84800 0.50692406 0.21216916 17.66418269
84900 0.50087891 0.20629590 18.76102568
85000 0.51580174 0.16704159 27.25965887
85100 0.51897233 0.20551937 19.09133157
85200 0.48605050 0.22835203 14.82880623
85300 0.46890514 0.15458328 30.59812814
85400 0.44731798 0.19308263 22.79509586
85500 0.44346514 0.28854440 7.80927099
85600 0.38169949 0.26323108 16.35037399
85700 0.42943050 0.18223619 26.20056531
85800 0.50552126 0.23919748 12.94396711
85900 0.52991221 0.13928971 34.43229762
86000 0.46637273 0.20470356 19.63574544
86100 0.48072801 0.25866090 10.17407592
86200 0.46654993 0.22403278 16.04168523
86300 0.49786845 0.19675213 20.65711987
86400 0.48003822 0.21053091 18.14850495
86500 0.48142703 0.17969930 24.43867727
86600 0.51575025 0.18399044 23.45409956
86700 0.46210214 0.29036352 6.72820236
86800 0.46476492 0.23428915 14.35079887
86900 0.52834621 0.18002835 24.59551637
87000 0.49696214 0.21625745 16.88527691
87100 0.42974988 0.24139092 15.04595976
87200 0.44288401 0.27773883 9.10501466
87300 0.46372826 0.23671315 13.98911674
87400 0.43305030 0.25951615 12.10898696
87500 0.48788668 0.15581157 29.88735992
87600 0.40252802 0.24559472 16.67088748
87700 0.50646706 0.16894240 26.71471856
87800 0.45940640 0.20812140 19.23261846
87900 0.49015440 0.19570479 20.91673476
88000 0.44989736 0.26849983 9.90128446
88100 0.42835267 0.23572611 16.05962597
88200 0.46584498 0.27742320 8.09581912
88300 0.53322929 0.19700017 21.15655745
88400 0.53674309 0.20783131 19.13943008
88500 0.46002743 0.18158547 24.65135565
88600 0.51201136 0.18673235 22.81368209
88700 0.55742510 0.16836888 28.47530828
88800 0.51592596 0.15650897 29.77075883
88900 0.44096694 0.14453516 34.37359217
89000 0.49333026 0.16355672 27.97495622
89100 0.45433182 0.25247623 11.92442359
89200 0.52015749 0.21875169 16.62863734
89300 0.50034113 0.16697496 27.15039177
89400 0.50905767 0.20340945 19.36494372
89500 0.48966668 0.20144945 19.76454838
89600 0.48191873 0.21800562 16.72444280
89700 0.46581036 0.15413224 30.80994267
89800 0.46172255 0.19649385 21.43995715
89900 0.44809008 0.31181815 5.23533912
90000 0.42243324 0.25054119 14.17726841
90100 0.47922844 0.18268414 23.82881947
90200 0.50574655 0.22868160 14.69150849
90300 0.52533155 0.14968462 31.64973978
90400 0.44510267 0.22458020 16.89291130
90500 0.44527676 0.21180703 19.20561295
90600 0.54842167 0.14842998 32.81606752
90700 0.43042767 0.19951424 22.51742391
90800 0.43330506 0.17865299 26.72135640
90900 0.50857508 0.25529307 10.50681416
91000 0.49466565 0.19993637 20.02695502
91100 0.46257281 0.21612272 17.60582370
91200 0.48380336 0.21322163 17.57424476
91300 0.47394144 0.24169454 12.86983320
91400 0.49366885 0.18142806 23.90688785
91500 0.46979855 0.21844795 16.93663642
91600 0.51292974 0.17565643 25.24860698
91700 0.44349412 0.25271564 12.44279817
91800 0.46958339 0.20038609 20.38544235
91900 0.40635710 0.29088055 10.33802428
92000 0.50117238 0.19030762 21.98613498
92100 0.48199000 0.17839896 24.71569067
92200 0.52440582 0.17501166 25.60769755
92300 0.39406218 0.23009917 20.04455717
92400 0.49058037 0.19319481 21.42855882
92500 0.47984195 0.24125092 12.80380903
92600 0.50946390 0.20894402 18.29597580
92700 0.47269403 0.21115405 18.20420393
92800 0.50487887 0.12042057 39.09422935
92900 0.50944249 0.17818057 24.64650962
93000 0.48634035 0.17577369 25.23201131
93100 0.48809693 0.17746940 24.83077475
93200 0.47982039 0.23225262 14.27320006
93300 0.48891025 0.21722279 16.76524521
93400 0.43298526 0.20742976 20.78713732
93500 0.45451323 0.26871594 9.65227518
93600 0.48878206 0.26641926 8.98482839
93700 0.46577546 0.19879401 20.82758437
93800 0.57227823 0.17183360 28.64202425
93900 0.41297327 0.24650503 15.56717966
94000 0.48802940 0.27483411 7.90489764
94100 0.48216701 0.22210314 15.98265380
94200 0.50850384 0.20434733 19.17614174
94300 0.47614784 0.19203447 21.90929371
94400 0.52696008 0.22352553 15.93504246
94500 0.48277088 0.18905310 22.39771883
94600 0.49038120 0.15242982 30.69175870
94700 0.39832615 0.31213308 9.02908429
94800 0.49000802 0.20928948 18.23517033
94900 0.44621417 0.17246316 27.33296576
95000 0.52662718 0.14772057 32.17695797
95100 0.50478683 0.18426924 23.28133716
95200 0.48871215 0.24898970 11.46576287
95300 0.47965577 0.19569656 21.07689162
95400 0.51820286 0.19278770 21.63414042
95500 0.49481493 0.18286805 23.58658520
95600 0.45364394 0.19651279 21.77796369
95700 0.45835534 0.18538771 23.89635694
95800 0.44153924 0.16303474 29.78509891
95900 0.51856297 0.19892741 20.38738595
96000 0.54590943 0.21991441 17.26924735
96100 0.44398557 0.22333798 17.17354367
96200 0.42370766 0.25597828 13.28138785
96300 0.53150711 0.16183917 28.85663857
96400 0.47099389 0.20266242 19.89173687
96500 0.42987362 0.21306831 19.93058287
96600 0.54167837 0.14964363 32.20769968
96700 0.46100221 0.17219305 26.70841793
96800 0.44232242 0.23847266 14.70889266
96900 0.42896586 0.23604452 15.96362354
97000 0.53248211 0.21818613 17.05568492
97100 0.44685264 0.27344576 9.42030904
97200 0.50188913 0.21841702 16.48797391
97300 0.44076589 0.25034026 12.95335899
97400 0.49473032 0.18400751 23.34026255
97500 0.49031889 0.21367349 17.40564674
97600 0.47537884 0.20030293 20.24256150
97700 0.48440274 0.25667022 10.39335064
97800 0.50978946 0.17865637 24.54441780
97900 0.48766836 0.19213695 21.67955772
98000 0.50214387 0.21115003 17.83445316
98100 0.46320136 0.22096436 16.70395033
98200 0.48911790 0.20564820 18.94552145
98300 0.54207409 0.16327965 28.90337618
98400 0.50301680 0.11673241 40.12481326
98500 0.46496735 0.23616459 14.03466380
98600 0.55245820 0.16293433 29.47599742
98700 0.48781847 0.19186166 21.73498006
98800 0.46050780 0.17509739 26.07040781
98900 0.43189966 0.29914552 7.40464067
99000 0.42803176 0.22665360 17.61420155
99100 0.46513832 0.22670995 15.62238970
99200 0.48003349 0.28352243 6.98284267
99300 0.53224209 0.17613401 25.57776713
99400 0.47212504 0.21466870 17.56235165
99500 0.50598470 0.20612196 18.81225502
99600 0.51316850 0.18084705 24.10071356
99700 0.43840871 0.20495442 20.91813148
99800 0.51451394 0.21506681 17.20547044
99900 0.47291024 0.17637186 25.37170020
100000 0.45432048 0.19534491 21.98516133
100100 0.45802036 0.17798124 25.52730977
100200 0.54683246 0.22923795 15.67647785
100300 0.52670693 0.19011155 22.38321027
100400 0.51336308 0.15972334 28.95572267
100500 0.39607608 0.30137048 10.26398120
100600 0.46369204 0.24760776 12.27083102
100700 0.45356139 0.18952229 23.22870506
100800 0.50609551 0.15819085 29.25441010
100900 0.47858188 0.26834656 8.89568186
101000 0.50097414 0.13428151 35.30363192
101100 0.46935718 0.20129532 20.21126558
101200 0.46100476 0.16828787 27.60556913
101300 0.45807097 0.20968356 18.98919537
101400 0.38226435 0.24970672 18.22487609
101500 0.47971690 0.20296074 19.61793714
101600 0.49527810 0.19322353 21.38940151
101700 0.49008705 0.21232534 17.66002203
101800 0.46222046 0.18188265 24.50123688
101900 0.53088626 0.14002499 34.27048347
102000 0.48913571 0.15463166 30.16182825
102100 0.47274879 0.22156282 16.29122785
102200 0.44408864 0.19207125 23.18022327
102300 0.46179174 0.22249527 16.48390002
102400 0.49451085 0.18522331 23.07957969
102500 0.50048297 0.19003747 22.04224761
102600 0.44456215 0.23322635 15.44340319
102700 0.52834889 0.14930284 31.82636173
102800 0.47872183 0.26038083 9.97313696
102900 0.46609366 0.22527799 15.83870972
103000 0.53487435 0.19484701 21.65198392
103100 0.47074812 0.14480787 32.98934786
103200 0.46973654 0.27382298 8.41825886
103300 0.51204335 0.14351656 32.96439963
103400 0.48517442 0.19122107 21.90421918
103500 0.45040608 0.31351550 4.96956298
103600 0.49233399 0.22328195 15.64401927
103700 0.44816822 0.20022558 21.29817659
103800 0.46698773 0.25266095 11.39930279
103900 0.53096450 0.22776536 15.31178644
104000 0.49394660 0.21414615 17.28914819
104100 0.43942854 0.20434120 20.97563322
104200 0.46806949 0.18849394 22.87718631
104300 0.46103676 0.17552645 25.95325530
104400 0.50544156 0.16090910 28.59703487
104500 0.46287367 0.23865913 13.70461964
104600 0.50614724 0.19861186 20.29748543
104700 0.54505073 0.15153080 31.88325585
104800 0.48404228 0.18835877 22.52332974
104900 0.45303603 0.22298239 16.77042481
105000 0.57454332 0.13286204 38.45969907
105100 0.49144719 0.15454464 30.16074229
105200 0.41318751 0.25960170 13.62404545
105300 0.46653413 0.24266315 12.93742425
105400 0.51454804 0.18624606 22.95119508
105500 0.46311692 0.22545891 15.91247653
105600 0.47560099 0.26095220 9.96480082
105700 0.50103635 0.20944542 18.15606129
105800 0.45023171 0.24704979 12.93532514
105900 0.48523933 0.16134582 28.58684691
106000 0.54070962 0.17238161 26.73370131
106100 0.53667606 0.17384681 26.24520043
106200 0.50095154 0.23379631 13.81228626
106300 0.48094606 0.16569275 27.63147067
106400 0.51077253 0.20961508 18.18123219
106500 0.49458613 0.17793483 24.67112475
106600 0.47976411 0.21391254 17.51901685
106700 0.50739851 0.15182840 30.82194144
106800 0.48037368 0.25382093 10.87675606
106900 0.49465794 0.16351614 27.97657673
107000 0.53043967 0.18138898 24.35867593
107100 0.49141754 0.21978871 16.27488314
107200 0.46303618 0.24886317 12.10433250
107300 0.51320250 0.26907306 8.65808493
107400 0.51629316 0.18568993 23.09713661
107500 0.41540569 0.21736809 20.25530525
107600 0.50703041 0.15455439 30.14648672
107700 0.48952501 0.14934902 31.46782082
107800 0.47371437 0.13220959 36.20131922
107900 0.51847547 0.21982322 16.40250661
108000 0.42427786 0.28662066 9.29435880
108100 0.46541738 0.27493721 8.41832942
108200 0.44846406 0.23665541 14.66870484
108300 0.42486793 0.23708288 16.09340809
108400 0.44560414 0.28396438 8.21158756
108500 0.49780526 0.21763970 16.63004840
108600 0.50494003 0.13661916 34.69693510
108700 0.39202779 0.28060385 12.95671892
108800 0.48038889 0.19583791 21.03337817
108900 0.44892483 0.25933619 11.19748997
109000 0.48406727 0.29335023 5.81401313
109100 0.46543152 0.22266096 16.32205771
109200 0.48019055 0.23423052 13.93596789
109300 0.48213394 0.18531181 23.20510684
109400 0.51430305 0.22489331 15.43346549
109500 0.49043346 0.21080155 17.94378534
109600 0.48315183 0.25348973 10.87456017
109700 0.48779238 0.18889614 22.35693295
109800 0.52170357 0.23007167 14.67334049
109900 0.45852691 0.21983944 17.08892243
110000 0.49661304 0.24394023 12.18306092
110100 0.48482228 0.20278052 19.56294412
110200 0.52740505 0.15630665 30.06874366
110300 0.46632534 0.19863995 20.83992574
110400 0.45083106 0.28122673 8.26233760
110500 0.48110788 0.23837350 13.24001908
110600 0.50058129 0.16504543 27.60199280
110700 0.47434341 0.15458037 30.44452707
110800 0.47676919 0.22516875 15.55281909
110900 0.49670014 0.13933583 33.97834832
111000 0.45623293 0.20381288 20.20247214
111100 0.49404434 0.26856224 8.65567706
111200 0.43287282 0.22413935 17.71651285
111300 0.46118540 0.15893579 29.80926403
111400 0.53981336 0.19290366 22.23699932
111500 0.46960954 0.18916492 22.68750469
111600 0.41828232 0.21086836 21.22427748
111700 0.46973673 0.21534687 17.50632241
111800 0.43980605 0.24685356 13.53857137
111900 0.48438902 0.23386991 13.92145406
112000 0.50657323 0.17012841 26.44207810
112100 0.41881881 0.19373393 24.56803825
112200 0.44943271 0.27327998 9.30750769
112300 0.50109077 0.17174110 26.05165767
112400 0.47115860 0.20633702 19.16858768
112500 0.47838714 0.12967170 36.77225288
112600 0.47483441 0.21850314 16.78720894
112700 0.51977380 0.19161441 21.90777772
112800 0.49433614 0.23646844 13.38732527
112900 0.48963285 0.21453061 17.25318595
113000 0.56249174 0.19978779 21.99507328
113100 0.47618387 0.19853992 20.57668569
113200 0.42610315 0.18455154 25.93939149
113300 0.43338314 0.26609334 11.18439956
113400 0.51653606 0.18409624 23.44393722
113500 0.44114783 0.21462892 18.91300761
113600 0.44228942 0.28027972 8.83172848
113700 0.49016613 0.26323014 9.40134969
113800 0.47731957 0.24330100 12.53448917
113900 0.46529913 0.24918042 11.97534829
114000 0.48914074 0.17725797 24.86596666
114100 0.45750651 0.14913670 32.36904525
114200 0.45789623 0.16015045 29.65026776
114300 0.55265815 0.15278383 31.94435668
114400 0.46902908 0.18702278 23.15924667
114500 0.46099162 0.15882492 29.84353756
114600 0.47069030 0.20337995 19.75925037
114700 0.49492611 0.21888472 16.41424444
114800 0.50139224 0.17439914 25.44884328
114900 0.48209711 0.19589221 20.99025095
115000 0.46192500 0.20571500 19.59818415
115100 0.51363346 0.15395063 30.36308149
115200 0.46282792 0.24676172 12.43186618
115300 0.49823238 0.16263558 28.17249532
115400 0.44659511 0.17347272 27.08334622
115500 0.52656235 0.16664154 27.58086435
115600 0.43520084 0.23463075 15.77296068
115700 0.51120552 0.20277714 19.51121029
115800 0.56490270 0.18380478 25.47636570
115900 0.50528594 0.20741678 18.55811961
116000 0.48080017 0.23396820 13.96759607
116100 0.51223334 0.20289741 19.49954320
116200 0.51504023 0.22767941 14.96029796
116300 0.53076164 0.15197415 31.23155112
116400 0.43845862 0.19428715 23.05255906
116500 0.46666661 0.18915941 22.78243450
116600 0.49891030 0.14432178 32.68627021
116700 0.49082672 0.17462305 25.43945884
116800 0.48341706 0.20325322 19.49214525
116900 0.51888287 0.17571233 25.33076120
117000 0.46944305 0.26964421 8.96317981
117100 0.45898393 0.18964618 22.96552316
117200 0.50073389 0.22596160 15.14495203
117300 0.51504341 0.15144738 31.00235490
117400 0.51320734 0.15173508 30.90495169
117500 0.50800654 0.21605883 16.94922909
117600 0.49511481 0.19260858 21.51753380
117700 0.52040571 0.16572931 27.64957394
117800 0.47612119 0.24802021 11.83402705
117900 0.41488171 0.30323881 8.30392544
118000 0.51312187 0.19430581 21.24114209
118100 0.48846947 0.22114891 16.06033231
118200 0.46998833 0.21125320 18.26302676
118300 0.38957248 0.28306224 12.93433927
118400 0.49360421 0.18113140 23.97218517
118500 0.48693196 0.18169471 23.91398726
118600 0.46011363 0.31997129 3.99775864
118700 0.48653173 0.16973633 26.60137625
118800 0.44142487 0.19966901 21.78177600
118900 0.48870287 0.23414258 13.81815438
119000 0.46983755 0.18931152 22.64970554
119100 0.56138877 0.18094466 25.87691140
119200 0.46791744 0.28024796 7.68492024
119300 0.48911049 0.15598834 29.83013582
119400 0.55695997 0.17271009 27.45257006
119500 0.48052444 0.18437603 23.43649587
119600 0.45087880 0.30819740 5.42030509
119700 0.42751520 0.22791293 17.43400329
119800 0.45006408 0.20731280 19.81097638
119900 0.51892708 0.25494985 10.69888946
120000 0.45545271 0.18827184 23.40663780
120100 0.42685555 0.26808066 11.37641143
120200 0.48132564 0.16526923 27.72363404
120300 0.44858140 0.16219031 29.59865970
120400 0.47427841 0.26588415 9.32433074
120500 0.48718346 0.21606328 16.99848985
120600 0.50361896 0.15255051 30.62217452
120700 0.53068709 0.19075265 22.36307492
120800 0.51896127 0.22754188 15.05066647
120900 0.53961280 0.17644991 25.77190800
121000 0.49245359 0.25457150 10.60319814
121100 0.48838129 0.18242991 23.73586838
121200 0.47871209 0.17760346 24.95669763
121300 0.49466323 0.19104551 21.84523028
121400 0.46241802 0.24505970 12.70945040
121500 0.49639052 0.18378332 23.38134087
121600 0.50966380 0.21459300 17.23457225
121700 0.51981871 0.17538900 25.42144098
121800 0.52601645 0.20954409 18.47515510
121900 0.50680491 0.18848382 22.39270013
122000 0.52246494 0.17644558 25.24062602
122100 0.57872036 0.15625977 32.80309712
122200 0.50071666 0.17142725 26.12300715
122300 0.42618603 0.23172323 16.88278726
122400 0.52135504 0.20295730 19.64093224
122500 0.48628670 0.19843201 20.40885551
122600 0.52485978 0.16762409 27.30828609
122700 0.48277483 0.18439348 23.39143824
122800 0.46592030 0.19700243 21.18472034
122900 0.47130256 0.17322545 26.12512083
123000 0.48026198 0.20075219 20.04463922
123100 0.49606295 0.18359192 23.42397943
123200 0.48347652 0.19053115 22.07511152
123300 0.42670789 0.25176847 13.67216004
123400 0.49357812 0.18613815 22.88906497
123500 0.46875402 0.25614915 10.83468890
123600 0.49853060 0.19301555 21.42236137
123700 0.48077078 0.24035112 12.92876419
123800 0.54772856 0.20706977 19.75004512
123900 0.50886096 0.16236221 28.27511743
124000 0.48096764 0.21420910 17.44024441
124100 0.47484207 0.19179520 21.99107978
124200 0.44290263 0.23650236 14.99579407
124300 0.48989302 0.13934511 34.02156170
124400 0.49729738 0.17037306 26.36791717
124500 0.47749076 0.20034993 20.18340777
124600 0.47366766 0.21659148 17.16603858
124700 0.42478018 0.29490910 8.35105951
124800 0.53212658 0.21833749 17.01669169
124900 0.48131511 0.17985422 24.40664484
125000 0.49755722 0.21946665 16.29912904
125100 0.47752149 0.17591838 25.35892866
125200 0.49806771 0.12972925 36.52500553
125300 0.52562547 0.19166437 22.03019908
125400 0.45152778 0.26706538 10.01058527
125500 0.50255394 0.16655618 27.25126979
125600 0.54897813 0.19338262 22.54479987
125700 0.42096355 0.25874195 13.10029890
125800 0.39721032 0.34512232 6.78863914
125900 0.50698765 0.22935835 14.58369984
126000 0.52567307 0.21088287 18.21219811
126100 0.47728464 0.18893331 22.53256697
126200 0.45914091 0.19588174 21.66686464
126300 0.48061911 0.20455054 19.28805542
126400 0.50784695 0.21730843 16.71889307
126500 0.38221705 0.34850051 8.26251009
126600 0.45248116 0.20676019 19.79983118
126700 0.45497232 0.25230256 11.92101227
126800 0.49629600 0.18128107 23.92584542
126900 0.45543328 0.22784019 15.81259634
127000 0.41107998 0.28285266 10.81513476
127100 0.47802958 0.18885252 22.53297938
127200 0.42244856 0.25516733 13.49536370
127300 0.48789362 0.17402601 25.60540546
127400 0.46581417 0.28419690 7.28951418
127500 0.48305851 0.17257904 26.00365308
127600 0.50754100 0.15571187 29.86677853
127700 0.53500956 0.20790733 19.06263105
127800 0.50077849 0.19123818 21.79105178
127900 0.48518494 0.19773121 20.56607523
128000 0.44802327 0.19566459 22.22726933
128100 0.49963965 0.17474146 25.37076905
128200 0.51249756 0.16829817 26.92096394
128300 0.50938690 0.19567960 20.91747087
128400 0.47127361 0.18974247 22.51671690
128500 0.46488485 0.24674356 12.36030551
128600 0.49936155 0.21772172 16.61288982
128700 0.44352286 0.19345216 22.92583893
128800 0.49765014 0.13665974 34.67680772
128900 0.45311280 0.24936501 12.44465550
129000 0.47102636 0.24754913 12.04036905
129100 0.42503766 0.38829382 2.87819376
129200 0.54511672 0.15037199 32.17483142
129300 0.46901813 0.21283596 17.99512707
129400 0.44903302 0.28437789 7.98305278
129500 0.43970910 0.22980021 16.30148130
129600 0.46825071 0.22187659 16.36798259
129700 0.48036898 0.17532010 25.43321740
129800 0.40317313 0.28398261 11.41773815
129900 0.53701325 0.16124534 29.18688327
130000 0.46620019 0.20536965 19.51170004
130100 0.43694255 0.22390848 17.49223364
130200 0.51042259 0.16430201 27.83108648
130300 0.51442174 0.15528982 30.04552951
130400 0.44192873 0.25912559 11.60893588
130500 0.51310455 0.17857349 24.60071494
130600 0.50649169 0.15096731 31.02971124
130700 0.49050219 0.19946661 20.15192499
130800 0.45175135 0.25314337 11.94740103
130900 0.51309514 0.16298215 28.17447167
131000 0.50089935 0.19458363 21.09834783
131100 0.43976019 0.26563537 10.84134426
131200 0.51425168 0.18783526 22.60849381
131300 0.52821685 0.14924870 31.83620261
131400 0.51789812 0.16670959 27.37237961
131500 0.47755196 0.15648587 29.90152320
131600 0.52365927 0.15429680 30.46491269
131700 0.43954500 0.20697139 20.45742577
131800 0.47620549 0.23384034 14.08760641
131900 0.45262335 0.19208562 22.73646870
132000 0.53672042 0.17776216 25.36902370
132100 0.48589237 0.16390061 27.97097410
132200 0.52158436 0.18463824 23.42328618
132300 0.44086149 0.17818708 26.34916800
132400 0.47794641 0.16133699 28.72319660
132500 0.57602307 0.17879587 27.35538705
132600 0.49971720 0.20804053 18.42425931
132700 0.50028805 0.16921711 26.63041344
132800 0.45347046 0.22122468 17.06280613
132900 0.47618115 0.27140052 8.55258145
133000 0.50009304 0.21584211 16.95706798
133100 0.56483870 0.18306661 25.63207580
133200 0.46316070 0.25913565 10.59994923
133300 0.50662110 0.15326008 30.46221248
133400 0.35609058 0.31791102 13.72426118
133500 0.50646641 0.18093085 24.01655457
133600 0.53186925 0.15351841 30.88441085
133700 0.49757037 0.20886266 18.26969326
133800 0.46686219 0.24327353 12.83065007
133900 0.49419901 0.25767133 10.14555027
134000 0.42145419 0.15283216 33.63069351
134100 0.46920992 0.23221350 14.55016869
134200 0.45441398 0.17960223 25.32663095
134300 0.50643826 0.20160964 19.70009324
134400 0.50096900 0.16534172 27.53272370
134500 0.48332811 0.13506937 35.23309426
134600 0.47285878 0.21852372 16.83514258
134700 0.49553862 0.18452620 23.22443033
134800 0.46110909 0.22750015 15.63435042
134900 0.52313185 0.18954972 22.41220051
135000 0.49616180 0.17387690 25.57319362
135100 0.52106953 0.18574629 23.17428831
135200 0.39410047 0.25730890 15.78772915
135300 0.49929477 0.19073132 21.89693926
135400 0.43881723 0.22820602 16.62825123
135500 0.50034372 0.18938926 22.17850151
135600 0.52855799 0.19395179 21.63571126
135700 0.50155816 0.16043748 28.69631512
135800 0.44070520 0.25156717 12.77408986
135900 0.53949146 0.20041517 20.69683970
136000 0.48403891 0.23450651 13.82142607
136100 0.47170000 0.28461938 7.05678871
136200 0.48146458 0.21281729 17.69046378
136300 0.46833226 0.17089957 26.74492575
136400 0.45833181 0.20872585 19.16101903
136500 0.51770776 0.17986844 24.38573325
136600 0.43192619 0.23257680 16.33228600
136700 0.49694295 0.18051406 24.09171088
136800 0.50837497 0.19597823 20.84751110
136900 0.47512384 0.21742780 16.97571556
137000 0.51707291 0.18993472 22.20945330
137100 0.47476187 0.24129800 12.91164359
137200 0.49278993 0.20510389 19.01824019
137300 0.42857102 0.23260015 16.56240381
137400 0.47992466 0.23333248 14.09054089
137500 0.50000651 0.17826906 24.58230578
137600 0.42396918 0.23401800 16.66535598
137700 0.47074217 0.18604849 23.31563411
137800 0.49031129 0.20792638 18.49307314
137900 0.51791873 0.15399982 30.41858492
138000 0.48650989 0.18011686 24.26528909
138100 0.50744826 0.19101281 21.86556029
138200 0.39085427 0.28907916 12.10811079
138300 0.51764835 0.14899904 31.65647294
138400 0.45758947 0.23263090 14.90553503
138500 0.51106810 0.15718577 29.54062698
138600 0.50292767 0.19057364 21.93398663
138700 0.49000416 0.16770658 27.03007426
138800 0.48450091 0.20617800 18.90359485
138900 0.50787869 0.19018979 22.04119842
139000 0.46484467 0.24405510 12.77735416
139100 0.43704743 0.25641149 12.29034327
139200 0.50905933 0.24807229 11.58205061
139300 0.47486873 0.22735718 15.21856252
139400 0.49847480 0.18526310 23.05713119
139500 0.44936029 0.22358319 16.84363555
139600 0.48742265 0.18709119 22.74417491
139700 0.47454097 0.21817398 16.85443246
139800 0.47925808 0.20863141 18.52608311
139900 0.48733390 0.14481779 32.63919529
140000 0.43530049 0.19779906 22.53562387
140100 0.52587733 0.17583388 25.46004183
140200 0.47779231 0.20021774 20.20306576
140300 0.49594928 0.21474071 17.16870567
140400 0.50765697 0.20298038 19.43767907
140500 0.45592401 0.28035936 8.12828723
140600 0.54412686 0.16849487 27.77090285
140700 0.42570065 0.19315537 24.15254624
140800 0.52555417 0.19976551 20.37343293
140900 0.46787904 0.19747893 21.02326941
141000 0.45220788 0.15942609 30.07994638
141100 0.55576015 0.17979556 25.79959480
141200 0.54461541 0.22162677 16.90377248
141300 0.42182494 0.30205206 7.85256974
141400 0.49677019 0.13957222 33.91652913
141500 0.47146708 0.28329750 7.21680105
141600 0.49251783 0.25551440 10.46603530
141700 0.48267326 0.20808346 18.56608645
141800 0.43395856 0.22588405 17.33891888
141900 0.54269646 0.16393402 28.77506709
142000 0.48042867 0.20703573 18.80912425
142100 0.52941032 0.21222583 18.06205258
142200 0.49602803 0.12879635 36.78359933
142300 0.48765780 0.20100386 19.87589631
142400 0.50514572 0.18186976 23.80363957
142500 0.46775981 0.26271491 9.94331325
142600 0.47146503 0.22330774 16.01719897
142700 0.48579253 0.21649788 16.93743925
142800 0.43731916 0.20801799 20.39298893
142900 0.47836284 0.15218075 30.94127372
143000 0.47807458 0.23915737 13.17553815
143100 0.49711937 0.23277415 13.98639197
143200 0.51259323 0.22135565 16.03619615
143300 0.51452689 0.16969999 26.62456174
143400 0.43890918 0.29542963 7.33352468
143500 0.44676502 0.29897906 6.51959715
143600 0.45871126 0.20005542 20.84129853
143700 0.48698195 0.19744150 20.59970677
143800 0.47954065 0.18275628 23.80670931
143900 0.48260868 0.21946900 16.44694939
144000 0.50116435 0.17990522 24.22153430
144100 0.46648516 0.28525490 7.14484176
144200 0.50799424 0.16059999 28.68813631
144300 0.46287366 0.21625193 17.57085991
144400 0.48966272 0.18587219 22.97878954
144500 0.52907307 0.13897747 34.48900315
144600 0.50739000 0.18570848 22.98773435
144700 0.47996022 0.20634148 18.95260684
144800 0.45114811 0.19313550 22.58971441
144900 0.51895833 0.18758457 22.73986676
145000 0.47405908 0.25629506 10.66202062
145100 0.44407876 0.21204073 19.22793646
145200 0.54785651 0.15578530 30.96553345
145300 0.56102126 0.13043898 38.19337037
145400 0.48768938 0.19310479 21.47858981
145500 0.53945412 0.22976897 15.26761551
145600 0.54799896 0.16657590 28.39535531
145700 0.45339683 0.21029678 19.07958342
145800 0.49358056 0.16123092 28.52594102
145900 0.48993510 0.19039331 22.01813423
146000 0.51762924 0.13461184 35.37083368
146100 0.49015473 0.24389792 12.23239477
146200 0.43064752 0.25290472 13.22339344
146300 0.47726724 0.21998778 16.46058913
146400 0.45417342 0.17600002 26.13803221
146500 0.39688428 0.27913630 12.62044310
146600 0.42422236 0.32391252 5.76577808
146700 0.49314655 0.18702526 22.70260379
146800 0.51258454 0.17249091 25.95937741
146900 0.48920535 0.20696786 18.68896638
147000 0.52759275 0.16033234 29.10097350
147100 0.49409004 0.19759070 20.50222581
147200 0.45178440 0.20740530 19.70873122
147300 0.49843295 0.20825102 18.38506257
147400 0.47311710 0.22509280 15.65760958
147500 0.45632537 0.23639362 14.33726071
147600 0.45159237 0.21965969 17.43296375
147700 0.50277913 0.18319959 23.50507175
147800 0.48235485 0.20933378 18.33248011
147900 0.45538511 0.18496149 24.11602554
148000 0.48013488 0.17923390 24.56614696
148100 0.52898905 0.20868023 18.72181035
148200 0.53398218 0.14378751 33.39981427
148300 0.41887840 0.24154423 15.84447173
148400 0.50333057 0.21274917 17.53698335
148500 0.43279595 0.28149998 9.27931978
148600 0.45542159 0.17349956 26.64484226
148700 0.41297806 0.28116734 10.84701034
148800 0.47094380 0.20772074 18.90778885
148900 0.50915618 0.18667672 22.79532822
149000 0.48922233 0.18724827 22.68972900
149100 0.45386836 0.20220898 20.62470766
149200 0.48588164 0.19466851 21.18017501
149300 0.47718417 0.16882276 26.98173845
149400 0.49257501 0.17120021 26.20223633
149500 0.45885643 0.22371856 16.38397012
149600 0.48867776 0.19538731 20.99727293
149700 0.48496557 0.17953022 24.41647854
149800 0.45531387 0.18662529 23.76280796
149900 0.45110668 0.25102661 12.29181426
150000 0.44487345 0.20115607 21.28892345
150100 0.47013914 0.20544001 19.37262956
150200 0.50951872 0.20325072 19.40044320
150300 0.50102531 0.23755860 13.19413004
150400 0.46645311 0.23210187 14.65758850
150500 0.44930432 0.27353382 9.28187295
150600 0.47884095 0.19922196 20.37976306
150700 0.50792777 0.25148063 11.06042677
150800 0.50228084 0.15761803 29.37711133
150900 0.47309584 0.19904374 20.55362683
151000 0.52387182 0.16206324 28.59188310
151100 0.48276889 0.22417308 15.60600899
151200 0.46425594 0.19166277 22.34102051
151300 0.49186864 0.18638531 22.84867758
151400 0.50104945 0.16784130 26.94938236
151500 0.51246280 0.14675429 32.14435644
151600 0.50342493 0.19223894 21.58819454
151700 0.45990154 0.21699424 17.54949692
151800 0.49968589 0.20680841 18.66154385
151900 0.47015360 0.18513141 23.52965957
152000 0.52171413 0.15213145 30.95515981
152100 0.49288813 0.19373003 21.29893886
152200 0.51706299 0.20624798 18.91549451
152300 0.58115011 0.13527243 38.33301371
152400 0.46573799 0.22265028 16.31340403
152500 0.48866536 0.24185962 12.56842756
152600 0.49454590 0.15939192 28.96099880
152700 0.43285457 0.27597429 9.94544246
152800 0.53141864 0.16373045 28.40521589
152900 0.47131394 0.22100137 16.43170049
153000 0.52458523 0.19219734 21.89318976
153100 0.45067532 0.22014123 17.39105044
153200 0.45927020 0.18450882 24.04768317
153300 0.46167849 0.19287749 22.18413561
153400 0.48294695 0.19504384 21.14891742
153500 0.48036362 0.19642888 20.91339370
153600 0.49028292 0.19361490 21.34461635
153700 0.51692655 0.17776626 24.83717209
153800 0.49506113 0.23982584 12.84007637
153900 0.53493808 0.18146922 24.48818544
154000 0.47128548 0.22155282 16.33396013
154100 0.46426523 0.20379800 19.88610038
154200 0.46890543 0.22491832 15.81023297
154300 0.51465652 0.19184856 21.77091694
154400 0.47052980 0.18248841 24.08989295
154500 0.50162185 0.17846128 24.54101824
154600 0.45807306 0.24899601 12.28003740
154700 0.50129195 0.21015131 18.02209750
154800 0.46926350 0.19435641 21.61700964
154900 0.43126550 0.29258526 8.13117906
155000 0.39037583 0.34743450 7.39029524
155100 0.52730193 0.15788712 29.68202106
155200 0.47941163 0.30074044 5.13817101
155300 0.47104604 0.20907242 18.64583655
155400 0.44986679 0.23249517 15.28560397
155500 0.46378451 0.23241753 14.69772225
155600 0.47249222 0.19450392 21.49265789
155700 0.57256171 0.17125266 28.79527297
155800 0.52023321 0.18709912 22.86808382
155900 0.47306188 0.24629544 12.17537681
156000 0.48716696 0.21150127 17.84822973
156100 0.52809359 0.14908965 31.87262691
156200 0.50235547 0.15882900 29.08450042
156300 0.52881832 0.15220902 31.11543245
156400 0.48911975 0.18691194 22.76244967
156500 0.44775471 0.30922600 5.48474459
156600 0.40831293 0.27956220 11.45589158
156700 0.46944337 0.18080615 24.48982603
156800 0.51922667 0.19219917 21.77542427
156900 0.46498714 0.15432501 30.79105067
157000 0.47934117 0.19566515 21.08976010
157100 0.44408324 0.20868575 19.86391361
157200 0.52291735 0.15457514 30.37928406
157300 0.51732710 0.21875884 16.57429360
157400 0.45797838 0.19869118 21.14552971
157500 0.47159652 0.15215601 31.11670022
157600 0.50917632 0.20722777 18.62266858
157700 0.49504429 0.18716075 22.66255330
157800 0.49465878 0.16675018 27.21700417
157900 0.51234996 0.16828223 26.92282363
158000 0.47132074 0.23085953 14.71549935
158100 0.46662700 0.23086560 14.86010180
158200 0.43658188 0.19973309 22.06434579
158300 0.42448718 0.25913068 12.77317582
158400 0.52037914 0.15827752 29.42253425
158500 0.46317548 0.19716335 21.24937528
158600 0.43335367 0.22108787 18.22564084
158700 0.51253997 0.19391007 21.31515447
158800 0.49066036 0.19841571 20.36172662
158900 0.53997640 0.18220599 24.51617058
159000 0.47370616 0.19494502 21.36945563
159100 0.52955644 0.20360217 19.72284584
159200 0.50063140 0.18060785 24.06665789
159300 0.44787571 0.25482158 11.89685791
159400 0.51151920 0.17243654 25.95891038
159500 0.45263456 0.23021599 15.53504674
159600 0.46380781 0.17114525 26.84218612
159700 0.55563467 0.20109521 21.32916719
159800 0.47861514 0.22374459 15.76164170
159900 0.42184365 0.27796305 10.50071570
160000 0.42727562 0.21871018 19.07741733
160100 0.45802513 0.22262091 16.61261496
160200 0.49542345 0.23745328 13.22119103
160300 0.50163181 0.25038058 11.19431699
160400 0.52379518 0.20026175 20.23078868
160500 0.47383250 0.18605624 23.22833440
160600 0.47324791 0.22008668 16.54223868
160700 0.53315748 0.16659654 27.78829755
160800 0.53036275 0.19847333 20.76744677
160900 0.49292114 0.20454577 19.12623351
161000 0.48350426 0.18217028 23.86094745
161100 0.46983869 0.20909096 18.67798377
161200 0.51518132 0.16378591 28.01378482
161300 0.48192084 0.14612325 32.39013113
161400 0.49948898 0.18343291 23.45078371
161500 0.55439938 0.17801636 26.11801482
161600 0.51427896 0.18130590 24.01549911
161700 0.48401102 0.20795317 18.56881580
161800 0.47304782 0.18313634 23.87813294
161900 0.48308885 0.14677463 32.20453691
162000 0.48474320 0.18761306 22.67049167
162100 0.44579658 0.27392025 9.41705662
162200 0.46756356 0.24448079 12.61917386
162300 0.52540664 0.22372687 15.85885690
162400 0.50892870 0.14612182 32.26692664
162500 0.41789786 0.20532572 22.31941817
162600 0.53497928 0.17528166 25.86094221
162700 0.48042078 0.18131362 24.10353977
162800 0.51462063 0.17377328 25.69614664
162900 0.46355736 0.22316671 16.29903872
163000 0.47696246 0.21773214 16.87615145
163100 0.50519123 0.23084421 14.32031431
163200 0.45312525 0.19134403 22.86727813
163300 0.47150045 0.19054799 22.34118530
163400 0.47897683 0.17588452 25.33486040
163500 0.51913467 0.19479543 21.23752595
163600 0.50692086 0.16202291 28.34049689
163700 0.47762779 0.19097347 22.09630357
163800 0.46497928 0.24549900 12.54850488
163900 0.44329448 0.24887635 13.02693622
164000 0.46838586 0.18502661 23.60650625
164100 0.49667541 0.20370085 19.27220409
164200 0.48321988 0.21387949 17.46120769
164300 0.56295166 0.14929641 33.40760079
164400 0.51630058 0.17267196 25.97187379
164500 0.48267252 0.17204866 26.13102768
164600 0.47037478 0.19597287 21.25236210
164700 0.49323973 0.16163166 28.43258410
164800 0.52725934 0.21274313 17.90410391
164900 0.43496316 0.26009041 11.90224113
165000 0.49865878 0.22574053 15.18408136
165100 0.43410289 0.27942252 9.44067933
165200 0.46504457 0.23805933 13.72333092
165300 0.46101323 0.26339357 10.09064291
165400 0.48605345 0.15579526 29.91523014
165500 0.53855822 0.22352011 16.31594396
165600 0.46903531 0.18109834 24.43837452
165700 0.50003921 0.20803829 18.42464939
165800 0.50852351 0.22498199 15.35197655
165900 0.38948626 0.31992046 9.31301047
166000 0.47948621 0.23924174 13.13201717
166100 0.50474103 0.19586629 20.84652466
166200 0.48783516 0.21039818 18.04841714
166300 0.41708163 0.26166791 13.00561222
166400 0.49204450 0.25902296 9.96890722
166500 0.53247411 0.15477176 30.59572797
166600 0.50565980 0.18725576 22.64607262
166700 0.44509253 0.23362790 15.34725317
166800 0.47481855 0.26470038 9.47004592
166900 0.47162079 0.20871026 18.69857167
167000 0.44201467 0.24572430 13.58164575
167100 0.48776443 0.25138202 11.11850592
167200 0.44234536 0.13268115 37.39171277
167300 0.47524574 0.19451285 21.41887200
167400 0.45996730 0.18308818 24.32667793
167500 0.50270182 0.19986609 20.03044153
167600 0.48246428 0.18269539 23.76439857
167700 0.50826386 0.17377333 25.62339948
167800 0.49181262 0.20769430 18.52425711
167900 0.51029456 0.22183078 15.92512435
168000 0.49100064 0.14209974 33.29676686
168100 0.43414835 0.21845580 18.64736854
168200 0.44536932 0.25844119 11.51170334
168300 0.47693850 0.21349327 17.65829682
168400 0.46793807 0.19698328 21.12187863
168500 0.45736728 0.26064238 10.61904793
168600 0.51200051 0.15247631 30.70599511
168700 0.40802623 0.28684556 10.63155010
168800 0.47979523 0.18691578 22.90655840
168900 0.49979572 0.18090053 24.00230926
169000 0.43649509 0.29504730 7.52397110
169100 0.49434706 0.25764969 10.14778300
169200 0.47512581 0.21498278 17.42504865
169300 0.45954146 0.23839736 13.87615390
169400 0.44190624 0.20799372 20.12064920
169500 0.45796218 0.17226051 26.81622785
169600 0.46094089 0.15317324 31.22453259
169700 0.45909739 0.25145554 11.86924078
169800 0.52420224 0.19583675 21.13418959
169900 0.50126605 0.17202750 25.98653203
170000 0.49779697 0.18036571 24.12203825
170100 0.47570422 0.18235577 23.97964771
170200 0.46852207 0.16144166 28.95047062
170300 0.48104618 0.18156832 24.03582404
170400 0.48623946 0.19899392 20.29639852
170500 0.42190933 0.25153201 14.07044818
170600 0.50191003 0.21265116 17.55161712
170700 0.54643239 0.24309185 13.38806768
170800 0.49814507 0.19500188 21.01383412
170900 0.45825661 0.32239499 3.88252433
171000 0.51586090 0.19043083 22.08540159
171100 0.51400893 0.18151222 23.96657932
171200 0.46954311 0.26199641 9.98630703
171300 0.47974611 0.25047898 11.38337837
171400 0.47172609 0.31780855 3.77742447
171500 0.53180246 0.21822788 17.02624991
171600 0.49869337 0.18555484 22.99421769
171700 0.49163114 0.18862798 22.37408392
171800 0.49187068 0.20828293 18.41076061
171900 0.48201030 0.30036059 5.12582086
172000 0.48389783 0.20689948 18.77354478
172100 0.52853487 0.19496565 21.42666117
172200 0.47494861 0.17241988 26.21014194
172300 0.47981428 0.18088317 24.20982325
172400 0.49627607 0.16505845 27.60570013
172500 0.47306385 0.24714870 12.04453832
172600 0.51566523 0.13088969 36.33288049
172700 0.47194275 0.14542979 32.79660106
172800 0.48690676 0.17224462 26.02197292
172900 0.51560646 0.18259734 23.75373874
173000 0.51422662 0.20681751 18.76093619
173100 0.43044602 0.19092610 24.27482554
173200 0.52310128 0.19502787 21.27362155
173300 0.47686042 0.18421806 23.54864327
173400 0.47606217 0.17531634 25.52788233
173500 0.46869529 0.19648640 21.19888546
173600 0.50129863 0.21522937 17.07093588
173700 0.48855577 0.18977961 22.16179140
173800 0.47664441 0.20310537 19.65648967
173900 0.49300220 0.17163270 26.10029600
174000 0.51372199 0.18613741 22.96275096
174100 0.50931033 0.13484041 35.19814542
174200 0.51036462 0.20503451 19.05948316
174300 0.48955739 0.20103765 19.84753309
174400 0.47088276 0.22876188 15.08515399
174500 0.55163862 0.19447373 22.45379806
174600 0.47699360 0.23628053 13.66667903
174700 0.52367090 0.17711887 25.11815374
174800 0.48742694 0.20443183 19.20249639
174900 0.52045518 0.23899627 13.17030715
175000 0.43716906 0.26365775 11.26846849
175100 0.50492280 0.22673018 15.02333198
175200 0.43584618 0.22151441 17.98640811
175300 0.42659759 0.27220075 10.86028153
175400 0.50065380 0.19431642 21.15308109
175500 0.45955454 0.22868425 15.49245981
175600 0.55953509 0.17945138 26.09306017
175700 0.45049770 0.17159026 27.31074388
175800 0.50760668 0.21057888 17.96911052
175900 0.52044638 0.16822220 27.06950134
176000 0.48145283 0.20729208 18.74016970
176100 0.49253152 0.22530472 15.28710926
176200 0.46002247 0.19945941 20.90736626
176300 0.47912249 0.21478990 17.36932545
176400 0.39183881 0.28012682 13.03421193
176500 0.48409671 0.24547852 12.06490186
176600 0.44333000 0.20802072 20.03376692
176700 0.51151259 0.19137935 21.82755816
176800 0.51012897 0.17574145 25.19724594
176900 0.53778677 0.16429526 28.49228243
177000 0.51064072 0.19898604 20.25991815
177100 0.50794495 0.13292218 35.69684128
177200 0.49267689 0.22303949 15.68432589
177300 0.41665425 0.26996959 11.92721109
177400 0.49180434 0.18221173 23.74944891
177500 0.47166490 0.16934374 27.00259373
177600 0.47776954 0.15819277 29.48246458
177700 0.39888496 0.24530079 17.07804761
177800 0.51222396 0.19362971 21.36906110
177900 0.55857578 0.18735120 24.32531637
178000 0.54518043 0.14450511 33.65945592
178100 0.47061190 0.24488045 12.46286780
178200 0.41953145 0.27943789 10.50520511
178300 0.44348318 0.22729951 16.50980578
178400 0.42664572 0.26134552 12.30295747
178500 0.49589962 0.18991430 22.07640622
178600 0.46656958 0.25944068 10.43725721
178700 0.44894795 0.28338477 8.10271179
178800 0.44443984 0.24751707 13.16898800
178900 0.49832222 0.24177960 12.51825558
179000 0.46013494 0.20032177 20.73030872
179100 0.48155418 0.18928852 22.36978823
179200 0.53781817 0.18210399 24.45444339
179300 0.51538390 0.14555327 32.48990189
179400 0.49762568 0.18528999 23.05301322
179500 0.44681173 0.24586263 13.29366044
179600 0.44306400 0.27440184 9.50830315
179700 0.47377626 0.20742624 18.88616924
179800 0.48802089 0.13426181 35.38014219
179900 0.47777379 0.24791833 11.81141962
180000 0.45171603 0.24686182 12.89132189
180100 0.45462182 0.18987678 23.10547315
180200 0.45679272 0.23014788 15.35830530
180300 0.46826869 0.16639160 27.78988078
180400 0.44682064 0.19328656 22.77924598
180500 0.50220445 0.17708916 24.84705156
180600 0.50749934 0.16879342 26.75636187
180700 0.45494687 0.19767890 21.48180672
180800 0.47163879 0.21487172 17.53841858
180900 0.45243970 0.23262904 15.13751065
181000 0.48494562 0.24986031 11.38428035
181100 0.45616738 0.20793059 19.40597922
181200 0.43504767 0.27385108 10.06617752
181300 0.45615820 0.18985530 23.04144880
181400 0.48049483 0.16773625 27.16345122
181500 0.53825397 0.12831147 37.63901301
181600 0.45282844 0.17736726 25.89524618
181700 0.42253201 0.23167484 17.16732406
181800 0.49327243 0.18294888 23.57822499
181900 0.54380039 0.19175353 22.64253265
182000 0.47017548 0.17146360 26.55919478
182100 0.44768037 0.21092360 19.24361386
182200 0.48675174 0.20158165 19.77267950
182300 0.44480613 0.26232182 11.00082234
182400 0.51945283 0.16456729 27.90348680
182500 0.48089440 0.19582663 21.02589372
182600 0.48018752 0.21788503 16.77919839
182700 0.45502700 0.22576081 16.19093333
182800 0.45226895 0.20853733 19.46810315
182900 0.47538026 0.23233373 14.35905512
183000 0.45777567 0.19591240 21.71732148
183100 0.42221549 0.25335208 13.77802064
183200 0.44367013 0.22908717 16.19212501
183300 0.46723539 0.18408316 23.84680094
183400 0.47189187 0.19896037 20.60349931
183500 0.52416436 0.20096010 20.10039918
183600 0.46865497 0.17268827 26.32656604
183700 0.43807046 0.22952799 16.44798665
183800 0.47424180 0.21497316 17.44920784
183900 0.48115648 0.24109905 12.80229567
184000 0.44611574 0.22662560 16.48109802
184100 0.50112290 0.15572597 29.83553151
184200 0.45202431 0.27773729 8.62491782
184300 0.45754868 0.25642363 11.20814449
184400 0.46857477 0.19147553 22.23499927
184500 0.46453404 0.17464837 26.02059625
184600 0.51797075 0.17832270 24.73188754
184700 0.47981404 0.23879618 13.19707161
184800 0.42741520 0.20727770 21.20521802
184900 0.49650738 0.12719306 37.21791128
185000 0.47331110 0.17107607 26.55923146
185100 0.52492990 0.18377647 23.68705834
185200 0.48941502 0.13584587 34.94472419
185300 0.44681082 0.20998671 19.46707013
185400 0.47708529 0.24064223 12.95999090
185500 0.54051455 0.18102246 24.79629639
185600 0.51760039 0.19366725 21.44148832
185700 0.53080224 0.17565606 25.63948971
185800 0.48172820 0.18496816 23.28627439
185900 0.47051298 0.22867687 15.11054991
186000 0.52340508 0.18198969 24.03814696
186100 0.50818340 0.14225390 33.25001027
186200 0.50475491 0.19446323 21.13398648
186300 0.47374343 0.10964209 42.49856111
186400 0.48493298 0.18511654 23.20095879
186500 0.45474841 0.19871797 21.28108014
186600 0.49273583 0.15073727 31.09233800
186700 0.48977548 0.21062705 17.98332767
186800 0.48618333 0.18493204 23.22256372
186900 0.47730317 0.18040850 24.36778639
187000 0.53465121 0.19776238 21.05038173
187100 0.46066801 0.26914573 9.33492268
187200 0.49926351 0.14309047 33.00152531
187300 0.48504366 0.28074363 7.22288745
187400 0.43383686 0.16385249 30.07160472
187500 0.51876988 0.25685819 10.42094372
187600 0.50425236 0.22693432 14.98490527
187700 0.52309297 0.17934045 24.61196186
187800 0.50459189 0.17602306 25.09337779
187900 0.49970766 0.19118402 21.80209952
188000 0.48228790 0.23041360 14.53663299
188100 0.49290244 0.17924701 24.39112908
188200 0.46186837 0.22029861 16.87330436
188300 0.49649420 0.18200911 23.76615916
188400 0.50270299 0.18045999 24.10256175
188500 0.45869225 0.19561200 21.74039179
188600 0.44137836 0.21285770 19.22936818
188700 0.52170878 0.13174627 36.21566798
188800 0.45118112 0.18105829 25.15937823
188900 0.48226864 0.20855110 18.48354099
189000 0.47029386 0.17901231 24.85900592
189100 0.49313742 0.21670498 16.82207995
189200 0.48595747 0.19965207 20.16824225
189300 0.47250446 0.19722515 20.93682323
189400 0.50113636 0.17829339 24.57755516
189500 0.54612125 0.18441905 24.30115888
189600 0.43499398 0.28412415 8.82649809
189700 0.42874612 0.28398754 9.26800371
189800 0.55307294 0.16732123 28.47807474
189900 0.50717359 0.17722310 24.84050388
190000 0.46251358 0.23664199 14.04553526
190100 0.52967098 0.19768872 20.90511095
190200 0.51204184 0.16467779 27.76077311
190300 0.47529105 0.28802827 6.57410026
190400 0.45256634 0.25611687 11.47615390
190500 0.51190729 0.19950719 20.16957470
190600 0.44403604 0.22898971 16.18824169
190700 0.50579298 0.21440535 17.23946611
190800 0.47974317 0.16471619 27.88440448
190900 0.51842856 0.10671141 43.17890537
191000 0.53221375 0.18575842 23.46859067
191100 0.48214845 0.21749144 16.81402593
191200 0.50449669 0.15855386 29.15822907
191300 0.50318304 0.17069149 26.29626294
191400 0.51343071 0.18840338 22.47675676
191500 0.49703964 0.19746127 20.51534997
191600 0.53715012 0.18258884 24.32387170
191700 0.51409344 0.24578469 11.99049311
191800 0.47573535 0.23727018 13.53488316
191900 0.46966023 0.22030118 16.60608299
192000 0.51360379 0.16637637 27.38253114
192100 0.46004825 0.15737197 30.23225175
192200 0.46833692 0.31346958 4.24503234
192300 0.48782186 0.17735880 24.85870453
192400 0.51271167 0.20908603 18.30486470
192500 0.50902091 0.17338999 25.71673638
192600 0.52154287 0.25487585 10.76255736
192700 0.41171392 0.32581002 6.64929325
192800 0.46984818 0.22947191 14.99448020
192900 0.48594287 0.25053266 11.26904422
193000 0.51300995 0.18246472 23.74542800
193100 0.47592153 0.19726173 20.84128933
193200 0.46596416 0.24425755 12.70707446
193300 0.48925299 0.15698234 29.58653945
193400 0.50887535 0.27305240 8.09723290
193500 0.46440847 0.24703618 12.33234398
193600 0.48177875 0.26780554 8.90369489
193700 0.54157657 0.17320706 26.58182459
193800 0.51400288 0.14443324 32.75522464
193900 0.42860843 0.18991925 24.61533786
194000 0.53239025 0.22177717 16.40625244
194100 0.55078901 0.20126832 21.03690223
194200 0.51873659 0.15386116 30.46769365
194300 0.47859360 0.15343340 30.62666055
194400 0.50597207 0.16265517 28.18411607
194500 0.48249190 0.22891511 14.78828621
194600 0.46736507 0.20954273 18.66950567
194700 0.53074813 0.17205888 26.45130066
194800 0.48887266 0.21978095 16.30136215
194900 0.52107760 0.19366731 21.50872280
195000 0.49042770 0.23862004 13.06756008
195100 0.47605299 0.22273841 15.99756606
195200 0.52866700 0.19124290 22.20066200
195300 0.49420051 0.22528901 15.27878135
195400 0.45621906 0.25794979 11.04751702
195500 0.50517256 0.19949299 20.11490790
195600 0.51936067 0.21850154 16.65826398
195700 0.53712184 0.20751468 19.21431573
195800 0.50134143 0.22140967 15.94815294
195900 0.46730895 0.20386347 19.76912201
196000 0.45612098 0.22033262 17.10286788
196100 0.44923339 0.21185422 18.98804242
196200 0.45314090 0.24191674 13.59304665
196300 0.53472089 0.19573019 21.46584779
196400 0.49355983 0.16665194 27.24639626
196500 0.48610571 0.23583328 13.57188227
196600 0.48949732 0.25001695 11.30261053
196700 0.47257054 0.18818833 22.80827918
196800 0.51482657 0.26327302 9.45704736
196900 0.46284790 0.22540706 15.93148586
197000 0.50224649 0.22643337 15.06521013
197100 0.50812618 0.22240765 15.80253927
197200 0.52757622 0.12829949 37.29080730
197300 0.44597751 0.20047097 21.36513176
197400 0.51151323 0.17797862 24.71302472
197500 0.51450226 0.17984467 24.33934289
197600 0.50966312 0.16060411 28.70188329
197700 0.49637406 0.18260540 23.63678030
197800 0.46908664 0.19501655 21.48692581
197900 0.48583563 0.20141629 19.81805981
198000 0.44760235 0.27993680 8.58034261
198100 0.47261990 0.26049666 10.10542625
198200 0.49263784 0.18414486 23.32382035
198300 0.47319491 0.25045094 11.54171636
198400 0.41420093 0.27455177 11.54936967
198500 0.49550542 0.22406137 15.48730175
198600 0.50686122 0.20268451 19.49023942
198700 0.47146505 0.17355556 26.04566397
198800 0.49212889 0.19429403 21.18845113
198900 0.50537593 0.16486364 27.65900437
199000 0.43770564 0.22077386 18.00129851
199100 0.52006899 0.15803034 29.47604139
199200 0.45051784 0.25304608 12.02196892
199300 0.48345925 0.19414238 21.32547786
199400 0.42937231 0.20695561 21.12720316
199500 0.48237914 0.27056994 8.53131724
199600 0.48315931 0.19376048 21.40917393
199700 0.49051854 0.15960875 28.93892587
199800 0.40823717 0.26027235 13.97211722
199900 0.49406039 0.22037588 16.15005146
