0 0.16892199 1.49964235 0.48298538
100 -0.19614104 1.60168547 83.63382961
200 -0.17421648 1.65969702 82.77055569
300 -0.16222590 1.62013367 72.81985048
400 -0.21331339 1.64851652 96.44255514
500 -0.17033522 1.66032590 81.42628325
600 -0.18987300 1.64287011 86.20641347
700 -0.17603841 1.65438127 82.61923280
800 -0.19808178 1.64661999 89.98326385
900 -0.18407379 1.62445031 81.50027930
1000 -0.17550114 1.68145229 86.96301897
1100 -0.19864436 1.60473469 84.94334181
1200 -0.20697913 1.59445429 87.27681197
1300 -0.23104629 1.61839043 99.90859794
1400 -0.16529840 1.64826981 77.71342795
1500 -0.23136509 1.60401009 98.44697124
1600 -0.14127227 1.65852948 70.79917747
1700 -0.15285248 1.64470705 72.72250234
1800 -0.18601328 1.67364151 89.57881334
1900 -0.14917759 1.68901470 78.82577360
2000 -0.15770046 1.65273411 75.63866276
2100 -0.22404944 1.60122891 95.03260922
2200 -0.16894422 1.59077818 72.18025586
2300 -0.19060650 1.64410032 86.66917064
2400 -0.18063905 1.63112453 81.03986381
2500 -0.18642541 1.65577061 86.79453983
2600 -0.14946704 1.64275683 71.25336127
2700 -0.23316155 1.60671961 99.50900111
2800 -0.21804301 1.60064129 92.44431218
2900 -0.11366606 1.66565675 62.91427749
3000 -0.22132604 1.67038222 103.27286564
3100 -0.16720773 1.59907289 72.32847666
3200 -0.19990156 1.63978019 89.72987914
3300 -0.19496234 1.61070501 84.12542321
3400 -0.17364854 1.63494834 78.91214496
3500 -0.20343322 1.62530483 89.22982948
3600 -0.22155279 1.63598411 98.09921665
3700 -0.18046033 1.63235141 81.13347945
3800 -0.21688968 1.63899719 96.55861080
3900 -0.16364908 1.65778661 78.56863284
4000 -0.20898836 1.63930215 93.33828312
4100 -0.19917110 1.67623674 95.19847688
4200 -0.17279017 1.68469959 86.54322531
4300 -0.17974184 1.61623010 78.85665095
4400 -0.21503711 1.64514170 96.66095539
4500 -0.16340384 1.63946777 75.75680521
4600 -0.14829648 1.65942132 73.36279936
4700 -0.16182466 1.66220287 78.61342835
4800 -0.16983246 1.64187305 78.45200650
4900 -0.19515709 1.62424483 85.79295329
5000 -0.18001941 1.61724769 79.08088878
5100 -0.17682839 1.63406095 79.98598687
5200 -0.19450238 1.64492748 88.31804998
5300 -0.15103237 1.64907627 72.72373077
5400 -0.18723192 1.67167349 89.71017329
5500 -0.15629835 1.66885287 77.72990234
5600 -0.18612126 1.62858832 82.81229153
5700 -0.18234204 1.67479570 88.36948551
5800 -0.20223900 1.63858664 90.50123489
5900 -0.12808970 1.68155875 70.30321672
6000 -0.16140765 1.65063773 76.65360791
6100 -0.19209480 1.65719384 89.22411649
6200 -0.21165071 1.64404488 95.10261543
6300 -0.20154408 1.64294012 90.83476500
6400 -0.21889242 1.63536998 96.89794738
6500 -0.19402753 1.65073816 88.98984393
6600 -0.21743372 1.60921517 93.08943157
6700 -0.16750586 1.66228877 80.69910163
6800 -0.17411127 1.65455434 81.92314247
6900 -0.15917400 1.67462046 79.74913340
7000 -0.20361629 1.67195562 96.23742094
7100 -0.12230554 1.69233969 70.43770940
7200 -0.17988796 1.59038638 76.24228149
7300 -0.18325590 1.59658616 78.10698452
7400 -0.20422614 1.63995572 91.49318924
7500 -0.20758129 1.66749013 97.08772634
7600 -0.15427188 1.66260898 75.97512064
7700 -0.22459721 1.61694426 96.97937391
7800 -0.19213180 1.65616959 89.07814414
7900 -0.18036868 1.63935114 82.04953476
8000 -0.21294228 1.65936797 97.95974004
8100 -0.17341323 1.64595577 80.37026405
8200 -0.21789289 1.61304801 93.70716107
8300 -0.18167728 1.63260168 81.63037714
8400 -0.18891449 1.68695789 93.10386714
8500 -0.16886936 1.66856950 82.24013877
8600 -0.12777795 1.61884059 60.78073690
8700 -0.20460479 1.62331630 89.45597407
8800 -0.14807452 1.60890526 66.50811258
8900 -0.19327498 1.64747534 88.20709417
9000 -0.18679135 1.69208374 93.25185683
9100 -0.18773032 1.63414195 84.16443203
9200 -0.18167320 1.64953631 84.01777169
9300 -0.14934971 1.69816644 80.65757898
9400 -0.18667686 1.63506282 83.88048088
9500 -0.18919822 1.62229953 83.21621476
9600 -0.15720820 1.69106200 82.05119274
9700 -0.16907468 1.63677397 77.46162129
9800 -0.17812238 1.69676813 90.84711610
9900 -0.16879445 1.64225333 78.12267808
10000 -0.21959750 1.62742428 96.14950483
10100 -0.19756912 1.63554624 88.21699263
10200 -0.18555487 1.65372798 86.14242438
10300 -0.15227102 1.65430996 73.95321815
10400 -0.18147774 1.66161238 85.82191193
10500 -0.11150409 1.70987252 70.54063586
10600 -0.18460553 1.60884878 79.88473405
10700 -0.17738802 1.66273944 84.45292097
10800 -0.17787470 1.67148017 86.09736761
10900 -0.21098485 1.63245778 93.22680713
11000 -0.17816985 1.65318993 83.23979548
11100 -0.13767843 1.64012701 66.83115035
11200 -0.21199534 1.66613813 98.67101867
11300 -0.11925553 1.62795114 59.14779262
11400 -0.18628601 1.62685433 82.65444950
11500 -0.15045572 1.65608438 73.59077324
11600 -0.18128967 1.65697317 85.01119284
11700 -0.19787539 1.62612689 87.10640971
11800 -0.20359086 1.64214678 91.54564424
11900 -0.20757116 1.65156464 94.54304645
12000 -0.19459607 1.64342582 88.13851048
12100 -0.22058636 1.65129544 99.89159717
12200 -0.19991148 1.64272774 90.15020029
12300 -0.16134885 1.68074303 81.62051564
12400 -0.20494346 1.61348036 88.42849881
12500 -0.17254095 1.64661125 80.14080821
12600 -0.17061779 1.62623422 76.64631195
12700 -0.16750932 1.67876248 83.50956372
12800 -0.18862384 1.67205272 90.31531604
12900 -0.22378719 1.61732921 96.68086371
13000 -0.16395077 1.63430364 75.24881460
13100 -0.17454323 1.64045399 80.00497833
13200 -0.20839949 1.63524480 92.54064931
13300 -0.18243465 1.62291972 80.68275863
13400 -0.17240133 1.60592184 74.95109217
13500 -0.14711411 1.66875671 74.48351702
13600 -0.19647121 1.57410856 81.34075049
13700 -0.22072841 1.65207597 100.06974573
13800 -0.15885697 1.62136009 71.75329645
13900 -0.18131630 1.60787308 78.51936071
14000 -0.17648821 1.65810119 83.36967882
14100 -0.17931544 1.62307110 79.51334822
14200 -0.18419673 1.63240101 82.56857696
14300 -0.17745571 1.62127916 78.59072421
14400 -0.18197188 1.62583341 80.86828193
14500 -0.19841792 1.66913484 93.67171643
14600 -0.21645379 1.62728972 94.81821638
14700 -0.19629138 1.62367882 86.17165178
14800 -0.19415652 1.69439129 96.57366919
14900 -0.23227275 1.63545724 102.60419725
15000 -0.17274699 1.65754708 81.88069984
15100 -0.13767812 1.63688489 66.38199262
15200 -0.15645620 1.65531822 75.59238567
15300 -0.17932333 1.68180188 88.46905592
15400 -0.12099748 1.69954481 71.42875851
15500 -0.13819430 1.68900942 75.04997086
15600 -0.19283428 1.65148967 88.63394424
15700 -0.20813098 1.61018750 89.35609060
15800 -0.19983901 1.63776728 89.42552792
15900 -0.20220883 1.64714606 91.71195230
16000 -0.17464293 1.62274477 77.71180107
16100 -0.22503906 1.61357486 96.77872432
16200 -0.15395676 1.64207935 72.73596649
16300 -0.17416453 1.65805469 82.49019112
16400 -0.20990909 1.64869265 95.06748181
16500 -0.17686068 1.69621282 90.26171968
16600 -0.16871269 1.60589871 73.58179195
16700 -0.23197984 1.64099497 103.24308025
16800 -0.20367243 1.65019642 92.75519965
16900 -0.18023070 1.66463110 85.83939372
17000 -0.19712416 1.61167749 85.08972902
17100 -0.13542587 1.66717111 70.22834773
17200 -0.17616067 1.66244819 83.94312950
17300 -0.21635485 1.61403774 93.17798204
17400 -0.18954122 1.64045350 85.73477234
17500 -0.18705027 1.65894519 87.53574343
17600 -0.14422286 1.65203125 70.80144046
17700 -0.17839194 1.61968017 78.75190089
17800 -0.20868716 1.66433783 97.01605885
17900 -0.22268037 1.61901780 96.41196572
18000 -0.18329232 1.60060087 78.51676754
18100 -0.18919662 1.60068597 80.80583711
18200 -0.17471037 1.61932767 77.32347716
18300 -0.21199415 1.61799568 91.83107906
18400 -0.19055656 1.64902786 87.37186345
18500 -0.15678534 1.65585323 75.79300546
18600 -0.16996653 1.63255934 77.22360559
18700 -0.19315530 1.59010416 81.34492422
18800 -0.23641876 1.65351154 107.01356403
18900 -0.21033769 1.64224099 94.30476032
19000 -0.16227842 1.60943724 71.61108057
19100 -0.19988343 1.62717615 88.04026687
19200 -0.25857747 1.63632166 114.43844442
19300 -0.18956179 1.64383979 86.22413504
19400 -0.17494873 1.64525935 80.84341458
19500 -0.18235736 1.60274900 78.37725426
19600 -0.14749649 1.65838060 72.91911396
19700 -0.15778114 1.66387220 77.43072166
19800 -0.16757561 1.68935019 85.48266096
19900 -0.18313189 1.63831449 82.96047256
20000 -0.20011113 1.61626098 86.80276575
20100 -0.19818869 1.62728671 87.37806850
20200 -0.17911547 1.66430050 85.36159566
20300 -0.12594024 1.66347221 66.48009998
20400 -0.18176043 1.68359384 89.72386305
20500 -0.19499922 1.62556294 85.89521838
20600 -0.17503841 1.64279487 80.52209084
20700 -0.16937701 1.60075032 73.29500120
20800 -0.17815605 1.66976739 85.91148481
20900 -0.17779050 1.66265554 84.59124422
21000 -0.16978370 1.65841737 80.91802348
21100 -0.18322391 1.60970550 79.44793215
21200 -0.18129623 1.65467250 84.65519634
21300 -0.19237359 1.63964857 86.72938037
21400 -0.20701052 1.64587946 93.46918970
21500 -0.21990190 1.65383224 99.99098144
21600 -0.22887408 1.64418899 102.36171890
21700 -0.21542500 1.62804211 94.48635762
21800 -0.23380351 1.65514636 106.12793860
21900 -0.20275823 1.64889239 92.19156908
22000 -0.18401390 1.63322773 82.60815003
22100 -0.16436446 1.66044554 79.25211644
22200 -0.16369130 1.65913144 78.79708852
22300 -0.21561626 1.61106213 92.53583427
22400 -0.22943841 1.62027060 99.44118153
22500 -0.22466363 1.61222225 96.46651513
22600 -0.21110392 1.63894143 94.15557904
22700 -0.21718947 1.62928665 95.38104740
22800 -0.13530128 1.66330463 69.54767484
22900 -0.18368733 1.67025911 88.10206435
23000 -0.21311407 1.59244271 89.60444706
23100 -0.15423656 1.65200560 74.29461986
23200 -0.22928582 1.64817581 103.12119136
23300 -0.17878748 1.62838307 79.98108271
23400 -0.17348553 1.61537414 76.40131772
23500 -0.14710479 1.67474670 75.50907388
23600 -0.18428041 1.64767524 84.73970362
23700 -0.20184915 1.62910790 89.07579492
23800 -0.18019334 1.62339054 79.88610264
23900 -0.19342264 1.62060016 84.66288362
24000 -0.18423683 1.62926423 82.17359154
24100 -0.18805898 1.64982344 86.51841533
24200 -0.13850989 1.68424544 74.26766440
24300 -0.21050749 1.67437990 99.46237562
24400 -0.17126950 1.66925999 83.24499191
24500 -0.20237408 1.61864102 87.99029484
24600 -0.16320426 1.68673058 83.39282085
24700 -0.19764239 1.62063543 86.33618984
24800 -0.18774933 1.65844894 87.72780410
24900 -0.19305202 1.65623115 89.44903028
25000 -0.22081743 1.63817591 98.08994427
25100 -0.15304934 1.69659987 81.64767079
25200 -0.18926592 1.63494112 84.86853283
25300 -0.23359296 1.63984925 103.78033403
25400 -0.17061973 1.60757248 74.46541011
25500 -0.19890662 1.65434620 91.47461948
25600 -0.18881719 1.66968553 89.98599330
25700 -0.14425449 1.64781104 70.17962964
25800 -0.13838854 1.62849741 65.50919377
25900 -0.20585932 1.60818304 88.21268007
26000 -0.18987119 1.63694342 85.37652263
26100 -0.18972886 1.64791141 86.88318398
26200 -0.19481766 1.62440248 85.67847975
26300 -0.18715940 1.62015998 82.16541301
26400 -0.18091567 1.64060821 82.43370644
26500 -0.22078768 1.62715049 96.61475938
26600 -0.17965962 1.63034910 80.56615648
26700 -0.15882330 1.65870949 76.97143086
26800 -0.19433973 1.62553055 85.63087101
26900 -0.13228328 1.68421549 72.17376098
27000 -0.23166742 1.63640366 102.47136263
27100 -0.22417043 1.63749830 99.41316791
27200 -0.19189018 1.64579157 87.41654748
27300 -0.21672176 1.63053193 95.34780704
27400 -0.15623272 1.65844498 76.00328185
27500 -0.19884811 1.65891737 92.16727481
27600 -0.17726224 1.62783307 79.33404560
27700 -0.17653478 1.65304849 82.60114172
27800 -0.16430958 1.62948441 74.74384095
27900 -0.17859346 1.65985008 84.44252682
28000 -0.17971664 1.67528864 87.45541545
28100 -0.20638897 1.63307164 91.43002979
28200 -0.22119846 1.63420055 97.70896694
28300 -0.17326099 1.64177994 79.71266081
28400 -0.18242078 1.64854859 84.15616701
28500 -0.16567912 1.64708129 77.67706253
28600 -0.19868136 1.69207659 97.92012192
28700 -0.18878313 1.64271179 85.75949008
28800 -0.13856262 1.65434968 69.22423714
28900 -0.22009295 1.63097538 96.81632091
29000 -0.19131081 1.62745823 84.68487472
29100 -0.14972848 1.65150733 72.63223906
29200 -0.22050219 1.66887453 102.67034786
29300 -0.19185727 1.66163851 89.83956465
29400 -0.19757808 1.65891659 91.66140656
29500 -0.16522004 1.61165277 72.92601073
29600 -0.19075721 1.67579309 91.79720321
29700 -0.20142152 1.61858064 87.60030205
29800 -0.20244916 1.70495962 101.98688824
29900 -0.21378515 1.60504540 91.12634410
30000 -0.19421998 1.62511531 85.53161825
30100 -0.20832798 1.65154581 94.84893596
30200 -0.18235713 1.60738115 78.86384135
30300 -0.17356839 1.62992588 78.21703861
30400 -0.21567594 1.64020459 96.22190720
30500 -0.12808656 1.67714569 69.51069410
30600 -0.16686087 1.66679714 81.20409281
30700 -0.19489579 1.64504388 88.49020594
30800 -0.19707775 1.64773613 89.74835117
30900 -0.16978018 1.63607142 77.62640551
31000 -0.16860536 1.58979673 71.96668294
31100 -0.19069966 1.65292198 88.01567813
31200 -0.19781338 1.65184596 90.65633793
31300 -0.20760569 1.66986518 97.49828837
31400 -0.16867394 1.61679500 74.78077269
31500 -0.18261163 1.61520842 79.83231802
31600 -0.19423740 1.61281392 84.07505589
31700 -0.18945751 1.60737380 81.60314069
31800 -0.18402610 1.64093011 83.66866953
31900 -0.15851243 1.67092435 78.87314592
32000 -0.22981871 1.63788433 101.87810715
32100 -0.18180539 1.63414933 81.88569709
32200 -0.17059890 1.66858974 82.88302266
32300 -0.15422743 1.62088543 70.04518017
32400 -0.21287106 1.64229641 95.35538882
32500 -0.19109460 1.60564809 82.05825341
32600 -0.21396298 1.63728876 95.10677650
32700 -0.15709811 1.67717626 79.45524162
32800 -0.16992171 1.67675932 84.04296602
32900 -0.16484344 1.68327433 83.35010903
33000 -0.24548383 1.66679841 113.13877614
33100 -0.15884204 1.65896883 77.01934813
33200 -0.22342646 1.68377578 106.53175053
33300 -0.17437163 1.61886483 77.14148297
33400 -0.16101640 1.67543652 80.55540844
33500 -0.15341496 1.66378609 75.86400893
33600 -0.21027444 1.64852303 95.19210513
33700 -0.17278600 1.64840258 80.49636477
33800 -0.16118294 1.64190278 75.29475778
33900 -0.19716694 1.61095982 85.02683053
34000 -0.16131686 1.61167592 71.51069041
34100 -0.17443339 1.64629918 80.80190682
34200 -0.20952021 1.61871906 90.90050887
34300 -0.19795906 1.63418978 88.18915332
34400 -0.19132189 1.59675574 81.24724741
34500 -0.18326336 1.65577775 85.57875630
34600 -0.18474261 1.63221014 82.75319904
34700 -0.20325049 1.63165520 89.97202520
34800 -0.17822210 1.63549758 80.70577434
34900 -0.19198744 1.65724366 89.18986230
35000 -0.20188700 1.62254163 88.26480692
35100 -0.15508279 1.62039079 70.28886334
35200 -0.23084886 1.61421247 99.33761542
35300 -0.20923390 1.63343272 92.63833936
35400 -0.20114223 1.64100445 90.39866991
35500 -0.12464586 1.62285373 60.24398797
35600 -0.22473972 1.61899260 97.28153541
35700 -0.20984785 1.62646427 91.98423462
35800 -0.20559530 1.63761723 91.72302365
35900 -0.16917749 1.61245340 74.46889332
36000 -0.15859501 1.63793574 73.80832376
36100 -0.14302452 1.63322921 67.70791995
36200 -0.19234364 1.64988501 88.19952669
36300 -0.21663845 1.64389646 97.14689457
36400 -0.19122469 1.58920989 80.50758155
36500 -0.25210488 1.60551416 107.76603059
36600 -0.15802637 1.68262727 80.76780042
36700 -0.20986968 1.58285300 87.42888645
36800 -0.19235370 1.64382015 87.31283134
36900 -0.19643920 1.62025732 85.81293174
37000 -0.19898328 1.67634856 95.14323582
37100 -0.20551090 1.66266695 95.44981451
37200 -0.19755092 1.64483308 89.51167623
37300 -0.17875821 1.63814587 81.27103387
37400 -0.20727933 1.61068386 89.06368515
37500 -0.17930365 1.63546124 81.11050473
37600 -0.21784486 1.62111207 94.63123180
37700 -0.21820594 1.60451828 92.91013803
37800 -0.17844074 1.63715762 81.01480143
37900 -0.19583592 1.70089994 98.52343221
38000 -0.21954565 1.62741848 96.12701010
38100 -0.20538921 1.63698794 91.55305224
38200 -0.22033621 1.64105719 98.28982946
38300 -0.15767886 1.64989443 75.20125227
38400 -0.16994422 1.66039313 81.29234100
38500 -0.24494794 1.65408545 110.86049822
38600 -0.14004614 1.66552671 71.51523310
38700 -0.23236907 1.64732367 104.32364066
38800 -0.17383966 1.60919842 75.84019414
38900 -0.22334226 1.64108066 99.56121082
39000 -0.17529156 1.63914002 80.10185151
39100 -0.21604683 1.67245696 101.41818320
39200 -0.22481849 1.62908566 98.56692899
39300 -0.15256867 1.69081019 80.35659864
39400 -0.19237322 1.67856325 92.92079002
39500 -0.17907773 1.65122814 83.28493817
39600 -0.18742799 1.67447801 90.27151188
39700 -0.16143320 1.65381839 77.14702824
39800 -0.20686515 1.62253543 90.27709079
39900 -0.16860097 1.65068151 79.28579519
40000 -0.19512799 1.62003663 85.26746199
40100 -0.16927989 1.67031229 82.68695569
40200 -0.19193048 1.66133985 89.82002396
40300 -0.18569040 1.62015424 81.59706123
40400 -0.18902871 1.65815734 88.17854081
40500 -0.21252362 1.66699758 99.03196390
40600 -0.19157135 1.64427682 87.07195978
40700 -0.19528863 1.66303831 91.41729637
40800 -0.14447128 1.63860983 68.93657586
40900 -0.16568432 1.67414551 82.02584186
41000 -0.16015890 1.65445079 76.78474004
41100 -0.16162973 1.65565589 77.50240873
41200 -0.18408507 1.63621140 83.03744337
41300 -0.18504312 1.63165604 82.79575674
41400 -0.22100451 1.65619547 100.82091252
41500 -0.17507879 1.62714081 78.42444068
41600 -0.19760411 1.67571418 94.48224914
41700 -0.15173347 1.64626495 72.55493421
41800 -0.15908190 1.61190705 70.73149790
41900 -0.18096605 1.67395361 87.69749360
42000 -0.13868934 1.63875578 66.98181840
42100 -0.19362278 1.56247120 79.42077137
42200 -0.17253791 1.56825447 71.72158332
42300 -0.20158192 1.63274490 89.44462490
42400 -0.20119485 1.65104651 91.88617971
42500 -0.17285743 1.64995562 80.75467356
42600 -0.18601128 1.63345424 83.40736998
42700 -0.20337941 1.66000244 94.15786441
42800 -0.15880284 1.61034060 70.45726346
42900 -0.15913310 1.68604418 81.79450941
43000 -0.19876026 1.62712904 87.58576915
43100 -0.17947906 1.65584327 84.14574121
43200 -0.21219768 1.63111652 93.54923658
43300 -0.18919437 1.67478604 91.01120947
43400 -0.15905224 1.68477009 81.52925001
43500 -0.19235274 1.67059813 91.52219801
43600 -0.19505783 1.62367355 85.68291770
43700 -0.20186451 1.65002986 92.00202090
43800 -0.20100208 1.64366019 90.72045968
43900 -0.12300180 1.68443237 69.17273084
44000 -0.17130215 1.66175619 82.01517589
44100 -0.16690919 1.62740991 75.42782120
44200 -0.16226367 1.62720957 73.70862072
44300 -0.18701485 1.65092981 86.28015262
44400 -0.18624005 1.61897711 81.66846546
44500 -0.17767874 1.67086976 85.91885462
44600 -0.22994803 1.61559628 99.10890274
44700 -0.16752833 1.63812205 77.07738672
44800 -0.17190844 1.64177937 79.20864041
44900 -0.18524203 1.67059290 88.75667799
45000 -0.19691684 1.66129910 91.78018889
45100 -0.24459528 1.64841508 109.84599854
45200 -0.19543683 1.61976569 85.35705413
45300 -0.20966753 1.65825991 96.43684308
45400 -0.20420325 1.62512413 89.51815652
45500 -0.16577085 1.64423064 77.29539656
45600 -0.16236999 1.63161579 74.31736088
45700 -0.16235102 1.65132153 77.09823417
45800 -0.20018396 1.66868835 94.30148169
45900 -0.15436038 1.62670225 70.81237029
46000 -0.18950526 1.64302219 86.08484876
46100 -0.15730140 1.62274938 71.36584996
46200 -0.22192168 1.62011657 96.22294633
46300 -0.19343211 1.66698456 91.33633410
46400 -0.18013132 1.59696823 76.95132903
46500 -0.19680374 1.63142762 87.36321434
46600 -0.17420661 1.62174789 77.42656693
46700 -0.21038558 1.64905021 95.31614418
46800 -0.17713839 1.64899019 82.21571925
46900 -0.15904416 1.61809087 71.42907998
47000 -0.19602246 1.65906235 91.06730977
47100 -0.21565927 1.63937655 96.09922618
47200 -0.19858331 1.65044151 90.75065160
47300 -0.18808251 1.63982919 85.08011681
47400 -0.19874030 1.65312014 91.21980385
47500 -0.16028486 1.65419072 76.78997965
47600 -0.19466944 1.62610620 85.83337029
47700 -0.18762740 1.66250809 88.33194119
47800 -0.13686866 1.65115361 68.16395418
47900 -0.18784018 1.59942379 80.15254750
48000 -0.17569884 1.62563962 78.46746484
48100 -0.21243870 1.61296921 91.43386120
48200 -0.19361502 1.64627419 88.16446384
48300 -0.13647443 1.65394077 68.45640272
48400 -0.19202522 1.60082371 81.92459816
48500 -0.19725231 1.63448760 87.94815558
48600 -0.23691709 1.60219585 100.67026709
48700 -0.19910293 1.66349601 93.00704638
48800 -0.16673087 1.66861498 81.46127032
48900 -0.15085729 1.69909581 81.36998916
49000 -0.17753625 1.60386417 76.66069189
49100 -0.18849450 1.61645610 82.24499926
49200 -0.15460271 1.65590469 75.02467653
49300 -0.14944055 1.63608417 70.31380195
49400 -0.22690674 1.59648385 95.77924936
49500 -0.15844195 1.62598694 72.17667183
49600 -0.21582442 1.61821695 93.44259678
49700 -0.16962677 1.61734545 75.19695142
49800 -0.20762196 1.61984996 90.25983921
49900 -0.17606934 1.67299091 85.67699963
50000 -0.23120633 1.64306940 103.20387594
50100 -0.19032737 1.63566768 85.38058671
50200 -0.14905720 1.63909510 70.59418755
50300 -0.21868938 1.62263518 95.17009396
50400 -0.14058317 1.64316465 68.24650735
50500 -0.18479922 1.67031273 88.53843062
50600 -0.18597091 1.66183408 87.58190710
50700 -0.15969255 1.63789957 74.19751068
50800 -0.17107284 1.65860764 81.42571944
50900 -0.16708974 1.59200736 71.61011761
51000 -0.16179449 1.63453367 74.49727941
51100 -0.17034251 1.63057885 77.10220501
51200 -0.16441768 1.64471534 76.87138719
51300 -0.18066955 1.66136700 85.47430867
51400 -0.16917720 1.62733682 76.25323489
51500 -0.21801245 1.66315783 100.67744167
51600 -0.18236160 1.67848236 89.02817449
51700 -0.19849268 1.64768208 90.30320685
51800 -0.19653940 1.63108641 87.21356993
51900 -0.18406138 1.65088242 85.13432389
52000 -0.15434099 1.64952853 73.95815710
52100 -0.20106504 1.62361502 88.06692121
52200 -0.15201758 1.62984217 70.38768366
52300 -0.19635904 1.62432684 86.27882616
52400 -0.14057722 1.66070591 70.90961632
52500 -0.16535308 1.64957875 77.92833862
52600 -0.19429205 1.62688627 85.78317403
52700 -0.17898116 1.66381292 85.23069480
52800 -0.20130986 1.62351180 88.15238584
52900 -0.16171458 1.65293309 77.11298223
53000 -0.15570001 1.65961072 75.99904073
53100 -0.18375204 1.62760977 81.77493999
53200 -0.19604988 1.67457124 93.66531347
53300 -0.18343317 1.62242879 81.00490055
53400 -0.19668444 1.63651921 87.99801913
53500 -0.17833148 1.64231087 81.69354589
53600 -0.18230532 1.66720230 87.05698351
53700 -0.20164232 1.63695283 90.03631658
53800 -0.18693344 1.64508249 85.38320688
53900 -0.16623002 1.62997872 75.50944803
54000 -0.18996683 1.67629611 91.57722416
54100 -0.25323546 1.60440540 108.16143579
54200 -0.22016124 1.61902064 95.35068982
54300 -0.19046876 1.67495564 91.53766488
54400 -0.18792452 1.66656561 89.11476885
54500 -0.24400869 1.65850550 111.13385270
54600 -0.22959697 1.63487954 101.37302163
54700 -0.15094353 1.62561241 69.46991989
54800 -0.19598163 1.58708522 82.19264420
54900 -0.19447467 1.65211175 89.37412343
55000 -0.19856863 1.65586137 91.57485784
55100 -0.18319351 1.60576744 79.01200784
55200 -0.20673658 1.61624737 89.47404779
55300 -0.15143420 1.66937256 76.09653159
55400 -0.20626869 1.64704176 93.33776608
55500 -0.19811298 1.65474732 91.22033985
55600 -0.15892953 1.61691500 71.24976209
55700 -0.19144365 1.61685121 83.44116932
55800 -0.19199803 1.63152383 85.48048807
55900 -0.18095574 1.65216646 84.14095341
56000 -0.19686505 1.63110404 87.34506941
56100 -0.20417369 1.64078058 91.58777150
56200 -0.17276529 1.66136247 82.49590347
56300 -0.14509887 1.58841703 63.45540122
56400 -0.22781629 1.58416824 95.05553379
56500 -0.18356880 1.66254511 86.77297027
56600 -0.19221174 1.66032974 89.76783631
56700 -0.17446146 1.60915617 76.06822626
56800 -0.13138900 1.66324435 68.23369279
56900 -0.15396565 1.65105519 74.05467751
57000 -0.16560371 1.64325375 77.09385424
57100 -0.18959769 1.61235072 82.20452329
57200 -0.20533175 1.66354424 95.52027115
57300 -0.16329276 1.64872373 77.05018979
57400 -0.19892743 1.61464952 86.14380230
57500 -0.17371345 1.66623717 83.64827061
57600 -0.14319904 1.66076863 71.81606667
57700 -0.17661074 1.70109371 91.13716366
57800 -0.21776492 1.60124227 92.38876175
57900 -0.20124867 1.62113454 87.83703734
58000 -0.19070841 1.61898551 83.40530538
58100 -0.20464811 1.60148103 87.01924671
58200 -0.15714081 1.64265217 73.94960055
58300 -0.16439249 1.64097841 76.32839893
58400 -0.12976788 1.60972061 60.39273241
58500 -0.18982440 1.59587693 80.57772516
58600 -0.13864239 1.63663397 66.67375520
58700 -0.19568606 1.61397463 84.77883698
58800 -0.20364878 1.63055981 89.98909944
58900 -0.18901826 1.62022877 82.89508137
59000 -0.17409935 1.61310511 76.37154561
59100 -0.20150123 1.64470641 91.07158959
59200 -0.15804927 1.66280879 77.35299207
59300 -0.17641648 1.61703885 77.69372775
59400 -0.19539588 1.63759778 87.63552524
59500 -0.16314233 1.62743119 74.05553136
59600 -0.20335567 1.62319871 88.93685827
59700 -0.18778095 1.61926604 82.29922758
59800 -0.20643611 1.63764437 92.06814180
59900 -0.20639295 1.65913173 95.23906965
60000 -0.17659056 1.62905611 79.23796406
60100 -0.20666621 1.61701342 89.53477224
60200 -0.17454463 1.64504861 80.66139149
60300 -0.17376594 1.62861769 78.12174214
60400 -0.14252767 1.65336883 70.42360149
60500 -0.20633085 1.64682354 93.33095539
60600 -0.21248236 1.65185596 96.60096465
60700 -0.18216267 1.66985025 87.44870581
60800 -0.16090004 1.66257923 78.34042247
60900 -0.17020829 1.61183211 74.78029781
61000 -0.14426912 1.64034668 69.10920798
61100 -0.16337418 1.65060497 77.36132461
61200 -0.15890939 1.61336692 70.83400506
61300 -0.17048467 1.68098036 85.00639231
61400 -0.20282950 1.62680273 89.17526717
61500 -0.17687858 1.61409700 77.52779517
61600 -0.16697465 1.66329838 80.66837611
61700 -0.14979343 1.66118135 74.16743450
61800 -0.18568637 1.65101891 85.78034230
61900 -0.23140049 1.62747373 101.17796597
62000 -0.16943839 1.66034457 81.09755327
62100 -0.16058310 1.64266788 75.18714820
62200 -0.25453331 1.65301479 115.00702771
62300 -0.19427894 1.66167760 90.79776483
62400 -0.18243582 1.63631536 82.41951558
62500 -0.17105743 1.65702311 81.16993905
62600 -0.14582960 1.64634444 70.50740345
62700 -0.17471852 1.64703823 81.01710290
62800 -0.21975903 1.66328090 101.42914869
62900 -0.14441087 1.65961548 72.04797532
63000 -0.18060157 1.63915280 82.11052991
63100 -0.15973551 1.63301251 73.55098397
63200 -0.25786792 1.61879390 111.87751038
63300 -0.15183213 1.65013198 73.16273058
63400 -0.22438485 1.62615906 98.00930463
63500 -0.18640128 1.63903451 84.31827068
63600 -0.22018525 1.65406995 100.14659844
63700 -0.17113607 1.66841729 83.05318157
63800 -0.17011512 1.66675967 82.39699464
63900 -0.16804952 1.64403259 78.10291774
64000 -0.20066339 1.64025337 90.10107920
64100 -0.20368212 1.62389217 89.15426128
64200 -0.19672387 1.61306063 85.08626874
64300 -0.18214084 1.64069867 82.91387109
64400 -0.18308326 1.64157151 83.39763864
64500 -0.15153779 1.65777510 74.23589934
64600 -0.15653442 1.67088121 78.15858955
64700 -0.22259622 1.64386015 99.64165489
64800 -0.16019237 1.61929256 71.98463082
64900 -0.15712886 1.66841357 77.95207712
65000 -0.18824682 1.61144148 81.57739674
65100 -0.20478492 1.65114699 93.34812357
65200 -0.18701259 1.63600140 84.13756401
65300 -0.17928564 1.65144883 83.39717172
65400 -0.17400149 1.61699701 76.78270913
65500 -0.18237058 1.66098002 86.06091425
65600 -0.20920253 1.63086260 92.28586463
65700 -0.20095491 1.66405215 93.83897423
65800 -0.18186243 1.61260130 79.24898324
65900 -0.15530734 1.66397720 76.56591591
66000 -0.12957960 1.66072055 67.22690591
66100 -0.18812618 1.63455549 84.37355445
66200 -0.17790875 1.64992012 82.64553244
66300 -0.18389768 1.65237084 85.29715123
66400 -0.16032679 1.66771637 78.98208618
66500 -0.19808493 1.65571251 91.35899815
66600 -0.18432274 1.65397406 85.70599090
66700 -0.17738699 1.62744874 79.33206273
66800 -0.21506675 1.63318921 95.00988426
66900 -0.19217838 1.66193915 90.01408620
67000 -0.16912939 1.66222879 81.28734240
67100 -0.14090048 1.64643317 68.82790416
67200 -0.15803842 1.66657190 77.96885246
67300 -0.16827699 1.65256738 79.45237335
67400 -0.17534696 1.66094104 83.39367924
67500 -0.24216202 1.61776574 104.68801150
67600 -0.15598683 1.60174615 68.53945062
67700 -0.17191421 1.66340126 82.51007463
67800 -0.19054478 1.62538267 84.12301898
67900 -0.21532571 1.60813320 92.09411694
68000 -0.16209899 1.61162091 71.78745418
68100 -0.22745395 1.64176238 101.40672495
68200 -0.17708587 1.65560569 83.20343989
68300 -0.20138761 1.62685463 88.60205552
68400 -0.18813603 1.66376769 88.73471597
68500 -0.17162458 1.66688918 82.97841329
68600 -0.15804353 1.65473569 76.06915301
68700 -0.16331808 1.64356910 76.30605634
68800 -0.22451965 1.64005426 99.91606268
68900 -0.15674144 1.63332962 72.52061966
69000 -0.21535591 1.62792532 94.44271041
69100 -0.16342004 1.62286381 73.58482130
69200 -0.20715948 1.62913746 91.22766352
69300 -0.22736354 1.62022279 98.54655826
69400 -0.21547268 1.65315997 98.03776128
69500 -0.19897095 1.59480623 84.08302054
69600 -0.24479512 1.61755918 105.83143160
69700 -0.14772273 1.63455170 69.50762722
69800 -0.21842948 1.62329097 95.14194561
69900 -0.20256410 1.64495270 91.53456774
70000 -0.17128691 1.70855395 90.67435873
70100 -0.20635587 1.66469007 96.12395552
70200 -0.18779402 1.62605444 83.13696031
70300 -0.24337283 1.65508714 110.31574502
70400 -0.19912462 1.65208885 91.21574082
70500 -0.17897203 1.66838945 85.98740207
70600 -0.22006238 1.67097810 102.84295868
70700 -0.16610986 1.67355448 82.07879576
70800 -0.16117854 1.64827979 76.21841843
70900 -0.19930442 1.62456896 87.48072274
71000 -0.17229552 1.68235792 85.92918265
71100 -0.18089924 1.63473480 81.61884746
71200 -0.18210992 1.67224066 87.83741780
71300 -0.23200281 1.63673122 102.66092715
71400 -0.17686124 1.65313926 82.73801450
71500 -0.17999191 1.66223985 85.35781102
71600 -0.17643598 1.62461428 78.61638451
71700 -0.17905803 1.66693974 85.77693205
71800 -0.17656048 1.63768079 80.37689774
71900 -0.17042524 1.66805924 82.72938443
72000 -0.16378987 1.64343986 76.45903239
72100 -0.20301293 1.65199518 92.76097837
72200 -0.19087560 1.65528848 88.44912465
72300 -0.16050923 1.62264744 72.50464865
72400 -0.18752365 1.63661680 84.41936690
72500 -0.17627576 1.66659180 84.66813945
72600 -0.15511177 1.58568166 66.72285922
72700 -0.14655643 1.67390410 75.17199736
72800 -0.20719982 1.65826869 95.43033619
72900 -0.22467708 1.62206077 97.62472738
73000 -0.18823314 1.63035487 83.85868221
73100 -0.18804176 1.65485653 87.27847784
73200 -0.16688370 1.64417431 77.69493978
73300 -0.13081971 1.66023526 67.55850803
73400 -0.14633703 1.65582279 72.11503835
73500 -0.16858157 1.67263416 82.82746279
73600 -0.18414608 1.65250656 85.41323018
73700 -0.17772535 1.61908368 78.42868176
73800 -0.18462760 1.62711859 82.04876336
73900 -0.19678639 1.61792731 85.67314474
74000 -0.19111002 1.66036455 89.34191661
74100 -0.12579628 1.65833878 65.60719123
74200 -0.17675617 1.65998299 83.76988267
74300 -0.20891211 1.60776553 89.41126051
74400 -0.19198353 1.62776925 84.98803341
74500 -0.22317184 1.64647310 100.26438708
74600 -0.22784290 1.61393534 98.01540528
74700 -0.13217862 1.65340485 66.93784190
74800 -0.17665933 1.61281926 77.30021879
74900 -0.17453740 1.64992659 81.37812237
75000 -0.17854736 1.66914823 85.95461453
75100 -0.16749679 1.69686295 86.90445466
75200 -0.20400335 1.67344675 96.65124059
75300 -0.19573307 1.65822088 90.81925491
75400 -0.15844187 1.65841596 76.78809379
75500 -0.21681880 1.66538414 100.54491420
75600 -0.17385778 1.64825868 80.87513598
75700 -0.18853187 1.65474344 87.45127412
75800 -0.14741947 1.65191851 71.88975962
75900 -0.16953572 1.66266917 81.50895336
76000 -0.21241131 1.63734581 94.47348060
76100 -0.19875237 1.67861965 95.45421417
76200 -0.14538024 1.67257094 74.53411919
76300 -0.17964915 1.66224575 85.22858030
76400 -0.18983844 1.59504279 80.50357033
76500 -0.18342662 1.63678767 82.86342007
76600 -0.16464772 1.61533009 73.13449532
76700 -0.20765022 1.59423820 87.52977084
76800 -0.20928380 1.60183054 88.94134259
76900 -0.16086320 1.65138895 76.57043189
77000 -0.20912597 1.61767801 90.61608778
77100 -0.18857152 1.62340977 83.10889700
77200 -0.19279591 1.64922342 88.27812674
77300 -0.21768639 1.56842613 89.57202952
77400 -0.17518992 1.63567558 79.58766890
77500 -0.20764027 1.68436901 100.08126324
77600 -0.16211658 1.63660327 74.89443326
77700 -0.21651097 1.62412482 94.44417985
77800 -0.16975427 1.65849547 80.91951776
77900 -0.18805026 1.70496544 96.29691701
78000 -0.20775778 1.64005559 92.94098768
78100 -0.18057954 1.66327577 85.74988046
78200 -0.17674032 1.66739921 84.97788389
78300 -0.17147562 1.61032903 75.08331347
78400 -0.12880614 1.64954308 65.23830477
78500 -0.17229953 1.66105752 82.27323091
78600 -0.23847177 1.61413771 102.64245435
78700 -0.16936351 1.64244399 78.35984644
78800 -0.18469181 1.64061531 83.88022631
78900 -0.20466114 1.61727514 88.75204741
79000 -0.20534096 1.64592332 92.79745200
79100 -0.20643964 1.65333081 94.35175659
79200 -0.14952163 1.66431266 74.58200858
79300 -0.11716004 1.64384053 60.64029295
79400 -0.22169572 1.60390880 94.31216127
79500 -0.22871490 1.65075543 103.26183045
79600 -0.19766363 1.61453045 85.62679428
79700 -0.21170946 1.63145471 93.39250974
79800 -0.19466675 1.64173572 87.92542687
79900 -0.12205431 1.65289485 63.54790534
80000 -0.18818345 1.60080479 80.42399739
80100 -0.23809978 1.64160823 105.99215165
80200 -0.20977616 1.65507117 95.98178315
80300 -0.18425735 1.62075484 81.11772110
80400 -0.13595811 1.65929341 69.12112152
80500 -0.18554674 1.62149172 81.70326360
80600 -0.18376666 1.61127313 79.82928130
80700 -0.20103907 1.64219567 90.52597244
80800 -0.15262449 1.65770426 74.60733342
80900 -0.18719872 1.67968655 91.10505380
81000 -0.19112639 1.65125694 87.92925912
81100 -0.25093259 1.64394898 112.03075645
81200 -0.22282449 1.62589489 97.31503768
81300 -0.18610963 1.66398126 87.98524920
81400 -0.14086191 1.63261938 66.88737029
81500 -0.20970413 1.65458180 95.87650280
81600 -0.20913167 1.61158176 89.91960486
81700 -0.19601176 1.65529481 90.47089455
81800 -0.17866294 1.69327912 90.37122084
81900 -0.14095747 1.64946989 69.29662083
82000 -0.16916189 1.60836478 74.01171291
82100 -0.22752939 1.63870483 101.01020437
82200 -0.17205107 1.63682647 78.57173836
82300 -0.18089660 1.66055587 85.43020178
82400 -0.19632643 1.66777113 92.61089420
82500 -0.19178414 1.66728057 90.73880133
82600 -0.20007728 1.61976603 87.20286756
82700 -0.15998146 1.63198230 73.50299165
82800 -0.21496850 1.63370629 95.03811423
82900 -0.18768576 1.67332624 90.17111740
83000 -0.18813623 1.59087297 79.45381427
83100 -0.13985319 1.67118558 72.40234470
83200 -0.15365503 1.67269514 77.44774393
83300 -0.14977132 1.66240902 74.35833446
83400 -0.21439378 1.66415691 99.33484955
83500 -0.21837134 1.60605715 93.14134819
83600 -0.19356423 1.65710710 89.78771993
83700 -0.18136771 1.67159709 87.44344636
83800 -0.18648897 1.67527470 90.04747200
83900 -0.16481519 1.68373381 83.42411747
84000 -0.17379561 1.63920321 79.55034391
84100 -0.14656153 1.66229018 73.22149946
84200 -0.16008573 1.65564526 76.94358875
84300 -0.22149026 1.61844389 95.84149933
84400 -0.17988520 1.64915056 83.27932589
84500 -0.20634872 1.63396592 91.53307702
84600 -0.19040677 1.59861214 81.07090040
84700 -0.18721310 1.67535317 90.34135946
84800 -0.16056994 1.62925802 73.35916069
84900 -0.23994042 1.61181166 103.02470923
85000 -0.18268407 1.66006231 86.03351943
85100 -0.20559482 1.62289250 89.80486383
85200 -0.16068629 1.64912888 76.16701041
85300 -0.23428901 1.61639847 101.07777571
85400 -0.19726969 1.63418906 87.91495549
85500 -0.18290728 1.64217834 83.41633294
85600 -0.18441990 1.66386795 87.31568210
85700 -0.18912115 1.64206296 85.79857779
85800 -0.19627515 1.66520476 92.16330360
85900 -0.18992532 1.65670177 88.29860036
86000 -0.19002993 1.64025667 85.89763959
86100 -0.22495441 1.58741891 94.11415957
86200 -0.17393366 1.63439260 78.94387566
86300 -0.20681219 1.64958535 93.93596909
86400 -0.19717356 1.66718650 92.84907935
86500 -0.19910410 1.68462705 96.68561393
86600 -0.18763020 1.63015264 83.59844081
86700 -0.15441316 1.67423741 77.98368252
86800 -0.16811655 1.65702924 80.08398670
86900 -0.20552403 1.63869409 91.84289287
87000 -0.18766656 1.61454083 81.70248284
87100 -0.19503118 1.63394286 86.99515941
87200 -0.15286068 1.66086380 75.19391028
87300 -0.17011903 1.65002185 79.74732447
87400 -0.18388882 1.63130328 82.30558867
87500 -0.16246799 1.65494553 77.69557900
87600 -0.18343737 1.65866523 86.09943530
87700 -0.16640147 1.62838583 75.36648065
87800 -0.18042461 1.64564988 82.96838506
87900 -0.20918555 1.62290591 91.26933991
88000 -0.21367003 1.64478984 96.04349573
88100 -0.20560775 1.64124522 92.23392899
88200 -0.22516242 1.63805019 99.91046911
88300 -0.18763922 1.64959127 86.32085780
88400 -0.21742590 1.62823902 95.34481402
88500 -0.18188247 1.61961359 80.07081692
88600 -0.17453105 1.60985275 76.17056767
88700 -0.16642920 1.62792026 75.31697728
88800 -0.23446452 1.59793253 99.17509960
88900 -0.17897357 1.62363521 79.45331521
89000 -0.18162434 1.65523504 84.86752672
89100 -0.19975260 1.63283899 88.72416731
89200 -0.16958489 1.68191926 84.84380282
89300 -0.19145521 1.64235812 86.75150778
89400 -0.14904623 1.67286722 75.85817413
89500 -0.23133535 1.62508314 100.84798734
89600 -0.21105614 1.62599215 92.42058713
89700 -0.17098425 1.68265101 85.49535457
89800 -0.15093506 1.65128220 73.02086057
89900 -0.16417298 1.62589953 74.23632366
90000 -0.17069797 1.66739492 82.71902305
90100 -0.18930350 1.62784834 83.95120534
90200 -0.21286977 1.67732853 100.95342596
90300 -0.17856768 1.64274414 81.84469014
90400 -0.18287989 1.64006171 83.10714724
90500 -0.15835210 1.67707495 79.88588430
90600 -0.22170975 1.60075565 93.99540518
90700 -0.19817668 1.64628328 89.97173299
90800 -0.15717351 1.64583804 74.42082630
90900 -0.20957862 1.62218211 91.34155558
91000 -0.19505703 1.65494857 90.03955822
91100 -0.17384476 1.64506405 80.40174158
91200 -0.21712326 1.67379077 102.09752487
91300 -0.17113517 1.61061918 74.98896091
91400 -0.24727771 1.59360600 104.40971709
91500 -0.19699136 1.65721811 91.15983891
91600 -0.16134155 1.62334453 72.89079360
91700 -0.19716850 1.63580863 88.09340036
91800 -0.20545556 1.62653399 90.20252963
91900 -0.16851492 1.62351890 75.53008438
92000 -0.20943448 1.61032035 89.90358492
92100 -0.17147412 1.64509487 79.52277070
92200 -0.20838889 1.64017141 93.21475484
92300 -0.18024781 1.65090989 83.68109583
92400 -0.21134310 1.65045077 95.91929120
92500 -0.18449364 1.62792178 82.09967201
92600 -0.15641811 1.63765269 72.99106719
92700 -0.21928168 1.62711576 95.97777136
92800 -0.14886896 1.68309448 77.61656904
92900 -0.19263370 1.63919383 86.76807074
93000 -0.17835245 1.66682210 85.49009586
93100 -0.20703658 1.60671669 88.53361398
93200 -0.20366130 1.67661513 97.06767638
93300 -0.17491154 1.63087650 78.84366200
93400 -0.17035240 1.66835480 82.75211808
93500 -0.16447665 1.67178861 81.17727706
93600 -0.22798072 1.60924002 97.55044027
93700 -0.19645721 1.65218066 90.16863572
93800 -0.18076850 1.61131285 78.68760165
93900 -0.20838561 1.64955216 94.57232919
94000 -0.15437521 1.61629272 69.55289488
94100 -0.20126971 1.67078201 95.09193570
94200 -0.20762973 1.64594804 93.73141351
94300 -0.17809527 1.64001819 81.28056426
94400 -0.19499870 1.65080644 89.38327758
94500 -0.19924245 1.64210583 89.79429925
94600 -0.21588927 1.63626031 95.76537685
94700 -0.16076540 1.65250219 76.70429368
94800 -0.17712650 1.62741112 79.22899686
94900 -0.20339236 1.65898175 94.00029601
95000 -0.17600622 1.62381212 78.35505913
95100 -0.24325100 1.64270776 108.41847542
95200 -0.17854976 1.58304870 75.09850558
95300 -0.17414310 1.65383738 81.82450085
95400 -0.14371092 1.64532018 69.62757559
95500 -0.18118542 1.64008009 82.46237624
95600 -0.22676227 1.62306611 98.63565180
95700 -0.19444178 1.65174269 89.30508145
95800 -0.16249433 1.68732884 83.24711603
95900 -0.16284066 1.61926619 72.93888579
96000 -0.21968496 1.63215744 96.80052707
96100 -0.22198387 1.59731616 93.77040992
96200 -0.16048885 1.65567373 77.09326034
96300 -0.16837797 1.69537607 86.93706883
96400 -0.18518787 1.64527111 84.73669664
96500 -0.17112903 1.65339064 80.63272149
96600 -0.16840653 1.64301460 78.08827146
96700 -0.18777779 1.68136054 91.63163143
96800 -0.18442042 1.64240835 84.02960011
96900 -0.15569628 1.65649047 75.50455632
97000 -0.22228379 1.64012920 98.97989401
97100 -0.22272986 1.62513700 97.17989967
97200 -0.18187139 1.62520892 80.75151675
97300 -0.18004380 1.60732230 77.97568203
97400 -0.17828635 1.64219311 81.65972212
97500 -0.17534654 1.66006210 83.25245179
97600 -0.14749022 1.64644588 71.09792283
97700 -0.18576759 1.68436222 91.40303181
97800 -0.19667291 1.66075341 91.59552988
97900 -0.21975446 1.60832527 93.96408672
98000 -0.18872383 1.64624858 86.24743266
98100 -0.18415668 1.65030453 85.08390274
98200 -0.21207634 1.61796848 91.86173680
98300 -0.17352631 1.64733006 80.61402524
98400 -0.15449300 1.65098633 74.23107811
98500 -0.21927924 1.61932285 95.01651330
98600 -0.20489900 1.63194403 90.67621466
98700 -0.19252585 1.66178840 90.12601560
98800 -0.18893326 1.65035204 86.93740867
98900 -0.16773064 1.65564482 79.72556694
99000 -0.26237715 1.62951438 115.28330011
99100 -0.12854814 1.69016056 72.05245965
99200 -0.21300640 1.67387964 100.40420881
99300 -0.19265174 1.65305940 88.80128545
99400 -0.19089316 1.62788406 84.57589698
99500 -0.14459105 1.62967925 67.77984840
99600 -0.16128066 1.65275525 76.92893907
99700 -0.19747013 1.62621376 86.95620952
99800 -0.14021245 1.67816305 73.74328995
99900 -0.12859865 1.64308478 64.22516180
100000 -0.15566524 1.68688357 80.71161794
100100 -0.20740536 1.61247373 89.31473284
100200 -0.19923521 1.63950256 89.42485988
100300 -0.21770059 1.61018958 93.30776434
100400 -0.18323630 1.65639114 85.66412305
100500 -0.16483994 1.62697533 74.61545734
100600 -0.19060284 1.63554047 85.47090087
100700 -0.16996022 1.66448667 81.96321294
100800 -0.19188161 1.63624112 86.06641976
100900 -0.15884132 1.66935868 78.72472814
101000 -0.21815080 1.63650006 96.74117784
101100 -0.16348409 1.65166158 77.56095916
101200 -0.18784609 1.64397140 85.57617767
101300 -0.14339009 1.66310623 72.26019827
101400 -0.14557200 1.66403142 73.16315642
101500 -0.18448112 1.61289060 80.28500887
101600 -0.18287373 1.69288749 91.89893831
101700 -0.16049400 1.70355261 85.69479485
101800 -0.10592147 1.63911730 56.47078479
101900 -0.18424625 1.64921780 84.95556598
102000 -0.18415479 1.66258130 87.00379024
102100 -0.17727325 1.66192378 84.27720592
102200 -0.16151049 1.63934310 75.05316839
102300 -0.20827455 1.61779158 90.28148088
102400 -0.17505225 1.65549690 82.42173760
102500 -0.19731897 1.60419090 84.35905391
102600 -0.17639814 1.68618331 88.16989321
102700 -0.16815348 1.64784853 78.69808548
102800 -0.16582699 1.63850718 76.50681399
102900 -0.17821392 1.66634442 85.35811732
103000 -0.18076276 1.62994784 80.93336162
103100 -0.21040052 1.63469702 93.28593545
103200 -0.19401540 1.60364686 82.99540445
103300 -0.20711372 1.61710961 89.72812101
103400 -0.21946691 1.59158400 92.17005989
103500 -0.13823879 1.64310296 67.44197000
103600 -0.17356481 1.67518079 85.11948662
103700 -0.17032210 1.63222161 77.31050592
103800 -0.18606812 1.67171295 89.26696418
103900 -0.19273191 1.61962652 84.27442860
104000 -0.24157953 1.63183391 106.18633257
104100 -0.17324798 1.63229717 78.40829875
104200 -0.15238835 1.66437273 75.59797238
104300 -0.12794952 1.66404043 67.23007463
104400 -0.13024243 1.65114009 65.95169562
104500 -0.17192110 1.65127527 80.60475603
104600 -0.18945450 1.69046039 93.97498571
104700 -0.19180265 1.64332974 87.02636684
104800 -0.10691486 1.64258693 57.26388277
104900 -0.16739522 1.67216448 82.30992628
105000 -0.16461897 1.64273814 76.66058381
105100 -0.13178670 1.67450909 70.26791683
105200 -0.17850671 1.62739020 79.74779684
105300 -0.17127945 1.64037118 78.77625003
105400 -0.19965137 1.66236405 93.04165098
105500 -0.21904857 1.66480412 101.38105055
105600 -0.20885366 1.63668058 92.92144619
105700 -0.18010408 1.61987221 79.42423014
105800 -0.20980203 1.63800860 93.49204038
105900 -0.19085691 1.62231239 83.86472210
106000 -0.19224696 1.62043487 84.18111818
106100 -0.18770888 1.62805599 83.35825512
106200 -0.20168584 1.60397639 86.08130131
106300 -0.18400505 1.66118719 86.72059592
106400 -0.19420672 1.62612136 85.65276814
106500 -0.19823755 1.64041471 89.15472048
106600 -0.19453509 1.65431455 89.73546129
106700 -0.13936924 1.63734933 67.01816040
106800 -0.21523943 1.65242846 97.82910856
106900 -0.15224516 1.61690669 68.87191483
107000 -0.24004242 1.61978258 103.99259703
107100 -0.18418800 1.65842919 86.35011516
107200 -0.19865083 1.59561645 84.03249352
107300 -0.19591473 1.63117917 86.97822295
107400 -0.21137312 1.61087923 90.76102466
107500 -0.20292466 1.60426701 86.60994710
107600 -0.17158129 1.66119146 82.02767254
107700 -0.20552327 1.63216503 90.95835939
107800 -0.14551098 1.62650127 67.69020526
107900 -0.20942110 1.62407840 91.51054337
108000 -0.18350812 1.65076366 84.90407990
108100 -0.21762396 1.62807207 95.40611570
108200 -0.18653186 1.66251940 87.90971533
108300 -0.17817541 1.65007049 82.76889484
108400 -0.20694740 1.67376699 97.90057555
108500 -0.20363918 1.67911684 97.50371271
108600 -0.20948212 1.60208286 89.04825981
108700 -0.15378094 1.68778830 80.21269916
108800 -0.16081294 1.63486105 74.18673833
108900 -0.15662134 1.65885701 76.20716658
109000 -0.22510858 1.61840216 97.36818904
109100 -0.17996266 1.59951864 77.13779206
109200 -0.18574545 1.65988334 87.18111744
109300 -0.17645023 1.63989188 80.64225702
109400 -0.18187781 1.65279335 84.58823575
109500 -0.18977100 1.66589097 89.72062191
109600 -0.16679014 1.61238984 73.58324265
109700 -0.20864670 1.64630383 94.19846631
109800 -0.19561916 1.58406918 81.79107444
109900 -0.17073028 1.65415660 80.60259754
110000 -0.21853914 1.62767267 95.73766210
110100 -0.18480144 1.62483161 81.82754136
110200 -0.12750985 1.66573626 67.36560442
110300 -0.20937035 1.64518019 94.33068475
110400 -0.21794711 1.63763702 96.81187042
110500 -0.14914202 1.66042241 73.81775141
110600 -0.21032796 1.61906093 91.27226853
110700 -0.19194963 1.65295144 88.50932777
110800 -0.21786607 1.63741259 96.74713671
110900 -0.21250763 1.64410212 95.46398254
111000 -0.22060442 1.61809104 95.42678703
111100 -0.22990465 1.60852758 98.29812266
111200 -0.15653199 1.65185748 75.08787608
111300 -0.15705643 1.64948623 74.91771396
111400 -0.17002683 1.62406756 76.15630717
111500 -0.20536668 1.63441036 91.19414436
111600 -0.18980472 1.66159994 89.03112929
111700 -0.19159650 1.64284154 86.87576121
111800 -0.20814554 1.63675202 92.64194722
111900 -0.21072321 1.62050619 91.60764824
112000 -0.20596946 1.64211475 92.50390220
112100 -0.21832699 1.63011996 95.96433900
112200 -0.23047643 1.64828277 103.64886961
112300 -0.20672795 1.64040300 92.57031399
112400 -0.17255554 1.65858150 81.97286073
112500 -0.22613933 1.65722636 103.15743064
112600 -0.18822577 1.66458452 88.90365559
112700 -0.16852779 1.66828129 82.06566151
112800 -0.22256498 1.62190136 96.71055090
112900 -0.19394895 1.61237631 83.91210408
113000 -0.19111505 1.64497104 86.99379401
113100 -0.20213297 1.67293991 95.80957016
113200 -0.19809899 1.62848960 87.49619196
113300 -0.17843050 1.65393718 83.45314867
113400 -0.19239260 1.61494242 83.59185819
113500 -0.19268153 1.60903703 83.04392956
113600 -0.19076769 1.63580003 85.57051981
113700 -0.14852846 1.67714604 76.42640293
113800 -0.18128416 1.62473988 80.46882461
113900 -0.18596581 1.64468194 84.95123361
114000 -0.20866310 1.64270096 93.68454777
114100 -0.21874315 1.63828702 97.23456470
114200 -0.19507799 1.65189225 89.57893605
114300 -0.21609134 1.64913435 97.68652701
114400 -0.18143349 1.63294955 81.58354475
114500 -0.15675429 1.64983059 74.86141655
114600 -0.16143153 1.63622925 74.59557879
114700 -0.14237762 1.64213752 68.71275541
114800 -0.19778635 1.63254173 87.90064643
114900 -0.25112053 1.63791382 111.26497809
115000 -0.19758159 1.66488612 92.62927525
115100 -0.18064509 1.64851730 83.47403656
115200 -0.14237126 1.59525610 63.14590358
115300 -0.17695292 1.67153210 85.75838189
115400 -0.20600766 1.67699545 98.08480356
115500 -0.15773710 1.62055780 71.25500976
115600 -0.16677761 1.64835926 78.26814040
115700 -0.20014319 1.64073492 89.96044371
115800 -0.16028696 1.62734766 73.01205998
115900 -0.18315353 1.63206474 82.12386336
116000 -0.15888931 1.68825738 82.12119025
116100 -0.20016012 1.65040662 91.37513619
116200 -0.22490344 1.63024699 98.75360481
116300 -0.19338432 1.63371232 86.31510443
116400 -0.19425739 1.62664956 85.73950066
116500 -0.20984036 1.63017697 92.45758408
116600 -0.22489987 1.63678150 99.62454158
116700 -0.21294787 1.61222590 91.56029809
116800 -0.18240331 1.59457044 77.58792958
116900 -0.15545422 1.66155109 76.22322959
117000 -0.20212235 1.60057663 85.90902061
117100 -0.15658884 1.66292691 76.85038916
117200 -0.21986379 1.66575322 101.87986715
117300 -0.17109766 1.66237484 82.03953064
117400 -0.18430717 1.67987716 90.02389787
117500 -0.16116336 1.63431373 74.23957486
117600 -0.18888698 1.64853976 86.64857128
117700 -0.16407849 1.66479373 79.85505963
117800 -0.12409037 1.64607978 63.18693513
117900 -0.17991584 1.59574935 76.75199324
118000 -0.21529650 1.63039970 94.73763137
118100 -0.18391357 1.62573006 81.59883944
118200 -0.21223043 1.62119450 92.31101858
118300 -0.18767298 1.64691388 85.93701514
118400 -0.23935074 1.63239631 105.27892636
118500 -0.15022749 1.68224899 77.93699266
118600 -0.16206389 1.61041679 71.64106333
118700 -0.18715514 1.61439526 81.48769104
118800 -0.17638602 1.67654721 86.41767911
118900 -0.18191102 1.63752858 82.38506957
119000 -0.19412772 1.63734044 87.09953003
119100 -0.18927939 1.60607644 81.39532680
119200 -0.14669407 1.66872206 74.33195569
119300 -0.16029748 1.65187754 76.44053227
119400 -0.18735904 1.63288889 83.85324282
119500 -0.16473828 1.68665850 83.93770300
119600 -0.18638058 1.64168952 84.68293521
119700 -0.16831705 1.66637219 81.66857535
119800 -0.21463333 1.62876590 94.25072921
119900 -0.17282952 1.61891635 76.57147231
120000 -0.21009023 1.63548120 93.26457560
120100 -0.18698798 1.63381964 83.83369775
120200 -0.18857620 1.63509270 84.62075073
120300 -0.19090080 1.65704648 88.73351416
120400 -0.21543203 1.60598001 91.90776684
120500 -0.21043145 1.62071645 91.51321705
120600 -0.19117098 1.62097721 83.82510996
120700 -0.22921294 1.64989805 103.34658611
120800 -0.21436074 1.67756876 101.61274251
120900 -0.22745355 1.63137928 99.98852432
121000 -0.23976353 1.60163961 101.86128454
121100 -0.14962327 1.65635553 73.34174035
121200 -0.20900890 1.64325202 93.90471172
121300 -0.19180817 1.63455408 85.80922231
121400 -0.20605473 1.60803205 88.27568470
121500 -0.17206149 1.62078667 76.50958820
121600 -0.19105409 1.66700575 90.40711285
121700 -0.22046827 1.64364559 98.71380848
121800 -0.14662175 1.67344840 75.11549250
121900 -0.17308185 1.67498859 84.90553748
122000 -0.18607359 1.59658551 79.19078833
122100 -0.20010102 1.61498869 86.65161233
122200 -0.16094104 1.64891056 76.22639387
122300 -0.16268427 1.65621041 77.97078595
122400 -0.15175221 1.66411458 75.33160677
122500 -0.19594982 1.64464959 88.84988109
122600 -0.21027154 1.61756883 91.07258366
122700 -0.19471943 1.65150223 89.37817580
122800 -0.16416850 1.67356979 81.37258632
122900 -0.17229595 1.64362116 79.61565652
123000 -0.17448868 1.65250055 81.74909438
123100 -0.14249272 1.62838207 66.89161019
123200 -0.20589432 1.66541133 96.05555615
123300 -0.19422171 1.65158945 89.19505787
123400 -0.15613346 1.68022049 79.65523481
123500 -0.15504458 1.69826852 82.68353114
123600 -0.21516094 1.66015328 99.00383877
123700 -0.23726561 1.61791385 102.55244322
123800 -0.17868902 1.66462409 85.25323222
123900 -0.16858862 1.62271822 75.45866599
124000 -0.21601514 1.63695226 95.91225900
124100 -0.19517805 1.61614106 84.82722000
124200 -0.17325037 1.63495039 78.76372497
124300 -0.22083679 1.61546735 95.21815713
124400 -0.18554744 1.66893587 88.59307880
124500 -0.13345908 1.62501392 63.41171905
124600 -0.21357826 1.65542055 97.60126405
124700 -0.17190686 1.63012072 77.62305740
124800 -0.19126526 1.67000527 90.99514742
124900 -0.21528901 1.61147674 92.44601104
125000 -0.17087545 1.64778896 79.69508735
125100 -0.19148071 1.64817455 87.60642166
125200 -0.14361806 1.63029688 67.52532380
125300 -0.15936593 1.66576609 78.31113432
125400 -0.15995076 1.64387445 75.13220369
125500 -0.20662890 1.62868981 90.95406334
125600 -0.19350974 1.64749890 88.30292077
125700 -0.21086878 1.61764829 91.32713578
125800 -0.19297134 1.62947403 85.59500061
125900 -0.17524540 1.62029040 77.63944687
126000 -0.15044722 1.66382952 74.82668161
126100 -0.17440104 1.64774588 81.00249218
126200 -0.20958835 1.61134507 90.08016899
126300 -0.19330085 1.61037622 83.43423427
126400 -0.20923779 1.62932533 92.10030354
126500 -0.20767033 1.59558541 87.66583562
126600 -0.21169440 1.63229825 93.49755270
126700 -0.18328925 1.63284692 82.27947658
126800 -0.18716021 1.69602557 94.15952464
126900 -0.21912795 1.66762511 101.88320601
127000 -0.16625314 1.62458383 74.83124490
127100 -0.19478682 1.65392212 89.77432655
127200 -0.18317527 1.68731370 90.95485402
127300 -0.19419882 1.57598429 80.58316014
127400 -0.20657635 1.64956192 93.83654864
127500 -0.19458172 1.64437659 88.26966850
127600 -0.17606765 1.62660349 78.72766249
127700 -0.19666082 1.65232470 90.27131164
127800 -0.19610737 1.60910868 84.40287607
127900 -0.22274346 1.63193063 98.05886311
128000 -0.22636894 1.60142315 96.03856232
128100 -0.17755246 1.66999103 85.72140357
128200 -0.17022911 1.62997249 76.98122312
128300 -0.17396020 1.63524811 79.06913976
128400 -0.22957809 1.61903910 99.35382150
128500 -0.16669669 1.63594149 76.47327441
128600 -0.12520463 1.65146822 64.35033501
128700 -0.15920711 1.61682365 71.33875788
128800 -0.23050400 1.63098341 101.24517525
128900 -0.17408423 1.63950189 79.69989542
129000 -0.18663482 1.66790948 88.84003892
129100 -0.19258900 1.63896976 86.71935858
129200 -0.23051136 1.64067463 102.56469309
129300 -0.22161881 1.65837135 101.42195177
129400 -0.19783234 1.59317413 83.47599417
129500 -0.19334964 1.64786310 88.29371742
129600 -0.16969962 1.62882997 76.63748442
129700 -0.21586966 1.63042848 94.97957953
129800 -0.17451800 1.62600871 78.07096452
129900 -0.16461417 1.66184044 79.56791203
130000 -0.17087407 1.63805533 78.30342707
130100 -0.16215699 1.65579428 77.71477228
130200 -0.19244001 1.65734506 89.38331336
130300 -0.17930092 1.67568727 87.36760134
130400 -0.18241871 1.61369387 79.58518105
130500 -0.16589394 1.65750687 79.34339431
130600 -0.13166619 1.61856871 62.03049927
130700 -0.20538237 1.66827093 96.32498618
130800 -0.20541604 1.62123386 89.52990766
130900 -0.20868333 1.63621815 92.78872327
131000 -0.12352218 1.63794752 61.84806071
131100 -0.18774208 1.62170604 82.57814170
131200 -0.19679523 1.64357321 89.02986090
131300 -0.14891145 1.63820011 70.41923544
131400 -0.15140912 1.63119457 70.35019242
131500 -0.19692236 1.66354977 92.14794387
131600 -0.17732675 1.59401815 75.60744411
131700 -0.19408626 1.62730720 85.75555245
131800 -0.20199903 1.63234545 89.55926883
131900 -0.18672995 1.64228272 84.90221373
132000 -0.18787901 1.66988555 89.65561238
132100 -0.15623811 1.67294342 78.40751002
132200 -0.22333798 1.65101428 101.01017805
132300 -0.16970101 1.64031218 78.18317169
132400 -0.18820515 1.61096655 81.50840748
132500 -0.15760770 1.69739579 83.42418461
132600 -0.25518470 1.61011494 109.65920305
132700 -0.20235038 1.62455645 88.70006823
132800 -0.21479191 1.65130896 97.47336515
132900 -0.21863190 1.63620166 96.90178139
133000 -0.18003612 1.65746308 84.61103794
133100 -0.18644864 1.67762528 90.44664615
133200 -0.18252037 1.61194894 79.42719795
133300 -0.16013384 1.67624869 80.37999240
133400 -0.16986720 1.63465860 77.46734027
133500 -0.19709447 1.65545546 90.92521018
133600 -0.20198425 1.63368055 89.73091506
133700 -0.15001226 1.65660061 73.51616605
133800 -0.15354786 1.65451713 74.43581804
133900 -0.16500390 1.61055324 72.72493249
134000 -0.17809269 1.64249204 81.62903262
134100 -0.21810873 1.64979967 98.62742472
134200 -0.19084793 1.61944200 83.51424692
134300 -0.17289906 1.67664171 85.12800208
134400 -0.19528720 1.59429134 82.57141546
134500 -0.11394942 1.63223807 58.02557378
134600 -0.26716076 1.61826029 116.11233663
134700 -0.17373324 1.66265459 83.06652530
134800 -0.16788454 1.63217314 76.40438809
134900 -0.15296773 1.63855856 71.89234768
135000 -0.19142190 1.63308447 85.46128838
135100 -0.19503279 1.64813755 88.99781784
135200 -0.18230517 1.64309623 83.31688848
135300 -0.19620369 1.63265683 87.28760024
135400 -0.16811901 1.64171381 77.79720331
135500 -0.19306907 1.64006219 87.06035595
135600 -0.13647349 1.64053833 66.48271757
135700 -0.20484332 1.64514184 92.48213410
135800 -0.16623110 1.62696136 75.12220168
135900 -0.16621309 1.64623205 77.74792031
136000 -0.15747330 1.65382085 75.72400784
136100 -0.17399213 1.66144288 82.96696007
136200 -0.22373244 1.65138484 101.23327501
136300 -0.18837693 1.63454590 84.46961882
136400 -0.19961585 1.64001236 89.64814465
136500 -0.18539628 1.63298850 83.10811795
136600 -0.16968869 1.66047569 81.21108555
136700 -0.17565629 1.66074836 83.47883919
136800 -0.24156563 1.60319395 102.81459740
136900 -0.19866831 1.61667551 86.27479698
137000 -0.14094725 1.63565241 67.32330235
137100 -0.20686198 1.62113225 90.10484768
137200 -0.22574012 1.60038003 95.66540104
137300 -0.18008424 1.63966893 81.98572085
137400 -0.16527777 1.66667862 80.60480634
137500 -0.21108073 1.60037899 89.53165597
137600 -0.18733299 1.69133374 93.31772281
137700 -0.20889793 1.62099360 90.91848632
137800 -0.16560664 1.67255045 81.72093771
137900 -0.20645175 1.64603028 93.26393415
138000 -0.20414923 1.66833486 95.83661121
138100 -0.20449963 1.64902449 92.91412340
138200 -0.20486887 1.65763966 94.38453079
138300 -0.19182926 1.65350533 88.54702821
138400 -0.17780574 1.64487370 81.86278181
138500 -0.19786991 1.60505530 84.66853932
138600 -0.19824138 1.62694551 87.35567897
138700 -0.19381697 1.65811997 90.04686486
138800 -0.19583577 1.64624347 89.03655392
138900 -0.16830703 1.67182084 82.58623549
139000 -0.19300634 1.60398487 82.63341954
139100 -0.19269387 1.66019588 89.93559955
139200 -0.19915445 1.63494436 88.76712801
139300 -0.17793851 1.66464435 84.97263975
139400 -0.13720379 1.62043275 64.10522114
139500 -0.15921061 1.63000244 72.96644741
139600 -0.17257779 1.60917796 75.36701871
139700 -0.19809137 1.66358172 92.61785750
139800 -0.17972627 1.66238450 85.28038321
139900 -0.15328778 1.65576685 74.53778260
140000 -0.19805521 1.62609736 87.17424580
140100 -0.20774452 1.64414854 93.51719605
140200 -0.20970595 1.64385298 94.27632320
140300 -0.17465326 1.63939912 79.89858846
140400 -0.18078891 1.68211404 89.08285938
140500 -0.18889461 1.64577710 86.24499111
140600 -0.19784634 1.61321994 85.55023167
140700 -0.23026281 1.62961715 100.96334729
140800 -0.14868278 1.63420034 69.79470748
140900 -0.23096312 1.62823860 101.08717480
141000 -0.20170257 1.62288298 88.23259177
141100 -0.20100910 1.59393157 84.81571811
141200 -0.15705165 1.62536944 71.60168943
141300 -0.20488293 1.62407154 89.66196827
141400 -0.19965052 1.63975083 89.62541747
141500 -0.18741151 1.65061503 86.38628412
141600 -0.14243784 1.64744490 69.50183471
141700 -0.14648707 1.65338227 71.78970627
141800 -0.20270489 1.66765279 95.13934333
141900 -0.14351855 1.62805485 67.20151813
142000 -0.17133548 1.65220032 80.52748708
142100 -0.12798449 1.65606866 65.96562611
142200 -0.17328760 1.65853755 82.23889316
142300 -0.20397328 1.62040717 88.84614994
142400 -0.20536533 1.68169310 98.66671752
142500 -0.18996209 1.64749104 86.91201792
142600 -0.23308557 1.64568448 104.39354018
142700 -0.20790660 1.60065431 88.25954305
142800 -0.21890431 1.65604722 99.91577807
142900 -0.18634266 1.67537173 90.00794840
143000 -0.20611282 1.64609836 93.13617662
143100 -0.15802731 1.62833609 72.32685450
143200 -0.17094145 1.68236124 85.42658953
143300 -0.17763813 1.63872259 80.92725953
143400 -0.19241632 1.61253973 83.32788018
143500 -0.15392878 1.62951373 71.01969351
143600 -0.16145753 1.63659609 74.65501868
143700 -0.13032605 1.63352890 63.47263302
143800 -0.15855682 1.63455096 73.33347658
143900 -0.16344903 1.61535349 72.70081197
144000 -0.16155053 1.64331595 75.62912286
144100 -0.21238886 1.63178814 93.71634269
144200 -0.15828729 1.66347612 77.54711281
144300 -0.20077258 1.66095592 93.26273558
144400 -0.21898447 1.62047578 95.03120080
144500 -0.19008488 1.63529120 85.23495928
144600 -0.18835016 1.63123592 84.01935692
144700 -0.20337772 1.63549877 90.53674924
144800 -0.21864158 1.66001863 100.43336742
144900 -0.17379009 1.62739915 77.97478754
145000 -0.18858114 1.62684758 83.54280570
145100 -0.19092743 1.60241495 81.65653788
145200 -0.14870148 1.64942965 71.96097144
145300 -0.20087420 1.61971104 87.51542700
145400 -0.21028160 1.62726135 92.26322159
145500 -0.23637805 1.62338955 102.82539222
145600 -0.18962538 1.65537663 87.97491843
145700 -0.19591974 1.68527344 95.53934445
145800 -0.19821990 1.63161480 87.95077262
145900 -0.19997914 1.61706024 86.84320481
146000 -0.20897106 1.65656185 95.88446829
146100 -0.18956925 1.62272265 83.41252495
146200 -0.18558465 1.64836602 85.34399912
146300 -0.23173164 1.61510840 99.82107866
146400 -0.18047725 1.59766243 77.15044247
146500 -0.20001484 1.62210368 87.46058945
146600 -0.18786418 1.62899603 83.53929959
146700 -0.17541009 1.66500250 84.07928070
146800 -0.15109096 1.68081127 77.97878915
146900 -0.19474172 1.62185902 85.33532452
147000 -0.15587529 1.66703231 77.27350652
147100 -0.14488169 1.66241052 72.66027734
147200 -0.16694128 1.65840986 79.86979190
147300 -0.13161062 1.65627434 67.19363460
147400 -0.13870189 1.62829484 65.58926785
147500 -0.18483443 1.65755615 86.46073986
147600 -0.15588652 1.65531482 75.38895575
147700 -0.21837552 1.61227863 93.82228439
147800 -0.16794296 1.65432648 79.59934408
147900 -0.17643139 1.61897426 77.92773410
148000 -0.19935286 1.62761614 87.88429331
148100 -0.15531725 1.66478258 76.70182184
148200 -0.19807395 1.63179995 87.91704663
148300 -0.17599703 1.62685174 78.73256461
148400 -0.21647648 1.59589470 91.32422605
148500 -0.24467750 1.62953841 107.25913858
148600 -0.16830705 1.62150069 75.20625156
148700 -0.21019166 1.65114741 95.55137002
148800 -0.20594028 1.62858587 90.66091962
148900 -0.19468426 1.64669527 88.64758334
149000 -0.17451210 1.66219825 83.28379426
149100 -0.16847202 1.63821830 77.43796308
149200 -0.17257253 1.68256128 86.06945612
149300 -0.18862621 1.64149801 85.52600899
149400 -0.22688884 1.65274590 102.78269463
149500 -0.21139992 1.66484413 98.21173926
149600 -0.19887870 1.62288239 87.10215014
149700 -0.18689914 1.66540658 88.52513949
149800 -0.20067284 1.62500767 88.08281991
149900 -0.20809362 1.60563346 88.84941415
150000 -0.16811356 1.68042009 84.02950306
150100 -0.17792699 1.62868216 79.69395310
150200 -0.17993556 1.61453082 78.73416858
150300 -0.21809108 1.66972109 101.80270036
150400 -0.20014070 1.67485756 95.34387330
150500 -0.16288658 1.68073261 82.17547258
150600 -0.17576064 1.62274648 78.13137950
150700 -0.19620510 1.63406803 87.47635940
150800 -0.16556067 1.64439083 77.24165715
150900 -0.18551821 1.66485818 87.90125648
151000 -0.18784392 1.65277272 86.88120342
151100 -0.19811370 1.65420355 91.13662557
151200 -0.16256226 1.67463868 80.97503017
151300 -0.21342705 1.65750803 97.86535453
151400 -0.19156203 1.62640151 84.64908078
151500 -0.19004299 1.63209215 84.79093624
151600 -0.19043351 1.63197766 84.92821522
151700 -0.19202299 1.63459235 85.89856373
151800 -0.17523454 1.64979037 81.61905799
151900 -0.18590072 1.66526025 88.11515738
152000 -0.17694757 1.67973214 87.19655544
152100 -0.22564589 1.64493456 101.09022546
152200 -0.17580939 1.65215903 82.19253432
152300 -0.18960402 1.64094164 85.82791817
152400 -0.18216108 1.68854309 90.79779151
152500 -0.19960669 1.63633904 89.13691921
152600 -0.18809910 1.65654354 87.56339769
152700 -0.22156124 1.64065184 98.74840766
152800 -0.17393433 1.65977785 82.67792335
152900 -0.20103564 1.66536645 94.08782397
153000 -0.16656410 1.64756581 78.07245521
153100 -0.19388850 1.67260112 92.46965002
153200 -0.17783761 1.66357973 84.75979279
153300 -0.18286877 1.65013508 84.56452029
153400 -0.20186264 1.66743889 94.76468013
153500 -0.13686872 1.63932130 66.44548039
153600 -0.17336960 1.60498634 75.21349384
153700 -0.15813864 1.64127338 74.11072734
153800 -0.18030648 1.68261695 88.99098606
153900 -0.16830101 1.66980915 82.24038953
154000 -0.19268084 1.65862236 89.67964799
154100 -0.19596956 1.66009859 91.21172652
154200 -0.18847729 1.66824240 89.61005459
154300 -0.14582354 1.60871773 65.70673304
154400 -0.21248520 1.66488709 98.66589703
154500 -0.20210873 1.63231947 89.59993533
154600 -0.16528708 1.64366964 77.03781044
154700 -0.15575554 1.69757959 82.79984964
154800 -0.20536528 1.63309394 91.01750393
154900 -0.20120155 1.63644223 89.78958143
155000 -0.18450800 1.65438329 85.84029976
155100 -0.22044544 1.62101377 95.70935022
155200 -0.21853791 1.62760983 95.72912507
155300 -0.15858754 1.70762343 85.84625359
155400 -0.15565628 1.67796151 79.08084382
155500 -0.13856724 1.69592607 76.50740252
155600 -0.20171868 1.61603270 87.42074097
155700 -0.20656681 1.61121121 88.83225175
155800 -0.19500125 1.65502484 90.02934440
155900 -0.16447209 1.64068002 76.31538619
156000 -0.17103028 1.64574180 79.45207106
156100 -0.18881765 1.61005046 81.64513291
156200 -0.16434554 1.65848541 78.93264922
156300 -0.17966673 1.63851767 81.66698502
156400 -0.20304921 1.63273800 90.03401977
156500 -0.19196456 1.67338535 91.84934701
156600 -0.18153069 1.59932030 77.71509286
156700 -0.22418450 1.66092091 102.91401341
156800 -0.16292184 1.64320767 76.11034813
156900 -0.20845432 1.66028622 96.26330318
157000 -0.16480651 1.65927023 79.22539844
157100 -0.18073600 1.62930519 80.83986639
157200 -0.16128888 1.67940358 81.35764861
157300 -0.19093137 1.64020794 86.24279976
157400 -0.17534011 1.65156453 81.92600315
157500 -0.16146873 1.63376418 74.27624912
157600 -0.15378395 1.64129826 72.56414055
157700 -0.20551075 1.64468509 92.68636987
157800 -0.13296270 1.64129123 65.41368404
157900 -0.21018938 1.64743308 94.99592019
158000 -0.23206421 1.65742085 105.73040369
158100 -0.20951198 1.65609101 96.03223103
158200 -0.20861859 1.61642173 90.26158758
158300 -0.16480488 1.60765804 72.33642624
158400 -0.21006685 1.62193110 91.51100721
158500 -0.16059832 1.64005875 74.82380143
158600 -0.18044075 1.67359195 87.43466310
158700 -0.14981200 1.62205476 68.63289820
158800 -0.17588198 1.63727473 80.06580739
158900 -0.20902720 1.66653086 97.51788887
159000 -0.22660175 1.61811767 97.97041809
159100 -0.20970716 1.68114050 100.33592016
159200 -0.18116016 1.64829326 83.63697997
159300 -0.14883365 1.65216914 72.42017980
159400 -0.18425624 1.66288223 87.09174094
159500 -0.14225783 1.67997318 74.76538444
159600 -0.13172663 1.61197764 61.29077465
159700 -0.20614903 1.64437372 92.90040374
159800 -0.22554465 1.64863665 101.59055041
159900 -0.20141817 1.66581653 94.31583380
160000 -0.16811891 1.65739146 80.14180003
160100 -0.17062051 1.63103604 77.26500365
160200 -0.18114765 1.64307267 82.87165895
160300 -0.17188645 1.61251192 75.47923226
160400 -0.15891141 1.63787947 73.91407394
160500 -0.16958736 1.67434273 83.49510094
160600 -0.18675443 1.64929888 85.93457351
160700 -0.22840365 1.64468024 102.23102898
160800 -0.24846583 1.65279356 112.23373411
160900 -0.19296355 1.61381254 83.68682405
161000 -0.16045974 1.66293640 78.23974809
161100 -0.17535428 1.62557480 78.32993376
161200 -0.18560438 1.64617169 85.02845244
161300 -0.19167531 1.65390274 88.54780014
161400 -0.22107477 1.62055800 95.91909854
161500 -0.17751677 1.67128841 85.92931314
161600 -0.19362966 1.65093731 88.86318996
161700 -0.18061256 1.60613849 78.06564870
161800 -0.11434396 1.63311990 58.26651750
161900 -0.15518124 1.61617898 69.82563470
162000 -0.18843443 1.64649423 86.17093144
162100 -0.18986147 1.65701926 88.32350533
162200 -0.19820840 1.63405966 88.27095962
162300 -0.19768131 1.60588931 84.68148648
162400 -0.19969150 1.63079357 88.43012742
162500 -0.16266277 1.65671804 78.04241361
162600 -0.19042019 1.66066703 89.12090860
162700 -0.21222815 1.61138276 91.16908428
162800 -0.18037104 1.67803040 88.18847604
162900 -0.20537610 1.65804485 94.65397993
163000 -0.19493928 1.66156988 91.04093113
163100 -0.21645171 1.63660723 96.04678198
163200 -0.16448607 1.66372527 79.82803042
163300 -0.17478913 1.64623592 80.92591750
163400 -0.16862514 1.61687251 74.77183975
163500 -0.21875278 1.65481102 99.66017212
163600 -0.11959068 1.63925791 60.76548388
163700 -0.21168661 1.64026458 94.58000668
163800 -0.21716910 1.65704942 99.34728743
163900 -0.19117840 1.64611971 87.18575524
164000 -0.23010327 1.63064746 101.02879131
164100 -0.17577509 1.63008648 79.06470508
164200 -0.18148842 1.61782284 79.70781900
164300 -0.20965200 1.62196716 91.34537328
164400 -0.18436745 1.67060076 88.42147693
164500 -0.24460147 1.63824344 108.39085774
164600 -0.22078786 1.60976221 94.55508262
164700 -0.20467668 1.63088026 90.44642717
164800 -0.17916681 1.61817963 78.86694524
164900 -0.18138047 1.67529466 88.08963973
165000 -0.21848892 1.63738467 97.00376133
165100 -0.15747158 1.65206628 75.45504349
165200 -0.17552495 1.63953637 80.24469352
165300 -0.15751432 1.67458379 79.14799626
165400 -0.14941953 1.66939404 75.39417250
165500 -0.21534201 1.60369740 91.63106789
165600 -0.16684720 1.64145619 77.29336063
165700 -0.20774961 1.66470277 96.69337278
165800 -0.19887202 1.63613521 88.81584214
165900 -0.16502240 1.67275932 81.54356648
166000 -0.17722619 1.65411226 83.02509377
166100 -0.22338167 1.62370382 97.27733552
166200 -0.19257164 1.64752512 87.93807633
166300 -0.16463579 1.62006216 73.68709095
166400 -0.16918113 1.65368873 79.95746829
166500 -0.13942905 1.70306539 78.22381611
166600 -0.22952285 1.64672282 103.00873146
166700 -0.21297275 1.62544858 93.14192059
166800 -0.17807980 1.65104429 82.87935728
166900 -0.16740886 1.62012272 74.70937026
167000 -0.16876246 1.69905938 87.80519305
167100 -0.19961838 1.65786043 92.30738214
167200 -0.24553131 1.63280700 108.06792492
167300 -0.17905848 1.62652399 79.84682391
167400 -0.18434303 1.63590160 83.09440398
167500 -0.21617358 1.64649795 97.33104925
167600 -0.15072935 1.65713456 73.85117560
167700 -0.23119494 1.62959371 101.36180411
167800 -0.19162427 1.67575041 92.12888698
167900 -0.14593920 1.62958175 68.23267875
168000 -0.22622177 1.63066961 99.36977067
168100 -0.19501704 1.64518987 88.55927840
168200 -0.21187627 1.62603259 92.76313741
168300 -0.21597255 1.64708380 97.33340224
168400 -0.18969448 1.63570100 85.13827343
168500 -0.17435800 1.66393024 83.50851945
168600 -0.18140708 1.65201639 84.29017285
168700 -0.15958891 1.65580476 76.78965445
168800 -0.18900774 1.64323754 85.92200649
168900 -0.21559112 1.59284630 90.66820602
169000 -0.18315273 1.64515725 83.93832075
169100 -0.20554734 1.59958657 87.19306462
169200 -0.16964914 1.61684188 75.14625730
169300 -0.16728791 1.68634563 84.81255201
169400 -0.16737769 1.63527512 76.63286377
169500 -0.17508859 1.62812952 78.55431079
169600 -0.19510249 1.65927345 90.73700255
169700 -0.17390743 1.66893658 84.17316789
169800 -0.14298049 1.68896986 76.67261060
169900 -0.15037261 1.64417482 71.77367277
170000 -0.14693310 1.64668919 70.94014663
170100 -0.17982390 1.64793942 83.07613491
170200 -0.17463243 1.64036454 80.02582873
170300 -0.17538858 1.66176775 83.54269455
170400 -0.21820111 1.61468140 94.02199428
170500 -0.19423611 1.62888645 86.01691215
170600 -0.19184177 1.63454516 85.82118742
170700 -0.19135506 1.66952685 90.94906659
170800 -0.20169950 1.66688689 94.60685942
170900 -0.20561326 1.67956645 98.38311373
171000 -0.14867005 1.63995927 70.57970164
171100 -0.15241479 1.64176891 72.14730575
171200 -0.23751783 1.66055361 108.59965632
171300 -0.24032471 1.64809810 107.90944794
171400 -0.15156746 1.63888064 71.44375467
171500 -0.17566938 1.62635238 78.54620498
171600 -0.14285414 1.66173980 71.85436083
171700 -0.13986923 1.64716995 68.58504155
171800 -0.18978590 1.64131101 85.95092422
171900 -0.19149643 1.62659022 84.64726897
172000 -0.18236796 1.61431479 79.63656331
172100 -0.24563352 1.63102547 107.87845257
172200 -0.20525433 1.66247285 95.31424850
172300 -0.19441142 1.66335584 91.12275000
172400 -0.20237932 1.62566305 88.85016141
172500 -0.18468896 1.64410707 84.37622296
172600 -0.13504197 1.63981767 65.90104980
172700 -0.14816541 1.65134543 72.06229674
172800 -0.20591172 1.63328698 91.26487026
172900 -0.21334634 1.61650386 92.21417475
173000 -0.14245172 1.62047556 65.89377234
173100 -0.17176036 1.67819967 84.98044436
173200 -0.20171547 1.63533922 89.84601023
173300 -0.18441015 1.64652843 84.62087136
173400 -0.16717897 1.60513710 72.93710398
173500 -0.20868456 1.66838722 97.68866183
173600 -0.16468429 1.65474861 78.47088265
173700 -0.16744029 1.67103973 82.13347858
173800 -0.13237822 1.67066271 69.80052138
173900 -0.19355186 1.64342991 87.72760259
174000 -0.19451424 1.64457521 88.27173884
174100 -0.18636023 1.61806860 81.60721245
174200 -0.20693385 1.63366776 91.73111553
174300 -0.17783592 1.65560417 83.48632210
174400 -0.18165399 1.64749478 83.70723883
174500 -0.19682058 1.60506188 84.25228604
174600 -0.21835682 1.64486876 98.00469553
174700 -0.18519442 1.65869059 86.77872363
174800 -0.16592505 1.66625148 80.77034792
174900 -0.20353348 1.65184032 92.94737724
175000 -0.22003024 1.66189180 101.31717771
175100 -0.19565963 1.61892628 85.34499997
175200 -0.18158210 1.64642886 83.52315425
175300 -0.19160531 1.64648472 87.40624727
175400 -0.18505173 1.65707347 86.46845673
175500 -0.15409743 1.65858113 75.26648228
175600 -0.22642096 1.63165763 99.58428492
175700 -0.14262281 1.61980281 65.87155112
175800 -0.24335693 1.64053096 108.15715893
175900 -0.17081674 1.65404209 80.61701027
176000 -0.18938917 1.62831209 84.04395842
176100 -0.20686550 1.64219879 92.88001691
176200 -0.18374661 1.67280975 88.56233599
176300 -0.17534449 1.66948170 84.80376622
176400 -0.19709622 1.63132865 87.46631213
176500 -0.16349319 1.64246243 76.21142255
176600 -0.16374121 1.68125264 82.58009376
176700 -0.20531646 1.67034672 96.64971655
176800 -0.19501952 1.65503792 90.03858963
176900 -0.18264980 1.63724497 82.62852698
177000 -0.21628822 1.63443799 95.68472747
177100 -0.17700856 1.61697002 77.90871975
177200 -0.17767487 1.60890913 77.24975416
177300 -0.18804427 1.63373233 84.23134478
177400 -0.16896282 1.65565331 80.18075817
177500 -0.23164359 1.63842069 102.73823668
177600 -0.19874693 1.62904550 87.82592960
177700 -0.22999745 1.57976943 95.63048526
177800 -0.15375450 1.64688644 73.35893735
177900 -0.22539316 1.62847080 98.73204414
178000 -0.18914265 1.60412265 81.13676401
178100 -0.19472152 1.67048623 92.43531767
178200 -0.14992103 1.65654244 73.47513082
178300 -0.18435447 1.65772727 86.30312437
178400 -0.24406904 1.61608196 105.33616607
178500 -0.20505683 1.62852723 90.29514351
178600 -0.22544251 1.62584783 98.41950272
178700 -0.19331500 1.64404582 87.72294327
178800 -0.20501987 1.65977392 94.78439789
178900 -0.19625659 1.62786501 86.68437296
179000 -0.15462717 1.59991540 67.87175991
179100 -0.19776110 1.63011947 87.57248483
179200 -0.20465324 1.66452924 95.40705599
179300 -0.22231357 1.64163935 99.20522826
179400 -0.17474539 1.65391644 82.06218873
179500 -0.18001344 1.67432162 87.39912017
179600 -0.16651196 1.67207101 81.96972301
179700 -0.20062976 1.64653533 90.98840407
179800 -0.19028887 1.66486134 89.75233302
179900 -0.16291524 1.64210986 75.95134005
180000 -0.18512738 1.66606100 87.94967763
180100 -0.15484914 1.62947266 71.34054184
180200 -0.19126545 1.63508122 85.66779488
180300 -0.19792521 1.60706858 84.90407529
180400 -0.19451496 1.64330097 88.08861253
180500 -0.19346060 1.63766564 86.88153619
180600 -0.16866559 1.68191789 84.50421845
180700 -0.20610889 1.62211698 89.91849264
180800 -0.24525421 1.61689029 105.95732483
180900 -0.17000995 1.64668853 79.21244212
181000 -0.23640614 1.64605577 105.89130559
181100 -0.17038185 1.65210132 80.15876397
181200 -0.21077216 1.63460725 93.42644005
181300 -0.19835378 1.63444113 88.38007378
181400 -0.17526159 1.65039824 81.72044640
181500 -0.15475387 1.62873071 71.21095321
181600 -0.16542981 1.65480172 78.75126126
181700 -0.15541158 1.59129383 67.32597887
181800 -0.18005841 1.60773484 78.02559731
181900 -0.15780390 1.68239882 80.64648134
182000 -0.20858932 1.65207985 95.03675861
182100 -0.22138109 1.63918597 98.46737831
182200 -0.18626317 1.64216079 84.70446222
182300 -0.19747280 1.64957787 90.17908415
182400 -0.16879688 1.66015053 80.82966468
182500 -0.19323441 1.64678387 88.08940396
182600 -0.20244109 1.62339338 88.59237908
182700 -0.17334838 1.63067755 78.23281670
182800 -0.19105490 1.64380131 86.80137324
182900 -0.14557958 1.63421641 68.71964533
183000 -0.19058563 1.62906499 84.60745250
183100 -0.19770703 1.60690071 84.79932201
183200 -0.11479002 1.69232021 68.03990907
183300 -0.18310227 1.67258997 88.27732324
183400 -0.20586277 1.60358609 87.72733144
183500 -0.16482842 1.64706196 77.36349815
183600 -0.25099009 1.59085273 105.82314114
183700 -0.16625950 1.64518179 77.61188552
183800 -0.18676277 1.63537711 83.95619980
183900 -0.14115259 1.68885227 76.02513282
184000 -0.21890740 1.64904918 98.84953247
184100 -0.21444874 1.60684742 91.59206343
184200 -0.19022368 1.61788510 83.08571053
184300 -0.16562761 1.64098143 76.77965796
184400 -0.22214292 1.63867677 98.71794443
184500 -0.19180798 1.60190526 81.94908864
184600 -0.18784210 1.66481382 88.79254468
184700 -0.20744439 1.63694508 92.38244441
184800 -0.15311493 1.66148029 75.38301994
184900 -0.20533612 1.66431022 95.64760810
185000 -0.15702175 1.67773587 79.52728421
185100 -0.19568809 1.63825293 87.84147077
185200 -0.17404659 1.63865439 79.56794423
185300 -0.12112836 1.67198318 66.35082105
185400 -0.16404874 1.64533230 76.82648101
185500 -0.20510550 1.63081776 90.61187661
185600 -0.19716886 1.63684299 88.23455271
185700 -0.14934628 1.63808185 70.55471181
185800 -0.17286313 1.66090529 82.45871334
185900 -0.21118159 1.61705475 91.38605838
186000 -0.18635196 1.62091997 81.94473832
186100 -0.19430701 1.63245622 86.51133325
186200 -0.16198998 1.66394210 78.95688064
186300 -0.19455659 1.65451990 89.77564872
186400 -0.15834444 1.66148576 77.24419360
186500 -0.23231571 1.60831666 99.31468413
186600 -0.18270807 1.63381985 82.18660885
186700 -0.18738196 1.63356593 83.95232088
186800 -0.20917819 1.63354779 92.63090353
186900 -0.19733443 1.66406282 92.39563003
187000 -0.18550381 1.64461299 84.76305273
187100 -0.20678608 1.65054266 94.06900545
187200 -0.21762717 1.64720454 98.04081267
187300 -0.19132377 1.63091197 85.13611847
187400 -0.19412494 1.64423670 88.06934697
187500 -0.19056871 1.59491478 80.77636611
187600 -0.19378180 1.62829586 85.76196492
187700 -0.19566895 1.63754822 87.73671662
187800 -0.21075296 1.59075038 88.47681256
187900 -0.18595752 1.63696755 83.86165881
188000 -0.17056028 1.61208012 74.93843812
188100 -0.14399053 1.61971022 66.33001108
188200 -0.19226831 1.59666479 81.60925610
188300 -0.21111432 1.61125050 90.69582912
188400 -0.16772453 1.64209168 77.70568891
188500 -0.21060598 1.58536104 87.94189013
188600 -0.16915716 1.61032273 74.22405499
188700 -0.21823447 1.63482270 96.54861560
188800 -0.22365923 1.61152775 95.96278893
188900 -0.22107697 1.64208437 98.74689210
189000 -0.21047270 1.61816416 91.22530141
189100 -0.17836330 1.62936419 79.94694125
189200 -0.15634824 1.65729139 75.86232316
189300 -0.22433198 1.64278657 100.22281714
189400 -0.21842408 1.62722787 95.63282051
189500 -0.18088194 1.63468418 81.60544206
189600 -0.17322607 1.63739563 79.08762959
189700 -0.17900099 1.65397013 83.67427458
189800 -0.16761801 1.67865566 83.53042292
189900 -0.15219584 1.64947340 73.19210266
190000 -0.19784171 1.64134927 89.12881960
190100 -0.16552586 1.70038831 86.88231532
190200 -0.15114289 1.64024346 71.48477869
190300 -0.15812411 1.65098443 75.52458889
190400 -0.17577612 1.63906159 80.27291046
190500 -0.16515748 1.62146224 74.04653139
190600 -0.20315714 1.64168771 91.30554471
190700 -0.13586168 1.68211686 72.98480877
190800 -0.13221724 1.65188933 66.71933177
190900 -0.18116620 1.66946981 87.00384180
191000 -0.19415147 1.66472239 91.24442218
191100 -0.14987857 1.67019900 75.69135815
191200 -0.19259547 1.63216567 85.79948244
191300 -0.15478585 1.66597821 76.71088193
191400 -0.14213540 1.65452551 70.46738085
191500 -0.19098208 1.64010544 86.24826029
191600 -0.21534224 1.62971405 94.66745442
191700 -0.17181492 1.68901918 86.98729138
191800 -0.16680699 1.64102037 77.21705566
191900 -0.19686937 1.61708403 85.60698231
192000 -0.15763730 1.70246534 84.44832448
192100 -0.16518915 1.62104433 74.00742200
192200 -0.23668175 1.58815782 99.23137430
192300 -0.15454085 1.63259809 71.64073319
192400 -0.18027107 1.60528069 77.84505515
192500 -0.19315350 1.65229665 88.88197115
192600 -0.17728265 1.67889485 87.17278343
192700 -0.21332458 1.66971637 99.82042611
192800 -0.18776856 1.67495176 90.48628678
192900 -0.21498626 1.64325875 96.36833285
193000 -0.18647758 1.66812917 88.81617043
193100 -0.15118580 1.63911222 71.34183897
193200 -0.22476407 1.59530578 94.75385406
193300 -0.18954307 1.67252494 90.75433043
193400 -0.19081785 1.62708165 84.44417108
193500 -0.10958966 1.70225455 68.37632818
193600 -0.16173619 1.65638969 77.65540358
193700 -0.23571780 1.65870402 107.51848243
193800 -0.20730862 1.66626517 96.77221205
193900 -0.21720261 1.62248703 94.53054376
194000 -0.19250572 1.59796914 81.82934496
194100 -0.21177006 1.62208033 92.22909505
194200 -0.20538846 1.64294257 92.38618997
194300 -0.16942291 1.63195003 76.94204860
194400 -0.16922522 1.65867215 80.75205932
194500 -0.18099686 1.66189794 85.68477365
194600 -0.18013655 1.65080015 83.62224206
194700 -0.19743621 1.61929344 86.09323136
194800 -0.19821691 1.62999871 87.73818484
194900 -0.19824974 1.65188459 90.83589241
195000 -0.17649752 1.63556430 80.06403225
195100 -0.16519286 1.65381539 78.51249772
195200 -0.23261978 1.64146153 103.58561784
195300 -0.14027166 1.64269320 68.07307708
195400 -0.17378417 1.64553337 80.44728468
195500 -0.16399738 1.66372364 79.64976209
195600 -0.21500926 1.62276839 93.65238222
195700 -0.22616036 1.66792034 104.90494776
195800 -0.17058477 1.62367727 76.31456961
195900 -0.15291873 1.62147095 69.65341137
196000 -0.18187983 1.66844776 87.10342476
196100 -0.19378828 1.65791144 90.00261674
196200 -0.14511207 1.63062374 68.08245193
196300 -0.21602640 1.66256720 99.75303212
196400 -0.18379081 1.66981050 88.06549670
196500 -0.20267412 1.64322577 91.33003459
196600 -0.19944984 1.64114091 89.74046624
196700 -0.16169361 1.68111329 81.81214537
196800 -0.21656555 1.65713318 99.10884684
196900 -0.21470315 1.64797095 96.93705088
197000 -0.21850473 1.65829552 100.10184273
197100 -0.19864414 1.67243488 94.32547140
197200 -0.18590068 1.66422291 87.94424763
197300 -0.18662388 1.65507672 86.76340804
197400 -0.19055511 1.67106245 90.89782845
197500 -0.16827633 1.65439561 79.73272857
197600 -0.20449898 1.64670059 92.57024309
197700 -0.16599897 1.62578571 74.88864627
197800 -0.19743759 1.64685064 89.76087469
197900 -0.16844813 1.62479217 75.66355696
198000 -0.17904588 1.66373770 85.24290753
198100 -0.17657195 1.67211308 85.71467331
198200 -0.16572786 1.60788643 72.69817617
198300 -0.20230471 1.63818187 90.47165359
198400 -0.20641981 1.58630297 86.31263257
198500 -0.20450548 1.61646481 88.59436914
198600 -0.16471912 1.63015665 74.98039311
198700 -0.16929686 1.64602281 78.85141513
198800 -0.17788335 1.65088012 82.78031711
198900 -0.21587546 1.67684076 102.11252805
199000 -0.14009652 1.65153363 69.31404233
199100 -0.14986926 1.66857058 75.41226947
199200 -0.20390998 1.66723322 95.55511177
199300 -0.18157844 1.61417912 79.31948762
199400 -0.14639295 1.66365506 73.38552629
199500 -0.20048215 1.63692168 89.56675046
199600 -0.21941812 1.63122609 96.56592488
199700 -0.21924236 1.65233215 99.48461961
199800 -0.16509074 1.62896004 74.96097205
199900 -0.18937925 1.67285773 90.74799713
