0 0.16864745 0.59390798 0.51004759
100 0.11518878 0.47565982 11.32671215
200 0.09380054 0.48822972 11.88545999
300 0.15798573 0.50534708 5.36218650
400 0.14199591 0.49097313 7.62566643
500 0.14441783 0.47195255 9.74276307
600 0.18799781 0.48628038 6.53810188
700 0.16843677 0.50044946 5.45327392
800 0.16339486 0.52318474 3.62025990
900 0.10676019 0.53262603 6.61645694
1000 0.16863610 0.50626922 4.88457635
1100 0.14217868 0.54937873 2.95290881
1200 0.16471465 0.50870479 4.78993586
1300 0.15665617 0.51419512 4.62058258
1400 0.18927426 0.52577803 2.81197081
1500 0.16220162 0.48652595 7.15253848
1600 0.14369515 0.50312816 6.27719428
1700 0.14731552 0.48030400 8.55139373
1800 0.19155013 0.46366084 9.32988406
1900 0.15227833 0.51682239 4.59793618
2000 0.13354935 0.52505151 5.01648200
2100 0.12192385 0.52294213 6.01690002
2200 0.17483742 0.50490660 4.83795497
2300 0.17896268 0.50655562 4.58721069
2400 0.16632997 0.49747650 5.82236901
2500 0.14979301 0.48695277 7.65020897
2600 0.16095978 0.50873314 4.92688879
2700 0.13759545 0.50476215 6.48228788
2800 0.15477159 0.46711573 9.85191854
2900 0.16322174 0.53040344 3.09816058
3000 0.12957971 0.51722271 5.90554889
3100 0.20584979 0.45288378 10.83870105
3200 0.12535560 0.51496284 6.40155271
3300 0.14852466 0.51160142 5.23200947
3400 0.12447958 0.49449208 8.41762780
3500 0.14687328 0.50940799 5.51467999
3600 0.09732189 0.51485033 8.89663018
3700 0.13162207 0.51317017 6.10748036
3800 0.19093402 0.52325894 2.98569080
3900 0.12420150 0.50662874 7.23180223
4000 0.10152197 0.49868154 9.98167606
4100 0.12417101 0.47942106 10.14465864
4200 0.16872730 0.50769944 4.74868706
4300 0.12108012 0.48816647 9.36754326
4400 0.15439612 0.50725311 5.34084946
4500 0.17202987 0.47764691 7.87630338
4600 0.11101872 0.49606283 9.36030201
4700 0.15200205 0.49784302 6.36992560
4800 0.14875736 0.49349007 6.98508641
4900 0.17583886 0.50975975 4.36353190
5000 0.12586439 0.55452675 3.78195275
5100 0.10050235 0.50070668 9.87947205
5200 0.15035576 0.53493010 3.34932094
5300 0.16965122 0.50307585 5.15766956
5400 0.16291149 0.52629873 3.40371751
5500 0.16086601 0.50222334 5.54587273
5600 0.11828466 0.53539813 5.42539856
5700 0.12199062 0.52001412 6.24160214
5800 0.12511981 0.51649083 6.29041261
5900 0.19922894 0.47839180 7.39457449
6000 0.10958088 0.53909461 5.94254142
6100 0.11859268 0.48690495 9.70882081
6200 0.11672222 0.53905648 5.32465078
6300 0.17118636 0.49911931 5.50356958
6400 0.11675352 0.54186141 5.15503644
6500 0.15022496 0.51165769 5.14095874
6600 0.13744471 0.50038918 6.91774021
6700 0.22534607 0.53252579 2.59759609
6800 0.14882028 0.51638080 4.80576705
6900 0.08916743 0.52075789 9.28158537
7000 0.13172037 0.51512495 5.93294054
7100 0.14309638 0.52958630 4.09805596
7200 0.17879103 0.55611991 1.18764147
7300 0.15167763 0.52260713 4.16235397
7400 0.10398350 0.53210693 6.91431823
7500 0.20335531 0.49065314 5.98399690
7600 0.19498927 0.47909930 7.32104346
7700 0.14158758 0.48766503 8.01557838
7800 0.15783769 0.48537423 7.45836323
7900 0.10483937 0.50647248 8.90147086
8000 0.11837321 0.48249962 10.23463611
8100 0.10766408 0.49241943 10.04975051
8200 0.14356122 0.49883343 6.71000537
8300 0.12522522 0.52907720 5.31065547
8400 0.15352338 0.57352386 1.43053136
8500 0.11818867 0.48858287 9.55343459
8600 0.18999949 0.51352028 3.78937591
8700 0.18125313 0.51581627 3.71917275
8800 0.15455668 0.43125446 15.27007681
8900 0.18845364 0.47931715 7.34883451
9000 0.15033087 0.54541999 2.72300023
9100 0.13687284 0.51899766 5.27320892
9200 0.15619307 0.47856129 8.33320406
9300 0.12430444 0.51275782 6.67050820
9400 0.16420321 0.48727589 6.99406704
9500 0.17467468 0.52615652 3.04711561
9600 0.17658672 0.50138920 5.13613544
9700 0.12053746 0.48355964 9.93632632
9800 0.12087198 0.49894536 8.23664170
9900 0.13936351 0.52562984 4.60385202
10000 0.14657121 0.52952868 3.91042137
10100 0.16042957 0.50130388 5.65337139
10200 0.06186071 0.50323847 14.22262840
10300 0.16064140 0.51356912 4.50969853
10400 0.18845185 0.54706442 1.46776764
10500 0.13143405 0.51021014 6.38175417
10600 0.15010918 0.49390071 6.87307695
10700 0.11295996 0.49318972 9.49220182
10800 0.14584561 0.52264114 4.45854568
10900 0.11594452 0.48211939 10.48058095
11000 0.19180934 0.51416138 3.71767810
11100 0.15653599 0.52097632 4.06693118
11200 0.13068247 0.47490953 10.22627257
11300 0.12879097 0.50178782 7.35817899
11400 0.12739734 0.53782808 4.56824703
11500 0.19377997 0.45311436 10.80703943
11600 0.16279423 0.46461833 9.85623243
11700 0.13844254 0.49509983 7.39668334
11800 0.14330432 0.49893325 6.71444448
11900 0.15870658 0.50468917 5.39465052
12000 0.17871804 0.49846212 5.38143165
12100 0.10122865 0.48502294 11.48775167
12200 0.18905972 0.48804363 6.32695921
12300 0.09463982 0.50896126 9.69440938
12400 0.11884525 0.47812289 10.72006197
12500 0.14932896 0.49695571 6.59283993
12600 0.16591463 0.49333373 6.26975293
12700 0.12992162 0.55268265 3.57495542
12800 0.17811455 0.53816710 2.15114015
12900 0.16396782 0.51076714 4.63041034
13000 0.16615573 0.49472816 6.11379783
13100 0.09744341 0.50121827 10.13784220
13200 0.13376336 0.47255977 10.31415178
13300 0.16573104 0.49920960 5.66653262
13400 0.14428198 0.53921198 3.39984039
13500 0.16432092 0.49889331 5.74777956
13600 0.16668760 0.49675547 5.88457463
13700 0.11989544 0.54092226 4.95346044
13800 0.16505404 0.52129961 3.70748544
13900 0.12609966 0.53554185 4.80805733
14000 0.10978389 0.51954893 7.30566035
14100 0.12182840 0.53599324 5.10383246
14200 0.12556415 0.53280926 5.02764559
14300 0.12793859 0.52236637 5.60991413
14400 0.15417571 0.50656552 5.41493372
14500 0.12641045 0.49933482 7.77444997
14600 0.15351597 0.50325759 5.75993002
14700 0.16733870 0.48763711 6.84609005
14800 0.13554624 0.51110493 6.02831039
14900 0.11924292 0.51674192 6.72680652
15000 0.08289903 0.49304559 12.57594152
15100 0.12142027 0.54923390 4.37598546
15200 0.06983476 0.51009450 12.51299359
15300 0.15865545 0.50543972 5.32550929
15400 0.10646776 0.50686838 8.71088928
15500 0.13199626 0.50904013 6.44910396
15600 0.14931123 0.49447301 6.85264888
15700 0.16263159 0.53085624 3.08862865
15800 0.18940030 0.45635369 10.37330813
15900 0.17977347 0.51286153 4.00111304
16000 0.10817799 0.49133616 10.11955612
16100 0.13901962 0.49135889 7.76074904
16200 0.14107826 0.51623447 5.24421814
16300 0.14234137 0.50028173 6.63412525
16400 0.09157700 0.51225917 9.72699984
16500 0.13234603 0.53116312 4.65778796
16600 0.18250040 0.50325151 4.83325354
16700 0.14923789 0.52968243 3.76067606
16800 0.14050811 0.52780414 4.37576395
16900 0.14308359 0.51541583 5.19697973
17000 0.13827690 0.52115861 5.01285293
17100 0.13787712 0.53831916 3.83188895
17200 0.12741273 0.49313866 8.34412870
17300 0.12001065 0.51103973 7.15611254
17400 0.16359465 0.51251254 4.48970303
17500 0.10102229 0.54388862 6.47253715
17600 0.14102246 0.52198943 4.78200022
17700 0.10735811 0.49206233 10.11652969
17800 0.12355876 0.53424380 5.08357053
17900 0.16536481 0.50100587 5.49971675
18000 0.18656836 0.48829571 6.32912914
18100 0.12702386 0.44247525 15.06978255
18200 0.17064239 0.51192171 4.30982694
18300 0.14775165 0.49557478 6.81725806
18400 0.19588636 0.54532536 1.50311933
18500 0.14344778 0.51540649 5.17710778
18600 0.15674012 0.49326858 6.63150701
18700 0.13502045 0.47845991 9.49716728
18800 0.13602237 0.49375188 7.69090030
18900 0.09118381 0.50836637 10.11884304
19000 0.13950241 0.48635912 8.28710451
19100 0.10853952 0.52413764 7.06005863
19200 0.17234971 0.51588356 3.92005722
19300 0.11466130 0.52241239 6.65126508
19400 0.11090545 0.50611850 8.37578709
19500 0.08443899 0.47736035 14.19741461
19600 0.14848261 0.52775086 3.93698962
19700 0.15589099 0.50089136 5.88406335
19800 0.16099078 0.50635897 5.14518105
19900 0.17380273 0.53404561 2.51813897
20000 0.19184000 0.49595775 5.44568770
20100 0.17086918 0.49309693 6.13843533
20200 0.18261599 0.46835308 8.81655818
20300 0.15631334 0.48581431 7.47344831
20400 0.12813988 0.53023044 5.01583382
20500 0.18310891 0.48580422 6.66299271
20600 0.12805362 0.48699806 8.97286044
20700 0.16816012 0.52393151 3.40009676
20800 0.10290714 0.49692661 10.02557367
20900 0.11099984 0.50645299 8.33603620
21000 0.21144715 0.48031772 7.22744297
21100 0.14973301 0.48758781 7.58163485
21200 0.15747475 0.55684673 1.83530081
21300 0.14546652 0.51655615 4.96838849
21400 0.15224214 0.51683898 4.59828388
21500 0.11261104 0.53371184 6.01547550
21600 0.12689417 0.54559312 4.15228552
21700 0.13682925 0.46384030 11.26500318
21800 0.16169501 0.51810975 4.08664244
21900 0.16344833 0.52150764 3.74853757
22000 0.13480253 0.51889733 5.41417623
22100 0.17624840 0.50349913 4.93827766
22200 0.16363087 0.50385350 5.28343155
22300 0.19502942 0.48812160 6.27074115
22400 0.14509846 0.49350097 7.17811081
22500 0.15392503 0.52067980 4.20729843
22600 0.17336725 0.48719668 6.71694572
22700 0.14194117 0.52496306 4.50068535
22800 0.18243438 0.48794572 6.43235641
22900 0.13368617 0.50593084 6.62326566
23000 0.19291946 0.52886145 2.55541332
23100 0.12502035 0.52083401 5.94460118
23200 0.09053270 0.51758871 9.38735553
23300 0.13128129 0.52758000 4.98345880
23400 0.11662419 0.49327453 9.17092573
23500 0.08674904 0.47809482 13.84332572
23600 0.17267839 0.50703471 4.69450815
23700 0.12062970 0.50703879 7.47071595
23800 0.13706558 0.49020721 8.00759951
23900 0.16211199 0.48358492 7.49398676
24000 0.18836532 0.51943096 3.31336764
24100 0.15814296 0.52768888 3.49045462
24200 0.07696399 0.51748957 10.97291564
24300 0.15811913 0.52156580 3.95296546
24400 0.12635979 0.55740286 3.61869845
24500 0.18086688 0.51169674 4.08177124
24600 0.09681049 0.53045806 7.74207819
24700 0.16365634 0.50529419 5.14502605
24800 0.14927191 0.49955841 6.33092655
24900 0.15399525 0.48484780 7.68823346
25000 0.16907424 0.49998167 5.48003431
25100 0.17786658 0.50767059 4.50730410
25200 0.16623262 0.48126841 7.61871310
25300 0.13204395 0.53747536 4.26367731
25400 0.14213342 0.52821243 4.25099816
25500 0.13163570 0.53196702 4.65108176
25600 0.12744366 0.54675689 4.04962580
25700 0.14970058 0.50877939 5.42561517
25800 0.16887029 0.52381809 3.38637088
25900 0.08732113 0.53138545 8.70224165
26000 0.16313244 0.51434549 4.34795602
26100 0.15260381 0.48271082 8.00157493
26200 0.11762620 0.54959816 4.66289477
26300 0.16670898 0.53898506 2.41555756
26400 0.15907568 0.49792643 6.04690689
26500 0.13295548 0.54917762 3.53894101
26600 0.10425545 0.49147164 10.47271270
26700 0.15269778 0.52666118 3.80804142
26800 0.11848317 0.54521593 4.82314434
26900 0.15304934 0.49286696 6.84092588
27000 0.17726937 0.52494276 3.07513506
27100 0.11819220 0.53694772 5.33405312
27200 0.14506405 0.49114785 7.43337449
27300 0.18215047 0.53444385 2.30810743
27400 0.16124668 0.51098185 4.71302526
27500 0.12541296 0.51706385 6.22081584
27600 0.19953862 0.47625053 7.65707169
27700 0.13537257 0.49981800 7.10656851
27800 0.09888359 0.51142525 9.03500756
27900 0.10629543 0.51406525 8.08266378
28000 0.18761317 0.53917913 1.92630596
28100 0.14461332 0.49029695 7.55122163
28200 0.18860351 0.52390689 2.96002074
28300 0.14517060 0.47492348 9.32519965
28400 0.17864682 0.51103384 4.18546816
28500 0.09605176 0.49522003 10.89203933
28600 0.15949239 0.50568177 5.26839721
28700 0.11602525 0.50178628 8.34884635
28800 0.20810814 0.50898160 4.17504562
28900 0.08751355 0.52202136 9.36693527
29000 0.16712776 0.44999315 11.79132042
29100 0.11215306 0.47667660 11.46287315
29200 0.15025984 0.52295200 4.20523858
29300 0.18694606 0.48661460 6.51332715
29400 0.12688619 0.49319310 8.37667133
29500 0.14258023 0.52454027 4.49560093
29600 0.15964050 0.52593435 3.55730484
29700 0.13145210 0.48572082 8.87927297
29800 0.16404062 0.49956292 5.69034179
29900 0.13783144 0.53021245 4.36761653
30000 0.18506984 0.50771697 4.36953376
30100 0.06949979 0.47906189 15.82816525
30200 0.15909081 0.49854273 5.98356912
30300 0.14375735 0.51071330 5.56767561
30400 0.14906089 0.53666304 3.30318204
30500 0.13036539 0.52647357 5.12755710
30600 0.13789819 0.50309722 6.62339196
30700 0.16545344 0.50042874 5.55395004
30800 0.11851798 0.49366651 8.97306532
30900 0.10942999 0.50191722 8.91157901
31000 0.12421545 0.48891465 9.04162683
31100 0.22790318 0.51229673 4.23522542
31200 0.10078998 0.53496395 7.03615778
31300 0.15419483 0.52120506 4.15337781
31400 0.12125176 0.49498553 8.61466203
31500 0.10957625 0.50930717 8.20082247
31600 0.13414322 0.51684353 5.62605725
31700 0.16575702 0.51497600 4.20083073
31800 0.13279902 0.49551254 7.71680021
31900 0.14133176 0.50821127 5.93356736
32000 0.14572347 0.48223699 8.40703440
32100 0.16720676 0.46973605 9.02204726
32200 0.14562201 0.50963813 5.56111669
32300 0.16812289 0.52528330 3.29936723
32400 0.11775131 0.52314771 6.33556043
32500 0.14451943 0.50124377 6.41544356
32600 0.10948323 0.50227366 8.87186154
32700 0.13624004 0.54492654 3.54920958
32800 0.18114186 0.53419270 2.34311530
32900 0.17487273 0.46537222 9.37800885
33000 0.14282208 0.50796023 5.87031628
33100 0.19429661 0.53253214 2.29222047
33200 0.15096540 0.51704785 4.64272576
33300 0.11156957 0.49154353 9.79137386
33400 0.15471666 0.50328947 5.70175332
33500 0.18090547 0.52829160 2.75334791
33600 0.18287386 0.51636715 3.64387886
33700 0.19371683 0.47802902 7.45819889
33800 0.13029814 0.50850200 6.61511655
33900 0.14761609 0.54892190 2.67652307
34000 0.15218543 0.50051282 6.09196617
34100 0.16630802 0.52209131 3.60245651
34200 0.14742296 0.53922702 3.22885016
34300 0.10429895 0.51985271 7.79113895
34400 0.11691032 0.49999601 8.45234642
34500 0.08687161 0.52136947 9.49039665
34600 0.15518917 0.49821701 6.18389338
34700 0.14568866 0.52313012 4.42934966
34800 0.17934736 0.47205436 8.39830878
34900 0.14441260 0.53833143 3.44648577
35000 0.13960179 0.54106143 3.56084914
35100 0.12174432 0.51959990 6.29406341
35200 0.16953099 0.46165707 10.03356328
35300 0.10251307 0.50755420 9.02496326
35400 0.15983704 0.51337308 4.55864352
35500 0.18069008 0.43933247 13.09346426
35600 0.14785027 0.50334434 6.03095557
35700 0.15658486 0.49702560 6.24430107
35800 0.17144141 0.52106460 3.52319523
35900 0.15455948 0.52327037 3.97613831
36000 0.12788322 0.48192726 9.57100078
36100 0.15772103 0.49307641 6.61008264
36200 0.13134480 0.52635748 5.06837874
36300 0.15478463 0.53453418 3.16510204
36400 0.17545373 0.50323378 4.98311014
36500 0.13759185 0.51232374 5.79095165
36600 0.12770148 0.53633627 4.64007350
36700 0.12152181 0.51549340 6.65009546
36800 0.15028605 0.50770025 5.49536021
36900 0.12727006 0.49696719 7.95270192
37000 0.16626465 0.49972212 5.59686321
37100 0.16755755 0.49194786 6.36388848
37200 0.11596013 0.50750489 7.80902294
37300 0.12414078 0.54284198 4.51083038
37400 0.13309582 0.52507454 5.04499677
37500 0.12852867 0.45048820 13.73096510
37600 0.14453328 0.54325701 3.14816212
37700 0.18733718 0.48402345 6.80545300
37800 0.15658321 0.49510522 6.44396630
37900 0.12235956 0.54414261 4.57404263
38000 0.12426899 0.49246481 8.64950210
38100 0.17038266 0.53479737 2.56428477
38200 0.17446900 0.51600194 3.85375329
38300 0.19225772 0.47569227 7.75617670
38400 0.11723446 0.51146699 7.34411441
38500 0.15352196 0.53819544 2.99000577
38600 0.08784653 0.51634572 9.78822048
38700 0.15740807 0.53855222 2.79495129
38800 0.11890397 0.54087301 5.03628332
38900 0.10751341 0.54027752 6.06027182
39000 0.09119041 0.55215731 7.06422543
39100 0.12572239 0.53055845 5.16964553
39200 0.10233841 0.50573086 9.21222813
39300 0.13910146 0.48426888 8.55116278
39400 0.06230548 0.52665133 12.16990451
39500 0.15777686 0.48550461 7.44599453
39600 0.07953805 0.52615567 9.98203347
39700 0.15307437 0.53712060 3.07791719
39800 0.13126369 0.49374922 8.00695408
39900 0.06280223 0.52323381 12.35813721
40000 0.02790665 0.51828793 18.14649232
40100 0.16875874 0.50583502 4.92153023
40200 0.12413880 0.48499324 9.49073850
40300 0.17018554 0.47548759 8.19612057
40400 0.18984908 0.53928739 1.89453098
40500 0.16756024 0.47419414 8.43972551
40600 0.15533843 0.50636420 5.38115992
40700 0.14960865 0.52329148 4.21174220
40800 0.13926025 0.51440828 5.50763005
40900 0.14869732 0.48252252 8.21646176
41000 0.12946736 0.55021422 3.72673823
41100 0.11880591 0.49138345 9.19501735
41200 0.12113886 0.49498855 8.62324157
41300 0.13392062 0.54361904 3.77264823
41400 0.12827077 0.49837507 7.73635491
41500 0.15089350 0.49424223 6.79807712
41600 0.20709809 0.46342256 9.35189062
41700 0.16341139 0.51743981 4.07745523
41800 0.16597544 0.51032192 4.59991445
41900 0.15345235 0.53263017 3.35268890
42000 0.11944248 0.54268065 4.88751035
42100 0.10772155 0.52806211 6.84518612
42200 0.09736940 0.48541913 11.83090750
42300 0.14237547 0.53737366 3.62132273
42400 0.09094594 0.51524267 9.53829719
42500 0.11455624 0.50346338 8.30997713
42600 0.12868031 0.49238576 8.33366132
42700 0.11842072 0.51063591 7.32055943
42800 0.16135963 0.51354967 4.48336913
42900 0.14207198 0.52136755 4.76935861
43000 0.11513832 0.52218315 6.62848282
43100 0.10133732 0.53832138 6.76928838
43200 0.11861494 0.52512925 6.11457846
43300 0.12270262 0.50445268 7.55208798
43400 0.14548629 0.45884127 11.44876588
43500 0.15209212 0.45961891 11.00100743
43600 0.18111832 0.50793505 4.41623643
43700 0.13754297 0.51589956 5.48688228
43800 0.15623575 0.51697493 4.40423556
43900 0.20610217 0.50915363 4.14514958
44000 0.09324517 0.49291894 11.43147305
44100 0.13743848 0.52677346 4.63803520
44200 0.18945467 0.51765523 3.44593219
44300 0.19435206 0.48403962 6.73935417
44400 0.16117852 0.45614422 11.10079673
44500 0.20078860 0.49597146 5.41127911
44600 0.09829651 0.54769010 6.53996300
44700 0.16905536 0.51438378 4.14385366
44800 0.13159005 0.51693694 5.78969609
44900 0.11019733 0.51262067 7.84983338
45000 0.13919853 0.49636459 7.21855824
45100 0.14494699 0.52117386 4.62219707
45200 0.12322747 0.52971516 5.41699005
45300 0.15017720 0.49927980 6.31343473
45400 0.14915198 0.51282058 5.09288612
45500 0.13506116 0.49822376 7.28772801
45600 0.11667937 0.50648181 7.84398913
45700 0.11612496 0.49439670 9.09353978
45800 0.16976379 0.50216597 5.24286335
45900 0.15805203 0.48362883 7.65094092
46000 0.15300978 0.52697363 3.77046579
46100 0.13082681 0.49796902 7.59762603
46200 0.18078178 0.51889500 3.47368066
46300 0.13937490 0.50828627 6.04340601
46400 0.17769104 0.50936688 4.35602566
46500 0.17954324 0.50216589 4.99499644
46600 0.19933657 0.54352136 1.59513832
46700 0.17029283 0.51423102 4.11941678
46800 0.08083761 0.48079386 14.20488945
46900 0.16329643 0.49787789 5.88803898
47000 0.13865245 0.49826508 7.05675764
47100 0.17113910 0.50502102 4.92697890
47200 0.14892171 0.52006532 4.49927204
47300 0.11243780 0.50417013 8.42525153
47400 0.14503557 0.53312070 3.74696478
47500 0.15360787 0.48639607 7.52904145
47600 0.18979082 0.51198512 3.92542334
47700 0.13833221 0.50793154 6.13975893
47800 0.11868280 0.49343386 8.98441433
47900 0.13606468 0.50980790 6.11116948
48000 0.12420624 0.52027418 6.05045087
48100 0.20120045 0.47631634 7.64954455
48200 0.14872933 0.50480926 5.84497886
48300 0.16955268 0.47620747 8.12581436
48400 0.14285088 0.50163808 6.47054434
48500 0.16690313 0.50884611 4.70221725
48600 0.18530039 0.48451160 6.77682478
48700 0.14097145 0.47073895 10.09639456
48800 0.12992285 0.53335345 4.67628482
48900 0.12083133 0.52938017 5.62741897
49000 0.16222137 0.49220053 6.52397566
49100 0.15878281 0.52734308 3.48894272
49200 0.08280286 0.51238719 10.70558719
49300 0.13365414 0.50844022 6.39248315
49400 0.13396089 0.54582054 3.64828925
49500 0.13066256 0.49776266 7.63007712
49600 0.14355974 0.50709501 5.90841944
49700 0.17210094 0.50381766 5.01470019
49800 0.15412089 0.48729190 7.40400410
49900 0.16837356 0.51660112 3.97780292
50000 0.14158730 0.50371814 6.34112037
50100 0.17624929 0.48192306 7.25313005
50200 0.14292745 0.49683265 6.95038973
50300 0.12584684 0.52421169 5.62127917
50400 0.14787024 0.50659810 5.72071355
50500 0.12004306 0.50756051 7.46908557
50600 0.11139974 0.54354102 5.51881152
50700 0.15150065 0.47903759 8.49204587
50800 0.17481764 0.48962297 6.40862053
50900 0.13478483 0.52349074 5.05334284
51000 0.14709240 0.53265363 3.66737370
51100 0.11039573 0.48822014 10.26183129
51200 0.14443553 0.49501945 7.05416373
51300 0.13044423 0.52850574 4.97471702
51400 0.14374288 0.49281073 7.32720183
51500 0.15556904 0.52541827 3.76827249
51600 0.10829515 0.52480939 7.03170431
51700 0.11355124 0.51103711 7.69389143
51800 0.13083701 0.54240783 4.05018873
51900 0.14582236 0.51464278 5.11053621
52000 0.08618230 0.49793107 11.68626755
52100 0.16732033 0.49960914 5.57314323
52200 0.11743182 0.50345767 8.06896306
52300 0.12169714 0.48932695 9.18993133
52400 0.18095703 0.51107584 4.13507012
52500 0.11379732 0.54035589 5.49416066
52600 0.09926340 0.50427603 9.65547103
52700 0.10886652 0.56750789 4.68052382
52800 0.09178356 0.53390303 8.03980358
52900 0.08528653 0.50566821 11.02883371
53000 0.11192322 0.51766959 7.26790781
53100 0.13086730 0.48895115 8.55558918
53200 0.14959713 0.48263581 8.15740089
53300 0.13014636 0.49889497 7.55087889
53400 0.14070858 0.49075703 7.72474941
53500 0.18530817 0.46804058 8.81456856
53600 0.11157480 0.47776790 11.37985154
53700 0.16815862 0.49706339 5.80490936
53800 0.11023536 0.54850141 5.35489753
53900 0.09743277 0.48872052 11.45157938
54000 0.11616002 0.50911357 7.64474251
54100 0.16955960 0.55355963 1.54166317
54200 0.13385641 0.51527721 5.77646329
54300 0.10901827 0.51563112 7.69789166
54400 0.16111672 0.48051366 7.89444741
54500 0.17908647 0.48482392 6.85145302
54600 0.13514445 0.56569179 2.69164810
54700 0.14630096 0.56149514 2.18310550
54800 0.13066347 0.51010131 6.44466467
54900 0.09958410 0.47405315 12.97298151
55000 0.17257345 0.53200465 2.68779166
55100 0.10984330 0.51739204 7.47615295
55200 0.11797191 0.49152900 9.24728264
55300 0.16130611 0.50629942 5.13850804
55400 0.13287609 0.52522369 5.04855777
55500 0.14219499 0.50719238 5.97733725
55600 0.21413026 0.46536618 9.16296479
55700 0.14126800 0.48274554 8.59902864
55800 0.16474537 0.49736087 5.88883998
55900 0.12719013 0.48291633 9.50493176
56000 0.12471374 0.53823716 4.74133421
56100 0.11507420 0.51596466 7.13716492
56200 0.13725754 0.52582351 4.71938347
56300 0.16979149 0.51755027 3.85525617
56400 0.13404961 0.53245302 4.45602417
56500 0.13857938 0.49083124 7.84515533
56600 0.13103024 0.47697626 9.94583432
56700 0.15472023 0.50817384 5.24115018
56800 0.16856331 0.51167479 4.39480369
56900 0.10200931 0.51051060 8.80526426
57000 0.13304409 0.49782230 7.46168838
57100 0.12468237 0.50337565 7.50450500
57200 0.13842903 0.49546341 7.35944191
57300 0.10819809 0.49189314 10.05734114
57400 0.11977326 0.50789168 7.46013659
57500 0.14099892 0.52118280 4.84663903
57600 0.17108832 0.51280172 4.21971245
57700 0.12208806 0.52289033 6.00808533
57800 0.19306961 0.51833051 3.35896790
57900 0.16103785 0.51319233 4.52681065
58000 0.13398637 0.51997548 5.38086147
58100 0.17110585 0.50770571 4.67655390
58200 0.17008200 0.48386930 7.19071302
58300 0.12274342 0.50140541 7.84473591
58400 0.14990364 0.52462363 4.09562094
58500 0.13454005 0.50869522 6.31078364
58600 0.11749220 0.52794173 5.99996612
58700 0.13551800 0.52975479 4.54615874
58800 0.06223198 0.49821466 14.67014087
58900 0.12297033 0.54636110 4.40535105
59000 0.18717687 0.50244161 4.84103581
59100 0.10719177 0.50507422 8.81213601
59200 0.10674926 0.48439037 11.03064389
59300 0.15844661 0.46592869 9.85090048
59400 0.12396938 0.49567433 8.33225033
59500 0.11040246 0.49212338 9.83254192
59600 0.13433137 0.55795237 3.04018566
59700 0.13643720 0.54301161 3.64395336
59800 0.14290528 0.47950837 8.88901950
59900 0.17250206 0.49310532 6.09130487
60000 0.22085023 0.51878779 3.51507806
60100 0.09864040 0.52215334 8.16693517
60200 0.12617569 0.51087101 6.69700241
60300 0.10839158 0.53557953 6.27104937
60400 0.14013973 0.53545470 3.87467362
60500 0.12373771 0.51952052 6.14644198
60600 0.13696324 0.53390077 4.17137057
60700 0.12443143 0.50004834 7.85047140
60800 0.17239248 0.48976599 6.45685599
60900 0.12593219 0.51197634 6.61710201
61000 0.14759295 0.53303937 3.61511280
61100 0.14855660 0.50879657 5.48224475
61200 0.13063520 0.50291063 7.11891030
61300 0.12251889 0.49147956 8.89000390
61400 0.08792422 0.48652989 12.71822366
61500 0.14634440 0.51170327 5.33761753
61600 0.12794664 0.51004270 6.64200106
61700 0.18082788 0.48468825 6.83218506
61800 0.11888777 0.48800786 9.56071625
61900 0.08646854 0.47689581 14.02201762
62000 0.20324137 0.48703081 6.38627193
62100 0.15019261 0.51842323 4.56777293
62200 0.11159615 0.51162928 7.81231266
62300 0.08756953 0.51265241 10.13510607
62400 0.16245015 0.45239052 11.59927557
62500 0.16614748 0.45947599 10.44649543
62600 0.14571256 0.49776594 6.69946501
62700 0.18471561 0.50645235 4.49238762
62800 0.15490566 0.49738449 6.28172139
62900 0.13029689 0.51948587 5.67052405
63000 0.11752639 0.52889198 5.92912331
63100 0.19279694 0.48770212 6.33134935
63200 0.13598715 0.54538442 3.54025294
63300 0.17356656 0.52119188 3.45472323
63400 0.14376533 0.52797490 4.17497693
63500 0.06063512 0.49180085 15.56481188
63600 0.12049714 0.47521047 10.94656533
63700 0.12842653 0.52271227 5.54807756
63800 0.12074138 0.48711535 9.51243700
63900 0.12467316 0.48892603 9.00577970
64000 0.18376285 0.53389441 2.31679695
64100 0.12965514 0.50107825 7.36695571
64200 0.11464922 0.52243403 6.65061743
64300 0.12934447 0.50658172 6.85959000
64400 0.14181725 0.50688877 6.02746725
64500 0.15405211 0.43843253 14.10762785
64600 0.17132278 0.49703282 5.71231164
64700 0.17125939 0.49554065 5.86888892
64800 0.16434636 0.53173979 2.96531893
64900 0.16929738 0.49939757 5.53174993
65000 0.16641407 0.53869984 2.44286234
65100 0.06540960 0.53684650 11.05147107
65200 0.09634996 0.52790464 7.97053622
65300 0.12233058 0.50874214 7.18026789
65400 0.14240833 0.52146248 4.74247110
65500 0.17026863 0.50430415 5.02082455
65600 0.12694815 0.51431876 6.33892423
65700 0.14627334 0.52065500 4.59109139
65800 0.19746481 0.48481286 6.63725244
65900 0.06722385 0.48797084 15.09002015
66000 0.12094419 0.51916508 6.39205314
66100 0.16835001 0.50380840 5.12727248
66200 0.14314857 0.51437698 5.28169307
66300 0.15148063 0.50048594 6.12858852
66400 0.17904214 0.51443330 3.88044582
66500 0.10438854 0.53730203 6.53629365
66600 0.09522482 0.50020726 10.46821481
66700 0.09728751 0.47525725 13.05530450
66800 0.14979867 0.51857894 4.57478133
66900 0.17994524 0.49647509 5.55979984
67000 0.15077325 0.47780237 8.67776621
67100 0.16997113 0.49901906 5.54944164
67200 0.12689075 0.48815659 8.92695472
67300 0.15176169 0.51468557 4.80274296
67400 0.13952677 0.48126683 8.87728900
67500 0.17528124 0.52664025 2.99633489
67600 0.12220397 0.49055478 9.01523906
67700 0.13940535 0.49733946 7.10544956
67800 0.10972877 0.48357536 10.85179606
67900 0.15374053 0.49481970 6.60141660
68000 0.14620091 0.48418406 8.15383679
68100 0.16851498 0.50792977 4.73411685
68200 0.13599613 0.52116388 5.15581403
68300 0.08564651 0.50726471 10.83827753
68400 0.14724110 0.48280170 8.25947129
68500 0.15184836 0.51295523 4.94768614
68600 0.15546980 0.51019308 5.02411041
68700 0.13455411 0.52411762 5.02065060
68800 0.14696171 0.52930928 3.90511902
68900 0.12681449 0.52374983 5.58510316
69000 0.14910022 0.47146182 9.55642534
69100 0.18738868 0.51025539 4.10657051
69200 0.12082018 0.53909500 4.98943147
69300 0.14032046 0.49406020 7.39244441
69400 0.11107509 0.47666073 11.56010705
69500 0.15782246 0.53839111 2.78730016
69600 0.15788250 0.50521598 5.37894730
69700 0.15845783 0.52087333 3.99339130
69800 0.16428725 0.54007530 2.43318537
69900 0.11084364 0.54710320 5.37346387
70000 0.17561509 0.52771906 2.90957920
70100 0.15806690 0.55392269 1.94075163
70200 0.10154731 0.53542681 6.93131389
70300 0.14271054 0.45174839 12.63031047
70400 0.14011938 0.52710645 4.44957926
70500 0.15389532 0.51104268 5.01952337
70600 0.17329515 0.49607858 5.75640513
70700 0.14460304 0.51887002 4.82544860
70800 0.11721350 0.49880583 8.54693289
70900 0.11179006 0.49064842 9.86938073
71000 0.15539682 0.49840146 6.15585345
71100 0.11820004 0.50366586 7.98574985
71200 0.15095561 0.51296247 4.99044227
71300 0.15687605 0.45673940 11.19163669
71400 0.12032225 0.51094241 7.13989837
71500 0.18596294 0.49107676 6.03065567
71600 0.17077187 0.53723685 2.39674788
71700 0.12765487 0.51264499 6.43235796
71800 0.14877605 0.49562990 6.75850511
71900 0.20078208 0.52126817 3.09965660
72000 0.19343671 0.51690479 3.47394498
72100 0.20138053 0.48923590 6.13529627
72200 0.14144288 0.48967915 7.79981284
72300 0.12971571 0.45783957 12.57473384
72400 0.11694451 0.48619391 9.92502060
72500 0.20700918 0.52652104 2.72414314
72600 0.16580240 0.53245433 2.86594634
72700 0.10726551 0.51496799 7.91506476
72800 0.16345587 0.45732569 10.84571648
72900 0.12574840 0.50978388 6.82612372
73000 0.13454266 0.51545115 5.71658567
73100 0.14349457 0.51278918 5.39929583
73200 0.07144449 0.49645762 13.62377171
73300 0.14270037 0.48704846 8.02064934
73400 0.15724409 0.51986261 4.12503484
73500 0.12170089 0.51446552 6.72344863
73600 0.14422831 0.50380075 6.18238897
73700 0.15591813 0.51389404 4.67872400
73800 0.07275900 0.50243096 12.85499554
73900 0.14553049 0.50363526 6.12654505
74000 0.10739084 0.52052949 7.44600877
74100 0.13030249 0.52840437 4.99183846
74200 0.09057266 0.50445039 10.55203586
74300 0.11378349 0.51661198 7.19342405
74400 0.15349531 0.46803949 9.78813106
74500 0.17273686 0.53239223 2.65704475
74600 0.13167315 0.52921334 4.83965478
74700 0.11138414 0.53442625 6.07634377
74800 0.20317039 0.52752173 2.63157581
74900 0.10688716 0.46111704 13.97923934
75000 0.15133152 0.49627324 6.56393058
75100 0.12000861 0.54270106 4.84089566
75200 0.18920107 0.48830329 6.29638615
75300 0.10524819 0.47346433 12.49459084
75400 0.16719280 0.49061236 6.52098423
75500 0.14801984 0.51379817 5.06634581
75600 0.11191610 0.51391907 7.58435012
75700 0.12746416 0.50215039 7.41799748
75800 0.11242970 0.50869796 8.00230930
75900 0.09228279 0.47769446 13.28082167
76000 0.15180084 0.53819945 3.07123339
76100 0.18675926 0.48423224 6.78874631
76200 0.14770542 0.48870968 7.56012950
76300 0.14385300 0.52870606 4.11765598
76400 0.13691869 0.47714078 9.53681921
76500 0.14823908 0.50317807 6.02683918
76600 0.14941688 0.56239650 1.98633781
76700 0.19686676 0.46931912 8.54365424
76800 0.11696081 0.52972511 5.91703368
76900 0.16307713 0.56056956 1.45902905
77000 0.11792631 0.53633287 5.39479715
77100 0.17845397 0.54102266 1.97127883
77200 0.12739474 0.52426155 5.50391779
77300 0.14059657 0.46978741 10.24204374
77400 0.15623854 0.49027863 6.97692209
77500 0.16495525 0.50411581 5.21095593
77600 0.13081980 0.49313769 8.10272638
77700 0.18583362 0.53795365 2.02521818
77800 0.13060553 0.48465934 9.05953048
77900 0.18900726 0.49615617 5.45219054
78000 0.17158402 0.51259319 4.22370942
78100 0.11218769 0.47895479 11.18147235
78200 0.11653883 0.54103455 5.22134580
78300 0.14930532 0.48877735 7.47021471
78400 0.13573948 0.49874296 7.19120104
78500 0.16765306 0.50745387 4.80555589
78600 0.17019381 0.51449284 4.09994145
78700 0.13938595 0.51605576 5.36034951
78800 0.12387854 0.50855229 7.07857995
78900 0.14055611 0.47857962 9.13824261
79000 0.17569849 0.49971636 5.32368563
79100 0.11943788 0.49587311 8.66633203
79200 0.13724046 0.45220007 12.89178916
79300 0.14651044 0.48026715 8.59854395
79400 0.12194880 0.48832410 9.28174877
79500 0.12203266 0.49217467 8.85260397
79600 0.16961026 0.52292251 3.43223763
79700 0.12818914 0.48305431 9.41654703
79800 0.11898628 0.47739918 10.79709269
79900 0.14074602 0.47771425 9.23241960
80000 0.13571627 0.55233880 3.20199402
80100 0.14665278 0.48154756 8.43845312
80200 0.16203885 0.49482433 6.25148494
80300 0.19749405 0.48315835 6.82912563
80400 0.15053239 0.48636123 7.68040744
80500 0.14757963 0.48621427 7.84754408
80600 0.18828820 0.48887564 6.24289441
80700 0.12524027 0.47942108 10.06414632
80800 0.10229300 0.55230134 5.91091029
80900 0.17147443 0.50581139 4.84260117
81000 0.15844034 0.49851995 6.01270277
81100 0.15026819 0.52427895 4.10346531
81200 0.11626717 0.50341942 8.16949821
81300 0.17868002 0.48585193 6.74216177
81400 0.11777691 0.52446248 6.23327635
81500 0.15104755 0.48633291 7.65827523
81600 0.12549458 0.50674019 7.12422469
81700 0.15332570 0.51094471 5.05466707
81800 0.11853207 0.48620882 9.79272753
81900 0.17389261 0.52178192 3.39983181
82000 0.17718963 0.53540326 2.34652574
82100 0.15183568 0.49314603 6.86878609
82200 0.13273850 0.52152729 5.34103829
82300 0.10884606 0.51049845 8.15978379
82400 0.12291034 0.47577008 10.68794412
82500 0.14129760 0.50748320 6.00266507
82600 0.18940776 0.52649127 2.75786411
82700 0.14605281 0.51097697 5.41769934
82800 0.17108174 0.49408478 6.02715009
82900 0.14165957 0.50877132 5.86313927
83000 0.13803843 0.45563206 12.34066904
83100 0.18320931 0.50745145 4.42358086
83200 0.11014671 0.48372797 10.79639912
83300 0.16490776 0.48686714 7.01525435
83400 0.13826116 0.50806591 6.13178117
83500 0.19216114 0.52019621 3.21504607
83600 0.11412064 0.51265067 7.50258514
83700 0.16130533 0.55045166 1.97615793
83800 0.11549373 0.52714667 6.22445855
83900 0.12446471 0.54160328 4.55787815
84000 0.12127600 0.48248462 10.00366604
84100 0.17546411 0.51208002 4.16596627
84200 0.22296195 0.49319824 5.96693325
84300 0.07643191 0.49493074 13.15431042
84400 0.16437195 0.52364348 3.54983817
84500 0.16218731 0.51513396 4.31602202
84600 0.13070170 0.50344400 7.06265734
84700 0.19495086 0.51232687 3.85603575
84800 0.16025243 0.50948981 4.88598149
84900 0.13560904 0.51068698 6.06150624
85000 0.18848511 0.49160230 5.94132716
85100 0.16861348 0.53603477 2.53833194
85200 0.14446502 0.51257595 5.36354933
85300 0.12679593 0.49257142 8.44986730
85400 0.19314983 0.50863376 4.19735692
85500 0.15169232 0.51303542 4.94823462
85600 0.18219357 0.49457425 5.71582899
85700 0.15866921 0.50558297 5.31140467
85800 0.14882828 0.44916332 12.68512466
85900 0.16206240 0.50542156 5.19217143
86000 0.12301840 0.52998572 5.41408325
86100 0.09931874 0.52218011 8.09632638
86200 0.12931085 0.50278615 7.22374414
86300 0.15625382 0.53624924 2.98894390
86400 0.11966147 0.52157754 6.30218141
86500 0.14130877 0.51524842 5.31374569
86600 0.11458280 0.51999891 6.84813645
86700 0.09163657 0.51386655 9.58080250
86800 0.15032195 0.50671322 5.58516550
86900 0.19299573 0.52445926 2.87773159
87000 0.11876891 0.50669231 7.65240803
87100 0.10759272 0.50417119 8.86113313
87200 0.19522626 0.49563325 5.45760312
87300 0.09451219 0.51086819 9.53607927
87400 0.15242267 0.47532119 8.90420352
87500 0.17732697 0.52341752 3.18947130
87600 0.13587090 0.48652216 8.49488056
87700 0.14496952 0.48204059 8.47138725
87800 0.18305222 0.48508083 6.74682190
87900 0.14050325 0.55282429 2.88270512
88000 0.13315190 0.49562115 7.68180713
88100 0.10789441 0.49835141 9.40793776
88200 0.13519713 0.52818896 4.67811832
88300 0.16152168 0.52322737 3.68730904
88400 0.16293216 0.51394600 4.38965794
88500 0.15338045 0.49217351 6.89996738
88600 0.10849538 0.50273607 8.91668453
88700 0.15903198 0.52918471 3.34659199
88800 0.10048521 0.51120903 8.89351575
88900 0.17747163 0.50242106 5.01458884
89000 0.14057810 0.48057926 8.89613836
89100 0.13042030 0.52309439 5.37790405
89200 0.08649117 0.52527159 9.23429514
89300 0.16579464 0.51272787 4.39321564
89400 0.13950319 0.49623325 7.21370111
89500 0.16831549 0.51448778 4.15812370
89600 0.11325739 0.51826690 7.10229057
89700 0.17469754 0.48001159 7.51871595
89800 0.13690262 0.50238985 6.75451071
89900 0.16841010 0.51916543 3.76607465
90000 0.12184927 0.47636165 10.69698825
90100 0.14930053 0.53395197 3.46638921
90200 0.16864143 0.53554185 2.56910645
90300 0.15311659 0.50571105 5.54422980
90400 0.18504858 0.48025477 7.28123198
90500 0.12679624 0.50569346 7.12625682
90600 0.17855910 0.54711916 1.62804774
90700 0.16114128 0.52456446 3.60026041
90800 0.11580995 0.49613577 8.93787186
90900 0.14120214 0.52721435 4.37746922
91000 0.13749073 0.52263810 4.94613651
91100 0.12710071 0.52332492 5.59668701
91200 0.12732431 0.49600593 8.04826115
91300 0.11909819 0.54506358 4.78155679
91400 0.10915112 0.49237356 9.91848481
91500 0.18418441 0.54487483 1.64445860
91600 0.15025527 0.47823511 8.65061312
91700 0.13397081 0.54062221 3.94278754
91800 0.12487481 0.53664309 4.82894582
91900 0.16226074 0.49137791 6.61150482
92000 0.14406692 0.52524985 4.35804699
92100 0.08814813 0.51942527 9.50156381
92200 0.12045677 0.54085236 4.91278406
92300 0.07826427 0.53284135 9.66493611
92400 0.15913504 0.49310560 6.54817933
92500 0.15745307 0.55245851 2.03521719
92600 0.11678021 0.52565650 6.22624412
92700 0.09593844 0.52554588 8.18611202
92800 0.14401602 0.53379925 3.75837296
92900 0.13810504 0.50498255 6.42965045
93000 0.15083972 0.51907592 4.48272008
93100 0.10172022 0.54044443 6.60289116
93200 0.11846934 0.53302873 5.56619942
93300 0.15321235 0.54061401 2.85788990
93400 0.20779252 0.49222395 5.83819977
93500 0.14599526 0.50002865 6.45539120
93600 0.14005326 0.51719459 5.22517397
93700 0.18768167 0.50568657 4.52338201
93800 0.14563203 0.48916372 7.62027887
93900 0.13643021 0.50883353 6.17622161
94000 0.13318290 0.52914789 4.74227302
94100 0.18234163 0.53255470 2.43034335
94200 0.17306050 0.49689853 5.67782539
94300 0.11513885 0.47868134 10.95981629
94400 0.16692983 0.51630317 4.04939771
94500 0.10332720 0.53529547 6.76615332
94600 0.16437395 0.54794613 1.98941072
94700 0.14966415 0.52194556 4.31309669
94800 0.16468889 0.53239902 2.90838342
94900 0.15701857 0.54719946 2.31765046
95000 0.16708383 0.52076753 3.68062909
95100 0.13814624 0.56414615 2.55569282
95200 0.16058627 0.48534403 7.34971634
95300 0.10605106 0.50620364 8.81208082
95400 0.15196404 0.47546964 8.90763221
95500 0.13288302 0.50103668 7.14921442
95600 0.12946902 0.51441133 6.15001932
95700 0.11476942 0.51675693 7.09683050
95800 0.16314056 0.54211589 2.35459401
95900 0.16134767 0.49561858 6.19474231
96000 0.14470669 0.56316689 2.20701395
96100 0.18913484 0.51142869 3.98146409
96200 0.17453186 0.50119782 5.20524850
96300 0.09864243 0.49136209 11.03777592
96400 0.08246280 0.51837809 10.23856415
96500 0.15123932 0.52254922 4.18811370
96600 0.13152487 0.51688880 5.79815738
96700 0.13585044 0.52532905 4.84545835
96800 0.14466794 0.52043744 4.69591862
96900 0.09587805 0.51438862 9.08534511
97000 0.13087308 0.52592614 5.13273350
97100 0.15914159 0.51520431 4.42985886
97200 0.14209197 0.53764619 3.62066880
97300 0.09096150 0.48253356 12.84387932
97400 0.14691163 0.50161112 6.24937372
97500 0.11539655 0.51687076 7.03410704
97600 0.15332031 0.53202025 3.40012006
97700 0.15638545 0.49764763 6.18911820
97800 0.16193915 0.49828947 5.89682958
97900 0.14908789 0.51873093 4.59835194
98000 0.16288912 0.52740057 3.32394693
98100 0.17723452 0.48646674 6.70403440
98200 0.08822193 0.52066006 9.39458235
98300 0.15136067 0.51877947 4.48127941
98400 0.19047975 0.50421198 4.63299020
98500 0.14799485 0.53938413 3.18941000
98600 0.16864768 0.51597289 4.02176152
98700 0.07102949 0.52231198 11.33441002
98800 0.13410905 0.57056530 2.60400925
98900 0.13928286 0.48996880 7.89671828
99000 0.10550978 0.51780599 7.84212831
99100 0.08265183 0.49455781 12.44432410
99200 0.18492032 0.46790231 8.83859840
99300 0.15915415 0.52770464 3.44750099
99400 0.11485407 0.51554552 7.19119391
99500 0.15191857 0.53225114 3.45086599
99600 0.12434991 0.49026257 8.88261965
99700 0.14865408 0.50506304 5.82471450
99800 0.10380456 0.51320539 8.39343341
99900 0.14408303 0.54476584 3.08875998
100000 0.18851613 0.49279910 5.81195651
100100 0.11034243 0.49078102 9.98363320
100200 0.12324413 0.50794375 7.18290786
100300 0.16349253 0.50943656 4.76726581
100400 0.10569055 0.48995396 10.50220124
100500 0.18350185 0.49318348 5.84097950
100600 0.11397633 0.52909607 6.21371965
100700 0.16412559 0.56252396 1.34571368
100800 0.15380805 0.51925115 4.32703667
100900 0.14928945 0.54813370 2.63083639
101000 0.13696791 0.48888781 8.15948121
101100 0.17135006 0.51121230 4.35203775
101200 0.10778846 0.51611586 7.76975790
101300 0.18460346 0.49261053 5.88477593
101400 0.13829976 0.49282441 7.64676332
101500 0.17654009 0.48400541 7.00255657
101600 0.20294154 0.52865169 2.54961703
101700 0.15851751 0.48741970 7.19756098
101800 0.15870531 0.52943343 3.34244618
101900 0.13166446 0.49666385 7.67405306
102000 0.06879740 0.52202605 11.64702973
102100 0.13312189 0.50481457 6.76647377
102200 0.10997914 0.49640492 9.41784782
102300 0.14761368 0.50949941 5.46734176
102400 0.17387184 0.52152929 3.42016694
102500 0.17036173 0.50116575 5.32331848
102600 0.13525784 0.49498665 7.60967493
102700 0.17042357 0.51818323 3.78437427
102800 0.11509497 0.52197749 6.64818771
102900 0.15156773 0.52594662 3.91479442
103000 0.14613131 0.50247839 6.20615002
103100 0.11026505 0.52984090 6.48733043
103200 0.16543762 0.52704540 3.25846560
103300 0.13741194 0.53009204 4.40219408
103400 0.08911265 0.52410696 9.02787973
103500 0.19102735 0.47096024 8.36588360
103600 0.15345153 0.50321387 5.76715720
103700 0.10947671 0.51914715 7.36582435
103800 0.14914122 0.51977089 4.51166295
103900 0.13386548 0.50097325 7.09003618
104000 0.10083440 0.51307765 8.69465523
104100 0.11679344 0.51383645 7.17374400
104200 0.13968252 0.57652993 2.09452123
104300 0.13174011 0.52647295 5.03281959
104400 0.11184546 0.47778794 11.35350614
104500 0.17844684 0.45801552 10.31206586
104600 0.16367477 0.49047420 6.65771181
104700 0.12773482 0.54779877 3.97361206
104800 0.12585708 0.53310558 4.98601848
104900 0.15074949 0.50177846 6.03654186
105000 0.21519574 0.54201275 1.79671608
105100 0.10651670 0.49065070 10.34819853
105200 0.08077605 0.54815137 8.45131528
105300 0.12546546 0.54329728 4.38529824
105400 0.16236993 0.52713545 3.36263222
105500 0.13244215 0.47544794 10.03864012
105600 0.13097846 0.52913307 4.89304743
105700 0.13489523 0.53379776 4.31068394
105800 0.19237368 0.52287025 3.00357926
105900 0.09862136 0.51988422 8.34808286
106000 0.21949209 0.51858396 3.50425677
106100 0.15547558 0.51030188 5.01408798
106200 0.08240640 0.53718330 8.88709634
106300 0.14805035 0.52468392 4.18563859
106400 0.08741465 0.55314957 7.43521245
106500 0.14841208 0.51499925 4.94322100
106600 0.09733668 0.50732185 9.56449814
106700 0.16355050 0.53935099 2.50343426
106800 0.14629776 0.46805019 10.14734083
106900 0.11945141 0.51008110 7.28674239
107000 0.09238895 0.54385137 7.36640357
107100 0.13719089 0.49248693 7.75202225
107200 0.13875397 0.50744095 6.15912752
107300 0.13551153 0.53385422 4.26701359
107400 0.19133352 0.50151415 4.88728489
107500 0.15928651 0.49354546 6.49507887
107600 0.10396559 0.51270189 8.42178378
107700 0.17737528 0.52089078 3.38507356
107800 0.17420935 0.48528177 6.91271546
107900 0.12062727 0.50183521 7.96817789
108000 0.18097554 0.50309847 4.87591803
108100 0.18369126 0.48033309 7.29307203
108200 0.17838203 0.51355944 3.96965338
108300 0.18085715 0.51047695 4.19041277
108400 0.12438377 0.51635722 6.35696392
108500 0.12160029 0.49820054 8.25482161
108600 0.08064205 0.54243435 8.78006274
108700 0.14415257 0.55355080 2.63823182
108800 0.12527169 0.52782320 5.39690488
108900 0.14086682 0.52905519 4.26494963
109000 0.13405754 0.49979145 7.19508119
109100 0.10617290 0.51521648 7.99588522
109200 0.16912410 0.49536916 5.95046719
109300 0.07162861 0.50764226 12.50458225
109400 0.14713670 0.51311821 5.17148719
109500 0.18362701 0.48876583 6.32055756
109600 0.15611612 0.48072489 8.07617327
109700 0.14926245 0.52098282 4.40900689
109800 0.12753794 0.52710375 5.28230663
109900 0.15976467 0.50517882 5.30496890
110000 0.14168341 0.53429157 3.85921168
110100 0.17185310 0.52480367 3.22336763
110200 0.10851184 0.55028164 5.42099949
110300 0.09378192 0.50084125 10.55736899
110400 0.12841146 0.52063239 5.71206892
110500 0.12724117 0.51193662 6.52450327
110600 0.15419409 0.50910887 5.17968950
110700 0.14358816 0.49953275 6.63798193
110800 0.16600330 0.49580053 6.00665239
110900 0.14308357 0.50164197 6.45689064
111000 0.09412366 0.50941609 9.70762136
111100 0.18307073 0.54680823 1.55798262
111200 0.13502173 0.51810021 5.46487609
111300 0.14725202 0.52854159 3.94432699
111400 0.13256074 0.50179656 7.09598427
111500 0.20868792 0.50676880 4.38376870
111600 0.17338165 0.48814113 6.61047177
111700 0.19199693 0.54038071 1.80925454
111800 0.17915321 0.52188497 3.26827345
111900 0.13583450 0.51176940 5.95092511
112000 0.17310395 0.50947190 4.45936734
112100 0.14891600 0.50324286 5.98575895
112200 0.14998733 0.46071370 10.95096981
112300 0.18097269 0.50862647 4.35558065
112400 0.16216898 0.53102983 3.09403555
112500 0.13320947 0.51064112 6.22299246
112600 0.15143022 0.48545138 7.74020456
112700 0.08407744 0.53356810 8.92561848
112800 0.14519262 0.46840882 10.16004438
112900 0.13359055 0.50740762 6.49178154
113000 0.18408840 0.50269241 4.86097322
113100 0.11003580 0.53567618 6.11555581
113200 0.11136278 0.51427185 7.60293624
113300 0.15843148 0.47390652 8.81375430
113400 0.16959177 0.49172865 6.32367250
113500 0.12787651 0.46665878 11.49084034
113600 0.11630723 0.52400289 6.39001984
113700 0.09850441 0.53680627 7.14740074
113800 0.14543868 0.48113659 8.55272420
113900 0.11343406 0.50316272 8.43556037
114000 0.18673898 0.51535144 3.67061653
114100 0.16470765 0.48831217 6.85986047
114200 0.16399084 0.49393195 6.27354548
114300 0.12972126 0.51074385 6.45288082
114400 0.16114327 0.51566313 4.31127689
114500 0.14459383 0.50587436 5.96474037
114600 0.14309764 0.54150531 3.32975388
114700 0.12906630 0.53826042 4.42168313
114800 0.11961488 0.49884376 8.34717683
114900 0.12846495 0.51069415 6.54639922
115000 0.14757102 0.52596523 4.11497248
115100 0.13538226 0.52780171 4.69402280
115200 0.16156646 0.50589780 5.16618045
115300 0.12068122 0.53261810 5.41589519
115400 0.16985753 0.47572018 8.17702134
115500 0.13819456 0.53453186 4.05299465
115600 0.11169149 0.49889432 9.01037657
115700 0.14616810 0.56504270 2.05994305
115800 0.15492235 0.49094544 6.96244611
115900 0.14902597 0.50668775 5.65276360
116000 0.15491534 0.51698176 4.46232710
116100 0.12935934 0.52002942 5.69269859
116200 0.10322350 0.52470954 7.51717241
116300 0.12370938 0.50262653 7.65092576
116400 0.14520102 0.54630106 2.94325216
116500 0.14786734 0.49820391 6.54012913
116600 0.15265146 0.50518241 5.61613033
116700 0.12907136 0.46793100 11.23654620
116800 0.12954272 0.50680756 6.82452972
116900 0.15458369 0.50548246 5.49810346
117000 0.10355561 0.47635649 12.29461874
117100 0.12103557 0.50622071 7.51496889
117200 0.15873451 0.51850494 4.17214229
117300 0.20672183 0.51610056 3.54214921
117400 0.13585488 0.50621874 6.45476066
117500 0.08202854 0.50170122 11.78995759
117600 0.10528527 0.51208267 8.35016933
117700 0.13595353 0.50825672 6.25938943
117800 0.11381494 0.52585368 6.46277078
117900 0.15375604 0.52287360 4.04349296
118000 0.14305474 0.47965338 8.86303605
118100 0.17765964 0.52614241 2.97701736
118200 0.21347080 0.50479473 4.62275315
118300 0.11707532 0.49235333 9.23215360
118400 0.16626295 0.49728036 5.84475690
118500 0.20982797 0.48066598 7.16859836
118600 0.14607316 0.49297580 7.18114209
118700 0.10424376 0.47657680 12.20127127
118800 0.12291888 0.53564787 5.04134816
118900 0.08501118 0.48144619 13.63871728
119000 0.13758918 0.50347078 6.60650057
119100 0.17699640 0.51221202 4.11794775
119200 0.16590430 0.51890896 3.86913645
119300 0.11930214 0.47979330 10.48089784
119400 0.18283549 0.49896380 5.25146718
119500 0.10192872 0.48733885 11.15525513
119600 0.16237992 0.49721341 5.99017656
119700 0.14089998 0.50597084 6.16714753
119800 0.15963903 0.52001449 4.01334494
119900 0.10576029 0.52920585 6.94646779
120000 0.17725907 0.52895677 2.78214512
120100 0.08307898 0.51989089 10.04399757
120200 0.13857317 0.56013615 2.68119105
120300 0.19215766 0.50124059 4.90746129
120400 0.13779365 0.55364946 3.00900137
120500 0.17236535 0.49506051 5.88798536
120600 0.13038676 0.49086406 8.37832839
120700 0.18914605 0.48386189 6.80293445
120800 0.11448761 0.52707474 6.31523167
120900 0.16543047 0.48973545 6.67666135
121000 0.13462265 0.52641982 4.84412029
121100 0.14631272 0.51856680 4.75684474
121200 0.14248398 0.50218149 6.43827627
121300 0.14480280 0.52056568 4.67827111
121400 0.14775972 0.46797881 10.07932062
121500 0.17178497 0.45871651 10.37855578
121600 0.12899600 0.51517402 6.11850746
121700 0.16591061 0.48807265 6.84490949
121800 0.13953271 0.46582855 10.82913517
121900 0.17117747 0.46209016 9.92493044
122000 0.19605393 0.49479653 5.54167097
122100 0.16851385 0.50781289 4.74492044
122200 0.15599639 0.54421581 2.52409678
122300 0.13180193 0.50966262 6.40590954
122400 0.10945437 0.49927931 9.17158397
122500 0.13609511 0.51227036 5.89016228
122600 0.12989838 0.51370354 6.18065868
122700 0.14977737 0.53307317 3.50075669
122800 0.16120818 0.53026883 3.18362026
122900 0.17583789 0.53916493 2.14235656
123000 0.10803260 0.46861427 12.86010532
123100 0.11228017 0.54406190 5.41192000
123200 0.15327683 0.56447484 1.72254549
123300 0.14504756 0.46583964 10.50938706
123400 0.13398693 0.52061213 5.33007964
123500 0.13060930 0.49914711 7.49318794
123600 0.13469059 0.51956012 5.36794667
123700 0.13651078 0.51642388 5.50792499
123800 0.15770424 0.53129899 3.25438032
123900 0.15522422 0.51958572 4.23566303
124000 0.16189029 0.45690014 10.96495944
124100 0.15809492 0.48737756 7.21992478
124200 0.12219581 0.50485069 7.55344114
124300 0.16008204 0.50505005 5.30446799
124400 0.12879740 0.46788497 11.26209604
124500 0.14557209 0.52766824 4.09714015
124600 0.15611565 0.55076109 2.17515299
124700 0.16179284 0.50581935 5.16489116
124800 0.15270263 0.51089548 5.08832798
124900 0.09402508 0.50058060 10.55745066
125000 0.11301342 0.49664946 9.12399925
125100 0.15210055 0.50385205 5.76939246
125200 0.16638696 0.53324888 2.79277406
125300 0.15611267 0.51296738 4.75038751
125400 0.07154783 0.50805339 12.47707008
125500 0.12303674 0.52048050 6.12334703
125600 0.19368222 0.51044065 4.03039588
125700 0.13402976 0.53222011 4.47309361
125800 0.11443927 0.51492955 7.27880943
125900 0.17551216 0.52083710 3.43320936
126000 0.11648007 0.48852233 9.70142500
126100 0.20100359 0.50886104 4.15365885
126200 0.09111158 0.53817666 7.83940652
126300 0.13857573 0.47904187 9.20190454
126400 0.15683903 0.52650578 3.63213457
126500 0.14049158 0.49116113 7.69357658
126600 0.15312208 0.50827624 5.30539360
126700 0.11005563 0.50230215 8.81743019
126800 0.13293486 0.49717756 7.53509286
126900 0.16724011 0.52158755 3.61086163
127000 0.16987633 0.53584372 2.51173197
127100 0.15466982 0.53968000 2.84666368
127200 0.16819649 0.50900522 4.64575646
127300 0.16221477 0.49898579 5.81579664
127400 0.12692057 0.50919860 6.79274937
127500 0.14462020 0.53333719 3.75542627
127600 0.09504271 0.51695488 8.95626281
127700 0.08682155 0.51586281 9.94421478
127800 0.15310083 0.47681632 8.68687581
127900 0.11754891 0.50323757 8.08057537
128000 0.16564206 0.46867434 9.21344920
128100 0.12363059 0.51572918 6.46692926
128200 0.13090215 0.51875907 5.68730021
128300 0.17100004 0.46438509 9.61620079
128400 0.12526006 0.48424078 9.49312833
128500 0.16018190 0.53552893 2.87100047
128600 0.10133304 0.52784584 7.47069631
128700 0.16101490 0.53682569 2.75541607
128800 0.14692275 0.52201517 4.44941404
128900 0.12015663 0.52761726 5.80711235
129000 0.14531295 0.51887586 4.78589979
129100 0.11590285 0.49673880 8.86760278
129200 0.11547613 0.49180728 9.42497503
129300 0.16179513 0.51146761 4.64879806
129400 0.12711373 0.50455594 7.21098835
129500 0.13472589 0.52370392 5.04090041
129600 0.11016450 0.50695113 8.36425433
129700 0.14382925 0.53124363 3.94129555
129800 0.17752266 0.54847665 1.57994334
129900 0.12703223 0.50986234 6.72454640
130000 0.13619181 0.51693942 5.48527236
130100 0.10977208 0.50314559 8.76092755
130200 0.14546628 0.53248116 3.76635995
130300 0.11628213 0.50282435 8.22589396
130400 0.13050020 0.52013358 5.60443393
130500 0.12064864 0.52441970 6.00451042
130600 0.17044627 0.50303137 5.13816868
130700 0.15388621 0.48930584 7.18983952
130800 0.13179899 0.52631294 5.04058067
130900 0.17280834 0.51274741 4.17620050
131000 0.14421554 0.49754006 6.80497227
131100 0.13695389 0.50587452 6.41720853
131200 0.14671975 0.53797752 3.34278651
131300 0.12575824 0.51679181 6.21772037
131400 0.12087935 0.51074550 7.11322130
131500 0.13082484 0.48747033 8.72406408
131600 0.17313057 0.51348723 4.10321254
131700 0.18602671 0.52530665 2.88717474
131800 0.14056152 0.54339223 3.36868606
131900 0.12771690 0.49442502 8.18546108
132000 0.13246846 0.51482602 5.90755839
132100 0.15507807 0.50732878 5.30296778
132200 0.12101825 0.52194556 6.16530687
132300 0.18207610 0.51069758 4.14809444
132400 0.18312027 0.52390942 3.03735053
132500 0.13364505 0.49773031 7.43103434
132600 0.11114148 0.54143711 5.66272423
132700 0.12423092 0.52184882 5.92428038
132800 0.12430552 0.54517801 4.36755267
132900 0.16289356 0.52512320 3.49171121
133000 0.14820386 0.50012404 6.32902367
133100 0.15289517 0.50986337 5.17173831
133200 0.16118794 0.52173916 3.81556755
133300 0.21079931 0.51304210 3.83915104
133400 0.19540992 0.52093041 3.13653448
133500 0.14358660 0.56818452 2.09734822
133600 0.12215140 0.49634907 8.40196001
133700 0.13176785 0.50963207 6.41099475
133800 0.13702341 0.53459651 4.12183337
133900 0.14364834 0.53500486 3.69993874
134000 0.13063941 0.50954957 6.49608597
134100 0.11627904 0.52979669 5.96885230
134200 0.13751914 0.48200643 8.91316980
134300 0.12854304 0.50804852 6.78058568
134400 0.13653976 0.52355082 4.93583975
134500 0.08043051 0.50120988 12.02817596
134600 0.08503001 0.50873817 10.77340968
134700 0.15725737 0.50620060 5.31263000
134800 0.10927669 0.49628395 9.49386931
134900 0.13012896 0.47480900 10.27737500
135000 0.13340326 0.51334511 5.97209765
135100 0.15015360 0.51836040 4.57484344
135200 0.10179730 0.52839117 7.38579752
135300 0.11339867 0.52760830 6.37017451
135400 0.18123813 0.56427088 0.81428895
135500 0.10441129 0.48257579 11.46282322
135600 0.19355399 0.52101044 3.14045081
135700 0.16212649 0.51645005 4.20749853
135800 0.12637661 0.52409018 5.59135243
135900 0.12900960 0.52530363 5.30959283
136000 0.12760897 0.55223418 3.76101699
136100 0.13077425 0.47026445 10.81175877
136200 0.15868772 0.50570776 5.29886489
136300 0.14922740 0.51627560 4.79381635
136400 0.11997707 0.47842648 10.59189451
136500 0.11823667 0.53204534 5.65153924
136600 0.16257505 0.51842612 4.02746233
136700 0.15404227 0.52912651 3.56758220
136800 0.18715479 0.49188950 5.92643950
136900 0.13745923 0.50044666 6.91110786
137000 0.12028876 0.49661877 8.52078021
137100 0.11453479 0.49167635 9.51915765
137200 0.11645213 0.50969611 7.56751933
137300 0.13964202 0.53492436 3.93896227
137400 0.13073892 0.53142325 4.74993388
137500 0.13038901 0.51046679 6.43094262
137600 0.13504154 0.52575159 4.86621377
137700 0.13764784 0.53365717 4.14458147
137800 0.12689023 0.50407254 7.27355836
137900 0.11546545 0.49505243 9.08004162
138000 0.12418806 0.50055333 7.81854582
138100 0.16478884 0.49323823 6.31895057
138200 0.15799735 0.49632596 6.25626433
138300 0.12574623 0.49124896 8.67020580
138400 0.16727398 0.48395234 7.26902630
138500 0.12037104 0.52051331 6.32945221
138600 0.15408794 0.51128970 4.98871689
138700 0.11988792 0.54418468 4.76664738
138800 0.12277545 0.54249787 4.63506325
138900 0.10573519 0.52275147 7.42659522
139000 0.10427249 0.52150355 7.66272432
139100 0.14277916 0.52224505 4.66002862
139200 0.13843756 0.49622054 7.28005551
139300 0.17188394 0.49458296 5.95163298
139400 0.12893428 0.51655650 6.00657757
139500 0.12813818 0.51208814 6.44630856
139600 0.14261182 0.54536824 3.13901625
139700 0.08451674 0.53216450 8.96901869
139800 0.15431441 0.56012067 1.83876710
139900 0.10903969 0.48342441 10.93182341
140000 0.12910833 0.49332937 8.20212607
140100 0.11006291 0.51988887 7.25323652
140200 0.13903506 0.50920746 5.98000486
140300 0.16489345 0.48922978 6.75125578
140400 0.13895785 0.49540359 7.33327642
140500 0.15761594 0.49510343 6.39984982
140600 0.18743553 0.50482019 4.60853104
140700 0.15797455 0.52280943 3.86226115
140800 0.15550644 0.48410689 7.70544440
140900 0.11922473 0.47839719 10.65594406
141000 0.19894005 0.49761109 5.24230574
141100 0.14957364 0.47104666 9.58589098
141200 0.16668318 0.47717773 8.09765974
141300 0.15973714 0.48608108 7.29930933
141400 0.18098974 0.52433231 3.04349431
141500 0.14836605 0.49962715 6.37038722
141600 0.15659250 0.52360662 3.86008007
141700 0.14345876 0.51234744 5.43994109
141800 0.13519223 0.52245128 5.10692592
141900 0.13636016 0.50946338 6.12345446
142000 0.14088660 0.51543210 5.32306153
142100 0.16600188 0.51016549 4.61305538
142200 0.16803861 0.55715494 1.42861494
142300 0.13364030 0.49070773 8.17420490
142400 0.14323114 0.51940681 4.85898288
142500 0.15549212 0.50032272 5.95825578
142600 0.15570964 0.49208325 6.80383068
142700 0.16442586 0.52905478 3.14937218
142800 0.13172063 0.53379359 4.52268111
142900 0.14550911 0.51233788 5.32695238
143000 0.13527114 0.47279917 10.18493835
143100 0.12624166 0.52368085 5.63245297
143200 0.13746219 0.54621430 3.40193966
143300 0.15954263 0.51940528 4.06615398
143400 0.12358061 0.49537365 8.39329835
143500 0.16650282 0.49848957 5.71321425
143600 0.22615136 0.44963676 11.64649903
143700 0.13076244 0.49649395 7.75367111
143800 0.20983256 0.53111572 2.42086163
143900 0.16627704 0.51869104 3.87419216
144000 0.13590757 0.51995301 5.25768011
144100 0.22618162 0.51351297 4.08274206
144200 0.18313447 0.51308801 3.91906980
144300 0.15014342 0.50546246 5.71151242
144400 0.12000627 0.49471189 8.74229136
144500 0.13649631 0.48463533 8.67086241
144600 0.17763871 0.53012977 2.69093829
144700 0.13184254 0.51113899 6.27085937
144800 0.16092038 0.50622175 5.16078863
144900 0.13421236 0.50382579 6.78874610
145000 0.13378251 0.49221415 8.00127259
145100 0.11770964 0.53642946 5.40645799
145200 0.15014345 0.49717527 6.52930083
145300 0.14107930 0.49874470 6.86214258
145400 0.16958721 0.47803363 7.90036621
145500 0.11994319 0.48444982 9.88046821
145600 0.16902033 0.50389834 5.09763478
145700 0.14257961 0.48334747 8.45245742
145800 0.13278469 0.48806787 8.52334949
145900 0.13161850 0.52744569 4.97007869
146000 0.14876298 0.55692613 2.24029498
146100 0.12384170 0.49417203 8.49982358
146200 0.08685622 0.54860504 7.72147807
146300 0.11760492 0.53154051 5.73782507
146400 0.17079235 0.50024037 5.40253563
146500 0.16121824 0.50911825 4.88175857
146600 0.13079585 0.49842460 7.55338854
146700 0.13376564 0.54900573 3.49370296
146800 0.13432420 0.53641698 4.17805558
146900 0.10323465 0.53624635 6.71403001
147000 0.16122369 0.55149173 1.92832716
147100 0.18571550 0.51075771 4.08411697
147200 0.10255309 0.51915926 8.01556296
147300 0.14107595 0.50911234 5.86630562
147400 0.13798095 0.54546840 3.41002865
147500 0.18124343 0.50351847 4.83024765
147600 0.17204723 0.50219056 5.17402196
147700 0.12972268 0.47864931 9.83244571
147800 0.11642770 0.45655221 13.78079855
147900 0.11788678 0.48458892 10.03114953
148000 0.18412477 0.51025250 4.15331836
148100 0.12056002 0.50094164 8.06163450
148200 0.14343362 0.50724790 5.90135316
148300 0.15010757 0.52147218 4.32793662
148400 0.13925056 0.53181804 4.16963731
148500 0.13609418 0.49631010 7.41777478
148600 0.20305551 0.45289195 10.82505658
148700 0.10921287 0.49967214 9.15399121
148800 0.14567701 0.51823931 4.81789870
148900 0.16700218 0.47579022 8.25846272
149000 0.13783715 0.50737046 6.22222514
149100 0.17221549 0.48111384 7.45294939
149200 0.13949639 0.53437439 3.98370352
149300 0.16011773 0.47773670 8.26945515
149400 0.15369358 0.53260486 3.34319472
149500 0.14759291 0.49410629 6.97999053
149600 0.14778919 0.50720490 5.66844896
149700 0.13420524 0.51265319 5.97920819
149800 0.16199060 0.52303031 3.68452398
149900 0.15438884 0.49415445 6.64182860
150000 0.13446173 0.54249775 3.80088682
150100 0.15707216 0.48707580 7.29733693
150200 0.15886938 0.52450864 3.69533676
150300 0.10791864 0.51766851 7.62872541
150400 0.11838970 0.48322357 10.14848802
150500 0.17990202 0.50795727 4.43789601
150600 0.19198495 0.53148060 2.37957429
150700 0.16398013 0.52665856 3.33819922
150800 0.18386248 0.53805626 2.04872333
150900 0.15220738 0.50853646 5.32485728
151000 0.17896677 0.51756495 3.61896689
151100 0.11193235 0.50175418 8.70407598
151200 0.12977799 0.53866226 4.34672451
151300 0.16422890 0.49234676 6.43439541
151400 0.14725645 0.49772186 6.62135038
151500 0.11113117 0.49267665 9.70798579
151600 0.13020716 0.50438102 7.00701495
151700 0.11281056 0.49025625 9.82284448
151800 0.13853799 0.51786481 5.26188441
151900 0.10532656 0.56835239 4.98231635
152000 0.14257194 0.50369917 6.28591625
152100 0.10296966 0.51181879 8.59540674
152200 0.15038017 0.50160106 6.07223948
152300 0.09493527 0.48748118 11.84954115
152400 0.15375432 0.50273560 5.79951305
152500 0.12434589 0.48802376 9.13111151
152600 0.14987207 0.50765186 5.52049392
152700 0.17366371 0.50472508 4.88545508
152800 0.11107557 0.53150066 6.29985717
152900 0.18494430 0.47517882 7.90350018
153000 0.09659948 0.52621491 8.06795375
153100 0.18775670 0.50811884 4.29602344
153200 0.13749082 0.47113622 10.25663537
153300 0.15099315 0.50369668 5.83800090
153400 0.17479606 0.48446502 6.99178562
153500 0.09871254 0.51752665 8.53050131
153600 0.13847681 0.52629644 4.60865874
153700 0.12942317 0.49508043 7.99460261
153800 0.16303772 0.49059677 6.66763811
153900 0.17661949 0.49749613 5.52684549
154000 0.13969180 0.51629170 5.32207955
154100 0.13330092 0.53733959 4.18754719
154200 0.15995938 0.49968393 5.83328223
154300 0.08824684 0.52535781 9.03011205
154400 0.13618558 0.47707269 9.59170117
154500 0.09851506 0.50598976 9.56855855
154600 0.13556803 0.52169379 5.14167007
154700 0.16254575 0.53148038 3.04887985
154800 0.14041055 0.52799097 4.36810173
154900 0.12748738 0.47403678 10.56240666
155000 0.15875977 0.50795822 5.08622263
155100 0.15496647 0.50101587 5.91293780
155200 0.11319630 0.51703567 7.20898167
155300 0.13032825 0.52742714 5.06048595
155400 0.16034653 0.45578031 11.18585832
155500 0.17413638 0.50106446 5.22858429
155600 0.14722587 0.49350363 7.06329310
155700 0.16373350 0.50065758 5.59208800
155800 0.14497818 0.46165457 11.08342890
155900 0.15292058 0.51223556 4.95953424
156000 0.15364019 0.49239099 6.86446556
156100 0.13798370 0.50932760 6.03375294
156200 0.12597883 0.49178908 8.59436842
156300 0.15203489 0.49413751 6.75375887
156400 0.08830636 0.51506801 9.84445591
156500 0.16373851 0.48286330 7.51795115
156600 0.13056234 0.54266955 4.05418399
156700 0.11722655 0.51944838 6.67000385
156800 0.12439618 0.53020865 5.29338510
156900 0.14763259 0.54045348 3.14406677
157000 0.08629059 0.53352055 8.67467387
157100 0.14355280 0.50345379 6.25372888
157200 0.15986549 0.52246795 3.81099887
157300 0.10560186 0.50647731 8.82875140
157400 0.08503460 0.51467861 10.24839109
157500 0.15720885 0.46992190 9.37569761
157600 0.16390650 0.49148502 6.53912066
157700 0.11855457 0.51321614 7.08239828
157800 0.14783943 0.53642676 3.38114103
157900 0.12823722 0.54765465 3.94496619
158000 0.15448819 0.49328145 6.73008696
158100 0.21553541 0.51101036 4.08025248
158200 0.15635952 0.53182752 3.27598908
158300 0.16690571 0.49358114 6.21010254
158400 0.12947261 0.48095435 9.57298909
158500 0.17226670 0.53061495 2.79171065
158600 0.15471246 0.52631262 3.74039556
158700 0.12647715 0.53025223 5.13518108
158800 0.05615619 0.49663370 15.68781656
158900 0.15582019 0.47789986 8.43015008
159000 0.11534875 0.50784428 7.82925603
159100 0.21769288 0.51391213 3.86207969
159200 0.18789095 0.50132794 4.94140224
159300 0.13112254 0.47459667 10.23504935
159400 0.17562865 0.50575139 4.73838126
159500 0.14249436 0.53742782 3.61108847
159600 0.12001430 0.49001018 9.24773553
159700 0.12021052 0.53352593 5.39258219
159800 0.12079136 0.44841850 14.62547992
159900 0.11118085 0.51040629 7.95793713
160000 0.14136502 0.50284902 6.43818760
160100 0.18284374 0.50417914 4.73798700
160200 0.08761776 0.48664281 12.73981013
160300 0.14689716 0.49875843 6.53488401
160400 0.15157716 0.48497295 7.78799669
160500 0.15877044 0.48582904 7.36744270
160600 0.11747671 0.49037184 9.41421315
160700 0.12640080 0.48538844 9.27632588
160800 0.14176899 0.49872110 6.82413330
160900 0.18224198 0.49224664 5.96306644
161000 0.16675408 0.52975439 3.01986816
161100 0.12477798 0.53233195 5.11865898
161200 0.10603747 0.53670206 6.41779315
161300 0.12025924 0.51799550 6.54166321
161400 0.08150923 0.46629470 15.95858410
161500 0.13781636 0.53168402 4.26693897
161600 0.15830752 0.53137681 3.22370234
161700 0.09304307 0.52618324 8.44434900
161800 0.18638533 0.51156614 4.00295356
161900 0.19206073 0.47755275 7.52818028
162000 0.19875003 0.52738627 2.63715830
162100 0.15382549 0.49384301 6.70069602
162200 0.10878458 0.48795018 10.43770724
162300 0.14635090 0.53029577 3.86845324
162400 0.17509429 0.52812571 2.89310353
162500 0.14290029 0.49425383 7.22131542
162600 0.11681314 0.51794050 6.82690777
162700 0.18281313 0.55284691 1.25940149
162800 0.13206533 0.52459064 5.15084583
162900 0.15906143 0.48478915 7.47475283
163000 0.12109685 0.51002451 7.16064743
163100 0.11282640 0.48841313 10.02543319
163200 0.10970794 0.52879301 6.61154569
163300 0.11474166 0.50830227 7.83872936
163400 0.11730156 0.49163581 9.29091476
163500 0.12487855 0.49378848 8.46206029
163600 0.16573321 0.47422352 8.49696816
163700 0.16509821 0.48173716 7.60211744
163800 0.10342027 0.50646448 9.03826888
163900 0.09720358 0.51842604 8.61070748
164000 0.15276207 0.49262104 6.88083201
164100 0.11885863 0.54403337 4.85809295
164200 0.15734786 0.53542095 2.99482931
164300 0.13999024 0.48415325 8.51082010
164400 0.16286990 0.50326398 5.36825098
164500 0.15352232 0.49724517 6.35936482
164600 0.10032026 0.49582471 10.39427113
164700 0.18665674 0.54045393 1.86188832
164800 0.13951637 0.51644656 5.31972383
164900 0.08753480 0.51473347 9.95940190
165000 0.13426520 0.50400243 6.76829923
165100 0.10860565 0.46284534 13.58216392
165200 0.20415853 0.51059710 4.00508616
165300 0.12970692 0.50158357 7.31345491
165400 0.09541339 0.50763281 9.73502801
165500 0.15771519 0.50945309 4.99337392
165600 0.11733137 0.53902062 5.27629390
165700 0.12350287 0.55207259 4.07442397
165800 0.16541884 0.51289613 4.39147023
165900 0.13630335 0.50777737 6.28113794
166000 0.17332921 0.50394362 4.96908002
166100 0.13988201 0.48390132 8.54653783
166200 0.15260466 0.47851213 8.50281019
166300 0.10007466 0.46245117 14.45237685
166400 0.19862426 0.54623345 1.44636753
166500 0.11762233 0.51941189 6.64026201
166600 0.14697449 0.54593464 2.86738407
166700 0.13389088 0.48546085 8.74481580
166800 0.06098303 0.45947508 19.53648617
166900 0.12311548 0.51015065 6.99206736
167000 0.13851529 0.47826893 9.29941088
167100 0.18221335 0.52197984 3.20175539
167200 0.13349260 0.48694554 8.60227252
167300 0.11607114 0.52760465 6.14256986
167400 0.11850394 0.49134841 9.22338780
167500 0.17178586 0.53891053 2.26398053
167600 0.13792887 0.50349632 6.58289267
167700 0.12403999 0.47288023 10.96467993
167800 0.15833914 0.51978626 4.08493517
167900 0.12680841 0.55635335 3.63101909
168000 0.12264417 0.46734521 11.79060846
168100 0.14985937 0.51647549 4.74521376
168200 0.13930602 0.49143608 7.73494194
168300 0.17790897 0.49257023 6.01458482
168400 0.14592232 0.49373765 7.10804138
168500 0.10703572 0.51060578 8.31684201
168600 0.10196487 0.49977639 9.82782986
168700 0.16839229 0.48866384 6.69739366
168800 0.16918718 0.47723708 8.01008231
168900 0.11367151 0.54562172 5.20480278
169000 0.15790352 0.52777261 3.49445456
169100 0.12527588 0.53584848 4.84955577
169200 0.14651640 0.49390863 7.05793785
169300 0.11226837 0.49068133 9.82370582
169400 0.10600091 0.50126116 9.29259370
169500 0.13607004 0.49622251 7.42840331
169600 0.09237871 0.50259508 10.53503036
169700 0.19359611 0.45718453 10.21863462
169800 0.11107782 0.49381861 9.59082097
169900 0.09210560 0.52294110 8.78963847
170000 0.11500759 0.46052276 13.33880570
170100 0.13720250 0.49379679 7.61132448
170200 0.12958779 0.51731434 5.89739897
170300 0.17730629 0.53530308 2.35034779
170400 0.14395065 0.47865313 8.93329651
170500 0.09321933 0.50825285 9.90982521
170600 0.12145825 0.55383026 4.15022545
170700 0.10262422 0.50006515 9.73450791
170800 0.10846244 0.52010313 7.38131809
170900 0.13474964 0.48992652 8.18689057
171000 0.15965064 0.52038595 3.98323359
171100 0.17375988 0.52469435 3.17974269
171200 0.15743182 0.49771433 6.13720382
171300 0.17129657 0.51203989 4.28043437
171400 0.13573468 0.52724580 4.71160271
171500 0.13575963 0.49310196 7.77700862
171600 0.14015932 0.54417283 3.34879020
171700 0.16739014 0.52069561 3.67629468
171800 0.11568814 0.51633901 7.05382619
171900 0.13583300 0.50475732 6.59428606
172000 0.12711580 0.52129558 5.75324618
172100 0.09798163 0.53494628 7.31986748
172200 0.12461944 0.47079902 11.18756088
172300 0.18045266 0.51532650 3.77585010
172400 0.16887659 0.48858991 6.69043713
172500 0.13582459 0.51357080 5.79424495
172600 0.16991207 0.52550081 3.22770625
172700 0.18143716 0.50210020 4.96447488
172800 0.16420159 0.51107320 4.59475123
172900 0.14304980 0.54512350 3.12737776
173000 0.16390875 0.50432550 5.22809369
173100 0.19298098 0.48876619 6.21111356
173200 0.16583204 0.50043342 5.54047721
173300 0.15131748 0.51737151 4.59872736
173400 0.17588470 0.50153641 5.13831293
173500 0.13947729 0.52992253 4.28692525
173600 0.08918047 0.50549771 10.60582548
173700 0.14634284 0.51272888 5.24766934
173800 0.13214081 0.55386911 3.36646431
173900 0.11954131 0.55946196 4.05846651
174000 0.14771409 0.49781110 6.58819390
174100 0.18666779 0.53364537 2.29034260
174200 0.14791102 0.51920172 4.62081201
174300 0.14331767 0.50207493 6.40110248
174400 0.17854051 0.51244745 4.06297936
174500 0.12381910 0.53750027 4.85487297
174600 0.19838653 0.51910777 3.27307822
174700 0.14847910 0.50123697 6.20426959
174800 0.19020660 0.47899170 7.36945941
174900 0.13446008 0.50543147 6.61934363
175000 0.13569320 0.47860828 9.43565767
175100 0.15805706 0.49389276 6.50897826
175200 0.14627295 0.48644080 7.89114420
175300 0.10517540 0.50798459 8.72926988
175400 0.12947557 0.51877717 5.78542216
175500 0.15743696 0.49182313 6.75692364
175600 0.17679081 0.52459236 3.11248915
175700 0.09124476 0.48836102 12.14548179
175800 0.15134496 0.51316343 4.95395120
175900 0.14351523 0.50158775 6.43774982
176000 0.11933708 0.51857735 6.56807707
176100 0.10105684 0.50569754 9.34135146
176200 0.10497138 0.55000796 5.76482092
176300 0.09867126 0.49646679 10.49332001
176400 0.13249500 0.49331533 7.96927151
176500 0.08806532 0.49300413 11.98874479
176600 0.18623697 0.53155623 2.43698546
176700 0.12205252 0.52642527 5.74452526
176800 0.16608627 0.51661423 4.05166398
176900 0.18716262 0.47320570 8.12079611
177000 0.11813388 0.52477709 6.18027346
177100 0.18087859 0.47949881 7.44308255
177200 0.16502561 0.48838334 6.84074380
177300 0.10203050 0.51370846 8.52212652
177400 0.16349628 0.52609757 3.39704526
177500 0.16683070 0.50030581 5.51956740
177600 0.12713996 0.51041019 6.66745922
177700 0.14551993 0.49257987 7.25358117
177800 0.13039116 0.51071636 6.40847982
177900 0.14006561 0.50294977 6.50543971
178000 0.15067065 0.50281326 5.93932345
178100 0.07420818 0.54562426 9.39015133
178200 0.13994365 0.49311538 7.51554349
178300 0.11784764 0.50179790 8.19633146
178400 0.14397944 0.49143177 7.46268163
178500 0.18018319 0.48350682 6.98168375
178600 0.13550645 0.49329158 7.77305269
178700 0.20492469 0.50440051 4.58175797
178800 0.14371333 0.49822360 6.76331283
178900 0.18753557 0.49484203 5.60678038
179000 0.07819939 0.51368996 11.14240568
179100 0.18976418 0.43952372 12.92870413
179200 0.13195805 0.48767647 8.62314171
179300 0.14303709 0.50901734 5.76130888
179400 0.11426079 0.51708128 7.11336359
179500 0.16975052 0.52982901 2.91949932
179600 0.13360949 0.51863600 5.51390016
179700 0.15500851 0.51952430 4.25028613
179800 0.13948872 0.50808615 6.05488514
179900 0.14840143 0.55667669 2.26966106
180000 0.14948864 0.51893789 4.56123164
180100 0.14724445 0.48918897 7.53111613
180200 0.15495047 0.54885380 2.32269672
180300 0.16781633 0.52798853 3.11072026
180400 0.15385755 0.50613061 5.47029380
180500 0.13649837 0.50507615 6.52149713
180600 0.12002911 0.55331070 4.28761700
180700 0.10582409 0.53975886 6.24904876
180800 0.07559100 0.53248325 10.01805616
180900 0.18964045 0.51480846 3.68245894
181000 0.10789147 0.55049092 5.46756531
181100 0.13092300 0.52617690 5.11074075
181200 0.14860403 0.48297044 8.16873210
181300 0.16865336 0.53563298 2.56286235
181400 0.12837341 0.53279629 4.82335327
181500 0.16138361 0.52341460 3.67827465
181600 0.14239961 0.47165111 9.89562199
181700 0.16243096 0.48114691 7.76874498
181800 0.19080671 0.53326946 2.26874107
181900 0.12178670 0.47429074 10.96006950
182000 0.15783273 0.50014822 5.87422787
182100 0.13929066 0.51458023 5.49108106
182200 0.13315092 0.50480985 6.76498177
182300 0.14002928 0.51246587 5.62935552
182400 0.16647255 0.53627122 2.59272375
182500 0.13786377 0.49024506 7.95352890
182600 0.14831313 0.52044751 4.50006569
182700 0.13384582 0.54680904 3.60282696
182800 0.16358875 0.50828695 4.86853148
182900 0.23404526 0.47623949 8.23787213
183000 0.14937435 0.53545160 3.36472635
183100 0.13804200 0.44829627 13.42640729
183200 0.14722799 0.52504049 4.20190672
183300 0.17049635 0.51614715 3.95088269
183400 0.17631158 0.52912823 2.79197472
183500 0.16942518 0.50745655 4.74955471
183600 0.10827875 0.46858667 12.84112606
183700 0.12829746 0.47556254 10.31296790
183800 0.15070782 0.50946133 5.31348455
183900 0.12998845 0.51693770 5.90048141
184000 0.18570359 0.49457118 5.65981125
184100 0.16730132 0.55782317 1.42404408
184200 0.10024658 0.51557531 8.53913672
184300 0.11806505 0.48803695 9.62453083
184400 0.12881769 0.50723838 6.83581995
184500 0.11939912 0.55719760 4.16427386
184600 0.11981811 0.48122174 10.26870521
184700 0.16897813 0.51401835 4.17760038
184800 0.09985439 0.47182831 13.22856360
184900 0.15527106 0.50398532 5.60974808
185000 0.12278173 0.50316454 7.66988319
185100 0.11893302 0.47933156 10.56636369
185200 0.18139370 0.49624311 5.55584344
185300 0.16221167 0.49814255 5.90144952
185400 0.18180367 0.46409924 9.40006099
185500 0.17384831 0.50294064 5.05221517
185600 0.17010838 0.50280796 5.16990094
185700 0.13163257 0.54580574 3.80556193
185800 0.13707038 0.55490077 2.99703904
185900 0.12057909 0.50147023 8.00789860
186000 0.15210176 0.54797180 2.50058793
186100 0.15786852 0.49889536 5.99860461
186200 0.11508952 0.49142462 9.49920144
186300 0.17543492 0.46973816 8.78579509
186400 0.11492130 0.46528616 12.69310194
186500 0.15277967 0.52841091 3.67737827
186600 0.12610892 0.52519895 5.52754430
186700 0.17491466 0.48996819 6.36813661
186800 0.10118734 0.50495192 9.39903987
186900 0.10474038 0.50005623 9.53157658
187000 0.15151453 0.52112493 4.28605864
187100 0.15784253 0.49193176 6.72799873
187200 0.12653790 0.48988673 8.76080600
187300 0.18948991 0.47496703 7.87185276
187400 0.15336626 0.55344512 2.17103117
187500 0.11938530 0.50117230 8.13282159
187600 0.16878959 0.53949936 2.31720868
187700 0.11049835 0.51506502 7.61224842
187800 0.16138215 0.52390945 3.64055543
187900 0.06277801 0.52157811 12.48993292
188000 0.16745114 0.52947162 3.01684058
188100 0.17017202 0.50714440 4.75593543
188200 0.12373111 0.55855388 3.76736264
188300 0.15062718 0.51646022 4.70828472
188400 0.13308739 0.54891677 3.54339705
188500 0.13443832 0.48797231 8.42426806
188600 0.11104522 0.56025398 4.74634920
188700 0.12587637 0.50522949 7.23788047
188800 0.17283400 0.51745332 3.77597300
188900 0.17336864 0.47185406 8.56530501
189000 0.11142771 0.51465284 7.56459403
189100 0.13877959 0.50039895 6.83415444
189200 0.18173277 0.47748163 7.67222137
189300 0.13445940 0.51939420 5.39643260
189400 0.06833330 0.46758734 17.43461655
189500 0.16817052 0.49028094 6.52569420
189600 0.18243421 0.48915977 6.29705709
189700 0.13051309 0.53258734 4.68644911
189800 0.20013183 0.48262434 6.88853120
189900 0.19558651 0.49026974 6.03010406
190000 0.11306269 0.50138147 8.64185548
190100 0.17522528 0.52139168 3.39652731
190200 0.12881831 0.53475974 4.66156239
190300 0.13505435 0.51508866 5.71393652
190400 0.16230747 0.54999969 1.96037876
190500 0.16792418 0.46820132 9.19987458
190600 0.12788136 0.53591809 4.65379470
190700 0.19360982 0.52967440 2.49326210
190800 0.15538785 0.48607613 7.48444563
190900 0.13053692 0.51887847 5.70291089
191000 0.09826221 0.51235572 9.01604845
191100 0.13735102 0.49643549 7.32525080
191200 0.13212178 0.46989981 10.76675594
191300 0.11991931 0.55179877 4.36813748
191400 0.17260541 0.54909888 1.67069395
191500 0.14299383 0.46545394 10.67617320
191600 0.12967841 0.50372538 7.10696455
191700 0.09608115 0.49339935 11.08141247
191800 0.23425644 0.49140747 6.48292063
191900 0.12778942 0.54585030 4.07327920
192000 0.10638424 0.51683728 7.83997431
192100 0.16609643 0.51384086 4.28642440
192200 0.16759534 0.49842767 5.68350011
192300 0.13048179 0.48786104 8.70396305
192400 0.16819247 0.50072709 5.43341459
192500 0.14094063 0.55840167 2.60921526
192600 0.17606632 0.50767394 4.54846141
192700 0.07821821 0.49365540 13.06998961
192800 0.12910213 0.48395557 9.24640851
192900 0.15485804 0.49787439 6.23371870
193000 0.16853093 0.48563239 7.03512594
193100 0.13670745 0.47525461 9.78367983
193200 0.17218440 0.47828706 7.79387433
193300 0.10891729 0.46907554 12.71863751
193400 0.19400103 0.50087562 4.93081484
193500 0.16963814 0.54465914 1.99222695
193600 0.14990199 0.52764558 3.87248633
193700 0.11734265 0.52666367 6.10522770
193800 0.17404652 0.49752810 5.58703680
193900 0.12147119 0.50369738 7.72048432
194000 0.12072646 0.52725659 5.78794880
194100 0.10387158 0.54409321 6.18312108
194200 0.13798319 0.50532337 6.40487432
194300 0.16997530 0.54537309 1.94279088
194400 0.19817787 0.49153347 5.88415463
194500 0.09899075 0.51608765 8.62207619
194600 0.10285964 0.49405605 10.33018432
194700 0.13726442 0.52730065 4.61047400
194800 0.15674157 0.52583989 3.68550710
194900 0.13001254 0.52900452 4.96930102
195000 0.12109205 0.51912115 6.38392676
195100 0.12509166 0.52682813 5.48269062
195200 0.11134097 0.51469947 7.56830270
195300 0.15136647 0.48984663 7.24949250
195400 0.12119549 0.53556692 5.18088665
195500 0.19080938 0.49825506 5.21825038
195600 0.11053027 0.50522509 8.49355794
195700 0.07318850 0.55798716 8.92311758
195800 0.12482988 0.52925511 5.32769291
195900 0.14202590 0.50270049 6.41409533
196000 0.18281339 0.50258588 4.89244539
196100 0.14286328 0.51845752 4.95689089
196200 0.09815721 0.54112552 6.91907895
196300 0.11638981 0.49442896 9.06795394
196400 0.14022386 0.53211527 4.09076158
196500 0.12455910 0.54339592 4.44767527
196600 0.07442487 0.50795088 12.12107665
196700 0.04687290 0.48484151 18.35469310
196800 0.14059650 0.52881161 4.29828083
196900 0.15223184 0.53228636 3.43346700
197000 0.18798170 0.51123713 4.01164309
197100 0.16572424 0.51087163 4.55934695
197200 0.17750578 0.48484741 6.88305407
197300 0.12358156 0.49222880 8.72720418
197400 0.15387751 0.49201446 6.89407982
197500 0.13611311 0.47804630 9.47711976
197600 0.13145436 0.51633940 5.84880013
197700 0.14259095 0.49413955 7.25111713
197800 0.12338322 0.46749190 11.71426417
197900 0.14793725 0.50337323 6.02363121
198000 0.16528869 0.54784849 1.96232764
198100 0.22102102 0.53208604 2.52709465
198200 0.16382665 0.49732744 5.92508237
198300 0.15394057 0.51128073 4.99629025
198400 0.16468350 0.50878632 4.78359480
198500 0.15504317 0.51982711 4.22440433
198600 0.13861177 0.51294961 5.67314231
198700 0.13758494 0.50415675 6.54078440
198800 0.16629931 0.51961208 3.79897698
198900 0.14630422 0.53587500 3.49762622
199000 0.16117343 0.53581908 2.81334668
199100 0.13342111 0.50946534 6.31463603
199200 0.15296247 0.52062260 4.25664987
199300 0.16078340 0.51811427 4.12160697
199400 0.14189812 0.50803338 5.91684372
199500 0.16735198 0.44687418 12.25670511
199600 0.13328943 0.48143768 9.25366183
199700 0.14701529 0.53366814 3.60364759
199800 0.14471380 0.50115343 6.41360434
199900 0.14088933 0.52570483 4.50692168
