0 -0.48948684 0.44246878 0.08362289
100 -0.44886121 0.49323108 2.24205123
200 -0.43864497 0.45188939 1.88400453
300 -0.38755957 0.48889927 7.07800150
400 -0.44428584 0.48069648 2.02317051
500 -0.45623960 0.48334445 1.51341252
600 -0.43288381 0.46903845 2.43352287
700 -0.40416789 0.47907683 5.01462740
800 -0.41744741 0.51721873 5.66664355
900 -0.44728817 0.49640788 2.46611403
1000 -0.43402764 0.47879768 2.59082913
1100 -0.45562016 0.45581649 1.00170085
1200 -0.36562091 0.44866888 9.02975541
1300 -0.44820289 0.51838591 3.67978654
1400 -0.38739940 0.47757019 6.71950500
1500 -0.42522403 0.44082047 2.83785486
1600 -0.46303191 0.47668383 1.03933351
1700 -0.44203035 0.43793661 1.75300305
1800 -0.45541270 0.42842504 1.22675339
1900 -0.42622388 0.45947786 2.76637292
2000 -0.40107455 0.43637185 4.98598541
2100 -0.42821651 0.47500142 2.88897059
2200 -0.43245969 0.44014762 2.32938127
2300 -0.43556827 0.48177572 2.58057201
2400 -0.47207998 0.46865425 0.56375447
2500 -0.40270642 0.46992602 4.93154330
2600 -0.44846241 0.53136249 4.63798934
2700 -0.41354583 0.49041949 4.55402932
2800 -0.44177869 0.47524649 2.01355297
2900 -0.46485187 0.45605841 0.63604775
3000 -0.47625101 0.48861131 1.02742404
3100 -0.50776546 0.41993990 0.48195591
3200 -0.42479435 0.48168131 3.32979734
3300 -0.39868451 0.47171878 5.36826679
3400 -0.43790699 0.46152870 1.99422662
3500 -0.43125100 0.46563038 2.48536703
3600 -0.43143842 0.50505835 3.86605567
3700 -0.42910261 0.49619132 3.58003855
3800 -0.40051796 0.46194645 5.01969725
3900 -0.43570375 0.48759505 2.77369794
4000 -0.45167290 0.44154702 1.20348073
4100 -0.39568350 0.49436509 6.42509705
4200 -0.39413310 0.44470925 5.61789651
4300 -0.48355796 0.46524506 0.25137622
4400 -0.41645060 0.45772966 3.52012485
4500 -0.42085478 0.50270544 4.52091470
4600 -0.42065418 0.50130912 4.46419225
4700 -0.43506494 0.48095889 2.58750784
4800 -0.41611134 0.45630500 3.53852990
4900 -0.43519814 0.47859466 2.50846792
5000 -0.39676201 0.49292386 6.25027006
5100 -0.42033294 0.52096809 5.69165542
5200 -0.42013498 0.47378337 3.47203484
5300 -0.44317161 0.45543019 1.62947637
5400 -0.41417012 0.48163253 4.18369215
5500 -0.44999492 0.45210973 1.25247955
5600 -0.42906382 0.47284645 2.77695103
5700 -0.46006997 0.43167903 0.96503259
5800 -0.44184705 0.45743304 1.71850794
5900 -0.41377444 0.44718371 3.72138921
6000 -0.44436787 0.46825807 1.71414539
6100 -0.40482532 0.46917640 4.71297685
6200 -0.44327336 0.49232210 2.50453615
6300 -0.39009224 0.43124409 6.21574980
6400 -0.43656862 0.50354904 3.44552005
6500 -0.39051694 0.49383883 6.95419123
6600 -0.41526802 0.44927653 3.59001633
6700 -0.39461515 0.46193444 5.62419865
6800 -0.45392378 0.45291712 1.06576373
6900 -0.43200736 0.47558269 2.63873639
7000 -0.42477560 0.46186646 2.89976188
7100 -0.48660346 0.47689457 0.45139272
7200 -0.43646660 0.51967106 4.44527485
7300 -0.38350566 0.47097926 7.00552979
7400 -0.46164940 0.51076539 2.58160027
7500 -0.50524229 0.48168926 0.51584525
7600 -0.44318313 0.45504724 1.62681580
7700 -0.42931831 0.49122598 3.34774114
7800 -0.44425808 0.45889146 1.59310997
7900 -0.41115893 0.51002552 5.74789931
8000 -0.45605351 0.44059730 1.00985227
8100 -0.48749931 0.45765032 0.10739730
8200 -0.43177735 0.45824030 2.36111599
8300 -0.45877975 0.44321817 0.87255102
8400 -0.45912548 0.47153987 1.06734632
8500 -0.47585902 0.47124726 0.51711642
8600 -0.45406741 0.48820892 1.78486233
8700 -0.51966670 0.45930305 0.23666298
8800 -0.45447880 0.50261065 2.42003004
8900 -0.43972653 0.49405203 2.78673641
9000 -0.38076963 0.47489528 7.41782820
9100 -0.42654850 0.47149045 2.92848106
9200 -0.50916701 0.48021652 0.49853616
9300 -0.39776684 0.49172146 6.09615001
9400 -0.41779486 0.51255075 5.33514099
9500 -0.45949726 0.47165061 1.05461036
9600 -0.42894653 0.47576498 2.85621503
9700 -0.43802005 0.42147875 2.32748791
9800 -0.36885704 0.47287396 8.86084716
9900 -0.42511408 0.47024357 3.00885142
10000 -0.45038116 0.48717934 1.92216642
10100 -0.50932143 0.46669679 0.18283587
10200 -0.40369296 0.48179453 5.14296906
10300 -0.36333806 0.45455895 9.34863475
10400 -0.40339435 0.51132243 6.54654598
10500 -0.45864334 0.46721773 1.00341172
10600 -0.38830201 0.45860568 6.27524929
10700 -0.41045705 0.49408054 4.98051656
10800 -0.48693599 0.43865118 0.14973201
10900 -0.40150845 0.48396287 5.42703094
11000 -0.44517209 0.50674970 3.11331385
11100 -0.47161969 0.48637586 1.06432262
11200 -0.43371605 0.48995740 2.99507811
11300 -0.47037062 0.47410734 0.72953201
11400 -0.45915505 0.46728369 0.98351805
11500 -0.42918518 0.44883485 2.50804782
11600 -0.40483214 0.50905938 6.27246610
11700 -0.40322798 0.46541537 4.80122918
11800 -0.41581607 0.47605905 3.88300394
11900 -0.39482622 0.49265795 6.44061202
12000 -0.46364591 0.44370221 0.68064104
12100 -0.43658723 0.49982113 3.25166213
12200 -0.41226367 0.49530412 4.87506310
12300 -0.43052505 0.47626613 2.75833925
12400 -0.46130367 0.49572044 1.79388244
12500 -0.39615965 0.48643723 6.05524470
12600 -0.47115968 0.48107280 0.89864153
12700 -0.44485337 0.45230937 1.52324223
12800 -0.41023391 0.47673972 4.38648152
12900 -0.42412563 0.51981160 5.31528982
13000 -0.40752197 0.48160771 4.77561683
13100 -0.45334171 0.49590628 2.14219134
13200 -0.47216559 0.49798213 1.53851960
13300 -0.37615626 0.49945508 8.89153850
13400 -0.44734118 0.46931700 1.57304901
13500 -0.42140661 0.49299083 4.01256619
13600 -0.42990395 0.47485822 2.76569341
13700 -0.48198554 0.44990292 0.16226507
13800 -0.41945773 0.49137821 4.09960704
13900 -0.37231556 0.48508418 8.76710724
14000 -0.42531522 0.47411073 3.07957198
14100 -0.39311438 0.48842539 6.45052317
14200 -0.35345286 0.46184811 10.80822043
14300 -0.52117671 0.49163693 1.09104377
14400 -0.49370955 0.51703584 2.26668712
14500 -0.43604697 0.46722784 2.19339454
14600 -0.41156379 0.50440070 5.39020010
14700 -0.41650703 0.44687248 3.49042874
14800 -0.47202688 0.47568693 0.72115669
14900 -0.38813662 0.48997573 7.05573784
15000 -0.46028155 0.48982679 1.58186418
15100 -0.43651889 0.50324020 3.43218560
15200 -0.38933757 0.46385363 6.21904870
15300 -0.40884137 0.44295274 4.17978032
15400 -0.43436249 0.50945097 3.92135058
15500 -0.44580069 0.50960264 3.24502002
15600 -0.45501224 0.48207050 1.52620773
15700 -0.49248277 0.47218584 0.27436001
15800 -0.44288853 0.49607819 2.69245984
15900 -0.34256757 0.43976211 12.44489298
16000 -0.43685414 0.45979643 2.04168494
16100 -0.42398393 0.46829170 3.05651454
16200 -0.42821002 0.47493093 2.88767604
16300 -0.38848060 0.50886856 7.95104232
16400 -0.43067311 0.47845545 2.80796501
16500 -0.37747711 0.47791377 7.89551888
16600 -0.46823886 0.43293883 0.64992666
16700 -0.40133462 0.47981027 5.31175473
16800 -0.39593081 0.49178082 6.28801634
16900 -0.45294541 0.48313786 1.65612621
17000 -0.37622305 0.44082090 7.70249460
17100 -0.43111945 0.48627130 3.03006829
17200 -0.41125143 0.43828947 4.00672259
17300 -0.50471830 0.50006946 1.26460672
17400 -0.48229186 0.49130084 1.00966897
17500 -0.45745865 0.44970810 0.90492578
17600 -0.43214780 0.49539614 3.33236542
17700 -0.50801040 0.45152332 0.03324349
17800 -0.42534391 0.45126694 2.78756831
17900 -0.44836061 0.46979765 1.52928682
18000 -0.35950604 0.44856827 9.87030146
18100 -0.41141443 0.44795579 3.92579088
18200 -0.46592872 0.47764691 0.96260200
18300 -0.48794529 0.45677433 0.09560381
18400 -0.40616347 0.45999484 4.45259589
18500 -0.46739020 0.44106637 0.57160427
18600 -0.46016156 0.46109311 0.85507914
18700 -0.43890581 0.43949566 1.92142051
18800 -0.43647629 0.47077042 2.23333602
18900 -0.42466333 0.45535042 2.85212018
19000 -0.40702395 0.52771536 7.34211111
19100 -0.42528479 0.50139859 4.11208878
19200 -0.43082852 0.45653467 2.41369781
19300 -0.42563759 0.47403313 3.05367973
19400 -0.39060712 0.50403950 7.44353522
19500 -0.45930149 0.44962036 0.82825628
19600 -0.47392916 0.49985509 1.58260923
19700 -0.43554829 0.45490552 2.08904351
19800 -0.41906781 0.48210951 3.79051998
19900 -0.35459661 0.46345075 10.66153395
20000 -0.40727053 0.46832665 4.46731086
20100 -0.37522108 0.49074520 8.61497459
20200 -0.43471705 0.46975797 2.32612067
20300 -0.36277512 0.46890105 9.59395922
20400 -0.47465883 0.47526228 0.64017881
20500 -0.36595939 0.48779346 9.69761486
20600 -0.41579214 0.49765933 4.68118770
20700 -0.46295528 0.48498176 1.29801732
20800 -0.45892904 0.48015340 1.29802564
20900 -0.42415213 0.42141438 3.28501870
21000 -0.35054367 0.46296983 11.25270480
21100 -0.44884002 0.46829160 1.47596307
21200 -0.43641529 0.41053322 2.80032112
21300 -0.46213219 0.47791483 1.10660434
21400 -0.45636766 0.49103827 1.79396042
21500 -0.45556081 0.46140060 1.05240746
21600 -0.43871737 0.49144846 2.73676788
21700 -0.43090108 0.48566838 3.02344695
21800 -0.45585285 0.47363107 1.25369933
21900 -0.37459465 0.51513615 9.98461044
22000 -0.49522877 0.48643586 0.67516819
22100 -0.45746381 0.50044802 2.17716513
22200 -0.43279816 0.52297469 4.92069590
22300 -0.45828836 0.47760997 1.25108564
22400 -0.48237087 0.48110940 0.63929046
22500 -0.45760625 0.50076970 2.18739620
22600 -0.40002261 0.46910602 5.18025926
22700 -0.40386546 0.48768059 5.33083868
22800 -0.40712032 0.44605592 4.32109533
22900 -0.40365537 0.46569001 4.76423252
23000 -0.46322747 0.48992672 1.47318123
23100 -0.42149436 0.47350935 3.35791286
23200 -0.42273930 0.44581427 2.99336799
23300 -0.42349751 0.47366671 3.20637190
23400 -0.48795730 0.47341106 0.34655222
23500 -0.41932999 0.45906803 3.29493993
23600 -0.43687391 0.43424140 2.11661842
23700 -0.46280878 0.48132187 1.18212323
23800 -0.43565342 0.46627586 2.20269282
23900 -0.42253577 0.49114655 3.84687306
24000 -0.46106418 0.49389585 1.72142171
24100 -0.40742676 0.48056847 4.75211825
24200 -0.44767807 0.45920516 1.41115988
24300 -0.42438180 0.47492750 3.16974612
24400 -0.41481307 0.46858208 3.80105376
24500 -0.43611771 0.46570962 2.16386988
24600 -0.46388047 0.47905361 1.07436655
24700 -0.41632205 0.46024410 3.55347049
24800 -0.45869328 0.48657281 1.52190785
24900 -0.45565735 0.49473206 1.98361398
25000 -0.43709893 0.44900148 1.97877064
25100 -0.41425178 0.49755217 4.80698266
25200 -0.41516719 0.50396607 5.05447108
25300 -0.43127757 0.49485367 3.36731201
25400 -0.47898025 0.47073898 0.43596760
25500 -0.45303274 0.47532556 1.42365398
25600 -0.37627014 0.46941635 7.84303592
25700 -0.44960020 0.49538068 2.29977300
25800 -0.45142616 0.48188681 1.68809301
25900 -0.42262131 0.47636973 3.34141217
26000 -0.41931748 0.50665922 4.85996853
26100 -0.45747004 0.45221748 0.90685757
26200 -0.41310094 0.43701648 3.86000930
26300 -0.43858449 0.49023478 2.69535110
26400 -0.44674673 0.50028993 2.68249399
26500 -0.40980786 0.47380061 4.35054535
26600 -0.41494663 0.47907018 4.03957566
26700 -0.38046680 0.49892485 8.34091381
26800 -0.38083709 0.48684938 7.77883829
26900 -0.44859269 0.45553861 1.33669389
27000 -0.47704933 0.50061524 1.54431788
27100 -0.46230170 0.48408556 1.29149387
27200 -0.44063389 0.50878560 3.49004074
27300 -0.40296966 0.50045364 5.98022869
27400 -0.42046433 0.46304120 3.24799768
27500 -0.41140281 0.46175985 3.99387802
27600 -0.41559018 0.48611370 4.21460794
27700 -0.39783577 0.46649570 5.35481937
27800 -0.46597509 0.45168035 0.58025915
27900 -0.42143547 0.48011846 3.53975385
28000 -0.41833591 0.43224120 3.49219958
28100 -0.40049498 0.40742989 5.85673127
28200 -0.46601865 0.52490793 3.38296539
28300 -0.40313611 0.44891107 4.69189957
28400 -0.42490738 0.48877330 3.57113546
28500 -0.46196132 0.50042778 1.99495099
28600 -0.46426819 0.45797723 0.67019940
28700 -0.42105910 0.45321167 3.12099030
28800 -0.43959749 0.48259184 2.35534547
28900 -0.37672076 0.46281458 7.68099253
29000 -0.40690646 0.51106279 6.19753547
29100 -0.46042855 0.45810362 0.81578414
29200 -0.42982807 0.48275443 2.99847633
29300 -0.42704305 0.49588902 3.71425909
29400 -0.43221133 0.46577513 2.42207896
29500 -0.47948017 0.44980146 0.21055150
29600 -0.40018667 0.44202640 5.01314007
29700 -0.44009352 0.46516299 1.90935168
29800 -0.40976995 0.46970653 4.26490469
29900 -0.43199864 0.46838983 2.48118523
30000 -0.43459420 0.51310482 4.13006850
30100 -0.45587948 0.44721853 0.97717860
30200 -0.40498537 0.46724244 4.66254121
30300 -0.37377733 0.46325635 8.05394637
30400 -0.43733380 0.44123384 2.00194902
30500 -0.39067713 0.44727705 5.97945265
30600 -0.37319288 0.47279220 8.29976544
30700 -0.43508841 0.43503873 2.21867676
30800 -0.45058254 0.49908307 2.42561637
30900 -0.42378625 0.46394283 3.00146896
31000 -0.43337068 0.46383309 2.31541048
31100 -0.43208128 0.50552841 3.84817864
31200 -0.40381276 0.43661577 4.71556186
31300 -0.41407684 0.48378460 4.26209474
31400 -0.41636429 0.48853956 4.24011486
31500 -0.44997347 0.47473991 1.55735853
31600 -0.46322685 0.49637673 1.75153264
31700 -0.44944345 0.45277078 1.28182116
31800 -0.48774553 0.48691780 0.75654803
31900 -0.42331269 0.48725540 3.63445406
32000 -0.45632606 0.47463199 1.25707406
32100 -0.41187195 0.51455242 5.96678412
32200 -0.45189638 0.49389999 2.12058407
32300 -0.43852080 0.50873537 3.61476779
32400 -0.40080063 0.50003363 6.17193938
32500 -0.47440774 0.50211779 1.68561381
32600 -0.42773321 0.46792934 2.77197488
32700 -0.43344250 0.48272355 2.75036620
32800 -0.43173317 0.43222179 2.48821256
32900 -0.43258614 0.48010544 2.72548324
33000 -0.47410505 0.47511798 0.65073065
33100 -0.43976007 0.47035188 2.02152423
33200 -0.41545370 0.47691506 3.93624871
33300 -0.41669405 0.48224096 3.98968040
33400 -0.47628459 0.46894420 0.46065160
33500 -0.41980028 0.50540403 4.75080061
33600 -0.38140375 0.44844342 7.03374687
33700 -0.46953517 0.46203716 0.53649956
33800 -0.42806008 0.48215534 3.10465919
33900 -0.46920362 0.46641070 0.60886427
34000 -0.46095581 0.47344343 1.03702137
34100 -0.45146740 0.48585392 1.82045813
34200 -0.46026377 0.48412846 1.37185996
34300 -0.42894482 0.50127072 3.83876284
34400 -0.46641903 0.42204554 0.95456676
34500 -0.41911224 0.45668631 3.29376854
34600 -0.43708017 0.45359604 1.98591844
34700 -0.39086983 0.47609203 6.29509444
34800 -0.42111670 0.50773749 4.77809643
34900 -0.43765230 0.48834011 2.67860000
35000 -0.43743730 0.49011587 2.76168734
35100 -0.43948365 0.50845842 3.53980760
35200 -0.43958382 0.44296562 1.84979854
35300 -0.43200490 0.44624334 2.31872295
35400 -0.42043349 0.49494114 4.17526787
35500 -0.45305194 0.47948339 1.53669550
35600 -0.44602017 0.48654636 2.12472896
35700 -0.44722847 0.44984742 1.39242881
35800 -0.41480581 0.45445874 3.63896493
35900 -0.40595634 0.45806464 4.45462418
36000 -0.39732629 0.43419021 5.39592024
36100 -0.42136140 0.49004697 3.89389495
36200 -0.46764114 0.46089610 0.58291048
36300 -0.42607744 0.45079460 2.73258850
36400 -0.43997843 0.46707475 1.94706812
36500 -0.41875800 0.48403259 3.87923967
36600 -0.40389286 0.47847228 5.02362703
36700 -0.39710763 0.44664466 5.29904883
36800 -0.40253118 0.48329100 5.30423112
36900 -0.42183251 0.48912728 3.82055036
37000 -0.45682791 0.48008826 1.38456630
37100 -0.42383979 0.51177252 4.80811074
37200 -0.45858056 0.48120764 1.34474331
37300 -0.46838260 0.49443555 1.48708918
37400 -0.42412205 0.46661502 3.01676120
37500 -0.41876042 0.46745498 3.45227253
37600 -0.44578880 0.48379311 2.04041418
37700 -0.39165379 0.50202336 7.22266591
37800 -0.44132287 0.45229482 1.72413561
37900 -0.40890290 0.46335234 4.23848320
38000 -0.44885305 0.47819875 1.70558974
38100 -0.45325169 0.47982533 1.53747731
38200 -0.39353357 0.49885326 6.86087058
38300 -0.44863884 0.50198719 2.67031788
38400 -0.39995276 0.47988978 5.45142442
38500 -0.48085313 0.46421085 0.28427548
38600 -0.39217667 0.47946555 6.24704489
38700 -0.41539963 0.44807385 3.58046663
38800 -0.40847517 0.42971560 4.39412577
38900 -0.41188888 0.43634567 3.97500472
39000 -0.44609644 0.46523661 1.56887411
39100 -0.40070533 0.47631607 5.27598323
39200 -0.38523512 0.49996739 7.83385832
39300 -0.48505130 0.47856945 0.51983849
39400 -0.36397877 0.48251563 9.77952079
39500 -0.38548679 0.46307583 6.64212595
39600 -0.45755035 0.48746912 1.60295383
39700 -0.42204625 0.43335866 3.17686081
39800 -0.46498584 0.46759577 0.76780126
39900 -0.38731105 0.45646969 6.37032795
40000 -0.46225060 0.49838046 1.88284292
40100 -0.45460345 0.46779514 1.18875691
40200 -0.41815006 0.47653820 3.70184430
40300 -0.43407320 0.48834192 2.90822271
40400 -0.38537580 0.51327644 8.57130708
40500 -0.43766410 0.46072514 2.00039678
40600 -0.42643537 0.48657588 3.37477483
40700 -0.37932614 0.48339852 7.83882109
40800 -0.40840160 0.45456135 4.20553667
40900 -0.40345035 0.46941051 4.84930103
41000 -0.44909720 0.47207122 1.53911709
41100 -0.42335896 0.48855292 3.68008823
41200 -0.37333277 0.45274310 8.02605621
41300 -0.45691379 0.46831718 1.09597010
41400 -0.44669171 0.46686776 1.56314729
41500 -0.42034220 0.43859832 3.23768192
41600 -0.46025811 0.46403782 0.88823922
41700 -0.41641897 0.50583385 5.05160322
41800 -0.39418668 0.47167818 5.83320115
41900 -0.45858764 0.50822378 2.55249607
42000 -0.40154580 0.44085797 4.88840293
42100 -0.42818117 0.47084937 2.79632048
42200 -0.38338759 0.49277028 7.71387546
42300 -0.40958790 0.50168969 5.42308546
42400 -0.42471509 0.47642778 3.18312249
42500 -0.44177151 0.46880660 1.87212274
42600 -0.45036559 0.46405161 1.33051102
42700 -0.41914799 0.46508453 3.38229553
42800 -0.46441256 0.47789243 1.02222679
42900 -0.44708423 0.45142609 1.40105598
43000 -0.42081465 0.46750481 3.28836872
43100 -0.45060924 0.45571489 1.23605358
43200 -0.46497503 0.45468327 0.62434086
43300 -0.46146183 0.48808314 1.46775801
43400 -0.45502091 0.48672924 1.68607766
43500 -0.37820293 0.44773598 7.41982643
43600 -0.43859901 0.48682715 2.56316030
43700 -0.38915194 0.47084914 6.36098999
43800 -0.39365143 0.46998824 5.85477368
43900 -0.42583454 0.47543960 3.07384404
44000 -0.42360621 0.46670306 3.05750190
44100 -0.44479552 0.47718584 1.89330213
44200 -0.41903630 0.51825208 5.60673323
44300 -0.42830842 0.51470780 4.66339085
44400 -0.43205320 0.45023683 2.30841180
44500 -0.50933782 0.44582100 0.05232941
44600 -0.39740195 0.47460458 5.56587243
44700 -0.44506213 0.47682535 1.86888474
44800 -0.40887972 0.45191862 4.15329372
44900 -0.40179661 0.44845106 4.82315283
45000 -0.38930013 0.45515183 6.14050159
45100 -0.38866104 0.46302128 6.28295925
45200 -0.45895848 0.47440345 1.13996713
45300 -0.33909033 0.45054538 12.94611024
45400 -0.46017686 0.46905080 0.97440783
45500 -0.43053182 0.48055643 2.87976181
45600 -0.42118243 0.48773158 3.81794095
45700 -0.47315732 0.45574100 0.37674429
45800 -0.45958958 0.43464859 0.93433368
45900 -0.41852476 0.45894246 3.35909118
46000 -0.42086597 0.50887614 4.86429721
46100 -0.42261575 0.45237756 2.99698770
46200 -0.39006613 0.46776377 6.20050403
46300 -0.45876559 0.46823198 1.01634102
46400 -0.47913448 0.51320795 2.21530722
46500 -0.40504921 0.46214391 4.58156320
46600 -0.43427478 0.47546343 2.48409556
46700 -0.43968516 0.46692890 1.96223351
46800 -0.46435526 0.48014692 1.08969218
46900 -0.39675822 0.50617197 6.90707736
47000 -0.42371191 0.45911879 2.95151258
47100 -0.46000708 0.44157948 0.83516953
47200 -0.44546319 0.42527435 1.79281049
47300 -0.43258944 0.45485975 2.28390053
47400 -0.44596204 0.44853029 1.46113069
47500 -0.39566458 0.48556970 6.07554202
47600 -0.42461606 0.48819267 3.57070945
47700 -0.36672695 0.46203858 8.95331667
47800 -0.41541521 0.51471830 5.67152202
47900 -0.41104694 0.46184403 4.02646385
48000 -0.39735128 0.47929117 5.69736619
48100 -0.35365864 0.48601725 11.35651841
48200 -0.44766977 0.45053056 1.36936700
48300 -0.40407720 0.47072650 4.81538591
48400 -0.41094000 0.49232121 4.86138386
48500 -0.41921874 0.48866877 4.01044292
48600 -0.46288275 0.49486510 1.69528371
48700 -0.42540228 0.50809567 4.46996327
48800 -0.37272549 0.42051185 8.53417586
48900 -0.38863760 0.44944271 6.20094713
49000 -0.47184875 0.49420126 1.37312207
49100 -0.41443426 0.49307797 4.58860379
49200 -0.34095243 0.44074677 12.69087636
49300 -0.44951617 0.44683903 1.27930442
49400 -0.41613012 0.46579643 3.64184191
49500 -0.41723931 0.46320387 3.51183737
49600 -0.43774808 0.47081583 2.15430005
49700 -0.46155567 0.47795572 1.12974434
49800 -0.42367731 0.46731000 3.06239483
49900 -0.41767858 0.48985547 4.18263759
50000 -0.41414363 0.43909961 3.74506738
50100 -0.44612827 0.47220060 1.69751508
50200 -0.46186219 0.46208464 0.80026533
50300 -0.42299104 0.47634816 3.31230275
50400 -0.45760799 0.45428745 0.90773219
50500 -0.38601336 0.49010442 7.30065956
50600 -0.47114476 0.48197041 0.92736616
50700 -0.40808456 0.44103799 4.26438254
50800 -0.44024714 0.44386929 1.80399483
50900 -0.43074027 0.46308012 2.48400000
51000 -0.45209154 0.48740192 1.84706212
51100 -0.45726322 0.47427857 1.20794080
51200 -0.42542078 0.45819308 2.81459299
51300 -0.43175293 0.48702956 3.01442563
51400 -0.40516753 0.48177423 5.00139989
51500 -0.48765065 0.48909221 0.84035371
51600 -0.37772857 0.46415761 7.57536958
51700 -0.44368867 0.44652355 1.59152607
51800 -0.44675653 0.47479815 1.72490796
51900 -0.44846801 0.44711971 1.33192092
52000 -0.47452161 0.46892840 0.50371639
52100 -0.36688534 0.48675760 9.53531658
52200 -0.44753410 0.49207192 2.26135856
52300 -0.45800295 0.48679747 1.55890301
52400 -0.43067479 0.49460738 3.39790119
52500 -0.43068190 0.46763026 2.55791258
52600 -0.43603108 0.46810794 2.20995994
52700 -0.46776972 0.50380738 1.96701273
52800 -0.48434400 0.49849369 1.29837421
52900 -0.39851411 0.45516160 5.16301407
53000 -0.47155822 0.49558339 1.44338988
53100 -0.40815679 0.47702316 4.58271334
53200 -0.41491285 0.43532599 3.72757476
53300 -0.41056531 0.48410892 4.58099143
53400 -0.42472904 0.50023056 4.09441334
53500 -0.38917931 0.46953574 6.33143508
53600 -0.39233811 0.43065021 5.98274871
53700 -0.36957883 0.46867583 8.67923454
53800 -0.41844704 0.47607620 3.66542667
53900 -0.44445550 0.46544986 1.66194464
54000 -0.43232700 0.47494061 2.60083444
54100 -0.41125318 0.48674574 4.61312366
54200 -0.47475789 0.48377658 0.88901072
54300 -0.44694589 0.44344241 1.42887045
54400 -0.44808709 0.43312061 1.48993216
54500 -0.38914889 0.49047146 6.96295364
54600 -0.41615922 0.48735508 4.21233878
54700 -0.46877957 0.53507326 4.10608750
54800 -0.38741148 0.45159957 6.33936620
54900 -0.44843144 0.44329299 1.35215015
55000 -0.41958831 0.44221628 3.26331273
55100 -0.44247377 0.45646782 1.67554977
55200 -0.43462648 0.45716467 2.16251449
55300 -0.39154444 0.45620307 5.90054372
55400 -0.44917644 0.49375227 2.24864772
55500 -0.46389998 0.49300161 1.57617512
55600 -0.47960234 0.45422116 0.21694139
55700 -0.43384833 0.47185531 2.42684890
55800 -0.43295712 0.47002292 2.44783251
55900 -0.44962164 0.48104060 1.75074879
56000 -0.46978315 0.45157128 0.45776339
56100 -0.43693402 0.44539410 1.99926597
56200 -0.42518448 0.48167890 3.30045757
56300 -0.44378175 0.48797889 2.30144395
56400 -0.35674460 0.48559607 10.89459555
56500 -0.46455747 0.48651430 1.29473346
56600 -0.41502706 0.47089003 3.82839707
56700 -0.39813903 0.48754098 5.89249071
56800 -0.41310772 0.47459969 4.07770700
56900 -0.44422363 0.45081725 1.55583568
57000 -0.44528656 0.47206697 1.74025558
57100 -0.42826533 0.45420901 2.58178907
57200 -0.48978410 0.49872162 1.23908050
57300 -0.43930069 0.47087416 2.06006814
57400 -0.43820004 0.47954177 2.34597556
57500 -0.41054451 0.47712222 4.36894945
57600 -0.45556609 0.47678836 1.34599409
57700 -0.43189559 0.46535106 2.43693250
57800 -0.41506950 0.50314258 5.01866137
57900 -0.41287032 0.46446917 3.90046891
58000 -0.40634729 0.48430967 4.97399147
58100 -0.46125906 0.45460495 0.76103313
58200 -0.43965985 0.47694242 2.18341366
58300 -0.49200082 0.48839480 0.76907390
58400 -0.44460557 0.47747848 1.91180479
58500 -0.38934573 0.45060189 6.12236449
58600 -0.43008461 0.47905223 2.86609693
58700 -0.41381716 0.50875803 5.43999449
58800 -0.42551775 0.47812588 3.16933547
58900 -0.43384625 0.49198878 3.06968829
59000 -0.44351824 0.46452260 1.70054749
59100 -0.37244184 0.46184579 8.20570383
59200 -0.46437905 0.45083369 0.63477355
59300 -0.40367725 0.51864293 6.99496190
59400 -0.43837438 0.48966383 2.68546808
59500 -0.41098555 0.46376708 4.05655280
59600 -0.50252593 0.47065203 0.21644334
59700 -0.47185441 0.47755821 0.77581457
59800 -0.47206678 0.49810501 1.54717833
59900 -0.41874643 0.47695135 3.66425933
60000 -0.41995361 0.46335850 3.29293719
60100 -0.36999138 0.49546163 9.48450080
60200 -0.46326449 0.49735625 1.79605600
60300 -0.43820049 0.49306474 2.83687580
60400 -0.41901959 0.49136648 4.13450645
60500 -0.45231945 0.47389312 1.42215812
60600 -0.48888439 0.49945117 1.28448761
60700 -0.47758411 0.52723929 3.23418977
60800 -0.41914584 0.47958196 3.70624361
60900 -0.42350933 0.46485415 3.03573458
61000 -0.37426957 0.46680912 8.04534432
61100 -0.49635308 0.47804728 0.39997486
61200 -0.41412100 0.48265254 4.22069532
61300 -0.42769960 0.47551890 2.93928111
61400 -0.42856838 0.44829947 2.55268400
61500 -0.45479413 0.53081742 4.28751292
61600 -0.42398225 0.47572501 3.22023710
61700 -0.40834587 0.48077992 4.67394124
61800 -0.42914404 0.45545289 2.52515043
61900 -0.47136526 0.45488479 0.42190484
62000 -0.43007606 0.47713887 2.81293808
62100 -0.42132550 0.47466168 3.39893745
62200 -0.43485843 0.48250064 2.64985794
62300 -0.40366597 0.45865305 4.67756016
62400 -0.38949302 0.49734427 7.22663586
62500 -0.38659194 0.45544741 6.44553101
62600 -0.50052737 0.46887697 0.17830900
62700 -0.44018011 0.46156251 1.85605565
62800 -0.40235920 0.47340235 5.04069761
62900 -0.41009091 0.46226091 4.11698706
63000 -0.47505755 0.48532615 0.93503146
63100 -0.43119052 0.45616196 2.38635693
63200 -0.41581454 0.48919635 4.31177307
63300 -0.41160671 0.48709633 4.59475596
63400 -0.40320121 0.48655071 5.35298000
63500 -0.37320574 0.50807255 9.72460312
63600 -0.42194016 0.44839208 3.04796212
63700 -0.42751847 0.45784493 2.65755769
63800 -0.46426607 0.46400152 0.73647824
63900 -0.46074041 0.48075711 1.24365777
64000 -0.43541163 0.48173153 2.58927368
64100 -0.47365514 0.50527641 1.87476667
64200 -0.42907163 0.48057294 2.98276931
64300 -0.41832116 0.48281056 3.87398253
64400 -0.37156726 0.45522029 8.26111058
64500 -0.39682505 0.48563328 5.95740041
64600 -0.48035063 0.46434994 0.29600930
64700 -0.43256393 0.45606440 2.29220057
64800 -0.44859295 0.49819176 2.48256542
64900 -0.43891457 0.45416071 1.87437081
65000 -0.40732626 0.49112040 5.13965432
65100 -0.43079170 0.48552292 3.02583315
65200 -0.42846368 0.50311782 3.96947414
65300 -0.44500238 0.47535124 1.83371170
65400 -0.43520174 0.43209975 2.25961668
65500 -0.39812749 0.46595130 5.31622623
65600 -0.38832316 0.48365659 6.80224096
65700 -0.40318374 0.47917081 5.11216259
65800 -0.42215557 0.45189386 3.03167102
65900 -0.41137328 0.48620127 4.58261402
66000 -0.40219063 0.46901328 4.96408926
66100 -0.41208633 0.50620587 5.44395615
66200 -0.43227968 0.47338815 2.56652399
66300 -0.49493638 0.45134569 0.01372557
66400 -0.42237083 0.44104880 3.05320617
66500 -0.41261874 0.47086690 4.03545628
66600 -0.45508783 0.49040652 1.82489489
66700 -0.49109136 0.48211772 0.55545606
66800 -0.41737732 0.46613490 3.54342086
66900 -0.45678217 0.48126278 1.42257131
67000 -0.44720555 0.47327923 1.66458843
67100 -0.47191176 0.47792785 0.78445709
67200 -0.40809930 0.43782693 4.29696155
67300 -0.46464578 0.48720868 1.31720324
67400 -0.44067276 0.45193727 1.76173736
67500 -0.39769997 0.46052811 5.28806826
67600 -0.42634913 0.44743195 2.71552296
67700 -0.43337294 0.50023137 3.48117759
67800 -0.38423456 0.43033758 6.89412395
67900 -0.46521636 0.46153460 0.67147421
68000 -0.42575394 0.48764372 3.46476347
68100 -0.43967001 0.49573809 2.86583997
68200 -0.42314568 0.45647945 2.97428495
68300 -0.41468806 0.49173610 4.51001488
68400 -0.43740159 0.47525967 2.27830563
68500 -0.45581150 0.44586608 0.98485634
68600 -0.43383013 0.47046847 2.39870528
68700 -0.42357818 0.44582209 2.92887458
68800 -0.45303694 0.46108881 1.16424527
68900 -0.43281052 0.43469313 2.37436348
69000 -0.43430198 0.48039929 2.62017353
69100 -0.43709996 0.48677193 2.65429497
69200 -0.49308433 0.44385302 0.04280589
69300 -0.41840233 0.47137193 3.55746944
69400 -0.44356245 0.50526296 3.11959617
69500 -0.44899329 0.47872624 1.71344076
69600 -0.44252832 0.47494711 1.96267607
69700 -0.40469324 0.44448924 4.55687353
69800 -0.44098543 0.45416734 1.75004322
69900 -0.45647349 0.48708024 1.63475061
70000 -0.38355450 0.46322116 6.86717698
70100 -0.44926566 0.46424690 1.38847381
70200 -0.40460730 0.46322030 4.63727167
70300 -0.39049487 0.46072048 6.05315119
70400 -0.40393203 0.48234228 5.13753938
70500 -0.48336144 0.45175388 0.13995883
70600 -0.46791397 0.48749981 1.21787421
70700 -0.41405683 0.48251025 4.22157274
70800 -0.44028182 0.50031063 3.04870995
70900 -0.43451352 0.47365473 2.42401234
71000 -0.42697510 0.48537189 3.29190300
71100 -0.45961579 0.48886918 1.57084903
71200 -0.41138475 0.46269640 4.00693056
71300 -0.44165068 0.47631933 2.04867506
71400 -0.41751873 0.48702368 4.08695667
71500 -0.37803738 0.45759974 7.46631869
71600 -0.43299312 0.42230177 2.62855698
71700 -0.46470845 0.46236143 0.69914939
71800 -0.44332672 0.49062268 2.43103106
71900 -0.43342634 0.44852368 2.21711595
72000 -0.45703530 0.45844814 0.95866835
72100 -0.41563588 0.48472336 4.16150823
72200 -0.40459707 0.48227633 5.07174035
72300 -0.47638383 0.47697126 0.64258630
72400 -0.47477568 0.50669073 1.92505270
72500 -0.39426493 0.47396421 5.87709473
72600 -0.43987004 0.44099447 1.84835574
72700 -0.40363924 0.44988603 4.64270495
72800 -0.41830835 0.50094133 4.63427193
72900 -0.42061175 0.44418819 3.16813579
73000 -0.44222407 0.48231046 2.19101160
73100 -0.44833044 0.48240725 1.85998662
73200 -0.44797538 0.45263538 1.35675320
73300 -0.38921533 0.49036936 6.95146471
73400 -0.49708112 0.52257943 2.63814698
73500 -0.39700496 0.48222059 5.82307203
73600 -0.45168273 0.45873314 1.20541301
73700 -0.46598597 0.47826766 0.97800739
73800 -0.46743339 0.45770976 0.56001208
73900 -0.40432333 0.43733275 4.65724241
74000 -0.44484091 0.42413404 1.85578660
74100 -0.37251022 0.46966264 8.32013133
74200 -0.47826521 0.47429420 0.53130455
74300 -0.42570335 0.46593344 2.88693354
74400 -0.47353381 0.45548947 0.36529665
74500 -0.41891287 0.46304660 3.37266801
74600 -0.41491268 0.46484608 3.73012949
74700 -0.42707432 0.46490621 2.77017477
74800 -0.44962493 0.48172603 1.77209441
74900 -0.40208728 0.51376360 6.82634845
75000 -0.40729062 0.48136015 4.78924411
75100 -0.46390810 0.49271102 1.56342817
75200 -0.36995377 0.50511132 9.97464016
75300 -0.45429701 0.49979449 2.28412702
75400 -0.41897040 0.49739191 4.40589483
75500 -0.46635024 0.47846715 0.97134251
75600 -0.43981382 0.46402898 1.90959420
75700 -0.44244761 0.47044765 1.86519181
75800 -0.41204206 0.48746301 4.57003823
75900 -0.45120263 0.48270258 1.72532117
76000 -0.39855040 0.50060510 6.42644808
76100 -0.44802185 0.43660788 1.44053871
76200 -0.35124661 0.43845490 11.13042996
76300 -0.45791187 0.50244944 2.26117736
76400 -0.41872531 0.45945723 3.34750683
76500 -0.41033531 0.46137716 4.08459840
76600 -0.41249889 0.42622307 4.11089303
76700 -0.44253507 0.43488144 1.76539449
76800 -0.42558178 0.44570884 2.77824268
76900 -0.43857990 0.48007270 2.33839810
77000 -0.43080580 0.49278745 3.30930116
77100 -0.42650019 0.44888258 2.70173515
77200 -0.42564224 0.50108621 4.06943855
77300 -0.42921081 0.46526403 2.62205036
77400 -0.44176548 0.48547283 2.32479048
77500 -0.40137719 0.49105109 5.70582474
77600 -0.43150923 0.46313740 2.43178837
77700 -0.45855308 0.45480329 0.87045924
77800 -0.46477744 0.41371081 1.27876688
77900 -0.47911685 0.48005605 0.66973595
78000 -0.42470285 0.45324298 2.84008903
78100 -0.37232618 0.49906673 9.35407401
78200 -0.46697528 0.45562493 0.56113597
78300 -0.44236143 0.46839276 1.83024907
78400 -0.46725960 0.46302597 0.62080482
78500 -0.42189391 0.48289892 3.59145012
78600 -0.39584586 0.45518984 5.43751001
78700 -0.44412680 0.47820885 1.95877660
78800 -0.43511770 0.47001034 2.30506312
78900 -0.43749343 0.46898664 2.13378186
79000 -0.47772914 0.45564671 0.26393837
79100 -0.41761985 0.45684056 3.41664126
79200 -0.45888341 0.45976333 0.89294812
79300 -0.46321834 0.47253498 0.93035791
79400 -0.45462446 0.46485411 1.13979207
79500 -0.47183578 0.48846490 1.13638607
79600 -0.42912197 0.47984727 2.95727758
79700 -0.41064730 0.45498274 4.00436627
79800 -0.40805891 0.44585127 4.23518756
79900 -0.41927018 0.48011679 3.71216268
80000 -0.43918575 0.49201131 2.73166178
80100 -0.40708189 0.46372765 4.41111215
80200 -0.44801432 0.46436479 1.45442877
80300 -0.43439208 0.45732167 2.17900310
80400 -0.43469842 0.48322548 2.68411467
80500 -0.44585251 0.48488600 2.07449202
80600 -0.44124144 0.50170819 3.06315271
80700 -0.44009491 0.49729389 2.91266585
80800 -0.42279645 0.44397891 2.99832077
80900 -0.47592320 0.47579382 0.62250679
81000 -0.40072997 0.45263099 4.93073061
81100 -0.43454820 0.47521006 2.45974284
81200 -0.51065565 0.49682377 1.15300434
81300 -0.40158601 0.47614113 5.18433633
81400 -0.35637742 0.47188307 10.55315695
81500 -0.40838254 0.46405179 4.29560597
81600 -0.43140899 0.44617499 2.35967871
81700 -0.49254845 0.45114529 0.02841867
81800 -0.44031932 0.44586883 1.78942499
81900 -0.49917992 0.50854715 1.71422074
82000 -0.43780083 0.50198049 3.28535387
82100 -0.44273883 0.45003496 1.63942122
82200 -0.45449729 0.49754356 2.16544349
82300 -0.37463935 0.45343976 7.86356270
82400 -0.40699629 0.43128234 4.50002077
82500 -0.48593901 0.53008172 3.30539691
82600 -0.43258011 0.48406075 2.85278769
82700 -0.46589754 0.50517444 2.10359853
82800 -0.42155719 0.48844512 3.81565107
82900 -0.46989665 0.48088603 0.93007905
83000 -0.45291693 0.46796741 1.26982145
83100 -0.34111653 0.48402941 13.20097872
83200 -0.47570072 0.49137204 1.15105057
83300 -0.47321183 0.43930012 0.41604680
83400 -0.46119563 0.44888500 0.75351106
83500 -0.48612349 0.46651674 0.23268009
83600 -0.42988215 0.44701002 2.46272626
83700 -0.43462859 0.47805877 2.53035805
83800 -0.36658554 0.48171400 9.40259794
83900 -0.43517922 0.46705260 2.24626203
84000 -0.42884729 0.49166018 3.39913893
84100 -0.46907201 0.50109001 1.78336469
84200 -0.44767439 0.44032286 1.41580820
84300 -0.45678315 0.50288955 2.33250034
84400 -0.42338521 0.49466561 3.93242121
84500 -0.51097772 0.45900654 0.10081401
84600 -0.41812603 0.48325589 3.90465038
84700 -0.40145323 0.44638076 4.86228266
84800 -0.41743135 0.45022216 3.40881559
84900 -0.43650602 0.43122624 2.19197001
85000 -0.44453321 0.46268200 1.61869905
85100 -0.37582516 0.46077867 7.76778549
85200 -0.46774460 0.50941095 2.28503565
85300 -0.41363412 0.48099435 4.20985775
85400 -0.45019377 0.47191527 1.48046988
85500 -0.41683435 0.49445319 4.44630577
85600 -0.45735211 0.45246970 0.91247089
85700 -0.45064102 0.49746617 2.34467320
85800 -0.43350722 0.49821487 3.37298193
85900 -0.43331548 0.49388123 3.18619377
86000 -0.39211086 0.45219965 5.82245222
86100 -0.46999455 0.49077653 1.28152595
86200 -0.40520807 0.49222347 5.38416537
86300 -0.43402126 0.47114682 2.40019095
86400 -0.46055529 0.48930611 1.55042741
86500 -0.47186738 0.48058737 0.86351584
86600 -0.47430385 0.48136783 0.82211660
86700 -0.44617741 0.49212169 2.33555413
86800 -0.43730013 0.46307618 2.05113033
86900 -0.42034879 0.42748656 3.42558555
87000 -0.41258197 0.49082217 4.65418066
87100 -0.44068733 0.52217956 4.36394056
87200 -0.41523992 0.48378882 4.16297777
87300 -0.45223508 0.43935782 1.19737192
87400 -0.44501209 0.47555833 1.83844907
87500 -0.46811810 0.45802458 0.54042473
87600 -0.50170834 0.50600711 1.56985761
87700 -0.38544035 0.46296470 6.64599862
87800 -0.42124923 0.44696435 3.10544910
87900 -0.41798516 0.47395532 3.65014534
88000 -0.48622009 0.50308921 1.50417494
88100 -0.40358362 0.48392036 5.22335447
88200 -0.38972694 0.47952419 6.51591252
88300 -0.40552492 0.47278578 4.72236603
88400 -0.42874462 0.47287228 2.80023503
88500 -0.42974621 0.46186996 2.53824569
88600 -0.44738994 0.47449595 1.68393503
88700 -0.43211911 0.52178846 4.88069901
88800 -0.48056225 0.48231071 0.71090399
88900 -0.42760675 0.42773441 2.86826951
89000 -0.40279716 0.45526703 4.73806671
89100 -0.43874720 0.50206137 3.23114595
89200 -0.45036794 0.48376754 1.80179397
89300 -0.41153691 0.49194506 4.79255341
89400 -0.45381453 0.43823621 1.13574213
89500 -0.39683499 0.46093702 5.38131867
89600 -0.37946465 0.51278709 9.23549543
89700 -0.43540731 0.49780722 3.22887335
89800 -0.38195199 0.44361486 6.98805092
89900 -0.46233244 0.45849490 0.74550433
90000 -0.45366656 0.45257634 1.07671251
90100 -0.48834136 0.48677129 0.74402589
90200 -0.41188332 0.48821985 4.61265318
90300 -0.43625802 0.49240214 2.93049062
90400 -0.42818274 0.48143615 3.07297485
90500 -0.42714107 0.48065598 3.12410655
90600 -0.41939957 0.49599465 4.30596840
90700 -0.44484166 0.47963427 1.96031602
90800 -0.43356929 0.45553050 2.22181306
90900 -0.47729042 0.46318142 0.34473752
91000 -0.42745642 0.47050911 2.84159733
91100 -0.41434237 0.48025831 4.12639781
91200 -0.44349564 0.46300209 1.68089837
91300 -0.44134131 0.50411168 3.18445745
91400 -0.42745534 0.49705378 3.73839350
91500 -0.36869772 0.45827298 8.65436500
91600 -0.41473262 0.52212138 6.23600975
91700 -0.43785839 0.47221337 2.17750682
91800 -0.43358113 0.45506688 2.21857004
91900 -0.38870107 0.47443378 6.49223010
92000 -0.45139985 0.46961938 1.37344736
92100 -0.43873858 0.51058621 3.71182526
92200 -0.43499099 0.43012388 2.31061589
92300 -0.47166626 0.50862717 2.11997318
92400 -0.45221583 0.43390189 1.27123821
92500 -0.50171060 0.49573584 1.04734665
92600 -0.41355653 0.45114124 3.73688803
92700 -0.43208487 0.47284904 2.56727142
92800 -0.41810649 0.49617041 4.41912691
92900 -0.42572244 0.45475166 2.76986693
93000 -0.41224275 0.46548726 3.97059529
93100 -0.46238964 0.46780065 0.86570125
93200 -0.43404477 0.48043226 2.63810768
93300 -0.40133770 0.48394498 5.44325513
93400 -0.44362910 0.47994408 2.03716288
93500 -0.42309736 0.42757333 3.20848599
93600 -0.36046619 0.44478276 9.74845243
93700 -0.44155274 0.43380151 1.83923654
93800 -0.38815930 0.47763593 6.63604332
93900 -0.43420612 0.50862438 3.88282667
94000 -0.43038715 0.46014519 2.47443672
94100 -0.43955001 0.50289658 3.22612453
94200 -0.35863583 0.48528202 10.61432525
94300 -0.44289186 0.44937494 1.63086514
94400 -0.39797222 0.48513511 5.82207238
94500 -0.46777456 0.46426718 0.62101570
94600 -0.43128109 0.46589033 2.48739566
94700 -0.41380491 0.49583245 4.76510368
94800 -0.44932737 0.48242117 1.80942404
94900 -0.47659085 0.47342370 0.54832905
95000 -0.40571289 0.46213750 4.51868855
95100 -0.42941363 0.48281987 3.02978994
95200 -0.45429998 0.46314176 1.13059901
95300 -0.37994966 0.51189904 9.12178786
95400 -0.41262160 0.49163427 4.68419846
95500 -0.41835011 0.48116037 3.81883703
95600 -0.42758468 0.48189477 3.13062767
95700 -0.41888130 0.44435306 3.30606607
95800 -0.37358653 0.46860099 8.16318082
95900 -0.42457228 0.47222952 3.09174669
96000 -0.38857744 0.47032502 6.41404722
96100 -0.47116721 0.51493524 2.52395728
96200 -0.41402532 0.44273417 3.72221873
96300 -0.45018255 0.48493530 1.85112652
96400 -0.40054228 0.48999161 5.74558310
96500 -0.44468169 0.48628405 2.18832355
96600 -0.39225914 0.49777330 6.94519034
96700 -0.46482789 0.44591639 0.62687675
96800 -0.42654138 0.49960320 3.92832292
96900 -0.40806615 0.46415175 4.32605202
97000 -0.42213831 0.49966529 4.26454208
97100 -0.41641467 0.48851514 4.23496138
97200 -0.44666951 0.47332744 1.69415551
97300 -0.42722940 0.50157418 3.97772837
97400 -0.41629966 0.45521542 3.51647349
97500 -0.46529591 0.45034323 0.60224588
97600 -0.47124669 0.45188709 0.41515701
97700 -0.44874225 0.46276628 1.39516751
97800 -0.44855416 0.48845854 2.06286693
97900 -0.40965513 0.43425860 4.20499333
98000 -0.39150461 0.48463095 6.48527602
98100 -0.46166919 0.48446459 1.32852957
98200 -0.43320035 0.48834653 2.96632487
98300 -0.39485975 0.47850979 5.93363982
98400 -0.46534521 0.48495384 1.21136265
98500 -0.44868358 0.46594831 1.44386194
98600 -0.48220484 0.47902649 0.57960239
98700 -0.42352747 0.46133335 2.98824641
98800 -0.45724739 0.48742160 1.61408067
98900 -0.42296723 0.50379796 4.41413397
99000 -0.41287512 0.44304693 3.81954498
99100 -0.48491411 0.40201941 1.26486082
99200 -0.41545976 0.47732610 3.94688382
99300 -0.45114165 0.50197106 2.54406443
99400 -0.37250290 0.44027967 8.17499736
99500 -0.41297832 0.49648849 4.86697570
99600 -0.43138750 0.46894526 2.53329929
99700 -0.43160905 0.45608375 2.35716685
99800 -0.45128528 0.49202385 2.06956370
99900 -0.44508239 0.48280036 2.04590395
100000 -0.45054584 0.48917475 1.99018763
100100 -0.44501357 0.49180693 2.38566375
100200 -0.41473809 0.45716119 3.66043796
100300 -0.45055855 0.46267784 1.30259217
100400 -0.43121844 0.44241676 2.39420456
100500 -0.45097241 0.51809546 3.52034845
100600 -0.43346885 0.42171397 2.61324644
100700 -0.43378642 0.45125931 2.19291228
100800 -0.42779896 0.47545829 2.93055719
100900 -0.44250902 0.46905036 1.83406446
101000 -0.41680819 0.44059286 3.50468620
101100 -0.42483085 0.49055495 3.64755216
101200 -0.47087806 0.46711315 0.57047376
101300 -0.47251931 0.43963165 0.43134561
101400 -0.45590009 0.46416507 1.07272570
101500 -0.43444808 0.46812327 2.31275330
101600 -0.44034836 0.49710747 2.88871576
101700 -0.45976509 0.46203546 0.88185013
101800 -0.43523460 0.45134970 2.09818960
101900 -0.38389742 0.46367413 6.83339546
102000 -0.46161736 0.44026069 0.78404071
102100 -0.41886102 0.49839034 4.46257994
102200 -0.43654813 0.47665427 2.36829494
102300 -0.44838154 0.47816861 1.72896787
102400 -0.40836148 0.45178448 4.20040160
102500 -0.47517518 0.48895151 1.06674611
102600 -0.45907008 0.49484055 1.84296651
102700 -0.46726605 0.47609371 0.87619656
102800 -0.43419108 0.47321699 2.43492103
102900 -0.34980589 0.47342783 11.55356624
103000 -0.45301862 0.47499064 1.41589101
103100 -0.41514959 0.45245377 3.60280619
103200 -0.39923892 0.47147991 5.30709052
103300 -0.40752759 0.44637076 4.28215868
103400 -0.46333875 0.49655022 1.75548509
103500 -0.46776422 0.48545043 1.14793930
103600 -0.44198744 0.49330309 2.62030765
103700 -0.45976239 0.49314215 1.74015537
103800 -0.40814013 0.46978654 4.41487183
103900 -0.39785585 0.45054300 5.21686122
104000 -0.42502117 0.46983316 3.00758979
104100 -0.38966195 0.47832734 6.48846149
104200 -0.42610058 0.43476863 2.84655960
104300 -0.48156561 0.49443489 1.15714301
104400 -0.49884711 0.48084528 0.47638022
104500 -0.46424123 0.47710203 1.00660475
104600 -0.43536292 0.43723121 2.17049691
104700 -0.45315479 0.45812311 1.13022956
104800 -0.41788105 0.47330850 3.64340444
104900 -0.42728924 0.47904743 3.06530391
105000 -0.32174409 0.45632323 15.90757629
105100 -0.43594112 0.45865555 2.08922931
105200 -0.51258456 0.48071914 0.55101837
105300 -0.40534065 0.53188008 7.83236994
105400 -0.43811082 0.46449047 2.02012212
105500 -0.38367050 0.46468496 6.87410068
105600 -0.45980813 0.45224345 0.81020973
105700 -0.49273447 0.46014473 0.07785176
105800 -0.40117656 0.46998827 5.08280184
105900 -0.39424448 0.44253650 5.61996730
106000 -0.40950037 0.44368171 4.11505155
106100 -0.42246650 0.44908384 3.00614171
106200 -0.44038459 0.49120046 2.62573790
106300 -0.40572596 0.48843572 5.18244987
106400 -0.41698859 0.44528112 3.45658083
106500 -0.41704663 0.47421532 3.73382179
106600 -0.41272873 0.48381582 4.37989229
106700 -0.43117417 0.48902167 3.12984300
106800 -0.36351722 0.46491153 9.42495188
106900 -0.35695892 0.49670722 11.32115822
107000 -0.45554570 0.48221966 1.50714555
107100 -0.45815538 0.45299280 0.87996438
107200 -0.44749518 0.48886727 2.13371032
107300 -0.38991206 0.52447120 8.83265707
107400 -0.50107199 0.49067970 0.82799353
107500 -0.43164758 0.48073025 2.80820122
107600 -0.42150681 0.49403718 4.05022752
107700 -0.38821044 0.46104476 6.30944673
107800 -0.41066340 0.50969928 5.77251592
107900 -0.48836466 0.50896749 1.80627329
108000 -0.40130911 0.43496951 4.98290338
108100 -0.43709898 0.47725218 2.34961019
108200 -0.37888383 0.47345061 7.60952873
108300 -0.47136808 0.44010036 0.45889488
108400 -0.41507632 0.44891748 3.60660155
108500 -0.41887721 0.49485844 4.29659312
108600 -0.40384913 0.48033054 5.08246585
108700 -0.42950596 0.47318439 2.75346260
108800 -0.40832708 0.45235992 4.20474713
108900 -0.42681120 0.46855029 2.85035677
109000 -0.48365485 0.48223640 0.65317476
109100 -0.43179352 0.48854183 3.06879785
109200 -0.42865376 0.45607487 2.56359493
109300 -0.43094858 0.43775115 2.45906661
109400 -0.45054537 0.45962625 1.26921273
109500 -0.48117408 0.48765500 0.88615691
109600 -0.46745506 0.47706555 0.89585865
109700 -0.45019262 0.49137190 2.09620491
109800 -0.42326782 0.48958366 3.72734683
109900 -0.45377091 0.49285934 1.98702614
110000 -0.43582958 0.43855080 2.12446365
110100 -0.40553670 0.46192361 4.53274401
110200 -0.49635741 0.50764955 1.66836949
110300 -0.47771306 0.46620032 0.37957891
110400 -0.39722806 0.46574859 5.40504495
110500 -0.40270458 0.48397000 5.31018025
110600 -0.43858904 0.45132239 1.88652748
110700 -0.41701882 0.45105860 3.44349836
110800 -0.44499185 0.48855962 2.25637069
110900 -0.48488822 0.51361171 2.13740763
111000 -0.44584339 0.46738014 1.61750404
111100 -0.37157294 0.46671048 8.38637521
111200 -0.43685477 0.47941629 2.42631878
111300 -0.37345873 0.49151000 8.86788616
111400 -0.46612308 0.47174346 0.81021197
111500 -0.42815632 0.45021122 2.58077918
111600 -0.40520068 0.48500941 5.10628475
111700 -0.45415839 0.45847826 1.08666714
111800 -0.45611248 0.49527198 1.98783312
111900 -0.45577758 0.48106655 1.46037652
112000 -0.36996061 0.49137591 9.31110427
112100 -0.42285729 0.47679356 3.33444657
112200 -0.43446944 0.49056993 2.97008682
112300 -0.50110729 0.50434920 1.47753057
112400 -0.44104014 0.48624819 2.39509809
112500 -0.44346426 0.44859198 1.59913624
112600 -0.38764199 0.46840239 6.48148580
112700 -0.44335282 0.45678538 1.62747239
112800 -0.42568163 0.42163255 3.16396602
112900 -0.44201013 0.49269134 2.59268785
113000 -0.43139989 0.48804551 3.07671777
113100 -0.42651219 0.46373916 2.79461140
113200 -0.43459696 0.43421355 2.26338484
113300 -0.41792969 0.45626622 3.38740068
113400 -0.45799352 0.45254703 0.88551599
113500 -0.42947827 0.49116888 3.33409568
113600 -0.46831897 0.46070456 0.55913761
113700 -0.39473207 0.48551373 6.17128096
113800 -0.43710426 0.48071847 2.44974905
113900 -0.50593948 0.48293891 0.56012458
114000 -0.38639637 0.46658114 6.59035948
114100 -0.50555207 0.47579851 0.34819424
114200 -0.41492219 0.46779971 3.77753160
114300 -0.44757050 0.48437227 1.96515265
114400 -0.42373229 0.46890121 3.08700963
114500 -0.43452645 0.47134959 2.37129532
114600 -0.42416034 0.47307943 3.14215687
114700 -0.40168597 0.48650181 5.49901573
114800 -0.45744360 0.45424301 0.91452521
114900 -0.47984791 0.47399936 0.49103784
115000 -0.42170908 0.50003488 4.31647865
115100 -0.51238050 0.50229730 1.44414237
115200 -0.45183003 0.47884090 1.57607160
115300 -0.47296522 0.45421262 0.37431278
115400 -0.36486721 0.46078820 9.18862788
115500 -0.45522581 0.44675223 1.00763819
115600 -0.42791250 0.50012294 3.85445825
115700 -0.39849334 0.46804967 5.31469669
115800 -0.44161071 0.46272590 1.78562903
115900 -0.41471309 0.47893149 4.05544416
116000 -0.42044341 0.47490178 3.47467527
116100 -0.46378424 0.49434147 1.63887344
116200 -0.39846406 0.41877954 5.64213246
116300 -0.38529697 0.47078632 6.79442874
116400 -0.39549309 0.44698084 5.46540520
116500 -0.37865173 0.46042472 7.41703896
116600 -0.47386913 0.47043222 0.55014918
116700 -0.44418816 0.49948909 2.78206568
116800 -0.38524969 0.45904034 6.62468045
116900 -0.40637575 0.46964700 4.57575255
117000 -0.40077424 0.49532051 5.94984985
117100 -0.42002365 0.45910737 3.23958042
117200 -0.37463955 0.46712493 8.00425313
117300 -0.48636507 0.47232963 0.34226199
117400 -0.42897747 0.45242027 2.52502887
117500 -0.46694552 0.45137103 0.54723908
117600 -0.42179582 0.50740136 4.70540496
117700 -0.42807202 0.49113472 3.43284933
117800 -0.47392834 0.48611411 0.99198028
117900 -0.43756527 0.49397815 2.91608653
118000 -0.42110992 0.45156358 3.11304501
118100 -0.42372539 0.43912973 2.96798936
118200 -0.44194325 0.47527313 2.00465834
118300 -0.39388543 0.47497823 5.94210722
118400 -0.39894924 0.47954456 5.54206837
118500 -0.48831758 0.47814875 0.46441553
118600 -0.41184149 0.46809920 4.04975181
118700 -0.39437781 0.49344728 6.52185680
118800 -0.39632363 0.44451866 5.38941706
118900 -0.45818502 0.45215482 0.87656803
119000 -0.44923026 0.49238720 2.18712075
119100 -0.43989635 0.49065494 2.63263653
119200 -0.39261331 0.44592489 5.77425397
119300 -0.45909617 0.46113290 0.89853232
119400 -0.42801245 0.44112430 2.63049244
119500 -0.42280253 0.46698492 3.12396883
119600 -0.39589572 0.50767393 7.08199147
119700 -0.43930157 0.47714314 2.21052495
119800 -0.45618309 0.47501629 1.27286815
119900 -0.42088398 0.46567326 3.25249802
120000 -0.38945878 0.50338515 7.53466808
120100 -0.51692763 0.48860512 0.88844984
120200 -0.35021969 0.48325789 11.77011429
120300 -0.45298668 0.46129841 1.16895295
120400 -0.39235796 0.45289744 5.79760249
120500 -0.46043122 0.49265960 1.69276465
120600 -0.43075743 0.48527547 3.01944605
120700 -0.47436667 0.46775422 0.48613992
120800 -0.40236839 0.42981714 4.96963945
120900 -0.42993126 0.51137725 4.33839752
121000 -0.39009150 0.48076784 6.51326975
121100 -0.42138054 0.50488357 4.59661299
121200 -0.45969030 0.50525293 2.33887920
121300 -0.43539855 0.49611531 3.14998482
121400 -0.42160057 0.49428329 4.05373969
121500 -0.41220289 0.44125173 3.89243243
121600 -0.47176025 0.51313539 2.39178050
121700 -0.48502092 0.44512619 0.12406334
121800 -0.43245360 0.43200120 2.44323671
121900 -0.39421987 0.51926971 7.99386386
122000 -0.42090830 0.47401296 3.41605943
122100 -0.43657058 0.45756504 2.04026072
122200 -0.33828712 0.48637557 13.73711822
122300 -0.41141793 0.46937180 4.11102513
122400 -0.43451984 0.49241013 3.04313521
122500 -0.37778282 0.47216776 7.71422460
122600 -0.38288747 0.43377563 6.98928711
122700 -0.42343491 0.47974424 3.37346632
122800 -0.37716762 0.42854397 7.77407722
122900 -0.37545976 0.47702281 8.12025153
123000 -0.44700383 0.51368506 3.43219014
123100 -0.47372355 0.46043858 0.39970795
123200 -0.46705170 0.48405686 1.12273012
123300 -0.35152517 0.46682652 11.16395402
123400 -0.43612849 0.51085689 3.89156548
123500 -0.43598844 0.45908201 2.08998166
123600 -0.43320988 0.44266706 2.25734595
123700 -0.39768546 0.48351372 5.79571678
123800 -0.44254532 0.50341993 3.07736463
123900 -0.43072573 0.49630970 3.47175646
124000 -0.49245117 0.48067035 0.49882775
124100 -0.43758960 0.46029578 2.00053075
124200 -0.42759914 0.44870927 2.62177551
124300 -0.40686107 0.46523213 4.45343875
124400 -0.43253814 0.44457878 2.29024629
124500 -0.41753252 0.49836126 4.56984811
124600 -0.41621468 0.45762379 3.53905104
124700 -0.42812929 0.50014600 3.84000987
124800 -0.41215227 0.49046864 4.67746690
124900 -0.44841003 0.51055325 3.16411012
125000 -0.44225904 0.49260584 2.57463839
125100 -0.46207222 0.48206388 1.23330428
125200 -0.42205696 0.49931742 4.25366299
125300 -0.41597541 0.50521942 5.05465786
125400 -0.45376690 0.46827043 1.23565410
125500 -0.44664320 0.46465234 1.53081947
125600 -0.49467172 0.51214434 1.94515476
125700 -0.45149042 0.46635499 1.31033268
125800 -0.44145915 0.43219492 1.87202566
125900 -0.42559609 0.46470816 2.87613594
126000 -0.45166679 0.43917385 1.22665232
126100 -0.37345707 0.47328341 8.27761474
126200 -0.45041494 0.52618864 4.13169304
126300 -0.42612519 0.45061199 2.72893090
126400 -0.47400745 0.50243029 1.71227397
126500 -0.41638411 0.48820398 4.22558092
126600 -0.45521681 0.46677840 1.14352449
126700 -0.40458367 0.44413903 4.56931353
126800 -0.43280536 0.47016297 2.46083217
126900 -0.37595615 0.45816293 7.72675560
127000 -0.40056650 0.47194688 5.18434332
127100 -0.43668661 0.47494669 2.31546123
127200 -0.45703297 0.50007968 2.17707016
127300 -0.41012922 0.50889671 5.77278972
127400 -0.42972411 0.52066354 4.96601833
127500 -0.36723374 0.46739745 8.96477570
127600 -0.39708546 0.46123105 5.35876959
127700 -0.38438623 0.46805033 6.84617852
127800 -0.46308016 0.47845368 1.08634332
127900 -0.39011242 0.49157255 6.90177916
128000 -0.44567158 0.43511364 1.58659047
128100 -0.47638317 0.46011229 0.33000654
128200 -0.43099394 0.46278407 2.46263454
128300 -0.43275497 0.48434121 2.85060641
128400 -0.36990214 0.47638131 8.81071316
128500 -0.44468826 0.47364856 1.80932157
128600 -0.44364852 0.48459078 2.18600548
128700 -0.45444240 0.45587696 1.05501664
128800 -0.40358113 0.48312120 5.19680575
128900 -0.44330720 0.49524886 2.63076638
129000 -0.44112756 0.53381415 5.24538781
129100 -0.43341280 0.48274667 2.75309999
129200 -0.46996677 0.48636272 1.11212113
129300 -0.42988990 0.47441070 2.75565431
129400 -0.42152114 0.49138418 3.93579104
129500 -0.40746028 0.43940717 4.33790387
129600 -0.50057328 0.48846075 0.73977911
129700 -0.43228072 0.47170591 2.52852349
129800 -0.47395506 0.44729676 0.34282317
129900 -0.45507595 0.47060109 1.22128743
130000 -0.39342228 0.43434113 5.80200540
130100 -0.43556955 0.51085316 3.92719506
130200 -0.41084595 0.44793765 3.97634898
130300 -0.39221976 0.49988543 7.05256845
130400 -0.47213628 0.47382781 0.67207574
130500 -0.45716965 0.46180853 0.98693999
130600 -0.42388220 0.45385618 2.90439476
130700 -0.42909965 0.45120274 2.51415277
130800 -0.48656497 0.47043447 0.29903381
130900 -0.41046126 0.46081007 4.06702152
131000 -0.40111895 0.51381557 6.92494455
131100 -0.44080781 0.47735528 2.12601348
131200 -0.37453915 0.44252957 7.89811570
131300 -0.41941867 0.46250576 3.32487258
131400 -0.43648286 0.48035902 2.47804852
131500 -0.41815871 0.47756465 3.72890299
131600 -0.36594757 0.49386877 9.94726223
131700 -0.41684783 0.46301855 3.54188295
131800 -0.43296921 0.46331732 2.33523856
131900 -0.44615491 0.48959565 2.23355458
132000 -0.43412556 0.43863482 2.23430436
132100 -0.42531937 0.43714018 2.87128567
132200 -0.46403516 0.48492751 1.25670027
132300 -0.48580141 0.53506500 3.71882691
132400 -0.41129672 0.53053698 7.17723877
132500 -0.44599764 0.48342049 2.01659220
132600 -0.42619230 0.45361303 2.73031509
132700 -0.42260509 0.50269381 4.38330496
132800 -0.46746685 0.44558279 0.53895882
132900 -0.42515902 0.44146179 2.83703688
133000 -0.41428693 0.48337316 4.23024883
133100 -0.43375418 0.45092561 2.19468283
133200 -0.37290317 0.47508858 8.39152031
133300 -0.42289023 0.47700983 3.33772413
133400 -0.42828711 0.49214934 3.45965305
133500 -0.45294800 0.48625673 1.76422092
133600 -0.46883495 0.47647779 0.83616674
133700 -0.51326690 0.49402944 1.05730130
133800 -0.45818700 0.48152986 1.37122970
133900 -0.39472965 0.45452522 5.55116243
134000 -0.40809933 0.45072377 4.22312809
134100 -0.42675147 0.45204881 2.68477217
134200 -0.44275737 0.51267955 3.60272215
134300 -0.46519951 0.51086301 2.45768995
134400 -0.43889328 0.46406135 1.96587615
134500 -0.40402553 0.47253394 4.85943817
134600 -0.46460136 0.43324067 0.76696963
134700 -0.45504644 0.47874727 1.42361416
134800 -0.45968935 0.47527173 1.13180458
134900 -0.43262560 0.44255371 2.29737821
135000 -0.43438486 0.47038947 2.36053862
135100 -0.37836129 0.46098302 7.45830077
135200 -0.41600658 0.45198817 3.52942350
135300 -0.40345452 0.46581186 4.78552198
135400 -0.40333146 0.49756829 5.80377447
135500 -0.45611303 0.49119485 1.81154080
135600 -0.45615857 0.46308323 1.04662095
135700 -0.40574944 0.47143042 4.67121559
135800 -0.39361546 0.48209148 6.17376666
135900 -0.38560060 0.44344471 6.56509773
136000 -0.42006286 0.47888514 3.61214878
136100 -0.44316970 0.49565402 2.65698663
136200 -0.39986364 0.49691460 6.11413542
136300 -0.43613597 0.48028061 2.49776491
136400 -0.39503760 0.45442911 5.51836155
136500 -0.44427115 0.45025155 1.55288387
136600 -0.41292755 0.48039119 4.25261750
136700 -0.50042239 0.47053830 0.21100003
136800 -0.47532777 0.48173328 0.80785999
136900 -0.42296366 0.45929228 3.01047166
137000 -0.44733556 0.45345022 1.39272388
137100 -0.46138940 0.43126885 0.92081737
137200 -0.45956073 0.48959804 1.60166974
137300 -0.44817766 0.48213750 1.85918663
137400 -0.41791595 0.46586988 3.49482230
137500 -0.45453733 0.49819604 2.19485616
137600 -0.42932420 0.48256426 3.02775008
137700 -0.44131850 0.47722489 2.09235676
137800 -0.44254795 0.50797931 3.33116897
137900 -0.43218755 0.48233508 2.82204303
138000 -0.37773754 0.46787395 7.63379301
138100 -0.43245199 0.46389013 2.37783503
138200 -0.44795665 0.45384207 1.36163585
138300 -0.35511522 0.46297202 10.57993688
138400 -0.39442626 0.46368460 5.66654109
138500 -0.43336757 0.47745747 2.59689658
138600 -0.42853831 0.54144611 6.73458136
138700 -0.38437786 0.50007078 7.93778090
138800 -0.41612349 0.46773136 3.67483530
138900 -0.41828659 0.48431344 3.92724659
139000 -0.39250226 0.44943715 5.77804050
139100 -0.38205405 0.44718523 6.95958544
139200 -0.47045213 0.44485176 0.44979045
139300 -0.39146665 0.48817166 6.61828220
139400 -0.46430741 0.47293013 0.89987608
139500 -0.48694858 0.43315267 0.22708602
139600 -0.43901759 0.47673471 2.21679939
139700 -0.44135578 0.44498512 1.73214692
139800 -0.41258387 0.45845264 3.85651338
139900 -0.39368541 0.48629241 6.30996559
140000 -0.40540751 0.46335426 4.56303752
140100 -0.39541520 0.47408791 5.75910427
140200 -0.44157017 0.47647142 2.05739058
140300 -0.41854176 0.47304374 3.58322930
140400 -0.42449102 0.49386892 3.81304431
140500 -0.45058139 0.46669282 1.36042491
140600 -0.44605432 0.45449313 1.46516249
140700 -0.46962365 0.52547795 3.30982166
140800 -0.45435228 0.45299069 1.04632912
140900 -0.40867593 0.48034757 4.63053013
141000 -0.42510042 0.44087489 2.84660760
141100 -0.42223528 0.46262584 3.10338161
141200 -0.46746323 0.47809303 0.92392997
141300 -0.43674546 0.48376905 2.57074279
141400 -0.40053508 0.46570071 5.06989081
141500 -0.46312579 0.47743974 1.05632312
141600 -0.42097959 0.46284555 3.20461676
141700 -0.46947248 0.47938023 0.89756366
141800 -0.45389486 0.45260350 1.06623117
141900 -0.43352876 0.45088848 2.20960766
142000 -0.44870459 0.48688524 1.99587001
142100 -0.41719920 0.50533055 4.95872110
142200 -0.44262039 0.47162031 1.87992887
142300 -0.41995246 0.45348545 3.20987871
142400 -0.48704967 0.42929666 0.29816972
142500 -0.43765053 0.45474698 1.95499514
142600 -0.46090840 0.51182724 2.67538060
142700 -0.37043845 0.48241045 8.91831579
142800 -0.44473400 0.45851640 1.56342993
142900 -0.38874219 0.45217575 6.19151706
143000 -0.44207786 0.48080327 2.15190820
143100 -0.37129032 0.46312467 8.36921916
143200 -0.40434706 0.46746754 4.72730008
143300 -0.41585212 0.50681543 5.15442933
143400 -0.43838090 0.46209658 1.97162007
143500 -0.37991304 0.46808086 7.37389763
143600 -0.40033942 0.49602787 6.02539818
143700 -0.38473756 0.48203627 7.15587607
143800 -0.41347453 0.50312169 5.15428573
143900 -0.35330765 0.49147320 11.61933552
144000 -0.43449562 0.44555222 2.15530297
144100 -0.44564099 0.47444537 1.77623898
144200 -0.45166692 0.47774920 1.55305234
144300 -0.43478342 0.47929276 2.55563406
144400 -0.44846327 0.47162005 1.56173056
144500 -0.43343255 0.47807635 2.60975343
144600 -0.49295794 0.48390838 0.59968447
144700 -0.44646277 0.43593742 1.53199580
144800 -0.41499913 0.44669533 3.61803436
144900 -0.41217771 0.44464932 3.87069249
145000 -0.37453680 0.50450424 9.35586390
145100 -0.49694457 0.48211543 0.52036841
145200 -0.45992682 0.49993630 2.04974681
145300 -0.41618207 0.47887348 3.92956149
145400 -0.42947455 0.46840831 2.65635267
145500 -0.39878995 0.45506002 5.13453950
145600 -0.45672999 0.48064388 1.40567068
145700 -0.43253340 0.47297853 2.53987743
145800 -0.42182771 0.46117440 3.11788726
145900 -0.46253062 0.47166733 0.93671389
146000 -0.46427660 0.52356475 3.34396680
146100 -0.40416616 0.48561254 5.22618896
146200 -0.42962388 0.46415058 2.57651877
146300 -0.46228348 0.49129298 1.56382270
146400 -0.44023845 0.47027540 1.99126714
146500 -0.41863606 0.46790980 3.47042609
146600 -0.40439771 0.49767033 5.70612942
146700 -0.43559462 0.47383166 2.35800066
146800 -0.42025612 0.47547163 3.50394533
146900 -0.44468190 0.46915363 1.71347718
147000 -0.46334020 0.46278594 0.75371064
147100 -0.46673002 0.49438107 1.53828542
147200 -0.45614994 0.46981442 1.15771948
147300 -0.43357815 0.50221435 3.56910038
147400 -0.38933636 0.48304347 6.66915659
147500 -0.50861885 0.49167560 0.90557016
147600 -0.46386041 0.49586107 1.70465368
147700 -0.39956987 0.46533169 5.16063562
147800 -0.41815841 0.46815208 3.51377186
147900 -0.40755333 0.42937779 4.48583127
148000 -0.42227674 0.43989884 3.07146922
148100 -0.38341297 0.50554508 8.33889594
148200 -0.39039866 0.47126216 6.23226663
148300 -0.45742240 0.52164193 3.47270925
148400 -0.45259431 0.49498521 2.13548402
148500 -0.42744101 0.48494831 3.24309547
148600 -0.46538255 0.49848797 1.77472542
148700 -0.43079847 0.45348924 2.40051344
148800 -0.44553450 0.45628178 1.50297571
148900 -0.43607823 0.44836904 2.04432633
149000 -0.42089286 0.51648768 5.33927518
149100 -0.42658136 0.47251485 2.94860794
149200 -0.44083352 0.48535406 2.37529062
149300 -0.45061863 0.41971673 1.67779839
149400 -0.45600087 0.49977264 2.20661927
149500 -0.43026508 0.46019505 2.48344885
149600 -0.38815936 0.43117968 6.43126657
149700 -0.47246741 0.47618649 0.72188783
149800 -0.45001286 0.43239610 1.40430602
149900 -0.39590993 0.45048550 5.41748909
150000 -0.41572991 0.49277945 4.46576463
150100 -0.44785603 0.46587226 1.48546106
150200 -0.49106240 0.47553290 0.36590471
150300 -0.39450442 0.46912216 5.74748713
150400 -0.45984792 0.49792890 1.95468443
150500 -0.42870740 0.46056307 2.59710701
150600 -0.42282821 0.49305490 3.90460466
150700 -0.45709381 0.45615159 0.93939169
150800 -0.45458242 0.50200953 2.38387385
150900 -0.39274391 0.50737859 7.39808529
151000 -0.40274908 0.47840059 5.13216749
151100 -0.41272946 0.45273270 3.81180698
151200 -0.43979802 0.49925688 3.02525920
151300 -0.44342288 0.46900709 1.78112019
151400 -0.41853273 0.47959560 3.75640743
151500 -0.43843691 0.51288563 3.87230837
151600 -0.43215668 0.49549410 3.33621433
151700 -0.48222652 0.48675594 0.83344787
151800 -0.43336796 0.47042453 2.42849502
151900 -0.43680305 0.49488776 3.00438250
152000 -0.41476840 0.46349682 3.72329454
152100 -0.42148428 0.47144363 3.31227343
152200 -0.42480811 0.46177115 2.89619002
152300 -0.44204404 0.52756379 4.68751733
152400 -0.40367116 0.50658755 6.24069814
152500 -0.47644345 0.46369268 0.37120041
152600 -0.40085637 0.50042971 6.18630772
152700 -0.39490922 0.46260852 5.60152327
152800 -0.37908712 0.46601723 7.43823836
152900 -0.42144152 0.49028393 3.89711504
153000 -0.39907503 0.49289107 6.01274648
153100 -0.43848385 0.49891674 3.08854235
153200 -0.39541723 0.47036912 5.67622849
153300 -0.41776904 0.47235438 3.63082432
153400 -0.45347872 0.42390806 1.42250953
153500 -0.41580620 0.47615399 3.88631367
153600 -0.47148126 0.50103990 1.70919498
153700 -0.43667391 0.45508327 2.01801639
153800 -0.46957036 0.50346316 1.89213621
153900 -0.44993003 0.48466648 1.85438313
154000 -0.39156600 0.43746664 5.95750845
154100 -0.47581562 0.47180124 0.53008911
154200 -0.47573691 0.44569430 0.30361826
154300 -0.43576206 0.44215703 2.09401240
154400 -0.46874793 0.50131119 1.80476496
154500 -0.45055414 0.46179219 1.29197430
154600 -0.42575640 0.43102436 2.93609361
154700 -0.48940343 0.47428851 0.35110949
154800 -0.43386749 0.50166545 3.52141377
154900 -0.39273711 0.46555303 5.87361259
155000 -0.42834623 0.48866241 3.31452223
155100 -0.46704604 0.51281779 2.51601890
155200 -0.47092574 0.46390115 0.51927726
155300 -0.40899794 0.47829738 4.54105853
155400 -0.47077032 0.47152364 0.65882081
155500 -0.40522712 0.44058983 4.53522495
155600 -0.45361039 0.47642625 1.42517105
155700 -0.42119361 0.48402764 3.68416410
155800 -0.45997214 0.50082313 2.09261005
155900 -0.43539710 0.47494044 2.39777987
156000 -0.43906409 0.47685926 2.21730255
156100 -0.40504764 0.47280993 4.76812192
156200 -0.45269479 0.49912709 2.32562667
156300 -0.49659067 0.48552471 0.63681415
156400 -0.38914567 0.46683241 6.28600598
156500 -0.51284532 0.46758595 0.23713391
156600 -0.46420567 0.47955057 1.07723520
156700 -0.44303269 0.47529692 1.94260439
156800 -0.47214686 0.47990377 0.83501628
156900 -0.40731760 0.45860498 4.33203667
157000 -0.42591280 0.51183370 4.65616009
157100 -0.41607240 0.47284745 3.78292364
157200 -0.41176138 0.48179159 4.39837925
157300 -0.46114753 0.46245003 0.83225899
157400 -0.46355303 0.47432113 0.95994955
157500 -0.37429015 0.44812422 7.90324290
157600 -0.42047116 0.51727744 5.42554576
157700 -0.42522702 0.46230214 2.87117064
157800 -0.43831577 0.46702735 2.04743736
157900 -0.46521392 0.44369258 0.62492764
158000 -0.39070643 0.46866812 6.14679198
158100 -0.43430280 0.47424547 2.45198230
158200 -0.49196354 0.46634158 0.16581596
158300 -0.38846854 0.46246848 6.29736462
158400 -0.45935344 0.47929931 1.25529619
158500 -0.45310275 0.46688133 1.24216559
158600 -0.45202178 0.45460575 1.16156146
158700 -0.43883142 0.48814046 2.59814516
158800 -0.35445962 0.46915007 10.77436423
158900 -0.41557743 0.45639875 3.58405706
159000 -0.38064568 0.44670702 7.12814829
159100 -0.43890260 0.44479497 1.87999214
159200 -0.40376197 0.48600689 5.27912723
159300 -0.35670581 0.44735879 10.27010029
159400 -0.47586023 0.44764791 0.29413038
159500 -0.42338747 0.51402955 4.98463177
159600 -0.47992836 0.47045399 0.41061825
159700 -0.42477109 0.47505670 3.14361366
159800 -0.44853213 0.47454085 1.62559736
159900 -0.46649711 0.43889841 0.62284442
160000 -0.42688633 0.48651365 3.33942743
160100 -0.42324178 0.48134706 3.43723111
160200 -0.43597217 0.47137256 2.27817462
160300 -0.41961414 0.48623994 3.88760944
160400 -0.36825425 0.47403382 8.96728350
160500 -0.47712488 0.47728808 0.63395533
160600 -0.47413127 0.47060740 0.54692805
160700 -0.41375169 0.45004640 3.71938627
160800 -0.42125945 0.51121554 4.97370803
160900 -0.45231170 0.49196042 2.01742527
161000 -0.43848584 0.46142511 1.95726258
161100 -0.41357683 0.45332339 3.74000444
161200 -0.45392169 0.48785380 1.77806036
161300 -0.39606363 0.49368805 6.35570748
161400 -0.43709167 0.47005098 2.17975007
161500 -0.45233861 0.47955628 1.57259070
161600 -0.36648532 0.44258430 8.94058182
161700 -0.43551488 0.48294419 2.62182491
161800 -0.45094200 0.46585956 1.32910654
161900 -0.44447184 0.48099126 2.02191769
162000 -0.40219374 0.49664103 5.87072478
162100 -0.43789951 0.45004862 1.92823668
162200 -0.48663164 0.48570078 0.72662930
162300 -0.51923898 0.46317391 0.27184512
162400 -0.44397914 0.50587907 3.13040383
162500 -0.44402058 0.47419791 1.85961691
162600 -0.38691385 0.49658390 7.47926893
162700 -0.41983826 0.49037371 4.02797063
162800 -0.37776704 0.46565494 7.59298648
162900 -0.42642788 0.44398968 2.72449036
163000 -0.44514526 0.51389307 3.54568343
163100 -0.42385331 0.46725458 3.04801947
163200 -0.43630130 0.47585525 2.36300933
163300 -0.44327067 0.50610619 3.18306113
163400 -0.42328705 0.49363382 3.89439339
163500 -0.45789095 0.50190139 2.23346321
163600 -0.39428087 0.47067857 5.80206852
163700 -0.44418075 0.44497040 1.57054278
163800 -0.36797249 0.46092781 8.77534041
163900 -0.39569963 0.46352110 5.53069331
164000 -0.40946536 0.47225218 4.34584058
164100 -0.41654011 0.45001752 3.48277670
164200 -0.44431557 0.49631660 2.62299127
164300 -0.42569670 0.48087817 3.23722087
164400 -0.39067945 0.53184238 9.32457838
164500 -0.43048253 0.43455368 2.53563407
164600 -0.47680596 0.50371723 1.71175214
164700 -0.41362096 0.51686022 5.96581390
164800 -0.39163670 0.47620476 6.21464742
164900 -0.43943319 0.44587836 1.84266325
165000 -0.44154084 0.47956304 2.14572354
165100 -0.49375387 0.51913450 2.40929674
165200 -0.42509897 0.46959409 2.99704603
165300 -0.44628075 0.50794206 3.12152017
165400 -0.45140148 0.47341742 1.45509571
165500 -0.39426392 0.49591824 6.64430197
165600 -0.39009951 0.47605101 6.37838609
165700 -0.44415015 0.46244927 1.63709484
165800 -0.41368977 0.47281802 3.98505849
165900 -0.43090901 0.49133947 3.24125821
166000 -0.44649802 0.44724932 1.43501386
166100 -0.46826081 0.48436717 1.09423943
166200 -0.46866451 0.46229329 0.56651900
166300 -0.48247198 0.52083206 2.66220652
166400 -0.44125502 0.46500401 1.83804633
166500 -0.46510489 0.48680086 1.28598599
166600 -0.43685604 0.45741620 2.02107998
166700 -0.42154697 0.44491815 3.09035133
166800 -0.46845291 0.46781532 0.65630211
166900 -0.37340063 0.46008908 8.06459515
167000 -0.43684402 0.42352704 2.34474757
167100 -0.43368045 0.48729250 2.89450628
167200 -0.42173677 0.45113215 3.06320714
167300 -0.44861797 0.46568726 1.44310175
167400 -0.39692282 0.44972136 5.31249099
167500 -0.44639748 0.51179324 3.34581700
167600 -0.41368296 0.48648910 4.39104312
167700 -0.41552499 0.49707356 4.67597349
167800 -0.48437569 0.48539355 0.74841109
167900 -0.48343778 0.46918478 0.32118153
168000 -0.44604067 0.46688875 1.59841954
168100 -0.43968124 0.47224886 2.06668197
168200 -0.44471131 0.49169180 2.39752247
168300 -0.41601931 0.49141844 4.38412161
168400 -0.42864672 0.51293973 4.52635000
168500 -0.47088105 0.44223468 0.45410667
168600 -0.46557395 0.49254592 1.49765400
168700 -0.49402311 0.45995360 0.06739866
168800 -0.41915496 0.51655186 5.48253589
168900 -0.45161384 0.46814273 1.33518955
169000 -0.47540632 0.46456205 0.40845118
169100 -0.47236646 0.50539080 1.91587671
169200 -0.46492201 0.49710651 1.72474422
169300 -0.37798923 0.48433433 8.03273701
169400 -0.45263257 0.45268881 1.12545177
169500 -0.45133747 0.47553134 1.50994536
169600 -0.45814249 0.45676045 0.89887734
169700 -0.50517897 0.46633972 0.14690411
169800 -0.40690865 0.47858515 4.74155512
169900 -0.45564288 0.45366422 0.99049051
170000 -0.42450543 0.45618233 2.86882552
170100 -0.53302278 0.46114386 0.60734484
170200 -0.42006786 0.49341196 4.13687246
170300 -0.44638787 0.47762605 1.81872939
170400 -0.47172609 0.45510736 0.41274959
170500 -0.40607181 0.47280492 4.67128459
170600 -0.39284534 0.47189146 5.98067849
170700 -0.43376858 0.52111755 4.72215400
170800 -0.43905292 0.43923950 1.91516755
170900 -0.47835873 0.52750194 3.23744770
171000 -0.44505468 0.46702805 1.65447136
171100 -0.47080918 0.45005968 0.42605366
171200 -0.38705800 0.50493001 7.88660069
171300 -0.41920164 0.47221602 3.51096371
171400 -0.49432164 0.49435685 0.99988703
171500 -0.45812152 0.49759997 2.00978213
171600 -0.42724624 0.46648726 2.78247010
171700 -0.39350212 0.50247865 7.04790364
171800 -0.41200329 0.48992741 4.66880917
171900 -0.46539969 0.45530066 0.61263918
172000 -0.41037961 0.48030278 4.47503644
172100 -0.47047362 0.44834115 0.43727956
172200 -0.48655318 0.50888083 1.82388489
172300 -0.46008452 0.46732972 0.94678219
172400 -0.46191102 0.48429205 1.31335764
172500 -0.44687806 0.49789038 2.55771442
172600 -0.46015967 0.47846509 1.19875642
172700 -0.38766717 0.47948670 6.74406528
172800 -0.46183593 0.48516427 1.34651110
172900 -0.45335500 0.49719282 2.20145890
173000 -0.41800663 0.46004835 3.41194099
173100 -0.46122221 0.43957854 0.80616212
173200 -0.43886568 0.46758356 2.02329352
173300 -0.46208466 0.46938963 0.90676554
173400 -0.39768648 0.49003806 6.03555153
173500 -0.46632970 0.49432454 1.54917719
173600 -0.45959130 0.46659286 0.95409302
173700 -0.37211673 0.50856723 9.89212592
173800 -0.45461706 0.48847208 1.76985578
173900 -0.41959100 0.43869631 3.29669025
174000 -0.43365280 0.43735945 2.28086744
174100 -0.41105653 0.46420963 4.05642713
174200 -0.42764390 0.48572975 3.25601005
174300 -0.44101423 0.47539489 2.06211078
174400 -0.41134921 0.46870289 4.10438036
174500 -0.41152367 0.46046446 3.96878335
174600 -0.41636455 0.47919125 3.92350902
174700 -0.46127992 0.43953204 0.80441155
174800 -0.44267844 0.45020742 1.64290232
174900 -0.40071638 0.47987116 5.37476202
175000 -0.39221954 0.49684797 6.90567952
175100 -0.41045227 0.51684812 6.24373318
175200 -0.48215843 0.43706501 0.24281792
175300 -0.41097947 0.47947369 4.39667684
175400 -0.43597707 0.52111591 4.57820378
175500 -0.39271481 0.49460513 6.74986511
175600 -0.48539540 0.47652434 0.45841747
175700 -0.43345337 0.47257980 2.46915045
175800 -0.41028314 0.43186117 4.18906647
175900 -0.36810671 0.50358423 10.13355440
176000 -0.43088981 0.48598957 3.03573392
176100 -0.45887194 0.50440555 2.32574060
176200 -0.41235101 0.45826379 3.87531741
176300 -0.53586557 0.45508081 0.65607690
176400 -0.39719289 0.47790375 5.67396108
176500 -0.37916969 0.50599690 8.86780811
176600 -0.44718657 0.47055514 1.60588612
176700 -0.42378845 0.44736159 2.90758111
176800 -0.41356333 0.48206915 4.24986445
176900 -0.44925064 0.48405235 1.86752974
177000 -0.46891498 0.44328679 0.50567270
177100 -0.44556943 0.46273586 1.56244457
177200 -0.40185532 0.48685277 5.49525279
177300 -0.45567007 0.49375140 1.93966357
177400 -0.41872156 0.45250189 3.30622197
177500 -0.45994785 0.44372362 0.82178405
177600 -0.45162285 0.47671627 1.52705392
177700 -0.36609139 0.45786765 8.99670750
177800 -0.47229719 0.53129446 3.68811763
177900 -0.43953812 0.47590523 2.16336013
178000 -0.40264476 0.45997400 4.78876174
178100 -0.41272609 0.45702802 3.83306383
178200 -0.45101328 0.48201381 1.71229130
178300 -0.42254912 0.46713275 3.14608520
178400 -0.41372149 0.50808477 5.40891089
178500 -0.40938502 0.44807321 4.10739374
178600 -0.41385223 0.44190090 3.74351706
178700 -0.41401074 0.48260684 4.22867947
178800 -0.41959734 0.48571829 3.87019176
178900 -0.39985676 0.47144241 5.24422236
179000 -0.47174152 0.47457282 0.70118258
179100 -0.37959279 0.46100152 7.30946539
179200 -0.47976486 0.48148045 0.70023971
179300 -0.42407159 0.49609432 3.94490492
179400 -0.47261337 0.47705201 0.74091931
179500 -0.43605179 0.51609533 4.22898288
179600 -0.48089512 0.48073883 0.65493605
179700 -0.41533499 0.47994713 4.03249744
179800 -0.42581418 0.45711317 2.77706643
179900 -0.47187106 0.48370571 0.96365625
180000 -0.41248495 0.48084340 4.30509982
180100 -0.43120052 0.47165211 2.60109107
180200 -0.42704987 0.45014555 2.66087104
180300 -0.36101625 0.48284157 10.19752554
180400 -0.40874098 0.47799493 4.55596265
180500 -0.41187098 0.49274325 4.79685476
180600 -0.43781746 0.49234192 2.82975313
180700 -0.39250447 0.48017273 6.23284124
180800 -0.37723162 0.47617922 7.87871300
180900 -0.43516482 0.48713319 2.79123719
181000 -0.44084455 0.45294949 1.75403352
181100 -0.43247210 0.48129905 2.76982389
181200 -0.45258793 0.46050162 1.17909408
181300 -0.43955884 0.47455878 2.12813380
181400 -0.47260551 0.45042429 0.37531903
181500 -0.39264883 0.45810644 5.79499374
181600 -0.45751265 0.49050426 1.72288490
181700 -0.40477310 0.51214040 6.46479538
181800 -0.44273411 0.47006727 1.84103866
181900 -0.43606151 0.48500374 2.65669603
182000 -0.40353725 0.44343617 4.67407252
182100 -0.39452525 0.45543807 5.57724742
182200 -0.45448921 0.46932470 1.22233788
182300 -0.40093464 0.42820858 5.14440534
182400 -0.47105171 0.47862588 0.82872224
182500 -0.43928818 0.47970657 2.28420285
182600 -0.38844470 0.49762550 7.35638653
182700 -0.42036296 0.47479029 3.47830838
182800 -0.46718585 0.47216910 0.78411852
182900 -0.45372774 0.47394924 1.35734406
183000 -0.40657952 0.51708961 6.61420130
183100 -0.43760972 0.45269863 1.94991488
183200 -0.41991747 0.50057621 4.48558252
183300 -0.52038592 0.47273307 0.46618914
183400 -0.41978142 0.48888647 3.97358922
183500 -0.47346950 0.48981342 1.14448768
183600 -0.41735733 0.46853168 3.58661700
183700 -0.46388831 0.49827675 1.81734945
183800 -0.43353725 0.49066555 3.03549213
183900 -0.42453956 0.45197065 2.84908096
184000 -0.44254642 0.47639426 1.99878541
184100 -0.40325171 0.48452669 5.27616257
184200 -0.54703430 0.46546777 1.22573864
184300 -0.43357180 0.48781685 2.92140966
184400 -0.47812329 0.48990463 1.03548506
184500 -0.47492719 0.47705524 0.68031606
184600 -0.49290517 0.49760916 1.15848455
184700 -0.42027941 0.46396561 3.27520541
184800 -0.47103102 0.47627362 0.76475231
184900 -0.44204152 0.46637532 1.81366812
185000 -0.42820304 0.45819695 2.61099687
185100 -0.49451411 0.47519378 0.33241080
185200 -0.38430866 0.50896353 8.43059184
185300 -0.35980567 0.46545903 9.94671536
185400 -0.46027497 0.45687303 0.81265818
185500 -0.49545675 0.48612846 0.66295342
185600 -0.43477239 0.48907728 2.89083755
185700 -0.43818329 0.47168110 2.14568814
185800 -0.44310364 0.47091696 1.83735730
185900 -0.44038899 0.48721169 2.46909127
186000 -0.41872612 0.45594846 3.32041374
186100 -0.45370264 0.47954634 1.50821585
186200 -0.50553528 0.49054541 0.83728490
186300 -0.44580999 0.49053049 2.28963916
186400 -0.40635789 0.48503242 4.99805763
186500 -0.43885880 0.47019417 2.07302520
186600 -0.42755597 0.49257308 3.53030235
186700 -0.41250109 0.43064747 4.01529022
186800 -0.41273605 0.49018253 4.61481609
186900 -0.41266848 0.47938334 4.24508730
187000 -0.46915394 0.46280008 0.55766077
187100 -0.44012157 0.47235580 2.04260413
187200 -0.44781443 0.47029870 1.56768545
187300 -0.40526143 0.43069630 4.67401453
187400 -0.33687071 0.46336563 13.39490311
187500 -0.44059862 0.48883481 2.51833281
187600 -0.41370890 0.49038582 4.53858430
187700 -0.42036633 0.47625142 3.51532928
187800 -0.45231251 0.46641713 1.27180953
187900 -0.44879330 0.53295631 4.75193740
188000 -0.44489089 0.50087014 2.81239253
188100 -0.42806610 0.43980805 2.63918086
188200 -0.44762773 0.41887375 1.85584890
188300 -0.44008004 0.48342260 2.35373614
188400 -0.45018143 0.52894573 4.35715923
188500 -0.41072136 0.44823771 3.98689076
188600 -0.48139905 0.47347176 0.44845931
188700 -0.33593823 0.46216210 13.53208983
188800 -0.36940079 0.43784136 8.60199240
188900 -0.39806185 0.45167714 5.19709932
189000 -0.37533870 0.49887807 8.96475234
189100 -0.42780830 0.43327185 2.74573645
189200 -0.40385612 0.50072299 5.90823374
189300 -0.43465423 0.43002233 2.33458855
189400 -0.44156807 0.49330987 2.64501771
189500 -0.40137294 0.48391358 5.43871405
189600 -0.40963667 0.49727934 5.20043412
189700 -0.36782167 0.47473167 9.04138298
189800 -0.44770999 0.46791121 1.52752856
189900 -0.42529310 0.43126917 2.96598261
190000 -0.39556089 0.44267395 5.48059960
190100 -0.46215258 0.47415925 1.00804834
190200 -0.46047802 0.50838209 2.48522791
190300 -0.45790151 0.46487051 0.99670770
190400 -0.40743990 0.44592965 4.29197005
190500 -0.40682471 0.49477154 5.34306239
190600 -0.48564160 0.47169392 0.33839485
190700 -0.46176190 0.45541242 0.74572326
190800 -0.42084139 0.44663141 3.13871643
190900 -0.43581364 0.47963096 2.49894138
191000 -0.44447697 0.45484890 1.55315916
191100 -0.43774840 0.47071908 2.15227081
191200 -0.44224249 0.49375543 2.62523339
191300 -0.42578672 0.48279263 3.29148365
191400 -0.42107449 0.46143721 3.18002281
191500 -0.42074372 0.46004949 3.19127525
191600 -0.43950166 0.48432359 2.41907923
191700 -0.46440968 0.48248218 1.16088127
191800 -0.40139402 0.48207374 5.37593227
191900 -0.42905513 0.45971382 2.56376657
192000 -0.50379487 0.49764866 1.14239773
192100 -0.41550990 0.47459691 3.87179279
192200 -0.42790069 0.47012875 2.80173822
192300 -0.48143287 0.46780392 0.33085899
192400 -0.40897610 0.47709698 4.50979848
192500 -0.45994759 0.48726890 1.49658307
192600 -0.45497523 0.44908978 1.01402917
192700 -0.48034031 0.46872024 0.36847557
192800 -0.42382169 0.47971465 3.34304773
192900 -0.43668621 0.47841537 2.40803459
193000 -0.43176459 0.45927309 2.37103081
193100 -0.44432654 0.45941441 1.59408263
193200 -0.47033928 0.46532029 0.55723464
193300 -0.44089447 0.47545079 2.07060301
193400 -0.41103619 0.43510525 4.06820680
193500 -0.39318297 0.48488858 6.31354521
193600 -0.44751830 0.47051119 1.58751905
193700 -0.41710158 0.44165736 3.47087393
193800 -0.43163665 0.46491894 2.44806153
193900 -0.42720799 0.49915531 3.85746079
194000 -0.37252253 0.47027419 8.33077373
194100 -0.43818309 0.45778402 1.94096045
194200 -0.44444875 0.48822782 2.27365382
194300 -0.46908629 0.50638788 2.06762559
194400 -0.42815966 0.48964294 3.36629856
194500 -0.45428874 0.48113539 1.52946557
194600 -0.44581308 0.46252490 1.54654762
194700 -0.42503402 0.47692089 3.17231650
194800 -0.42378210 0.46153874 2.97115565
194900 -0.48472618 0.43908958 0.17616335
195000 -0.47523599 0.44040059 0.35270246
195100 -0.41575213 0.48635341 4.20963646
195200 -0.45704878 0.46397873 1.02010631
195300 -0.44462926 0.50344815 2.96131169
195400 -0.40022709 0.47008049 5.17892943
195500 -0.35757222 0.47738719 10.51786516
195600 -0.45074460 0.46444111 1.31732022
195700 -0.45288633 0.45540716 1.12446777
195800 -0.37661690 0.49804627 8.76591657
195900 -0.40569664 0.47686282 4.80736759
196000 -0.39966965 0.47449173 5.33301248
196100 -0.39994592 0.47420863 5.29843804
196200 -0.37742277 0.45404958 7.52078823
196300 -0.38873072 0.44751333 6.19351781
196400 -0.42245682 0.46329154 3.09480502
196500 -0.37815011 0.46664395 7.56220850
196600 -0.40053944 0.46532436 5.06361925
196700 -0.42709704 0.47829687 3.05777722
196800 -0.42193055 0.46838535 3.21642996
196900 -0.42738338 0.52881608 5.74257420
197000 -0.42533213 0.43856675 2.85300498
197100 -0.41111458 0.47949144 4.38518175
197200 -0.36234644 0.46329231 9.56259431
197300 -0.37492274 0.46950381 8.01235968
197400 -0.42852099 0.49696979 3.65770521
197500 -0.38101948 0.49785690 8.22332333
197600 -0.40554113 0.50377034 5.90686379
197700 -0.42610209 0.45445796 2.74038695
197800 -0.44777307 0.46676494 1.50435752
197900 -0.44305738 0.48889687 2.37771384
198000 -0.44840675 0.45111447 1.33155259
198100 -0.41695142 0.46912761 3.63146636
198200 -0.39392945 0.47948565 6.06018236
198300 -0.42707688 0.50077209 3.94779305
198400 -0.44885808 0.49984724 2.55012167
198500 -0.34084819 0.47607114 13.00450122
198600 -0.42018040 0.44751693 3.18866745
198700 -0.46289966 0.46987377 0.88570115
198800 -0.47720964 0.45967698 0.30652215
198900 -0.39324104 0.50052253 6.97500015
199000 -0.39124046 0.45816161 5.94762429
199100 -0.43313461 0.47092462 2.45440980
199200 -0.41856885 0.46279156 3.39732800
199300 -0.42657260 0.47725910 3.06732119
199400 -0.42548523 0.49610017 3.83883844
199500 -0.43911698 0.48152542 2.35029711
199600 -0.44854851 0.45864128 1.36096403
199700 -0.44327478 0.50281310 3.00348727
199800 -0.49069342 0.47501253 0.35611960
199900 -0.47062091 0.48280181 0.96954485
