0 0.20882030 0.00481147 0.05047397
100 0.33005994 0.04168494 9.32661169
200 0.32672326 0.02822833 8.42781157
300 0.26742117 0.03389405 2.84721052
400 0.31734537 0.04240077 7.78388023
500 0.32324009 0.02722075 7.96454489
600 0.23720194 0.04011009 1.49640178
700 0.29528839 0.05464389 6.03291610
800 0.33024391 0.04933327 9.69862386
900 0.31243504 0.03741231 7.02065908
1000 0.33719609 0.03166668 9.91277239
1100 0.33310961 0.05925553 10.61469305
1200 0.28211545 0.02253040 3.62528274
1300 0.26853961 0.03416438 2.93244136
1400 0.24373608 0.02136244 1.18459924
1500 0.29372161 0.04222681 5.28342194
1600 0.27039207 0.04791818 3.62559782
1700 0.31243175 0.04162804 7.18689584
1800 0.29970887 0.03508052 5.58625130
1900 0.30112596 0.04571083 6.15796960
2000 0.34584388 0.02487288 10.94454888
2100 0.25702090 0.03430869 2.21423485
2200 0.33956030 0.02394168 10.02514076
2300 0.28779934 0.05539865 5.38886764
2400 0.33484551 0.07995235 12.28784498
2500 0.29873842 0.03751195 5.57821069
2600 0.25894359 0.02975034 2.17971482
2700 0.33810837 0.05615986 11.11392564
2800 0.28893186 0.07991883 7.14794702
2900 0.31585234 -0.00258856 6.71423250
3000 0.30915984 0.01635596 6.09169395
3100 0.23639034 0.05639800 2.25249549
3200 0.32162239 0.05697807 9.01925342
3300 0.36511113 0.01547390 13.75056321
3400 0.32826512 0.03236316 8.74965704
3500 0.28518354 0.04344171 4.57170903
3600 0.32014556 0.04200267 8.09958938
3700 0.29736481 0.05777273 6.40879784
3800 0.32359271 0.07537731 10.47844809
3900 0.28146870 0.01143121 3.38391090
4000 0.32399793 0.02794391 8.07817407
4100 0.27237775 0.04119380 3.46773355
4200 0.33977603 0.05630133 11.35358901
4300 0.24497064 0.01192774 1.08231445
4400 0.22612013 0.03470648 0.94340052
4500 0.29168690 0.01580294 4.32811024
4600 0.31088672 0.04970887 7.38341769
4700 0.33248954 0.02614308 9.11846956
4800 0.27239926 0.01580846 2.74577992
4900 0.28433307 0.00319310 3.56113111
5000 0.35198549 -0.01666171 11.68860158
5100 0.26920523 0.06416445 4.45322033
5200 0.29384109 0.02162382 4.63686968
5300 0.24359739 0.03338663 1.50769970
5400 0.29335544 0.04356445 5.30655015
5500 0.35075254 0.05517016 12.88503705
5600 0.28611030 0.02730044 4.08014924
5700 0.32752062 0.05233282 9.50011685
5800 0.35285507 0.05081405 12.97336940
5900 0.31760774 -0.00118147 6.91648796
6000 0.31946316 0.04587673 8.18806040
6100 0.33331159 0.03021736 9.34253519
6200 0.33704094 0.04118182 10.23808068
6300 0.27262873 0.03523456 3.25820308
6400 0.25091764 0.07308503 3.96701415
6500 0.30726287 0.04797985 6.90369411
6600 0.26937750 0.05634550 3.99402655
6700 0.27318296 0.02503795 2.99132230
6800 0.31846196 0.03983966 7.81021738
6900 0.30802381 0.02673615 6.19198255
7000 0.29183068 0.06592647 6.38958682
7100 0.29808824 0.04322714 5.74494370
7200 0.32573689 0.04700356 9.00954984
7300 0.30389354 0.07490532 8.20233783
7400 0.26222802 0.02097519 2.15614229
7500 0.28912658 0.09007212 8.02826749
7600 0.29666144 0.04678384 5.76608092
7700 0.26822778 0.04942356 3.54885893
7800 0.27940934 0.04181300 4.02708531
7900 0.35651085 0.05090184 13.54332094
8000 0.26514310 0.02240418 2.37278518
8100 0.32629947 0.07108983 10.50266061
8200 0.30951952 0.05477342 7.49732681
8300 0.33343639 0.07425961 11.65987919
8400 0.32823359 0.04024510 9.03176015
8500 0.31447587 0.00951163 6.59759742
8600 0.29171609 0.04854587 5.38427156
8700 0.31500869 0.01413166 6.71335178
8800 0.32389665 0.02366426 7.95518858
8900 0.32949096 0.04674664 9.47657866
9000 0.36387269 0.01499939 13.53962012
9100 0.30127717 0.03631992 5.78810057
9200 0.28461072 0.07668185 6.51954054
9300 0.26493225 0.04662666 3.19512143
9400 0.29429733 0.02988961 4.89268773
9500 0.34324249 0.03284150 10.79848798
9600 0.33590405 0.03651538 9.90164134
9700 0.34807590 0.04616266 12.02873089
9800 0.27416410 0.05775763 4.41812900
9900 0.29671723 0.06112718 6.54537751
10000 0.28888676 0.03580834 4.59154660
10100 0.35049495 0.01264740 11.40434290
10200 0.30738627 0.01371566 5.85996490
10300 0.29108827 0.02309740 4.41528116
10400 0.33196649 0.04511510 9.72526362
10500 0.26055496 0.06727142 4.09617315
10600 0.24185095 0.03549811 1.50580894
10700 0.22475361 0.03137780 0.79865374
10800 0.28251329 0.01289273 3.48733285
10900 0.29085925 0.03560935 4.76171428
11000 0.31362064 0.02805307 6.84831175
11100 0.30117733 0.03134158 5.60957318
11200 0.28997507 0.04702843 5.15359354
11300 0.32607833 0.04798872 9.09933109
11400 0.31001292 0.01979436 6.24733007
11500 0.31323541 0.05288967 7.80978690
11600 0.27289306 0.00726474 2.68308737
11700 0.33309488 0.03314625 9.40646015
11800 0.28776995 0.00698962 3.87620912
11900 0.34420793 0.05467685 11.89274266
12000 0.30689863 0.00453818 5.72395639
12100 0.31190103 0.02498589 6.57306712
12200 0.29773690 0.04117574 5.62397195
12300 0.33788694 0.03503928 10.12027997
12400 0.31077493 0.03080976 6.61016350
12500 0.39679445 0.02225285 19.61162334
12600 0.26226370 0.01450493 2.04358061
12700 0.31080612 0.06051391 7.96996467
12800 0.32346777 0.06686491 9.85760260
12900 0.34247774 0.04238730 11.04829423
13000 0.31824365 0.03229278 7.51219250
13100 0.30706587 0.02642636 6.08072648
13200 0.30906901 0.04698734 7.05192997
13300 0.34392826 0.04471647 11.35745271
13400 0.39388955 0.02304773 19.06217797
13500 0.30884815 0.02307065 6.19008745
13600 0.34962602 0.02633869 11.54083546
13700 0.27430259 0.05021112 4.02101591
13800 0.31092995 -0.01293257 6.23635226
13900 0.31653621 0.06902831 9.17279816
14000 0.28371691 0.02515083 3.82054244
14100 0.28633833 0.05371401 5.16975133
14200 0.29503974 0.02519192 4.83359233
14300 0.34669511 0.02069337 10.97383503
14400 0.29352011 0.00724254 4.39923229
14500 0.27016502 0.03683491 3.13996996
14600 0.24567324 0.06961227 3.46595690
14700 0.30728969 0.02198783 5.99727151
14800 0.30309718 0.02879640 5.72913048
14900 0.30179458 0.05409240 6.64406165
15000 0.34004641 -0.02403473 10.09533187
15100 0.31616720 -0.00108549 6.74799778
15200 0.35301676 0.02058586 11.91895351
15300 0.33747722 0.05374658 10.89434027
15400 0.31758810 0.05306913 8.32164707
15500 0.25950975 0.07699078 4.73449554
15600 0.28889200 0.05531538 5.48078964
15700 0.30618279 0.07848168 8.71707877
15800 0.33053539 0.04116876 9.36717775
15900 0.35456790 0.04280590 12.86179001
16000 0.33750016 0.02699845 9.81760437
16100 0.30188273 0.04060798 6.01454980
16200 0.24838771 0.05927536 2.92746964
16300 0.30043629 0.02805152 5.43716837
16400 0.26243170 0.05229974 3.31649039
16500 0.27526656 0.01819131 2.99798926
16600 0.27396254 0.03729338 3.43062668
16700 0.30500311 0.00040583 5.51290861
16800 0.31278225 0.05085339 7.65295140
16900 0.35530383 -0.00662561 12.08158911
17000 0.26938926 0.03261049 2.93915657
17100 0.26144540 0.10016895 6.90467745
17200 0.34249509 0.02122479 10.37767152
17300 0.32643124 0.04168650 8.86131099
17400 0.27887583 0.03666271 3.78277569
17500 0.29657462 0.05479232 6.16442793
17600 0.36424666 0.05022939 14.74997870
17700 0.31883126 0.05397003 8.51681613
17800 0.32650856 0.03394426 8.57831478
17900 0.27989000 0.02125758 3.41714815
18000 0.27146876 0.05973238 4.33787007
18100 0.32293821 0.03245798 8.08366200
18200 0.30218703 0.07319537 7.89987574
18300 0.27612400 0.07248321 5.52433979
18400 0.34811374 0.03833041 11.70344956
18500 0.27410372 0.07495688 5.55494701
18600 0.31450530 0.02151652 6.78721203
18700 0.36707031 0.00061872 13.95643536
18800 0.31310543 0.02565331 6.72546522
18900 0.26480036 0.01116184 2.16183682
19000 0.30951848 0.04756732 7.12847315
19100 0.26650383 0.01812702 2.37567438
19200 0.26309694 0.05541140 3.52582347
19300 0.28741324 0.01384864 3.91642961
19400 0.28034554 0.06976301 5.66114196
19500 0.29582288 0.03166518 5.09235410
19600 0.35291534 0.01648104 11.82736332
19700 0.32719728 0.02375934 8.37182705
19800 0.27514639 0.06755064 5.10503473
19900 0.32120089 0.01227099 7.42011706
20000 0.28700152 0.02316380 4.05291301
20100 0.30414508 0.07370786 8.13952297
20200 0.31143102 0.03584998 6.85104653
20300 0.25557438 0.07156661 4.10514563
20400 0.30251414 0.03878751 6.00681008
20500 0.31020952 0.06661358 8.29175295
20600 0.31423930 0.06746578 8.80112524
20700 0.33699827 0.06687886 11.62065443
20800 0.25310157 -0.00322608 1.41509209
20900 0.32237687 0.02908055 7.91088790
21000 0.31353149 0.04787965 7.59093049
21100 0.31449719 0.02546432 6.87901968
21200 0.30092721 0.05822792 6.78839592
21300 0.26018372 -0.01172255 1.87974913
21400 0.31769438 0.05195324 8.27555257
21500 0.31314240 0.05726179 8.04005725
21600 0.28651293 0.04017623 4.54930842
21700 0.28768705 0.02688580 4.20593299
21800 0.29310196 0.02843194 4.73817482
21900 0.28555690 0.02598716 3.99765730
22000 0.33957515 0.00200201 9.74261573
22100 0.30847387 0.01438904 5.98681267
22200 0.29395590 0.03268246 4.94792702
22300 0.32302823 0.03362467 8.13328159
22400 0.28711659 0.03504649 4.40877851
22500 0.33077832 0.04691189 9.65184696
22600 0.32503580 0.02171907 8.05283521
22700 0.32351980 0.04834415 8.79714957
22800 0.33067764 0.00286015 8.54241279
22900 0.23610923 0.05693649 2.27282001
23000 0.28351468 0.02298660 3.75154240
23100 0.33386505 0.02000187 9.15996327
23200 0.31305520 0.03750243 7.09395532
23300 0.29519775 0.02965959 4.97115095
23400 0.33609487 0.03457787 9.85872116
23500 0.28151555 0.05448078 4.80646982
23600 0.29653754 0.05159964 5.99100956
23700 0.32531319 0.05618602 9.43013237
23800 0.33423368 0.02723791 9.38029237
23900 0.27603444 0.02326669 3.16128719
24000 0.29780053 0.05853939 6.49590185
24100 0.36725922 0.03949417 14.76771859
24200 0.30220846 -0.00370084 5.23013321
24300 0.27748208 0.05675170 4.61211401
24400 0.33609369 0.01149232 9.32678268
24500 0.28873013 0.02234787 4.18623173
24600 0.31382712 0.03059535 6.94634421
24700 0.29697008 0.06006413 6.50544798
24800 0.32146835 0.02188706 7.61680176
24900 0.35087311 0.05248977 12.75893626
25000 0.29206052 0.06005095 6.04062774
25100 0.33081384 0.07650536 11.48266558
25200 0.29811346 0.06851838 7.16050977
25300 0.31375052 0.05235349 7.84003369
25400 0.29932418 0.05371831 6.37547522
25500 0.32253363 0.09274224 11.80780731
25600 0.31281631 0.03201823 6.87634300
25700 0.32344792 0.02870619 8.03171680
25800 0.34618923 0.01781578 10.84434640
25900 0.29984387 0.02574014 5.31567630
26000 0.26112945 0.02915866 2.29351854
26100 0.30624912 0.01217806 5.71859024
26200 0.28937337 0.03297142 4.53735679
26300 0.28548029 0.05302223 5.05911847
26400 0.27538549 0.01596987 2.96900414
26500 0.28699454 0.01994329 3.98289195
26600 0.31274006 0.04779684 7.49742928
26700 0.25326384 0.04900849 2.61943480
26800 0.32107100 0.03697435 8.01264426
26900 0.29445379 0.05872351 6.18498463
27000 0.31043100 0.03352532 6.65947684
27100 0.37998942 0.04269756 17.10963568
27200 0.29972802 0.01610777 5.10256954
27300 0.30208884 0.04398440 6.17837926
27400 0.28347218 0.05185625 4.82833766
27500 0.27395672 0.04232413 3.63046440
27600 0.30503716 0.03960025 6.30049236
27700 0.28372978 0.05639128 5.09532604
27800 0.29804984 0.02459349 5.10930528
27900 0.31059122 0.06165979 8.01617339
28000 0.27009583 0.06502780 4.57102052
28100 0.28705798 0.03792483 4.50869204
28200 0.31759670 0.00834658 6.94932507
28300 0.26687229 0.02155050 2.46816398
28400 0.26297773 0.04194715 2.86287857
28500 0.30653719 0.03431020 6.26368158
28600 0.32320001 0.03251785 8.11782660
28700 0.33142247 0.04267734 9.54661048
28800 0.24413353 0.06591592 3.14633875
28900 0.29976002 0.03608165 5.62697338
29000 0.32090397 0.01427589 7.41078511
29100 0.31161663 0.01054065 6.28468826
29200 0.30987270 0.01873135 6.21143649
29300 0.33944390 0.03737601 10.42078411
29400 0.33831880 0.00894454 9.60604774
29500 0.35536125 0.03191119 12.57772074
29600 0.25923947 0.03628016 2.41278274
29700 0.28143670 0.04333940 4.25512000
29800 0.30605335 0.02944765 6.05723827
29900 0.28638251 0.03744542 4.43204860
30000 0.28797164 0.00955029 3.91510898
30100 0.29897706 0.02045461 5.10742481
30200 0.32463594 0.04135800 8.62230099
30300 0.33659960 0.05538440 10.86344188
30400 0.24260858 0.02558537 1.23505093
30500 0.24840910 0.06216896 3.10421032
30600 0.34195589 0.06293669 12.05625032
30700 0.32968629 0.03143727 8.90341836
30800 0.32146995 -0.01418274 7.47804924
30900 0.26697887 0.02918438 2.66894843
31000 0.28176708 0.04076717 4.17390906
31100 0.29468683 0.05372597 5.92603726
31200 0.30462857 0.04354253 6.42154534
31300 0.34412290 0.02236013 10.63569328
31400 0.27968019 0.04228055 4.06828927
31500 0.30399178 0.04747773 6.53421274
31600 0.30353250 0.03572302 5.99755660
31700 0.26997965 0.01130852 2.51251726
31800 0.31161192 0.03427555 6.81601756
31900 0.29658908 0.03890539 5.42153985
32000 0.28234573 0.05789607 5.06638753
32100 0.34463913 0.02628126 10.80559078
32200 0.30679215 -0.00502909 5.71492740
32300 0.33514172 0.00802843 9.16387025
32400 0.31346871 0.04782660 7.58126592
32500 0.29895143 0.01103379 4.95656501
32600 0.29707563 0.02581355 5.04500828
32700 0.28278815 0.02766116 3.80950922
32800 0.36370139 0.05497322 14.91010005
32900 0.35048931 -0.02847907 11.72904464
33000 0.31631910 0.05010941 8.02054338
33100 0.27581366 0.01179638 2.94343320
33200 0.30268089 0.04203068 6.15497202
33300 0.32307074 0.01033147 7.62657274
33400 0.30919514 0.03067397 6.43223495
33500 0.31365406 0.04456075 7.45145272
33600 0.31223552 0.02819210 6.69580348
33700 0.30135467 0.05987591 6.92894715
33800 0.26030772 0.04762723 2.95268713
33900 0.27849319 0.01491666 3.19184397
34000 0.32314767 -0.00028019 7.58271414
34100 0.32717344 0.04554064 9.12351669
34200 0.28876339 0.02658814 4.29293464
34300 0.28285698 0.03116237 3.91818644
34400 0.28115452 0.06200929 5.21560429
34500 0.28353737 0.08495976 7.09832692
34600 0.30601725 0.01308339 5.70541599
34700 0.32219818 0.03557073 8.09883551
34800 0.27659498 0.02154794 3.16555246
34900 0.30886786 0.05949667 7.69603203
35000 0.37713217 0.03061691 16.15659998
35100 0.29605899 0.03180703 5.11950857
35200 0.29119566 0.02296015 4.42190859
35300 0.29914703 0.04691549 6.01559785
35400 0.32294153 -0.00729391 7.58391021
35500 0.36254907 0.02423012 13.50465013
35600 0.31683929 0.03926321 7.59650919
35700 0.32540308 0.05322084 9.27919529
35800 0.27030701 0.02361417 2.75035200
35900 0.27455737 0.04349859 3.72546464
36000 0.29005441 0.04207542 4.94006854
36100 0.35321412 -0.00854491 11.77379038
36200 0.27032597 0.07269633 5.11524941
36300 0.26819787 0.00399937 2.33347215
36400 0.26058081 0.04246396 2.73661104
36500 0.34308079 0.06621673 12.42838411
36600 0.29691227 0.04395223 5.66189377
36700 0.30608654 0.02935445 6.05801911
36800 0.30643234 0.05004464 6.91615450
36900 0.27696136 0.05109371 4.26680917
37000 0.28905791 -0.01003883 4.01604436
37100 0.32988888 0.05342847 9.86286138
37200 0.26753371 -0.00760248 2.30929964
37300 0.30757143 0.05682285 7.40022391
37400 0.30074484 0.05616246 6.65187266
37500 0.31830024 0.01746566 7.14999790
37600 0.35062530 0.01868282 11.51851374
37700 0.25149815 0.02787884 1.71464454
37800 0.27432335 0.06957987 5.18265908
37900 0.30638424 0.03325019 6.21159131
38000 0.36237525 0.01676902 13.32346168
38100 0.28310424 0.06907160 5.83860050
38200 0.28779319 0.06062159 5.69131049
38300 0.33734593 0.00234932 9.43471152
38400 0.31427927 0.02690225 6.89174128
38500 0.36121926 -0.00251849 12.99899593
38600 0.28720486 0.03111168 4.28631193
38700 0.32088753 0.04936769 8.52548146
38800 0.30887294 0.04974110 7.16374771
38900 0.36222752 0.03139540 13.65172010
39000 0.26877138 0.01693211 2.50809962
39100 0.35934458 0.05644759 14.28851339
39200 0.29267655 0.03729631 4.98997907
39300 0.30632450 0.02746768 6.02968691
39400 0.34375084 0.05026756 11.59556656
39500 0.28850130 0.03273774 4.45211965
39600 0.32612605 0.03514873 8.57160720
39700 0.30187245 0.02393344 5.47540251
39800 0.36067754 0.04455934 13.90140317
39900 0.30796694 0.04865872 7.01226579
40000 0.35560729 -0.01465318 12.21417200
40100 0.30751106 0.04175102 6.65088805
40200 0.30932776 0.01853965 6.14813909
40300 0.26841586 0.08309937 5.79311766
40400 0.29228136 0.03606514 4.90827181
40500 0.31292239 0.06256220 8.33274773
40600 0.29092344 0.02711996 4.50128239
40700 0.32051274 0.07826157 10.32409740
40800 0.26801447 0.01247647 2.39081538
40900 0.31922147 0.04859888 8.28780565
41000 0.28317563 0.04806274 4.61410564
41100 0.30648138 0.01244544 5.74658661
41200 0.29231426 0.08036670 7.49036448
41300 0.34070533 0.04421082 10.87629315
41400 0.28676011 0.05608216 5.33626251
41500 0.32281993 0.06533694 9.67682528
41600 0.30756710 0.01505563 5.89867673
41700 0.25997316 0.01096840 1.85854315
41800 0.32494565 0.04993843 9.05263092
41900 0.26204641 0.05517221 3.44686457
42000 0.29116242 0.01359106 4.24765222
42100 0.32003243 0.01564870 7.32633335
42200 0.30093439 0.03782154 5.80911028
42300 0.28909019 0.03775406 4.68121535
42400 0.25057350 0.04360790 2.22966426
42500 0.28470818 0.00228283 3.59034324
42600 0.29453789 0.04718222 5.58178726
42700 0.28146455 0.02964271 3.75758160
42800 0.29724471 0.03667927 5.40095118
42900 0.29579934 0.01357523 4.68090035
43000 0.33935465 0.03129495 10.19954584
43100 0.34443031 0.02765811 10.81254308
43200 0.27288312 0.03923149 3.42552942
43300 0.29689416 0.04180825 5.56820454
43400 0.28854990 0.03068117 4.39120914
43500 0.31216377 0.04064508 7.11636668
43600 0.31218606 0.03199930 6.80483323
43700 0.31457771 0.09026389 10.63781076
43800 0.30442758 0.04468589 6.45097390
43900 0.30890375 0.04206240 6.81463624
44000 0.36169083 0.03796623 13.79268009
44100 0.28925423 0.03135515 4.47473109
44200 0.35749348 0.03507231 13.01713107
44300 0.30477940 0.02829720 5.88972680
44400 0.29640727 0.02738424 5.02212969
44500 0.29934521 0.00510928 4.94778730
44600 0.27634472 0.01048753 2.96925257
44700 0.27811618 0.05980440 4.83935165
44800 0.31488286 0.01999121 6.79886005
44900 0.29467220 0.03572227 5.11945326
45000 0.28567164 0.06071295 5.51284607
45100 0.26260889 0.03261876 2.49192830
45200 0.29148221 0.09090362 8.31623183
45300 0.26328502 0.02665947 2.35786067
45400 0.32911286 0.05498790 9.84689978
45500 0.33318750 0.03057579 9.33689436
45600 0.32439710 0.01316936 7.82403569
45700 0.32367447 0.03162048 8.14761533
45800 0.32129534 0.03607840 8.00710565
45900 0.32118341 -0.01250424 7.42088738
46000 0.26128927 0.03010704 2.33140460
46100 0.31433325 0.01883209 6.71336935
46200 0.29380520 0.03184924 4.90689463
46300 0.21645279 0.01176107 0.20450854
46400 0.26983867 0.07943058 5.59332818
46500 0.32861196 0.03555510 8.90260081
46600 0.34811778 0.02605379 11.30883799
46700 0.29484433 0.02407972 4.78764002
46800 0.32852975 0.02850943 8.66634212
46900 0.32742194 0.02154254 8.35021551
47000 0.24742167 0.08356391 4.61587125
47100 0.32179380 0.05023094 8.67843882
47200 0.31238801 0.07729569 9.30284496
47300 0.28544723 0.01177552 3.71994591
47400 0.28915777 0.05385025 5.42447825
47500 0.31512296 -0.00962486 6.67296724
47600 0.33170297 0.01566229 8.79549037
47700 0.33968968 0.03059807 10.22472378
47800 0.29913739 0.02469486 5.21902919
47900 0.28074788 0.01450844 3.36535777
48000 0.27831285 0.05666755 4.67205638
48100 0.31558809 0.07530876 9.51600781
48200 0.27452678 -0.01708533 2.92307511
48300 0.29560429 0.01951600 4.76052729
48400 0.32432589 0.05573171 9.28147563
48500 0.33355010 0.03417827 9.50189127
48600 0.27644962 0.04644322 4.00075891
48700 0.33745568 0.04972548 10.68334342
48800 0.30020552 0.04509307 6.03726578
48900 0.32245631 0.02569292 7.82783747
49000 0.38033801 0.05909776 18.00717241
49100 0.32848575 0.04894974 9.45233285
49200 0.30892127 0.05118822 7.24203919
49300 0.26214896 -0.01114705 1.99337503
49400 0.30979153 0.04040164 6.84323598
49500 0.34156352 0.06094201 11.87707877
49600 0.30776603 0.04289613 6.72679751
49700 0.36528278 0.02965900 14.09902720
49800 0.28691390 0.07061455 6.27022064
49900 0.35384060 0.05488665 13.33973751
50000 0.31438618 0.05146721 7.86653621
50100 0.39147059 0.04999702 19.58034474
50200 0.34738497 -0.01151016 10.92740684
50300 0.30598693 0.02698944 5.98082928
50400 0.31917834 0.01035152 7.15531575
50500 0.30767429 0.02575560 6.12855242
50600 0.32200404 0.05356883 8.87730213
50700 0.35032725 0.02470706 11.60436121
50800 0.28858692 0.01169599 3.99221959
50900 0.31923164 0.02539696 7.43059505
51000 0.30597009 0.01425713 5.71646255
51100 0.29245049 0.02383095 4.55750340
51200 0.32218945 0.04176602 8.33733045
51300 0.34386216 0.05998900 12.14750075
51400 0.26711577 0.03180219 2.75795294
51500 0.33233616 0.01751542 8.90982438
51600 0.29403257 0.01438769 4.52456452
51700 0.36849041 0.05208623 15.55099671
51800 0.29379978 0.00161666 4.40050611
51900 0.29985301 0.04184435 5.86078693
52000 0.30605427 0.05702957 7.24993936
52100 0.32212115 0.04168834 8.32574639
52200 0.30927547 0.05788109 7.64567501
52300 0.31484256 0.04766080 7.73018280
52400 0.25101417 0.06521693 3.42784668
52500 0.25449771 0.05124581 2.79806673
52600 0.29675013 0.03543727 5.30819409
52700 0.27028992 0.04470170 3.46945745
52800 0.30559163 0.05140972 6.89627554
52900 0.32535004 0.01417112 7.95672639
53000 0.29809660 0.00611919 4.83019387
53100 0.24016377 0.03703533 1.49237219
53200 0.31545605 0.01674912 6.80531645
53300 0.27784751 0.02924192 3.45766257
53400 0.36169385 0.01865349 13.24642637
53500 0.35731615 0.01397713 12.47186583
53600 0.26006340 0.03003722 2.25492325
53700 0.35920989 0.02978314 13.11741221
53800 0.30873931 0.05717236 7.54645840
53900 0.29815767 -0.01004593 4.86792473
54000 0.32692338 0.04664212 9.14251559
54100 0.30160932 0.02601640 5.50065396
54200 0.31994040 0.04313682 8.12324198
54300 0.29510626 0.03927621 5.29391084
54400 0.31496177 0.06042627 8.43377171
54500 0.32526024 0.03657005 8.51374835
54600 0.28261914 0.03558285 4.04603093
54700 0.31295670 0.05843078 8.08668549
54800 0.35681978 0.04085541 13.13080424
54900 0.29904699 0.01751479 5.05853662
55000 0.28385740 0.02895509 3.93523026
55100 0.32651121 0.07454332 10.78089680
55200 0.30800539 0.06333564 7.83828345
55300 0.32635042 0.06252996 9.93721236
55400 0.28716584 0.05464383 5.29191599
55500 0.29482158 0.06827883 6.82656505
55600 0.36740822 0.06289115 15.99040529
55700 0.31556384 0.03239965 7.20236967
55800 0.35385659 0.03127195 12.32489189
55900 0.32280557 0.03689061 8.22106238
56000 0.31656013 0.00165288 6.79449795
56100 0.32398805 0.02481088 7.99430810
56200 0.30491806 0.03595729 6.15036322
56300 0.29792124 0.03071617 5.26602623
56400 0.23483661 0.08342641 4.08677813
56500 0.29107970 0.02600904 4.48599085
56600 0.35785215 0.01639010 12.59296849
56700 0.33841506 0.03578891 10.21978806
56800 0.31739493 -0.00012069 6.89079241
56900 0.33138492 0.00406065 8.63924313
57000 0.28151792 0.04414985 4.29719053
57100 0.26815518 -0.00046175 2.32267074
57200 0.33513226 0.05445631 10.61310937
57300 0.32641178 0.03312094 8.53846781
57400 0.29972320 0.02246280 5.22464730
57500 0.28170619 0.03450680 3.93331012
57600 0.36904511 0.01746785 14.44068795
57700 0.33589370 0.05441451 10.71401757
57800 0.25796531 0.02528821 1.99973503
57900 0.29491964 0.04133017 5.35896080
58000 0.25118272 0.04460686 2.30472165
58100 0.34848670 0.04136676 11.87975411
58200 0.32434480 0.03470099 8.33289369
58300 0.32565098 0.02913778 8.31858967
58400 0.31911742 0.04432409 8.07679189
58500 0.25187760 0.01557408 1.46691867
58600 0.32480075 0.03343193 8.34646103
58700 0.29673209 0.02042155 4.88706839
58800 0.35263851 0.06160066 13.54657826
58900 0.29157737 0.03501367 4.80618548
59000 0.28942932 0.06559853 6.15038592
59100 0.29699570 0.02099799 4.92454109
59200 0.26500729 0.03624739 2.76991056
59300 0.33605960 0.03346834 9.81617262
59400 0.34948191 0.03846070 11.91203273
59500 0.28061513 0.02060183 3.46161707
59600 0.29122526 0.03723613 4.85428884
59700 0.33394347 0.04589058 10.02339931
59800 0.25750266 0.04700618 2.75806856
59900 0.32571478 0.02144830 8.13211776
60000 0.32851526 -0.00567638 8.27419711
60100 0.32836958 0.04043809 9.05699471
60200 0.28112691 0.06336997 5.29866413
60300 0.28090484 0.00613805 3.29163443
60400 0.34984117 0.03479415 11.83150429
60500 0.33747387 0.02819274 9.84694759
60600 0.25776354 0.05428616 3.14180671
60700 0.30755123 0.04475150 6.78498209
60800 0.30713325 0.03411017 6.32051833
60900 0.34631625 0.02918362 11.13006439
61000 0.33701700 0.06375920 11.41944656
61100 0.28861502 0.07191844 6.51244181
61200 0.31958616 0.02445684 7.44949292
61300 0.30463987 0.01652905 5.61135597
61400 0.27992601 0.06783928 5.49516795
61500 0.32059742 0.02791432 7.66147393
61600 0.29123756 0.03401272 4.74057879
61700 0.32705035 0.00208690 8.07307286
61800 0.25828760 0.05010143 2.95379877
61900 0.28369819 0.01166631 3.57074451
62000 0.27106314 0.04017302 3.33192088
62100 0.27694696 0.04386462 3.92246987
62200 0.28883699 0.03058367 4.41368584
62300 0.30238854 0.04519296 6.26290805
62400 0.31935592 0.00311336 7.12776382
62500 0.34449801 -0.00216130 10.44217256
62600 0.32793209 0.01891775 8.36225083
62700 0.29726507 0.03358278 5.29414847
62800 0.27769802 0.09611222 7.63727076
62900 0.32010271 0.02490701 7.52251051
63000 0.29957115 0.00769849 4.98683992
63100 0.24300365 0.05681703 2.53874437
63200 0.39129034 0.06990389 20.73927408
63300 0.31964918 0.07194935 9.74631748
63400 0.34700200 0.06345737 12.81821354
63500 0.29767196 0.01110030 4.83151450
63600 0.33205405 0.05190137 10.06601224
63700 0.25617217 0.02137282 1.80605471
63800 0.31562332 0.04912319 7.89091967
63900 0.28339345 0.06868179 5.83582799
64000 0.36358529 0.02199146 13.62188529
64100 0.29841326 -0.00202829 4.84464146
64200 0.28148474 0.00518940 3.33334635
64300 0.31807209 0.01225045 7.04554558
64400 0.28818690 0.03193931 4.39852470
64500 0.30710738 0.03928771 6.50775705
64600 0.32819609 0.04392947 9.18201814
64700 0.29678623 0.02954131 5.12013149
64800 0.25531137 0.04729144 2.64791418
64900 0.33240487 0.04273385 9.67861552
65000 0.23595331 0.04544874 1.67911395
65100 0.30019027 0.04188264 5.89612317
65200 0.33988280 0.07103950 12.30690363
65300 0.25826904 0.02688513 2.05904576
65400 0.26366600 0.00912461 2.06830898
65500 0.30206215 0.04720281 6.32239387
65600 0.33677589 0.03416232 9.93735459
65700 0.31686450 0.05756015 8.48524152
65800 0.33587288 -0.00244115 9.23369965
65900 0.26354831 0.03138977 2.51185299
66000 0.24188683 0.00964420 0.92375870
66100 0.27482116 0.06333440 4.80472585
66200 0.29476348 0.03397646 5.06725862
66300 0.28727725 0.05104015 5.11120761
66400 0.27866149 0.02518496 3.41095625
66500 0.35889622 0.02253772 12.87797831
66600 0.28992600 0.02034006 4.25020143
66700 0.29950622 0.00191819 4.95258402
66800 0.28988077 0.03383086 4.61153969
66900 0.34494055 0.01810916 10.66785292
67000 0.29845870 0.02661667 5.20128097
67100 0.28202550 0.07544752 6.21025498
67200 0.33308664 0.06150821 10.74765734
67300 0.33892775 0.02411447 9.94121427
67400 0.31086961 0.00725369 6.17234269
67500 0.29736480 0.03790611 5.45838826
67600 0.38352506 0.05844921 18.54887898
67700 0.25413066 0.02077362 1.68083554
67800 0.32845943 0.05899243 9.99096641
67900 0.27855054 0.03027326 3.54332875
68000 0.29076678 0.04802056 5.27229170
68100 0.32781688 0.04723145 9.28398211
68200 0.32096650 0.04067222 8.14356138
68300 0.31765567 0.06598825 9.09865263
68400 0.29429386 0.03356456 5.00895553
68500 0.29451914 0.05279563 5.86062296
68600 0.26846689 0.07258853 4.97840481
68700 0.28442429 0.03103627 4.04535577
68800 0.29129006 0.03426609 4.75401963
68900 0.27946521 0.05326632 4.57601042
69000 0.31380490 0.04059079 7.29958399
69100 0.34090348 -0.02624858 10.27138918
69200 0.28462740 0.02733812 3.95458455
69300 0.35146522 0.03311286 12.01908776
69400 0.30759353 0.01142007 5.85339276
69500 0.27871881 0.07466020 5.88539867
69600 0.34993487 0.05231144 12.60847578
69700 0.31320997 0.01546450 6.52782358
69800 0.29961425 0.05657041 6.56160543
69900 0.31730305 0.02153985 7.11198511
70000 0.28686698 0.02002569 3.97344989
70100 0.31307179 0.07456928 9.17290289
70200 0.32357691 0.00413333 7.64416829
70300 0.28279176 0.01563104 3.54940234
70400 0.32625199 0.03741263 8.66963449
70500 0.30876827 0.01229033 5.99079484
70600 0.29617123 0.02727605 4.99644453
70700 0.30876683 0.03670194 6.58862793
70800 0.29953737 0.04870536 6.13994983
70900 0.34659230 0.04609706 11.80712068
71000 0.30998676 0.06265056 8.01108992
71100 0.31502684 0.02965465 7.05528634
71200 0.27006867 0.06918725 4.84824693
71300 0.31649754 0.03998664 7.58530430
71400 0.26620353 0.01152876 2.25790978
71500 0.30045252 0.05330499 6.46606476
71600 0.35763166 0.03972548 13.21292671
71700 0.27458744 0.03163114 3.28190714
71800 0.29220274 0.02711745 4.61835126
71900 0.26848864 0.04263463 3.25420266
72000 0.32957760 0.01402368 8.49350849
72100 0.31473480 0.04112882 7.42782689
72200 0.23720503 0.02308495 0.95856460
72300 0.36491532 0.03843884 14.33730294
72400 0.30521760 0.05932406 7.29504312
72500 0.34540191 0.02100181 10.79139491
72600 0.33022883 0.02150897 8.71109126
72700 0.27734051 0.03880853 3.74382800
72800 0.33078914 0.03516190 9.17107925
72900 0.29970891 0.01945621 5.16020539
73000 0.32506890 0.02671444 8.17794535
73100 0.33044657 -0.00086681 8.50852992
73200 0.27319906 0.02446574 2.97833773
73300 0.32884856 0.01053888 8.35650907
73400 0.25568860 0.04421756 2.52820632
73500 0.34054059 0.03825332 10.60748764
73600 0.35724548 0.05078974 13.65286904
73700 0.29198500 0.03371357 4.79892192
73800 0.33505562 0.02623122 9.46404854
73900 0.32883402 0.06326719 10.30047116
74000 0.31469306 -0.00448333 6.58729870
74100 0.35317351 0.04020518 12.53928990
74200 0.31470771 0.01842442 6.74865861
74300 0.29744322 0.03157763 5.24616409
74400 0.24012727 0.05325528 2.22316138
74500 0.26461024 0.03031952 2.54687802
74600 0.31558938 0.03491984 7.29014953
74700 0.36761007 0.01443297 14.15072390
74800 0.31748601 0.03972204 7.69040145
74900 0.28371306 0.05541527 5.03936428
75000 0.27799292 0.04701293 4.14655576
75100 0.33372821 0.03791692 9.66046403
75200 0.28312726 0.05775375 5.12281876
75300 0.28948978 0.02562699 4.33258192
75400 0.32356917 0.07758484 10.64437290
75500 0.35169467 0.07131656 14.04866205
75600 0.36549731 0.04885323 14.88799884
75700 0.33577209 0.00154360 9.21822206
75800 0.28135211 0.00945017 3.35373552
75900 0.30634560 0.03183259 6.16134988
76000 0.28389041 0.03561149 4.15288986
76100 0.31552487 0.04014939 7.47898519
76200 0.28810884 0.06220696 5.81643607
76300 0.31850725 0.06009072 8.82743114
76400 0.31374670 0.04318739 7.40173159
76500 0.31598203 0.01671183 6.86555830
76600 0.31524709 0.05665216 8.24567986
76700 0.27374012 0.04927286 3.93271022
76800 0.29043452 0.07013007 6.54831431
76900 0.32789436 0.02894764 8.59746670
77000 0.33053437 0.00958165 8.56551454
77100 0.30902848 0.02839184 6.34665287
77200 0.29020692 0.02258257 4.32363065
77300 0.28359614 0.05402811 4.95367589
77400 0.30934377 0.05275103 7.36936596
77500 0.35515943 -0.00171371 12.03869330
77600 0.29333102 0.02211796 4.59994189
77700 0.29938257 0.03400579 5.51664411
77800 0.26714922 0.02657317 2.60757556
77900 0.31091349 0.00173704 6.15240949
78000 0.26448225 0.03666641 2.75119300
78100 0.29364973 0.03152394 4.88201498
78200 0.28111443 0.03291180 3.83136855
78300 0.31267752 0.05159196 7.67897669
78400 0.29558011 0.02331329 4.83953343
78500 0.29439867 0.03105144 4.93765026
78600 0.31137128 0.04818934 7.36288759
78700 0.32374711 0.05758167 9.31449768
78800 0.36800489 0.01410523 14.21229997
78900 0.32132004 0.04052796 8.18053433
79000 0.30080444 0.06601299 7.25962534
79100 0.27095532 0.02148461 2.74812276
79200 0.32099260 0.06710234 9.57096663
79300 0.26139161 0.11363341 8.34074072
79400 0.28936947 0.05353167 5.42627119
79500 0.28713838 0.05049337 5.07133889
79600 0.27694475 0.05840107 4.66559016
79700 0.33615546 0.01636833 9.40311593
79800 0.33248484 0.05506546 10.29221832
79900 0.26389927 0.05459837 3.53204936
80000 0.29262668 0.03761573 4.99732284
80100 0.32687479 0.05181481 9.39099352
80200 0.29914987 0.01156849 4.98226376
80300 0.31333096 0.04218946 7.31192815
80400 0.33351465 0.02894844 9.33208635
80500 0.32248752 0.02447615 7.80113704
80600 0.35138359 0.02248605 11.71130748
80700 0.25340548 0.03715898 2.11646764
80800 0.31025581 0.04445257 7.06618708
80900 0.27889638 0.05325836 4.53054599
81000 0.25223935 0.05950848 3.13510455
81100 0.28909366 0.03392036 4.54413593
81200 0.30980775 0.04674674 7.12149969
81300 0.33497444 0.02699158 9.47332266
81400 0.28669083 0.06746098 6.03314154
81500 0.35083148 0.03624974 12.03209025
81600 0.37699227 0.06622759 17.85617840
81700 0.30592028 0.03144582 6.10397327
81800 0.31164008 0.03663639 6.90286577
81900 0.31479073 0.06318137 8.58439910
82000 0.31566632 0.01899287 6.86971278
82100 0.26336973 0.02188660 2.24737325
82200 0.32003397 0.04059163 8.02791668
82300 0.28542353 0.02676248 4.00670510
82400 0.32231182 0.04316242 8.41158787
82500 0.34407599 0.02765147 10.76124743
82600 0.33788626 0.07490293 12.31153479
82700 0.32486926 0.05877648 9.52350317
82800 0.31940970 0.02533272 7.45021158
82900 0.32768303 0.00952890 8.19687808
83000 0.28964267 0.05365307 5.45723051
83100 0.26904418 0.02003136 2.58417729
83200 0.29849986 0.06118273 6.72277439
83300 0.30682335 0.08605143 9.40803837
83400 0.32362778 0.00417073 7.65061205
83500 0.28738342 0.03499770 4.43035041
83600 0.29506876 0.01583578 4.64442039
83700 0.31479640 0.03229553 7.11060688
83800 0.30947151 0.03559567 6.62553207
83900 0.28270617 0.04899991 4.62065062
84000 0.28918752 0.04086601 4.81222269
84100 0.34779386 0.03979308 11.71325630
84200 0.31524103 0.00284143 6.64428434
84300 0.31899648 0.07182488 9.65948713
84400 0.28500743 0.02166329 3.84778066
84500 0.25385590 0.02802332 1.84288207
84600 0.26515075 0.05185809 3.46694082
84700 0.29384102 0.03221086 4.92183872
84800 0.26919949 0.05697922 4.01760058
84900 0.30355850 0.04813126 6.52049089
85000 0.28831805 0.03442958 4.49273708
85100 0.34585937 0.00683166 10.66081388
85200 0.29540555 0.04942477 5.77251324
85300 0.34907803 0.02500142 11.42466537
85400 0.32644922 0.02939114 8.42662190
85500 0.29186055 0.04516238 5.23900057
85600 0.33122146 0.05648850 10.20501073
85700 0.29388535 0.03536115 5.03243541
85800 0.28738369 0.01251060 3.89621232
85900 0.26534083 0.05488513 3.64090092
86000 0.31767467 0.03433838 7.51322625
86100 0.29840647 0.03269753 5.37648075
86200 0.34105905 0.04565717 10.99111646
86300 0.25751513 0.07887835 4.76489165
86400 0.30292595 -0.00520624 5.31042780
86500 0.28640663 0.03577809 4.37308900
86600 0.24508008 0.05091828 2.31244247
86700 0.29700240 0.04928173 5.91907748
86800 0.31089749 0.02307474 6.41534798
86900 0.33425010 0.04663130 10.09878342
87000 0.28119238 0.04311875 4.22571444
87100 0.29173336 0.02727413 4.57944350
87200 0.31045543 0.04446983 7.08898348
87300 0.31192756 0.02140629 6.49300401
87400 0.33054695 0.04744286 9.64666585
87500 0.30069350 0.05802540 6.75306368
87600 0.32561610 0.06953245 10.30708260
87700 0.32112677 0.05262088 8.72032579
87800 0.30147828 -0.00872874 5.18701602
87900 0.28047960 0.05225263 4.60365148
88000 0.30083897 0.04183946 5.95951932
88100 0.26867170 0.02314681 2.62578853
88200 0.27953289 0.04358768 4.11268320
88300 0.27764055 0.03909305 3.77816085
88400 0.30690722 0.05856782 7.42967141
88500 0.34258297 0.03675901 10.84056371
88600 0.26947125 0.02484545 2.72177569
88700 0.31019615 0.02412829 6.36268308
88800 0.35883287 0.08596412 16.30885471
88900 0.28798257 0.01346356 3.96110001
89000 0.35091735 0.03928184 12.15955445
89100 0.32074154 0.04997242 8.53788059
89200 0.30894466 0.02558944 6.26187864
89300 0.25214786 0.01070163 1.41696231
89400 0.26414431 0.10271861 7.33280264
89500 0.30328241 0.04513490 6.35220795
89600 0.32761148 0.05040305 9.41257914
89700 0.30479707 0.02547823 5.81578322
89800 0.35890403 0.05158735 13.95587294
89900 0.35055619 0.02501982 11.64657883
90000 0.29475785 0.05232704 5.85858456
90100 0.27541531 0.05035557 4.11157636
90200 0.29799833 0.03425212 5.38844014
90300 0.27028841 0.02258592 2.72529197
90400 0.32328942 0.05304325 9.00693408
90500 0.35062532 0.02145825 11.57422157
90600 0.33294038 0.04483006 9.84143942
90700 0.30525833 0.05952557 7.31130431
90800 0.33549996 0.04151603 10.04190992
90900 0.28522814 0.03109324 4.11531268
91000 0.29971639 0.06674160 7.19889987
91100 0.33209933 0.03843690 9.46381386
91200 0.30044423 0.03183331 5.55120133
91300 0.30383567 0.02700074 5.75544299
91400 0.34796107 0.03605527 11.59622982
91500 0.30017323 0.03999580 5.81716954
91600 0.31720922 0.03351725 7.43070400
91700 0.34209636 0.01296756 10.17976621
91800 0.33786989 0.00988566 9.55291635
91900 0.31585605 0.03545865 7.33997004
92000 0.32493282 0.02617994 8.14679949
92100 0.34625361 0.03568013 11.33159552
92200 0.31071680 0.01423188 6.23037778
92300 0.30049881 0.02695416 5.41326929
92400 0.26469870 0.05996584 3.89091206
92500 0.26783831 0.01740051 2.45240679
92600 0.30800589 0.03970866 6.62102432
92700 0.32635264 0.01366736 8.07589379
92800 0.30546281 0.00818291 5.59468203
92900 0.30333191 0.03519477 5.95807735
93000 0.31261414 0.03349014 6.90176673
93100 0.30112764 0.06466906 7.20444389
93200 0.29169654 0.04302052 5.12951005
93300 0.29677609 0.04371863 5.63846522
93400 0.29210588 0.01968304 4.43545771
93500 0.31765088 0.05502916 8.43496875
93600 0.31659915 0.02968305 7.23822274
93700 0.26951837 0.04455555 3.40900007
93800 0.27980664 0.00228190 3.18715370
93900 0.28902926 0.05282844 5.35852654
94000 0.29905678 0.01114913 4.96827475
94100 0.31596973 0.01581852 6.84960221
94200 0.33067072 0.04108042 9.38121931
94300 0.25512848 0.04471601 2.51933545
94400 0.33101525 0.01232141 8.65840617
94500 0.30418246 0.04768729 6.56403170
94600 0.35202497 0.00699122 11.58023458
94700 0.35543299 0.04980132 13.31979220
94800 0.32198276 0.00158617 7.44115516
94900 0.28147676 0.02492904 3.62995939
95000 0.29129785 0.07922304 7.30579338
95100 0.27860578 0.03966096 3.87593025
95200 0.28824561 0.02095836 4.11326994
95300 0.33336601 0.02085195 9.11064782
95400 0.32288765 0.04642406 8.62828425
95500 0.25900425 0.09352504 6.11421717
95600 0.28779017 0.02707105 4.21997761
95700 0.26734242 0.05912999 4.01567848
95800 0.34920787 0.02657316 11.48456118
95900 0.30734324 0.05007338 7.01495688
96000 0.32537758 0.02373985 8.14155835
96100 0.33772886 0.03854422 10.22744763
96200 0.28348128 0.02252441 3.73823666
96300 0.29192810 0.04081248 5.05821678
96400 0.28630569 0.02598503 4.06194724
96500 0.36923340 0.01931474 14.50650121
96600 0.30992075 0.03545159 6.66969315
96700 0.36293845 0.03843556 14.01311542
96800 0.28725014 0.04276880 4.72087878
96900 0.28705440 0.04264404 4.69849179
97000 0.33847161 0.02615882 9.92933515
97100 0.25044127 0.05294473 2.67373294
97200 0.35726733 0.03770740 13.07743113
97300 0.32685383 0.04991034 9.29146820
97400 0.25301508 0.03069800 1.87648301
97500 0.28286926 0.06118541 5.30548413
97600 0.30418139 0.05098294 6.72651162
97700 0.29252203 0.05335455 5.70351707
97800 0.31548573 0.03521758 7.28861610
97900 0.30518637 0.04426421 6.51174706
98000 0.28327795 0.02110598 3.69033973
98100 0.33706842 0.04018219 10.20118043
98200 0.24928587 0.04744091 2.33986841
98300 0.31823193 0.06187692 8.90377123
98400 0.29132876 0.05262760 5.55530301
98500 0.30473017 0.03545184 6.11262115
98600 0.27377239 0.03288594 3.26192569
98700 0.31142284 0.01923162 6.39245221
98800 0.31668625 0.05612966 8.38311011
98900 0.31172839 0.03230430 6.76340065
99000 0.32931021 0.04989330 9.60523583
99100 0.27694116 0.02723591 3.33086872
99200 0.28137773 0.02662329 3.66556683
99300 0.29787131 0.01946030 4.97874878
99400 0.28557865 0.03878557 4.41401261
99500 0.33431997 0.04350154 9.96711901
99600 0.30554242 0.05496049 7.07992883
99700 0.27417589 0.05537278 4.28410365
99800 0.31235391 0.03126826 6.80055231
99900 0.30873812 0.04163006 6.77852051
100000 0.31411622 0.07669374 9.45222031
100100 0.38497414 0.02843523 17.51199807
100200 0.31977561 0.05751923 8.82732884
100300 0.32174191 0.02624406 7.75492111
100400 0.36249137 0.04542809 14.23357799
100500 0.33384240 0.03359841 9.52132128
100600 0.28987217 0.01840817 4.20793370
100700 0.30249828 0.01463788 5.36008205
100800 0.32460363 0.06643933 9.97012519
100900 0.38102362 0.03578713 17.02513550
101000 0.26599820 0.03720689 2.87005743
101100 0.32043973 0.03379411 7.82388537
101200 0.33028364 0.00517634 8.50031040
101300 0.30648364 -0.01107683 5.73073077
101400 0.30251571 0.04507569 6.27064468
101500 0.25208777 0.08040092 4.58872144
101600 0.27969206 0.03437708 3.76630376
101700 0.31803613 0.01221605 7.04087970
101800 0.25247481 0.01613411 1.50695776
101900 0.31075015 0.03169758 6.63516604
102000 0.25224744 0.03117033 1.85069261
102100 0.28266406 0.02915086 3.84155960
102200 0.27148803 0.02961779 2.99387623
102300 0.31329877 0.04252089 7.32231898
102400 0.29668959 0.03132370 5.16502573
102500 0.31107861 0.05551250 7.71004818
102600 0.28645335 0.02009803 3.93905664
102700 0.32612639 0.02524425 8.27256928
102800 0.33904013 0.02627820 10.01135050
102900 0.31330163 0.02501424 6.73148588
103000 0.33037003 0.01863205 8.67174956
103100 0.33391733 -0.00680321 8.99006740
103200 0.31995318 0.05384693 8.64412875
103300 0.27581811 -0.00757095 2.90285271
103400 0.29228653 0.02441115 4.55635432
103500 0.29211909 0.06124325 6.11833115
103600 0.24793921 0.00769991 1.17872839
103700 0.30595999 0.01964061 5.80663629
103800 0.31295659 0.04281863 7.29631274
103900 0.28608862 0.02935097 4.13636495
104000 0.25857418 0.03002945 2.16635128
104100 0.29665682 0.05645820 6.26503515
104200 0.25720025 0.06526407 3.76563355
104300 0.27139678 0.05147918 3.87380312
104400 0.29379375 0.10232919 9.63426541
104500 0.31704099 0.06540870 8.98844613
104600 0.32882541 0.02417779 8.59027557
104700 0.31046511 0.00456013 6.11166776
104800 0.31244893 0.07625797 9.23002011
104900 0.31278089 0.04390239 7.32347445
105000 0.29700300 0.02282747 4.96533797
105100 0.34196332 0.04302313 11.00228746
105200 0.34757545 0.01388013 10.98558624
105300 0.34085472 0.06341585 11.93081160
105400 0.31589947 0.04176001 7.58829285
105500 0.32356357 0.03914096 8.39998578
105600 0.35101461 0.03802748 12.12575030
105700 0.27258511 0.00750695 2.66247630
105800 0.34715239 0.02120832 11.05180963
105900 0.32010728 0.01216128 7.28682767
106000 0.31508408 0.03687926 7.30221303
106100 0.24682414 0.03157146 1.59462857
106200 0.34066426 0.03574461 10.53205574
106300 0.29100850 0.02073085 4.35615780
106400 0.28861301 0.02524518 4.24479245
106500 0.33382785 0.03632264 9.61461386
106600 0.31784220 0.01336426 7.03269352
106700 0.31750916 0.02077315 7.11996277
106800 0.31110684 0.03113650 6.65710614
106900 0.28209903 0.02618162 3.71286415
107000 0.29897345 0.05522810 6.42294302
107100 0.29395551 0.03628726 5.07220113
107200 0.33443156 0.01834022 9.20410373
107300 0.31654104 0.03755425 7.49606824
107400 0.32930693 0.03395478 8.93660490
107500 0.31786198 0.01348950 7.03670692
107600 0.31666990 0.01469856 6.91395603
107700 0.29958405 0.02718160 5.32791159
107800 0.31451630 0.08841800 10.46586272
107900 0.34390659 0.00885174 10.39372957
108000 0.32793662 0.05525346 9.71036174
108100 0.30112711 0.05453771 6.60052710
108200 0.29244630 0.02479238 4.58049061
108300 0.26394023 0.02502935 2.35741071
108400 0.33510849 0.04576123 10.17419711
108500 0.28348622 0.08020423 6.70133426
108600 0.27849467 0.02087873 3.29866734
108700 0.32476994 0.01795196 7.94490565
108800 0.34478799 0.08220896 13.86093839
108900 0.35515502 0.03450490 12.63183414
109000 0.34093538 0.03786686 10.64833982
109100 0.29304593 0.04556395 5.36680986
109200 0.34743019 0.05361603 12.30517012
109300 0.23251663 0.04458507 1.52258017
109400 0.30650277 0.06218414 7.60485369
109500 0.29499133 0.03667446 5.18418454
109600 0.33125572 0.07685950 11.56772347
109700 0.30734200 0.06470205 7.85433059
109800 0.30498614 0.02927938 5.93968585
109900 0.30579677 0.02794203 5.98685708
110000 0.34419913 -0.00607922 10.41517368
110100 0.28761989 0.06876555 6.20297289
110200 0.29029550 0.02267243 4.33365818
110300 0.30035421 0.01815372 5.20026266
110400 0.34071490 0.03510836 10.51664029
110500 0.28415986 0.04377791 4.49969404
110600 0.24968277 0.01458060 1.34048583
110700 0.34371481 0.02336231 10.59987276
110800 0.29342831 0.07484475 7.16529267
110900 0.30840786 0.03150504 6.37241615
111000 0.31338766 0.05214326 7.78783979
111100 0.35089201 0.00437401 11.39376566
111200 0.30410443 0.06256161 7.37584320
111300 0.33835867 0.01362697 9.66440755
111400 0.29699877 0.03557030 5.33700378
111500 0.35690569 0.02537024 12.63152213
111600 0.29330715 0.06174697 6.25945660
111700 0.26615327 0.06407404 4.24086847
111800 0.31930387 0.05698785 8.74051404
111900 0.29354088 0.02978879 4.81863377
112000 0.31154473 0.03486279 6.82881984
112100 0.34318030 -0.01246512 10.32798845
112200 0.28391051 -0.01688179 3.66298408
112300 0.33569382 0.07135738 11.75234402
112400 0.38397542 0.05462555 18.41545305
112500 0.28906204 0.00313522 3.97093795
112600 0.23948312 0.04913421 1.98654373
112700 0.30310363 0.04075627 6.14571610
112800 0.25271618 0.02428293 1.68432795
112900 0.38667664 0.01868908 17.59872455
113000 0.30608657 0.04746158 6.75348067
113100 0.31892333 0.01988918 7.26916923
113200 0.29334314 0.03056017 4.82343334
113300 0.29097701 0.06382789 6.17540814
113400 0.35247682 0.01163928 11.69232685
113500 0.31533941 0.01758464 6.80620010
113600 0.29131817 0.05857399 5.88496087
113700 0.29249344 0.05750939 5.93118312
113800 0.30046220 0.04004518 5.84813551
113900 0.27202216 0.05655833 4.19301815
114000 0.22022648 0.03852362 0.94659002
114100 0.30752343 0.03788451 6.49826230
114200 0.33933322 0.06175034 11.61342559
114300 0.29028698 0.03109715 4.55938585
114400 0.28224864 0.03224319 3.90223122
114500 0.29491789 0.05382804 5.95343224
114600 0.27011174 0.04603136 3.51727129
114700 0.30660772 0.03286103 6.22252672
114800 0.28913864 0.04783930 5.11714765
114900 0.26413900 0.01218638 2.13115936
115000 0.32511791 0.02863997 8.23736966
115100 0.30402575 0.03740681 6.11031311
115200 0.31192196 0.02532442 6.58392579
115300 0.30836494 0.05678034 7.48348284
115400 0.29525412 0.02570296 4.86699491
115500 0.30322266 0.05073631 6.61454581
115600 0.33881259 0.00348986 9.64055729
115700 0.35313798 0.00823029 11.75948939
115800 0.22106409 0.05665143 1.82654034
115900 0.28604680 0.01178041 3.77141482
116000 0.26880948 0.03971381 3.15596589
116100 0.34535366 0.03821370 11.29398585
116200 0.39727147 0.03010694 19.91123101
116300 0.34054148 0.01943819 10.06487554
116400 0.30578921 0.06060502 7.43216264
116500 0.31075578 0.05349648 7.56435814
116600 0.30770178 0.01495568 5.91167298
116700 0.30550065 0.01928729 5.75119394
116800 0.28898749 0.03007484 4.41163485
116900 0.31785237 0.03085546 7.42062057
117000 0.25941498 0.04989601 3.00987615
117100 0.29334542 0.02824105 4.75546188
117200 0.27584244 0.05092264 4.17259493
117300 0.35586641 0.04976545 13.38546810
117400 0.29633140 0.03621082 5.29548091
117500 0.29709869 0.06805829 7.03004326
117600 0.34468295 0.04533598 11.49425424
117700 0.25766523 0.00771312 1.69238546
117800 0.28285647 0.01298669 3.51692450
117900 0.30349172 0.03405916 5.93528110
118000 0.32370416 0.02422073 7.94468088
118100 0.36725473 0.05717727 15.62169160
118200 0.35580904 0.02816195 12.53477543
118300 0.33170189 0.04244715 9.57357377
118400 0.35272260 0.03010807 12.11534394
118500 0.35797326 0.05174491 13.81654394
118600 0.31869839 0.01126218 7.10807194
118700 0.32862840 0.03060022 8.74081973
118800 0.30060308 0.04082114 5.89367227
118900 0.27352742 0.05597641 4.26981991
119000 0.28769238 0.05474079 5.34325343
119100 0.27669669 0.04583366 3.99155336
119200 0.28554704 0.03768269 4.36914016
119300 0.31800189 0.04692032 8.06298153
119400 0.28950018 0.00148903 4.00624949
119500 0.30533933 0.03927440 6.31942625
119600 0.32629371 0.03272872 8.51063562
119700 0.35727587 0.01353953 12.45950876
119800 0.32682194 0.01590109 8.16832494
119900 0.29932531 0.05399613 6.39055009
120000 0.30378382 0.01765882 5.54145727
120100 0.31289777 0.04276563 7.28740308
120200 0.34960860 0.02092554 11.41030513
120300 0.29104235 0.02164762 4.37866457
120400 0.35894575 0.02179592 12.86940756
120500 0.27901896 0.03760000 3.82887824
120600 0.29754611 0.03228472 5.27877396
120700 0.31290168 0.02707744 6.73998909
120800 0.32217929 0.03443081 8.05662983
120900 0.34373457 0.00149783 10.33093543
121000 0.28033799 0.04694284 4.32891131
121100 0.33620640 0.04407095 10.24721619
121200 0.31455914 0.05740986 8.20984402
121300 0.28062257 0.00597853 3.26787067
121400 0.29244370 0.00302681 4.27749980
121500 0.31744317 0.00645192 6.91726243
121600 0.31921748 0.04412829 8.08005709
121700 0.30329073 0.02181528 5.57244035
121800 0.25862322 0.04718424 2.83151697
121900 0.33065104 0.01927779 8.72066371
122000 0.27541192 0.03973851 3.63305359
122100 0.32244101 0.04853252 8.67360296
122200 0.30589177 0.02849632 6.01255364
122300 0.30324028 0.05353495 6.76227372
122400 0.32294939 0.03920583 8.32682448
122500 0.28367937 0.03312431 4.04972817
122600 0.33102239 0.05245497 9.95919474
122700 0.30598507 0.03836372 6.35230553
122800 0.27086477 0.01096836 2.57105999
122900 0.28106860 0.05116710 4.59509470
123000 0.31979658 0.02685919 7.53631821
123100 0.30493785 0.05390384 6.95878829
123200 0.28513729 0.02045141 3.83330931
123300 0.30855102 0.03208147 6.40627194
123400 0.34685206 0.08111792 14.07282158
123500 0.34063616 0.01729431 10.03881201
123600 0.31403476 0.06418939 8.56210213
123700 0.30517015 0.05805157 7.21537211
123800 0.31299386 0.04897604 7.58313208
123900 0.29384561 0.06123656 6.27845751
124000 0.30058637 0.03929347 5.83079711
124100 0.29747258 0.05799188 6.43198072
124200 0.29349919 0.07102638 6.89342247
124300 0.26282722 0.02147625 2.20424473
124400 0.29369127 0.02985906 4.83480889
124500 0.32718457 0.03770789 8.79889930
124600 0.33386280 0.02035104 9.16670632
124700 0.32291347 0.04292615 8.47518779
124800 0.33009802 0.03546972 9.09179846
124900 0.33843107 0.01370782 9.67553292
125000 0.29928041 0.00194171 4.93018501
125100 0.30338105 0.01712453 5.49044543
125200 0.33568466 0.04307358 10.13282977
125300 0.37190067 0.03513045 15.39199503
125400 0.34307538 0.04155498 11.09869081
125500 0.36302674 0.05798952 14.97025095
125600 0.28447678 0.01968359 3.76188508
125700 0.32812193 -0.00721955 8.23367548
125800 0.33700965 0.01544713 9.50512865
125900 0.32372847 0.00497919 7.66676371
126000 0.28894153 0.03018888 4.41098233
126100 0.23398821 0.03028975 1.03633374
126200 0.31810797 0.06773789 9.26895646
126300 0.27865572 0.09107541 7.24072620
126400 0.34695926 0.05135653 12.11725810
126500 0.32141680 0.01317553 7.45781652
126600 0.31921791 0.04456008 8.09925586
126700 0.31879241 0.03556706 7.68832608
126800 0.33994039 0.02929927 10.22088042
126900 0.35670792 0.02321299 12.54810715
127000 0.30321697 0.03424621 5.91327335
127100 0.29613447 0.02701344 4.98578092
127200 0.27024844 0.02771228 2.85140714
127300 0.30048974 0.06201459 6.97199863
127400 0.27262184 0.02271352 2.89491808
127500 0.32500155 -0.01717227 7.96013688
127600 0.29652564 0.04511836 5.67643307
127700 0.36374461 0.05217767 14.76740289
127800 0.29169026 0.02408632 4.49362769
127900 0.26095467 0.04847830 3.03280835
128000 0.28722046 0.01788837 3.96370132
128100 0.29142009 0.02549120 4.50371674
128200 0.31466390 0.06901152 8.95519968
128300 0.30249670 0.03683051 5.93102969
128400 0.25186264 0.08649166 5.08526997
128500 0.33637160 -0.00154952 9.29980673
128600 0.30441847 0.00803552 5.48389340
128700 0.29405933 0.03272859 4.95915877
128800 0.28604715 0.05350121 5.13324547
128900 0.28172996 0.06050057 5.17005265
129000 0.28552206 0.03695945 4.34001194
129100 0.34608150 0.03596699 11.31671391
129200 0.30535822 0.03687381 6.23001620
129300 0.28537306 0.00968833 3.69121119
129400 0.36031506 0.08821702 16.74158024
129500 0.28180236 0.04009030 4.14942871
129600 0.33453027 0.03199098 9.56090775
129700 0.34436449 0.03136653 10.91248194
129800 0.27468647 0.03278014 3.32630328
129900 0.23620853 0.03781126 1.37037424
130000 0.26928259 0.08611927 6.10830284
130100 0.37856873 0.02159956 16.17666596
130200 0.29426207 0.01337849 4.53216096
130300 0.30941202 0.07508374 8.80427899
130400 0.28621325 0.02899919 4.13683843
130500 0.32271235 0.03577869 8.16921767
130600 0.32185129 0.05957106 9.19822379
130700 0.33203791 0.02475127 9.02331689
130800 0.30338980 0.05120509 6.65570580
130900 0.34565417 -0.00712118 10.63292486
131000 0.35377249 0.06583047 13.98981539
131100 0.29738648 0.02156123 4.97450635
131200 0.26119033 0.04003514 2.67353436
131300 0.29573613 0.02610748 4.92350345
131400 0.31868723 0.08266024 10.45968728
131500 0.32900015 0.01790381 8.48079295
131600 0.25619433 0.02690945 1.94096059
131700 0.31760475 0.01627884 7.04793898
131800 0.28834589 -0.00495731 3.91478531
131900 0.34748251 0.02863343 11.28548210
132000 0.24238983 0.00485516 0.91023526
132100 0.35116014 0.00759106 11.45350566
132200 0.32768035 0.04735615 9.27243809
132300 0.27926530 0.03311990 3.68995776
132400 0.29144056 0.05709196 5.81043439
132500 0.34578813 0.02122539 10.85234872
132600 0.35571922 0.01683492 12.26594428
132700 0.28982066 0.02421843 4.32714168
132800 0.32384413 0.02745245 8.04550224
132900 0.27822357 0.04239399 3.95808861
133000 0.27786707 0.02755658 3.41132313
133100 0.32415334 0.04494568 8.71708272
133200 0.26339322 0.02478861 2.31658787
133300 0.32060443 -0.01287165 7.35555394
133400 0.23542086 0.03259975 1.15869032
133500 0.34588739 0.02783524 11.02896565
133600 0.37179399 0.03156438 15.25474322
133700 0.27451518 0.05754548 4.43199737
133800 0.29987862 0.07835870 8.05791213
133900 0.38045377 0.06801424 18.59474965
134000 0.30177113 0.04621589 6.24663525
134100 0.33215465 0.05024154 9.99453184
134200 0.27054677 0.05964340 4.26709129
134300 0.23763069 0.01597288 0.83560105
134400 0.34870914 0.02711127 11.42471471
134500 0.33528982 0.04913533 10.35880764
134600 0.35704031 0.02117812 12.55508569
134700 0.26478941 0.04756397 3.22999920
134800 0.35064893 0.01969347 11.54146594
134900 0.28652536 0.05791201 5.42021929
135000 0.31375298 0.06567119 8.62622283
135100 0.27603382 0.01490642 3.00167188
135200 0.32725715 0.05986822 9.88929215
135300 0.32351726 0.06006446 9.43212704
135400 0.29469252 0.05072531 5.76986494
135500 0.33088853 0.03098612 9.04597315
135600 0.28261435 0.06034649 5.23341517
135700 0.34743200 0.04584205 11.91884427
135800 0.29583865 0.00265811 4.59605598
135900 0.27623998 0.06946699 5.31909862
136000 0.31613965 0.05391085 8.19739917
136100 0.29627121 0.03087542 5.11071909
136200 0.28655730 0.04950338 4.97137531
136300 0.29744029 0.04109371 5.59165190
136400 0.31292370 0.02115343 6.59961532
136500 0.27255024 0.06167237 4.53350975
136600 0.31975186 0.05653187 8.76818003
136700 0.30211218 0.02466736 5.51768792
136800 0.30654852 0.04569053 6.72010562
136900 0.27936488 0.02021077 3.35362971
137000 0.36282499 0.06313871 15.24923741
137100 0.30156544 0.01600971 5.28592421
137200 0.30815580 0.03233388 6.37157870
137300 0.23462261 0.03924275 1.36935913
137400 0.31878043 0.01541887 7.17326650
137500 0.30961235 0.02882328 6.42282473
137600 0.28100098 0.04971801 4.51651961
137700 0.31307267 0.02103310 6.61391007
137800 0.31305666 0.03903045 7.15259253
137900 0.26232303 0.05300883 3.34704820
138000 0.28769357 0.03241528 4.37045604
138100 0.25403135 0.02768971 1.84305333
138200 0.25053476 0.05388250 2.72854301
138300 0.21765720 0.05264586 1.54168153
138400 0.30216274 0.02868013 5.62988728
138500 0.30604930 0.01815511 5.78803111
138600 0.30648360 0.03366285 6.23597245
138700 0.26784670 -0.00847888 2.33753328
138800 0.30802929 0.05885477 7.56710598
138900 0.28350767 0.06016439 5.29664249
139000 0.29286143 0.01566168 4.43426684
139100 0.29468145 0.02950053 4.91742927
139200 0.33315083 0.03960255 9.64875299
139300 0.26533550 0.08903565 6.09803675
139400 0.29740332 0.08407394 8.27791753
139500 0.30475692 0.07784082 8.51660299
139600 0.27083573 0.05647976 4.10383242
139700 0.30361116 0.05296171 6.77010713
139800 0.28819511 0.05977929 5.67597049
139900 0.27664439 0.04748887 4.06477758
140000 0.30891835 0.04643589 7.00974904
140100 0.30744404 0.03788074 6.48958590
140200 0.37639744 0.01988438 15.75572268
140300 0.31663451 0.06186325 8.71533523
140400 0.31999239 0.01746171 7.35154209
140500 0.26451649 0.05118017 3.39089365
140600 0.24205734 0.00869798 0.92223720
140700 0.26349191 0.03843823 2.75435993
140800 0.29898773 0.01827977 5.06636000
140900 0.29806997 0.03863144 5.55505380
141000 0.35089724 0.03449913 11.98008355
141100 0.32205519 0.04250836 8.35221478
141200 0.33880094 0.07552398 12.48478675
141300 0.31762256 0.02754681 7.29694686
141400 0.30888285 0.02376055 6.21001941
141500 0.30034658 0.01370832 5.12867712
141600 0.34366580 0.09004383 14.37387676
141700 0.27912705 0.04236120 4.02778078
141800 0.28442822 0.04072716 4.39341263
141900 0.27681576 0.03291869 3.49215051
142000 0.34993733 0.05577857 12.79622610
142100 0.30610404 0.02741416 6.00480154
142200 0.32804253 0.01003586 8.24780438
142300 0.35024665 0.03286153 11.82696724
142400 0.30532814 0.03409225 6.12814974
142500 0.28679648 0.04001188 4.56728977
142600 0.29429894 0.05800199 6.12826030
142700 0.31629420 0.02445162 7.06111197
142800 0.31261359 0.02307884 6.60722684
142900 0.33058650 0.02446818 8.82576328
143000 0.29578557 0.05233171 5.95674144
143100 0.35423084 0.03122721 12.38114526
143200 0.33938199 0.02271770 9.97171620
143300 0.30159499 0.04863194 6.34330419
143400 0.29780016 0.02071360 4.99696222
143500 0.32570826 0.03741829 8.60134746
143600 0.32432142 0.05324178 9.14525178
143700 0.30676305 0.04147739 6.55936073
143800 0.25983707 0.07684319 4.74267539
143900 0.26472858 0.03939147 2.87073835
144000 0.31832416 0.07128559 9.54112042
144100 0.25186018 0.02731556 1.71780873
144200 0.30130613 0.03977293 5.92240856
144300 0.30103581 0.03709145 5.79200567
144400 0.30724488 0.02814196 6.14671746
144500 0.29421347 0.04664426 5.52593257
144600 0.39408165 -0.00048909 18.83396266
144700 0.29551708 0.06969053 6.99014127
144800 0.28664093 0.06941250 6.16237337
144900 0.29207103 0.02918942 4.66454855
145000 0.26770924 0.06833641 4.62720284
145100 0.32042839 0.03000967 7.70178909
145200 0.31154569 0.02410037 6.51163446
145300 0.34733025 0.03759954 11.55996456
145400 0.34716355 0.00573249 10.84498579
145500 0.31669395 0.03790617 7.52717741
145600 0.26701340 0.04295400 3.16792114
145700 0.35132429 0.03886140 12.20462447
145800 0.33597824 0.01307918 9.33057351
145900 0.32094948 0.04009844 8.11833040
146000 0.32398566 0.05036995 8.95478786
146100 0.30161553 0.02078221 5.37880805
146200 0.28281520 0.07140325 5.97839084
146300 0.28667801 0.03747642 4.45877993
146400 0.31227777 0.06968887 8.73141810
146500 0.35277428 0.03563298 12.30484414
146600 0.28287971 0.04072405 4.26374708
146700 0.31118484 0.02368961 6.46163335
146800 0.25309597 0.05335949 2.83320882
146900 0.25803609 0.04949872 2.90915561
147000 0.30792799 0.04489389 6.83195607
147100 0.29434259 0.04043396 5.26771501
147200 0.33296780 0.02869881 9.25202856
147300 0.32766084 0.06515090 10.27096443
147400 0.35085473 0.05750388 13.03192271
147500 0.32116077 0.04151394 8.20166993
147600 0.23993263 0.03164018 1.29785812
147700 0.26726852 0.01163376 2.33019939
147800 0.29350867 0.06628362 6.56869478
147900 0.29642330 0.03423655 5.23479709
148000 0.29468944 0.02025867 4.68825167
148100 0.31974600 0.05450769 8.65509717
148200 0.33781435 0.04953258 10.72313547
148300 0.31289667 0.00705052 6.39768400
148400 0.34300127 0.04137770 11.08073809
148500 0.31396255 0.04236027 7.39092834
148600 0.32005480 0.02914853 7.63139658
148700 0.30634153 0.04512345 6.67232311
148800 0.28320389 0.03933147 4.23492605
148900 0.26440783 0.02296096 2.33778685
149000 0.28945900 0.07983040 7.18790310
149100 0.28456177 -0.00441015 3.58507104
149200 0.32238193 0.02732225 7.86192133
149300 0.29035703 0.02681503 4.44171924
149400 0.31257141 0.02835581 6.73818749
149500 0.33295161 0.04453133 9.82958492
149600 0.26959828 0.01184798 2.49214758
149700 0.28757398 0.03937704 4.60987680
149800 0.32392821 0.06034074 9.49960347
149900 0.34309853 0.00196745 10.24052963
150000 0.35713619 0.01655984 12.48300496
150100 0.34592007 0.05133723 11.96408825
150200 0.29503878 0.02668235 4.87215895
150300 0.29088711 0.04408902 5.10215471
150400 0.34251126 0.01053576 10.21023053
150500 0.31161638 -0.00183984 6.23080060
150600 0.34697367 0.03771305 11.51176647
150700 0.34520450 0.04381157 11.50190071
150800 0.38372194 0.04723907 17.99264043
150900 0.31040138 0.02967124 6.53442402
151000 0.28595312 0.03863224 4.44019424
151100 0.31732586 0.02227612 7.13079127
151200 0.31195935 0.03661917 6.93793040
151300 0.34141752 0.02131699 10.22666438
151400 0.29249453 0.00856546 4.31430276
151500 0.30039945 0.06968699 7.46816309
151600 0.27099658 0.06019541 4.33200067
151700 0.30641395 0.06984595 8.10119256
151800 0.25549496 0.07824807 4.60122572
151900 0.32236552 0.06463765 9.57567374
152000 0.34500871 0.02745781 10.89072853
152100 0.25715632 0.02182273 1.87153828
152200 0.25975468 0.08007095 4.99098957
152300 0.34495874 0.05382816 11.95525312
152400 0.26317131 0.02436630 2.29216545
152500 0.28666258 0.03716341 4.44576072
152600 0.27500041 0.00604266 2.83078776
152700 0.30341611 0.05911078 7.09448799
152800 0.29910927 0.04698306 6.01502734
152900 0.24587225 0.04046073 1.87066703
153000 0.23783261 0.02724860 1.08689629
153100 0.28870215 0.05566075 5.48309486
153200 0.26055365 0.02016459 2.03667749
153300 0.29820280 0.04630031 5.89375449
153400 0.27684480 0.03921637 3.72152388
153500 0.26064189 0.05672962 3.44784434
153600 0.27891501 0.02532161 3.43438160
153700 0.26930581 0.06912889 4.79104893
153800 0.36810224 0.04145389 14.98839367
153900 0.33760284 -0.00878131 9.50582641
154000 0.37051830 0.05999730 16.33808252
154100 0.21137524 -0.00108463 0.06528622
154200 0.31736133 0.02645404 7.23674846
154300 0.28668160 0.02627994 4.10216727
154400 0.37119359 0.01748938 14.80656118
154500 0.30968856 0.06489669 8.12157975
154600 0.27996155 0.03214320 3.71351728
154700 0.29101130 0.03948073 4.92089281
154800 0.34591023 0.03033175 11.10490523
154900 0.28705362 0.05717873 5.42387013
155000 0.33219215 0.04012576 9.54242092
155100 0.29484115 0.03863589 5.24378820
155200 0.35751020 0.05424998 13.87626221
155300 0.24396461 -0.00767483 0.99589503
155400 0.33269463 0.02136064 9.03207123
155500 0.30788584 0.03347187 6.37986097
155600 0.30894528 0.00574133 5.95101810
155700 0.34121169 0.03362624 10.53573335
155800 0.30083439 0.05382548 6.53237801
155900 0.29876612 0.02382981 5.16130357
156000 0.29715652 0.02719253 5.08941128
156100 0.31403302 0.02090172 6.72020637
156200 0.31006494 0.01164764 6.12497878
156300 0.32342074 0.01923889 7.80140710
156400 0.25323245 0.01595072 1.54405967
156500 0.34338612 0.03141437 10.77322109
156600 0.26173249 0.03245089 2.43198049
156700 0.32738139 0.04052850 8.93428881
156800 0.24970679 0.05228308 2.60214307
156900 0.31140159 0.02785344 6.59306435
157000 0.30793573 0.04493591 6.83467885
157100 0.30064424 0.02991538 5.51209640
157200 0.31633728 0.05070631 8.05274621
157300 0.33912045 0.04183792 10.55245540
157400 0.26201158 0.00776819 1.95289047
157500 0.31424690 0.07541250 9.36970020
157600 0.31467876 0.00964434 6.62211619
157700 0.27584557 0.05940594 4.64080789
157800 0.27933903 0.02616841 3.48973381
157900 0.29071667 0.02978465 4.55831959
158000 0.27887868 0.06762846 5.39772755
158100 0.27858037 0.05420136 4.55633080
158200 0.29978008 0.05325202 6.39592102
158300 0.32624670 0.00956487 8.01485774
158400 0.27852860 0.02180571 3.32111514
158500 0.29468950 0.02202972 4.72570541
158600 0.34844520 0.01314721 11.10441356
158700 0.33407061 0.05224542 10.35225647
158800 0.27643606 0.03765790 3.63029447
158900 0.28608425 0.04720899 4.81959330
159000 0.31029028 0.04682998 7.17849713
159100 0.32882885 0.02861241 8.70777083
159200 0.34631343 0.03410698 11.28545281
159300 0.35671334 0.04722638 13.39470154
159400 0.29993412 0.04178914 5.86657995
159500 0.29925622 0.05366975 6.36611959
159600 0.34856316 0.04820416 12.19732711
159700 0.32061975 0.05213985 8.63384447
159800 0.31856526 0.05533843 8.56003149
159900 0.31319365 0.04329322 7.34355218
160000 0.30802656 0.02509692 6.14979648
160100 0.27574511 0.02712329 3.23649722
160200 0.35095921 0.00837731 11.42943107
160300 0.27417073 0.02134566 2.97846721
160400 0.34596481 0.01690354 10.79572778
160500 0.31980932 0.05536105 8.70955944
160600 0.34708103 0.03096561 11.29584974
160700 0.30273612 0.04806954 6.43269513
160800 0.33883460 0.02183844 9.87598246
160900 0.30221395 0.04854363 6.40208754
161000 0.35210692 0.03433340 12.15764924
161100 0.29860356 0.03349351 5.42223854
161200 0.29165084 0.05488876 5.70632628
161300 0.34544519 0.04429391 11.55812641
161400 0.25461425 0.05313647 2.90310054
161500 0.23715415 0.02594211 1.02671180
161600 0.32297045 0.04130386 8.41387041
161700 0.27069355 0.08560688 6.16305810
161800 0.28670086 0.06256574 5.71575561
161900 0.32260678 0.02030239 7.72230483
162000 0.32577551 0.00414934 7.91834820
162100 0.31289683 0.04739743 7.49610573
162200 0.31408619 0.04263281 7.41660798
162300 0.32770997 0.05760030 9.81381582
162400 0.33962584 0.00515777 9.76098853
162500 0.27216521 0.02158265 2.83681437
162600 0.34692867 0.03475773 11.39806762
162700 0.23186392 0.08407316 4.04180277
162800 0.25050082 0.04363691 2.22725645
162900 0.35390571 0.01270389 11.92417864
163000 0.30020266 0.02425237 5.31437547
163100 0.33973222 0.02656285 10.11533981
163200 0.29024490 0.03109277 4.55545142
163300 0.30714883 0.03250538 6.26873572
163400 0.27894232 0.05409958 4.57932726
163500 0.35686095 0.03575167 12.94176952
163600 0.32503565 0.02288164 8.07874190
163700 0.32342805 0.02644185 7.96682775
163800 0.34350674 0.03710021 10.98530506
163900 0.29188048 0.01322141 4.30841454
164000 0.31399955 0.02943599 6.93118719
164100 0.31286369 0.06645023 8.57692336
164200 0.31755247 0.04491487 7.91796450
164300 0.29834392 0.06890455 7.20968154
164400 0.30058794 0.03156630 5.55718198
164500 0.29468016 0.04586514 5.53397182
164600 0.22518760 0.02369725 0.59798750
164700 0.34144508 0.04064665 10.82943043
164800 0.29040994 0.07117157 6.61967469
164900 0.30108532 0.02766416 5.49177417
165000 0.33236905 0.00333674 8.76634938
165100 0.33818999 0.02724781 9.91945809
165200 0.34138973 0.01673427 10.13554615
165300 0.36515036 0.07976587 16.81861695
165400 0.30472921 0.03015331 5.93871437
165500 0.32136547 0.04553441 8.40148018
165600 0.33981181 0.08547078 13.42629782
165700 0.28218264 0.02143033 3.60662285
165800 0.28493654 0.00252391 3.61029272
165900 0.27346536 0.04016182 3.50506523
166000 0.32143860 0.00603907 7.39190194
166100 0.37266276 0.00866157 14.94372635
166200 0.25258742 0.05994270 3.17928192
166300 0.29038226 0.04007351 4.88741920
166400 0.33126338 0.03777154 9.32838221
166500 0.26976290 -0.01391371 2.53022697
166600 0.32354719 -0.00514902 7.64521051
166700 0.32091065 0.05435754 8.78706377
166800 0.29254401 0.03529664 4.90512286
166900 0.30184151 0.07148769 7.74109189
167000 0.22439178 0.03357591 0.86115035
167100 0.22885339 0.03890303 1.17298196
167200 0.26481728 0.01625208 2.23270489
167300 0.29004593 0.04497367 5.06544995
167400 0.26959039 0.01063105 2.47792107
167500 0.36142797 0.05558578 14.57438463
167600 0.35773508 0.04598246 13.49737103
167700 0.28921176 0.08989284 8.01973050
167800 0.25827429 0.03178999 2.20324804
167900 0.36205324 0.03702355 13.81599870
168000 0.34466862 0.03657876 11.13350756
168100 0.29782391 0.06577312 6.94781068
168200 0.29612553 0.02357483 4.89794518
168300 0.32008159 0.04009702 8.01367942
168400 0.27392971 0.06563710 4.88691504
168500 0.28329308 0.06331980 5.47356691
168600 0.29119246 0.06697107 6.40059464
168700 0.29814189 0.00963029 4.86228615
168800 0.34253495 0.03994005 10.95570956
168900 0.31218145 0.00648817 6.31338652
169000 0.31684380 0.03729988 7.52187685
169100 0.26498873 0.02514506 2.42790481
169200 0.35562253 0.01212250 12.18266392
169300 0.34866492 0.08195511 14.40894982
169400 0.32067634 0.00154070 7.28257700
169500 0.29399048 0.02612346 4.75832260
169600 0.30288581 0.04123079 6.14273408
169700 0.31283968 0.04783917 7.51069026
169800 0.33331792 0.04881304 10.07819077
169900 0.31602517 0.05031522 7.99673111
170000 0.31343752 0.01405032 6.53274075
170100 0.31432103 0.03747534 7.23684984
170200 0.26672227 0.04300954 3.15084055
170300 0.34657521 0.04553367 11.77880317
170400 0.29362729 0.05098593 5.68281753
170500 0.30713397 0.05662410 7.34198873
170600 0.31307503 0.04658025 7.47784157
170700 0.35699448 0.04557063 13.36197501
170800 0.35501542 0.03728457 12.70995942
170900 0.29606013 0.05470293 6.10997969
171000 0.30001433 0.07466987 7.78922742
171100 0.26015951 0.02436396 2.10638466
171200 0.28672076 0.04669039 4.85024135
171300 0.35471340 0.03327972 12.52188776
171400 0.30640476 0.02230383 5.90971635
171500 0.27065769 0.02732205 2.86950156
171600 0.28710219 0.01850644 3.96463962
171700 0.29325232 0.05874177 6.07329564
171800 0.28547322 0.03489027 4.26150079
171900 0.32122468 0.01545679 7.46716738
172000 0.28200686 0.03352840 3.92463926
172100 0.29374823 0.01865152 4.56830514
172200 0.33929084 0.03864709 10.44776806
172300 0.27019308 0.01827936 2.63060150
172400 0.27557581 0.03328012 3.40963465
172500 0.31947018 0.03885890 7.89156866
172600 0.34601653 0.02614245 11.00212761
172700 0.29237232 0.04514717 5.28545606
172800 0.31128155 0.02946100 6.62576708
172900 0.28764647 0.02114055 4.06441360
173000 0.32309560 0.04880931 8.76743732
173100 0.35025285 0.04343350 12.23119375
173200 0.26435958 0.06917520 4.46368226
173300 0.31713171 0.06868274 9.21857847
173400 0.27667160 0.03039762 3.40127458
173500 0.36150426 0.02351627 13.31832021
173600 0.37122666 -0.01586159 14.78507890
173700 0.31824460 0.02703870 7.35643870
173800 0.27401931 0.02363337 3.01869749
173900 0.34075884 0.02759468 10.28725837
174000 0.30974663 0.05497174 7.53310755
174100 0.34599682 0.03455200 11.25445586
174200 0.26961711 0.06247551 4.37486538
174300 0.30238472 0.02116268 5.46524501
174400 0.32495668 0.04325918 8.74276428
174500 0.30396614 0.04695983 6.50709223
174600 0.28591670 0.03324368 4.24341103
174700 0.32296664 0.04735617 8.68170057
174800 0.29153202 0.06160367 6.08656122
174900 0.32868870 0.01599006 8.40823132
175000 0.31094695 0.00003637 6.15461389
175100 0.31321921 0.01448618 6.51421955
175200 0.32698873 0.01164550 8.13087819
175300 0.27684123 0.03732200 3.64875280
175400 0.30642540 0.05433205 7.13916883
175500 0.29543439 -0.00005673 4.55386273
175600 0.34446974 0.03816365 11.16398458
175700 0.33764507 0.01389071 9.56955871
175800 0.28432602 0.05499748 5.06780082
175900 0.34036633 0.01743609 10.00336151
176000 0.26247126 0.04792887 3.09991722
176100 0.30550294 0.03367437 6.13241704
176200 0.35950356 0.05439471 14.20008461
176300 0.31929708 -0.02194317 7.35664754
176400 0.26100377 0.01165348 1.92863150
176500 0.27725380 0.03920943 3.75276447
176600 0.30647369 0.07049715 8.15324754
176700 0.33295663 0.02674655 9.19642179
176800 0.32010419 0.05376498 8.65784436
176900 0.30901519 0.03431638 6.53096311
177000 0.40444460 -0.00513685 20.91199183
177100 0.33091588 0.06936718 10.97538636
177200 0.27357037 0.02914133 3.13090816
177300 0.38956834 0.01916919 18.15180754
177400 0.29091855 0.03897617 4.89266245
177500 0.28136543 0.03851094 4.05171268
177600 0.29788736 0.01527057 4.90756252
177700 0.27120481 0.04815669 3.69459543
177800 0.25327536 0.05506899 2.93542861
177900 0.25771795 0.03861122 2.41109416
178000 0.33286769 -0.01564175 8.94924335
178100 0.28151214 0.05224300 4.68677983
178200 0.35140511 0.01291723 11.54518153
178300 0.30215005 0.01050787 5.27252444
178400 0.31317318 0.04271397 7.31632559
178500 0.31145042 0.05411364 7.67474157
178600 0.33911307 0.05647612 11.27099997
178700 0.32914848 0.08795314 12.20754174
178800 0.32358883 0.03953569 8.41863518
178900 0.33781232 0.03889540 10.25254433
179000 0.30431347 0.06724969 7.70191024
179100 0.27262725 0.03514422 3.25491673
179200 0.25677471 0.02687741 1.97288130
179300 0.31989487 -0.00450645 7.19754421
179400 0.27719435 0.03538618 3.60557483
179500 0.33100243 0.01483123 8.69080157
179600 0.29631469 0.00996482 4.68790890
179700 0.34881572 0.02259282 11.32827715
179800 0.34195907 0.02222383 10.32313774
179900 0.27456431 0.07235279 5.39738067
180000 0.33228788 0.02388939 9.03539265
180100 0.31874311 0.04148647 7.91052712
180200 0.27511394 0.04028653 3.63255454
180300 0.27072062 0.02323814 2.77070844
180400 0.35757292 0.04469003 13.41321238
180500 0.31094603 0.03570504 6.79193537
180600 0.34095407 0.06360551 11.95685487
180700 0.28999220 0.05072880 5.33600319
180800 0.24822448 0.02953375 1.59892150
180900 0.30080714 0.02847180 5.48636172
181000 0.33366952 0.05019575 10.19357738
181100 0.19438506 0.03928215 0.78730726
181200 0.33806602 0.02285600 9.79231083
181300 0.24241856 0.04857751 2.07955445
181400 0.28778438 0.02749885 4.23114191
181500 0.30192130 0.04333806 6.13306961
181600 0.34683312 0.03541035 11.40692973
181700 0.30531554 0.02707078 5.91209525
181800 0.28341035 0.06951774 5.89500093
181900 0.24621133 0.04752810 2.19720354
182000 0.23703343 0.05884471 2.41708757
182100 0.23887771 0.07383723 3.48170601
182200 0.27215481 0.03863511 3.34949415
182300 0.34181080 0.00677317 10.07808872
182400 0.34442787 0.03648502 11.09528285
182500 0.30790838 0.04661766 6.90871192
182600 0.27146188 0.04750739 3.68187637
182700 0.31971006 0.03398634 7.74278484
182800 0.29900265 0.03562271 5.53525085
182900 0.33997343 0.03537471 10.42196477
183000 0.28864823 0.01788269 4.08914962
183100 0.31016932 0.04039257 6.88441874
183200 0.27910809 0.02774413 3.51391299
183300 0.34913439 0.02602054 11.45906773
183400 0.34418763 0.02950769 10.83038896
183500 0.29438869 0.02092374 4.67351351
183600 0.27595952 0.02956567 3.32198874
183700 0.27978956 0.04699859 4.28762096
183800 0.32854477 0.06200928 10.18445482
183900 0.26585164 0.02650739 2.51953978
184000 0.33932578 0.03883202 10.45980008
184100 0.29431548 0.02376706 4.73014155
184200 0.29515731 0.04262303 5.43581806
184300 0.32108119 0.04840582 8.50188955
184400 0.31099297 0.01530056 6.27677338
184500 0.30523643 0.04660383 6.62331164
184600 0.31417862 0.02444435 6.81714229
184700 0.32678401 0.03677454 8.71327645
184800 0.24253207 0.04403117 1.87386066
184900 0.36125791 -0.00863703 13.03935521
185000 0.30715755 0.02376285 6.02370696
185100 0.30428712 0.03731204 6.13399566
185200 0.31897924 0.03670839 7.75178339
185300 0.27992418 0.00990218 3.24296414
185400 0.33613228 0.05557715 10.81040928
185500 0.26967014 0.02591081 2.76264903
185600 0.31505428 0.00055320 6.61889687
185700 0.27679675 0.06143234 4.83583656
185800 0.33389412 0.04856441 10.14306899
185900 0.33367929 0.04451771 9.92598929
186000 0.32340354 0.06285655 9.58968924
186100 0.28262545 0.02974220 3.85578137
186200 0.28036115 0.02847744 3.63443910
186300 0.32859888 0.03148273 8.76441687
186400 0.39583008 0.03241726 19.70014871
186500 0.26923977 0.01410302 2.49652062
186600 0.30143150 0.00519755 5.15768155
186700 0.32933396 0.06116226 10.23404802
186800 0.30505792 0.04408529 6.49033953
186900 0.31925641 0.05541915 8.64668723
187000 0.29874948 0.05217224 6.23670132
187100 0.30909719 0.04279202 6.86667663
187200 0.31968573 0.02586372 7.49680301
187300 0.31806688 0.01524539 7.08610534
187400 0.34599360 0.06895735 13.03462357
187500 0.35401507 0.01781040 12.01892658
187600 0.34330085 0.03690799 10.94866705
187700 0.30146112 0.01806966 5.31043550
187800 0.29101664 0.03716780 4.83273723
187900 0.30409042 0.04664965 6.50550240
188000 0.31786269 0.02369724 7.22658596
188100 0.31628271 0.04201224 7.64334885
188200 0.27885786 0.04133794 3.96369335
188300 0.33808677 0.02686801 9.89492273
188400 0.31341202 0.04957787 7.66012614
188500 0.24735639 0.01325677 1.20918480
188600 0.32646302 0.04732432 9.11624386
188700 0.30667924 0.05275798 7.08193281
188800 0.28545473 0.02741753 4.02711547
188900 0.26989981 0.01139427 2.50790675
189000 0.28770509 0.00815571 3.87934937
189100 0.32137663 0.04192130 8.24484139
189200 0.28562276 0.01478087 3.77486591
189300 0.34865543 0.03966751 11.83597417
189400 0.37848758 0.03459114 16.52718124
189500 0.31871302 0.03491854 7.65604230
189600 0.31777809 0.04551147 7.97148648
189700 0.27274563 0.05629053 4.23027510
189800 0.25589551 0.02609104 1.90252556
189900 0.29367553 0.00951690 4.43283792
190000 0.35899459 -0.00358287 12.64605839
190100 0.24145180 0.03980825 1.65147414
190200 0.28711032 0.02761657 4.17544113
190300 0.32729689 0.03074827 8.57497669
190400 0.30486069 0.03624599 6.15476798
190500 0.33933436 0.04575268 10.75368514
190600 0.32316017 -0.02917171 8.00970857
190700 0.28036786 0.04225249 4.12213250
190800 0.32542224 0.02483715 8.17381049
190900 0.31455579 0.03558365 7.19461220
191000 0.31350200 0.06187749 8.35576359
191100 0.29947949 0.06425623 7.01251636
191200 0.28598569 0.03012148 4.15042129
191300 0.30297704 0.01061331 5.35845653
191400 0.31184428 0.08273975 9.67750408
191500 0.28298114 0.03606175 4.09315950
191600 0.29938759 0.06740617 7.21074228
191700 0.29367936 0.02297925 4.65193438
191800 0.22363302 0.00896472 0.31944303
191900 0.27632248 0.07242165 5.53500866
192000 0.37038961 -0.00243359 14.51927034
192100 0.35990815 0.01590205 12.91174545
192200 0.32703677 0.02469562 8.37410708
192300 0.31662262 0.01553389 6.92106880
192400 0.32679352 0.05121677 9.34987725
192500 0.31166242 0.01240943 6.31124457
192600 0.26652926 0.06170035 4.11653755
192700 0.26602119 0.04244728 3.08028433
192800 0.34857359 0.03751216 11.74063717
192900 0.30528219 0.06436354 7.61350308
193000 0.31842962 0.05293394 8.41378849
193100 0.30096082 0.04052669 5.91775020
193200 0.28038198 0.03500226 3.84321068
193300 0.32533162 0.04807696 9.00970411
193400 0.29293054 0.02909048 4.74117058
193500 0.29555897 0.03488599 5.17427452
193600 0.32477925 0.02282403 8.04539863
193700 0.30070977 0.07241174 7.69295907
193800 0.32372394 -0.00674029 7.67652298
193900 0.33133718 0.03152771 9.12172596
194000 0.30155105 0.09532697 9.69992308
194100 0.28707335 0.02777015 4.17647471
194200 0.25807286 0.03412012 2.26832009
194300 0.33463151 0.03045257 9.52650079
194400 0.34804966 0.00797741 10.99117062
194500 0.35026810 0.04652742 12.37265182
194600 0.31589650 0.02667864 7.07187463
194700 0.33703381 0.04665246 10.47735828
194800 0.33791069 0.05049345 10.78447365
194900 0.26720703 0.08733826 6.07237799
195000 0.27004681 0.06581859 4.61932109
195100 0.28792158 0.02283810 4.12589158
195200 0.28571510 0.02804628 4.06683597
195300 0.31213985 0.05206856 7.64324083
195400 0.26907595 0.01879070 2.56228852
195500 0.27989986 0.02711139 3.55950728
195600 0.26451016 0.02410348 2.37126939
195700 0.30289566 0.07185850 7.87558032
195800 0.30028575 -0.01075354 5.08643527
195900 0.28570239 0.05393073 5.12671198
196000 0.30351898 0.04081077 6.19084896
196100 0.26932502 0.02368939 2.68357292
196200 0.25837411 0.02313311 1.97133883
196300 0.26166274 0.08547039 5.55374062
196400 0.33329907 0.04387754 9.84694065
196500 0.30683434 0.02619498 6.04987633
196600 0.25974628 0.00982950 1.83311860
196700 0.26347035 0.06237884 3.95980271
196800 0.27711767 0.03022612 3.43037621
196900 0.30338896 0.02522970 5.66290762
197000 0.32783463 0.02283646 8.43159797
197100 0.28033969 0.04200217 4.10932357
197200 0.31693610 0.04002326 7.63795639
197300 0.33921606 0.04204688 10.57452635
197400 0.31953385 0.00677056 7.16709131
197500 0.27853775 0.03168766 3.58614280
197600 0.30446216 0.02418660 5.74866691
197700 0.28874964 0.04538751 4.96826196
197800 0.30697736 0.05881447 7.45164850
197900 0.27151372 0.03799021 3.27873363
198000 0.33165616 -0.00549721 8.68178151
198100 0.29216143 0.04411236 5.21981499
198200 0.33719929 0.01439835 9.51547912
198300 0.36105846 0.00926304 13.01281523
198400 0.30113070 0.04136207 5.96911942
198500 0.23743470 0.05030516 1.96598278
198600 0.29023398 0.03630178 4.72999511
198700 0.37361026 0.02921648 15.49706311
198800 0.29704742 0.03493168 5.31921174
198900 0.29324311 0.04761201 5.48059052
199000 0.31905708 0.00336000 7.09293952
199100 0.28616947 0.01519970 3.82810385
199200 0.29429775 0.01807465 4.60937901
199300 0.32004733 0.03657452 7.87452860
199400 0.32974644 0.03330549 8.97169739
199500 0.30579660 0.04305814 6.52346155
199600 0.30502426 0.05247830 6.89203397
199700 0.28568635 0.05384628 5.12078587
199800 0.37010839 0.04015959 15.27482789
199900 0.32483121 0.03954796 8.57343620
