0 -0.21339480 0.98613732 0.18579729
100 -0.17531860 0.70131552 44.91079514
200 -0.26868889 0.86023356 12.12641007
300 -0.16319755 0.79667342 21.34805850
400 -0.22264365 0.69272084 47.46660989
500 -0.20455822 0.72536466 37.72267238
600 -0.18132651 0.72608061 37.69026512
700 -0.18205361 0.76279450 28.29426069
800 -0.25669724 0.70484121 45.16664476
900 -0.17802148 0.74868132 31.82206824
1000 -0.24675881 0.69336679 48.10515526
1100 -0.17491951 0.71851008 39.93280404
1200 -0.24004157 0.74711239 32.77773424
1300 -0.22264384 0.82269350 15.97516860
1400 -0.22573100 0.78957362 22.47067354
1500 -0.17072347 0.69018592 48.42094015
1600 -0.19491834 0.76284135 28.13502459
1700 -0.19449061 0.65850784 58.32362574
1800 -0.18448191 0.77991644 24.33879273
1900 -0.14655452 0.76369920 29.34724323
2000 -0.16296682 0.71765414 40.54532014
2100 -0.16767031 0.85253940 11.39491902
2200 -0.14841659 0.73657072 36.02791592
2300 -0.18524812 0.73347131 35.62757967
2400 -0.21235197 0.72531869 37.80119527
2500 -0.20317586 0.75438091 30.16941112
2600 -0.21586080 0.79958594 20.20868081
2700 -0.20261088 0.73877253 34.12330315
2800 -0.13140779 0.73106094 38.51655533
2900 -0.21108046 0.70116433 44.71276644
3000 -0.23313149 0.73421223 35.87041590
3100 -0.22679508 0.72113214 39.24263091
3200 -0.20875520 0.70014267 44.99553541
3300 -0.21476986 0.78528221 23.16093895
3400 -0.20291450 0.79651866 20.70657453
3500 -0.21080400 0.68530718 49.57414991
3600 -0.16173233 0.74717950 32.69130935
3700 -0.22848871 0.72994485 36.87069658
3800 -0.23320847 0.76605512 27.91650501
3900 -0.20292610 0.73914094 34.02800587
4000 -0.19512412 0.71095406 41.78566617
4100 -0.21077188 0.72567509 37.68509621
4200 -0.20322188 0.77080620 26.27008956
4300 -0.18900116 0.68214454 50.57653493
4400 -0.23343972 0.75502080 30.56651219
4500 -0.16229354 0.70232604 45.01578308
4600 -0.22026440 0.73843826 34.41259418
4700 -0.17604155 0.72750285 37.41435247
4800 -0.17668534 0.69963167 45.38235267
4900 -0.21598773 0.80576458 18.99150230
5000 -0.23193386 0.72278610 38.93365943
5100 -0.19865637 0.73089458 36.20976583
5200 -0.18490477 0.77523507 25.37356960
5300 -0.17240953 0.78016257 24.54486439
5400 -0.19876853 0.70295419 44.11886482
5500 -0.20701105 0.74944655 31.41309191
5600 -0.18955671 0.71087544 41.85103740
5700 -0.22450806 0.73645507 35.02828789
5800 -0.19924014 0.72664118 37.36281086
5900 -0.22174327 0.69474157 46.82774025
6000 -0.17269083 0.79017937 22.38524357
6100 -0.19345009 0.75058848 31.12450496
6200 -0.17237602 0.70641452 43.47775803
6300 -0.22629492 0.76600871 27.72167414
6400 -0.20553416 0.78757384 22.57774960
6500 -0.21956438 0.76951856 26.75222909
6600 -0.19698723 0.71011712 42.02058057
6700 -0.21255946 0.69257570 47.33371903
6800 -0.18304300 0.74882662 31.68780249
6900 -0.15190136 0.77667368 26.09406232
7000 -0.22197804 0.70799347 42.87542375
7100 -0.18076264 0.81618803 17.07845860
7200 -0.17788550 0.75593112 30.02933504
7300 -0.21566183 0.74203121 33.39659469
7400 -0.21000427 0.73559842 35.00414079
7500 -0.16078859 0.72410642 38.82740104
7600 -0.19957536 0.75114689 30.96402591
7700 -0.23532141 0.78836538 23.01840639
7800 -0.16324826 0.69581599 46.93930099
7900 -0.26087303 0.76154157 30.28397476
8000 -0.16341584 0.74667018 32.75719904
8100 -0.18122066 0.71783345 39.98531383
8200 -0.19945634 0.76435764 27.76380767
8300 -0.21468066 0.78871356 22.42874147
8400 -0.25305357 0.72608195 38.92288970
8500 -0.17672321 0.78004940 24.46003735
8600 -0.15008271 0.71746850 41.15789123
8700 -0.23595250 0.72317324 38.96281893
8800 -0.13070308 0.76502030 30.00876226
8900 -0.21591544 0.75594086 29.90908328
9000 -0.18089285 0.72781513 37.22484442
9100 -0.19578249 0.78473176 23.17910063
9200 -0.22010288 0.70195665 44.61698311
9300 -0.18739941 0.73294963 35.73733776
9400 -0.15944909 0.69172101 48.34015720
9500 -0.16745709 0.76354841 28.48419762
9600 -0.16387063 0.76241868 28.87510747
9700 -0.21227387 0.70667976 43.09370503
9800 -0.23212928 0.71069982 42.36344358
9900 -0.17593051 0.74779111 32.09433121
10000 -0.16771834 0.81124920 18.33448469
10100 -0.19427414 0.75739983 29.44381378
10200 -0.14374829 0.74771199 33.40674748
10300 -0.18513940 0.77698127 24.97909600
10400 -0.18252329 0.70510084 43.63547477
10500 -0.18169711 0.82532705 15.42281766
10600 -0.19450816 0.74960393 31.36417548
10700 -0.19364757 0.74636789 32.18479906
10800 -0.22433953 0.73300422 35.93958014
10900 -0.22146090 0.76961400 26.76914021
11000 -0.19439146 0.77277581 25.83114358
11100 -0.22880477 0.74690227 32.44408713
11200 -0.20800383 0.74488705 32.57334030
11300 -0.21115460 0.72711030 37.29660584
11400 -0.18083881 0.72344499 38.42491366
11500 -0.20891404 0.76435041 27.80509442
11600 -0.16760849 0.73344964 36.04915335
11700 -0.18788355 0.71746194 39.98728261
11800 -0.22046865 0.73235031 36.02766161
11900 -0.23701356 0.80150529 20.38507770
12000 -0.28406057 0.74171247 36.88931338
12100 -0.21796254 0.79740093 20.68451755
12200 -0.23063141 0.89579875 5.89809234
12300 -0.18372694 0.71915752 39.56865616
12400 -0.25075210 0.77045381 27.63361362
12500 -0.23587755 0.76546237 28.14754983
12600 -0.17192876 0.74479260 32.95940598
12700 -0.19660237 0.75220552 30.70682496
12800 -0.25364090 0.74921362 32.88557668
12900 -0.22310968 0.69603121 46.46554197
13000 -0.23593194 0.86641381 9.56818708
13100 -0.14855965 0.73062665 37.60405573
13200 -0.18681930 0.66521014 56.12899058
13300 -0.11947436 0.67128452 57.26912386
13400 -0.18334405 0.75429360 30.32452744
13500 -0.20104739 0.81023210 18.00647653
13600 -0.23159090 0.72867074 37.30877497
13700 -0.27384803 0.72484423 40.58211619
13800 -0.16906691 0.65500181 59.99030217
13900 -0.22864968 0.72737225 37.57334763
14000 -0.21745326 0.76702264 27.29153278
14100 -0.19140332 0.71358405 41.05400103
14200 -0.21278944 0.69708601 45.96022779
14300 -0.16435640 0.73958822 34.54238030
14400 -0.23251089 0.78443547 23.76251210
14500 -0.22508724 0.73081959 36.54373022
14600 -0.27295034 0.77941274 26.99024606
14700 -0.23500706 0.69807373 46.19248460
14800 -0.19850303 0.77777505 24.69308378
14900 -0.16749518 0.84808946 12.06668785
15000 -0.18415975 0.74477953 32.69419989
15100 -0.22875882 0.76027007 29.14875538
15200 -0.20265591 0.72995661 36.46524191
15300 -0.19989526 0.73294903 35.65811490
15400 -0.22622775 0.79564736 21.22394787
15500 -0.23207612 0.77442562 25.95634009
15600 -0.19227498 0.73420429 35.35351874
15700 -0.17212143 0.76259853 28.56833574
15800 -0.18489764 0.70233375 44.41663744
15900 -0.17494246 0.75420889 30.52057472
16000 -0.21279706 0.73512576 35.16106425
16100 -0.24060478 0.72277421 39.25144426
16200 -0.17771240 0.74557269 32.61499771
16300 -0.18556037 0.74795879 31.86663842
16400 -0.20985068 0.72195918 38.70186546
16500 -0.21936350 0.83750139 13.39037184
16600 -0.19468181 0.72234115 38.56135991
16700 -0.21940816 0.71763887 40.05224145
16800 -0.16923733 0.70868956 42.90405638
16900 -0.19895901 0.76956305 26.55113470
17000 -0.17461961 0.75849205 29.48512808
17100 -0.24000170 0.75715119 30.28784017
17200 -0.18222543 0.76995285 26.61881293
17300 -0.21810703 0.72320039 38.47294377
17400 -0.24411687 0.86443535 10.16203559
17500 -0.23652668 0.77140071 26.79591758
17600 -0.21050466 0.76041654 28.75529042
17700 -0.18693944 0.80126565 19.83296085
17800 -0.23940783 0.72300724 39.13898204
17900 -0.19650873 0.74547330 32.39801589
18000 -0.22502912 0.71239716 41.67092578
18100 -0.26155545 0.71272712 43.15739146
18200 -0.20940071 0.71229501 41.43126827
18300 -0.27006369 0.79493397 23.48049882
18400 -0.19594389 0.81093136 17.88170137
18500 -0.25489100 0.81220597 19.13980995
18600 -0.15775897 0.70055385 45.72615095
18700 -0.20765297 0.75548200 29.92381001
18800 -0.19739366 0.72746933 37.13987998
18900 -0.23706301 0.71211820 42.12479841
19000 -0.20378648 0.77334079 25.69436708
19100 -0.20873482 0.76488941 27.67664410
19200 -0.23289695 0.69968902 45.63444704
19300 -0.25248616 0.75634497 31.06128526
19400 -0.19004323 0.70707401 42.95238594
19500 -0.24331053 0.71176559 42.47743949
19600 -0.17646428 0.67044869 54.57899765
19700 -0.20131250 0.74128138 33.46852325
19800 -0.16985305 0.70060635 45.27269731
19900 -0.18842593 0.69004629 48.10263092
20000 -0.22922047 0.76616396 27.76656416
20100 -0.23491024 0.72801441 37.59744310
20200 -0.18559289 0.74732029 32.02730003
20300 -0.23037727 0.73416587 35.79528087
20400 -0.26465708 0.78963917 24.21610821
20500 -0.20216264 0.77672431 24.92835593
20600 -0.19831695 0.76601721 27.37538940
20700 -0.21406819 0.72240398 38.62873218
20800 -0.17861594 0.76243536 28.44711753
20900 -0.17579550 0.75515487 30.26749784
21000 -0.23128310 0.74214803 33.73313668
21100 -0.19919403 0.74327132 32.95513250
21200 -0.23428055 0.76983200 27.07623266
21300 -0.26546164 0.74990563 33.41621063
21400 -0.21307921 0.77530219 25.33008505
21500 -0.23090749 0.74330235 33.42447862
21600 -0.16313290 0.75500493 30.69088243
21700 -0.20402117 0.79923956 20.16046105
21800 -0.15862142 0.74893665 32.37249549
21900 -0.22078031 0.71829841 39.89380432
22000 -0.19018127 0.75140764 30.94728355
22100 -0.21201354 0.65313495 60.22984416
22200 -0.16417334 0.66693114 56.10920622
22300 -0.17061158 0.73059256 36.72202345
22400 -0.16069306 0.74933190 32.18976631
22500 -0.15155214 0.76476115 28.84225709
22600 -0.23694737 0.71813440 40.40666158
22700 -0.23811668 0.75382127 31.02842343
22800 -0.17395912 0.75561557 30.20093774
22900 -0.18923141 0.74639013 32.21696395
23000 -0.16201727 0.77794202 25.37621710
23100 -0.18840418 0.73166059 36.07025137
23200 -0.16847601 0.73238252 36.30643894
23300 -0.18846014 0.71495388 40.69223025
23400 -0.18762247 0.73390794 35.47909327
23500 -0.15837449 0.69612702 47.03573641
23600 -0.28147009 0.74115426 36.81924549
23700 -0.21386100 0.78093628 24.09051968
23800 -0.24055148 0.77333350 26.51106151
23900 -0.19423219 0.76119833 28.52975234
24000 -0.22497085 0.72816442 37.25906205
24100 -0.18167268 0.74497228 32.68751534
24200 -0.15365580 0.76125817 29.57272308
24300 -0.23054058 0.80527063 19.42612724
24400 -0.23575005 0.82956486 15.16310130
24500 -0.19939227 0.72804038 36.98120098
24600 -0.21206599 0.72139735 38.88251319
24700 -0.18992272 0.73612264 34.86640556
24800 -0.20788341 0.65919920 58.10366640
24900 -0.14957283 0.76816613 28.14492148
25000 -0.16808226 0.75128403 31.43918739
25100 -0.18589193 0.74710975 32.07625879
25200 -0.15759308 0.71445388 41.66746813
25300 -0.20658495 0.74878196 31.57693233
25400 -0.23335763 0.74206703 33.82107504
25500 -0.21506475 0.75024515 31.30221640
25600 -0.19897037 0.72468423 37.89991673
25700 -0.24980901 0.85508502 11.74064478
25800 -0.24630737 0.75889302 30.13847318
25900 -0.16913496 0.83892104 13.44954135
26000 -0.22290544 0.72246062 38.77638307
26100 -0.20539871 0.76430752 27.79004676
26200 -0.13968313 0.77608390 26.88827208
26300 -0.19386861 0.75057599 31.12496479
26400 -0.19546381 0.71991760 39.23336522
26500 -0.17477037 0.74807013 32.05259704
26600 -0.21724543 0.77952943 24.45233816
26700 -0.20498322 0.76562757 27.47763392
26800 -0.19286248 0.69676946 45.99985097
26900 -0.23690546 0.70351882 44.63155045
27000 -0.20736049 0.75970126 28.89883145
27100 -0.14699798 0.74767966 33.23738296
27200 -0.21216631 0.73236175 35.88912694
27300 -0.23121336 0.67995570 51.70131234
27400 -0.22247769 0.73489771 35.39223448
27500 -0.22590880 0.71534342 40.85031652
27600 -0.20237938 0.73319228 35.59601122
27700 -0.19564118 0.81094945 17.87955463
27800 -0.14485787 0.73811168 35.81307283
27900 -0.24038475 0.73703971 35.38952166
28000 -0.15654078 0.74932018 32.36453708
28100 -0.22434151 0.77027360 26.68336502
28200 -0.15612782 0.89123786 6.87698511
28300 -0.20029125 0.70283696 44.15298002
28400 -0.17667638 0.76971135 26.78842601
28500 -0.20340079 0.75845859 29.17690889
28600 -0.23823590 0.74554153 33.10554913
28700 -0.20168810 0.73717950 34.53873368
28800 -0.23401221 0.79158591 22.29663067
28900 -0.20938527 0.75162931 30.88804169
29000 -0.21355809 0.78174211 23.91016474
29100 -0.21705923 0.83731192 13.37921435
29200 -0.11996696 0.74874366 34.76751755
29300 -0.16515887 0.76903913 27.27841451
29400 -0.22280136 0.70687262 43.22178201
29500 -0.17037928 0.74001732 34.23419045
29600 -0.21797608 0.72042625 39.24230964
29700 -0.20236949 0.85073621 11.14264690
29800 -0.25286341 0.75765769 30.76216741
29900 -0.21423120 0.77024920 26.49397925
30000 -0.12458881 0.71380731 43.79655093
30100 -0.17073783 0.75306078 30.91762646
30200 -0.20673881 0.73990660 33.84699430
30300 -0.19061856 0.73301964 35.68326228
30400 -0.20712334 0.81147706 17.79582057
30500 -0.14352973 0.77432285 27.05953271
30600 -0.21957755 0.74147573 33.60903965
30700 -0.22361669 0.73090805 36.48411201
30800 -0.24710776 0.78997382 23.16506800
30900 -0.20883704 0.74269052 33.14313139
31000 -0.18414662 0.81289230 17.63031014
31100 -0.17401952 0.67254868 53.94967707
31200 -0.17419787 0.69352114 47.29752162
31300 -0.22516494 0.70177255 44.78644273
31400 -0.13361173 0.67041406 56.51714769
31500 -0.14180974 0.81110620 19.53348733
31600 -0.18002880 0.78712966 22.85631554
31700 -0.16883131 0.79487788 21.52328584
31800 -0.21648893 0.73979726 33.98867652
31900 -0.25846748 0.79602671 22.51177457
32000 -0.15409389 0.71733850 41.00244627
32100 -0.21814220 0.71287868 41.38389733
32200 -0.20166693 0.72162125 38.74875246
32300 -0.18801211 0.72244182 38.59112570
32400 -0.19929903 0.71914315 39.44053039
32500 -0.22598378 0.73622586 35.12597642
32600 -0.15970509 0.74753569 32.68095466
32700 -0.19898916 0.69114649 47.69575501
32800 -0.17843124 0.70418364 43.98626382
32900 -0.21591118 0.71470563 40.82302281
33000 -0.20695452 0.74511422 32.50756367
33100 -0.22413396 0.68714787 49.22945152
33200 -0.18935323 0.69579888 46.32583675
33300 -0.20300613 0.72903868 36.71453741
33400 -0.21751860 0.72103808 39.06332688
33500 -0.21240515 0.77415125 25.58077320
33600 -0.22359796 0.76726964 27.36014284
33700 -0.19375806 0.72120973 38.88148903
33800 -0.18087648 0.69431387 46.90486098
33900 -0.21557933 0.84973760 11.41075279
34000 -0.26504761 0.73217102 37.98177814
34100 -0.26259664 0.75294898 32.47627227
34200 -0.27394401 0.80466551 21.81164083
34300 -0.18352920 0.74459985 32.75026290
34400 -0.22212114 0.77145046 26.36211831
34500 -0.13266159 0.71805359 42.01411970
34600 -0.21446794 0.76790816 27.03797228
34700 -0.22970023 0.75553428 30.32279582
34800 -0.21038116 0.78790199 22.54666740
34900 -0.25981667 0.73376968 37.22830846
35000 -0.22980218 0.71725454 40.41658384
35100 -0.21723392 0.79940197 20.26828838
35200 -0.22289936 0.77536805 25.49194602
35300 -0.19087694 0.73963600 33.93632116
35400 -0.21267590 0.77360812 25.70698026
35500 -0.18695485 0.70010857 45.05252321
35600 -0.20329558 0.74367543 32.85657184
35700 -0.14810280 0.75707315 30.85338768
35800 -0.20474621 0.78351521 23.44409485
35900 -0.22132466 0.79287813 21.67710566
36000 -0.21434842 0.77477871 25.46525428
36100 -0.22095363 0.70946954 42.42350069
36200 -0.16285714 0.75182278 31.48576116
36300 -0.18724460 0.71096903 41.85079966
36400 -0.27515595 0.93284334 5.07921721
36500 -0.25790491 0.79228383 23.24949304
36600 -0.16886738 0.73599049 35.33513162
36700 -0.21567898 0.73333269 35.67864313
36800 -0.22530637 0.70930963 42.57065302
36900 -0.21330104 0.81673019 16.88237097
37000 -0.24496589 0.76069235 29.64504149
37100 -0.21324830 0.74345660 32.99501647
37200 -0.16678267 0.77151651 26.65404698
37300 -0.20254475 0.72973671 36.52436138
37400 -0.16752817 0.71579166 40.91439895
37500 -0.21311350 0.75773330 29.43255843
37600 -0.22125563 0.75901331 29.26319402
37700 -0.15507591 0.69038863 48.93868621
37800 -0.24529295 0.69474491 47.61606226
37900 -0.17317065 0.74142320 33.79088834
38000 -0.16623763 0.78067770 24.62108447
38100 -0.17554545 0.69818365 45.84556681
38200 -0.21525422 0.75129521 31.04338164
38300 -0.20380968 0.70628542 43.14138546
38400 -0.15459490 0.69807621 46.60979828
38500 -0.16881077 0.71927995 39.88825857
38600 -0.16412777 0.83122966 14.88512293
38700 -0.20954613 0.70571876 43.34628773
38800 -0.17825724 0.71294596 41.43638536
38900 -0.15777923 0.67525761 53.62010801
39000 -0.15440371 0.68112642 51.87969178
39100 -0.18202734 0.73240617 35.96473591
39200 -0.18167611 0.77108319 26.36933443
39300 -0.22983815 0.75739144 29.87461328
39400 -0.19014956 0.71123142 41.74216269
39500 -0.17102476 0.75312294 30.89392422
39600 -0.23714204 0.68791918 49.38698439
39700 -0.20800435 0.74451501 32.66832560
39800 -0.18745364 0.71100344 41.83821263
39900 -0.20608113 0.72724150 37.21709072
40000 -0.19782411 0.72396203 38.10084654
40100 -0.14062029 0.71804913 41.51112172
40200 -0.18400030 0.74747244 32.01307974
40300 -0.15877325 0.74775454 32.66370772
40400 -0.25580355 0.78586163 24.48463944
40500 -0.19471408 0.72682751 37.32557532
40600 -0.19073942 0.81018054 18.05859235
40700 -0.20587679 0.70888150 42.39225914
40800 -0.22818955 0.76660241 27.63454227
40900 -0.15756035 0.73752836 35.34624336
41000 -0.21312884 0.78364878 23.49010787
41100 -0.18197912 0.75150318 31.03771096
41200 -0.22738685 0.74065001 34.00622847
41300 -0.23439244 0.77047014 26.93339764
41400 -0.23828269 0.77867263 25.22568516
41500 -0.22593865 0.76707057 27.46446537
41600 -0.20769481 0.72468146 37.92975365
41700 -0.22391913 0.75534266 30.21467045
41800 -0.15106601 0.73444995 36.45568211
41900 -0.12652547 0.71142417 44.33725650
42000 -0.23419271 0.78293689 24.14276787
42100 -0.20435111 0.70211185 44.37814222
42200 -0.17012814 0.76334494 28.44897239
42300 -0.21746699 0.69587971 46.39712420
42400 -0.21976113 0.83510709 13.79008726
42500 -0.19625861 0.76340057 27.99664316
42600 -0.22416129 0.74858544 31.89652544
42700 -0.15947027 0.69798674 46.42733423
42800 -0.13264162 0.73884971 36.36831262
42900 -0.21796514 0.67456684 53.11474272
43000 -0.13842368 0.71856275 41.49928421
43100 -0.18552903 0.73077277 36.34635466
43200 -0.25177972 0.78662076 24.10591894
43300 -0.18595984 0.69940849 45.27619055
43400 -0.22330272 0.73870549 34.40891958
43500 -0.16097441 0.70464610 44.37846210
43600 -0.19219687 0.76561050 27.49966252
43700 -0.19738985 0.72517371 37.76815028
43800 -0.22165368 0.77772177 24.93824651
43900 -0.23890718 0.75220440 31.45821479
44000 -0.18815495 0.78970138 22.18290655
44100 -0.18170052 0.71389926 41.09425250
44200 -0.12588456 0.74758580 34.60301380
44300 -0.18766865 0.68267269 50.42434242
44400 -0.21870455 0.71834699 39.83913893
44500 -0.19018553 0.75905507 29.07539162
44600 -0.20958637 0.73850063 34.23690982
44700 -0.18780032 0.72653405 37.46622914
44800 -0.18696927 0.74681512 32.13619117
44900 -0.24621759 0.70383839 44.92388099
45000 -0.18010992 0.78519867 23.26761300
45100 -0.16482867 0.72153132 39.39091269
45200 -0.20452554 0.82359926 15.56885040
45300 -0.21017084 0.75097578 31.05825343
45400 -0.22727047 0.73206494 36.26643697
45500 -0.19918596 0.77775594 24.69654194
45600 -0.21005302 0.68399872 49.97893556
45700 -0.20841618 0.72114188 38.91634129
45800 -0.16993015 0.74078598 34.04805207
45900 -0.20062196 0.75795359 29.29342621
46000 -0.19509318 0.70735249 42.83332143
46100 -0.26231971 0.72067921 40.95192409
46200 -0.22631161 0.69195709 47.79136740
46300 -0.22314716 0.75764045 29.63697138
46400 -0.21629456 0.75996119 28.94207130
46500 -0.22301048 0.75065661 31.35080408
46600 -0.15130126 0.74786713 32.97127591
46700 -0.19372263 0.74347514 32.92220485
46800 -0.17628083 0.82018553 16.44792047
46900 -0.17220271 0.70607252 43.58302678
47000 -0.17308502 0.76611345 27.71366604
47100 -0.17427832 0.77528373 25.57950357
47200 -0.16745971 0.66644263 56.15969335
47300 -0.18113214 0.72343912 38.42095878
47400 -0.23356221 0.75098227 31.56812489
47500 -0.17758977 0.69438176 46.95236251
47600 -0.20581138 0.76186102 28.37197322
47700 -0.18387673 0.77552335 25.32486277
47800 -0.17110776 0.78081473 24.43847285
47900 -0.13783579 0.74939393 33.33389543
48000 -0.18163916 0.73395964 35.55729717
48100 -0.26157944 0.88667344 8.31746819
48200 -0.20212683 0.73686475 34.62234109
48300 -0.20174389 0.71960068 39.31340973
48400 -0.19973634 0.71452920 40.74682491
48500 -0.18722717 0.72420503 38.11300469
48600 -0.17783910 0.70294284 44.36703054
48700 -0.16243588 0.72928540 37.34872954
48800 -0.16896135 0.78364733 23.88593843
48900 -0.20800228 0.71610467 40.33029814
49000 -0.22014478 0.75537750 30.12299028
49100 -0.22941887 0.75090594 31.45666008
49200 -0.22493277 0.76273124 28.45905350
49300 -0.26166196 0.80729540 20.46862997
49400 -0.23796906 0.75713293 30.21303270
49500 -0.21927222 0.76115009 28.71034791
49600 -0.17505807 0.74566519 32.65414815
49700 -0.18003561 0.68416105 50.07641025
49800 -0.19603220 0.70732830 42.83623316
49900 -0.25409171 0.72558998 39.11338586
50000 -0.22369482 0.79472511 21.34961248
50100 -0.17475224 0.73832774 34.55491003
50200 -0.20559543 0.73421464 35.33658228
50300 -0.21837482 0.76985699 26.65171987
50400 -0.23337517 0.74234810 33.74920108
50500 -0.21550966 0.76529186 27.66423126
50600 -0.26457971 0.76063378 30.73336360
50700 -0.19988314 0.72022315 39.13754965
50800 -0.18301810 0.75108836 31.12269368
50900 -0.17724642 0.75237190 30.91870134
51000 -0.21937432 0.72592574 37.74603144
51100 -0.18635262 0.75604318 29.85059000
51200 -0.23034169 0.79437877 21.60035401
51300 -0.20257632 0.73711675 34.55712042
51400 -0.23609894 0.73745313 35.11699601
51500 -0.20452061 0.69739582 45.79486221
51600 -0.18588557 0.76199180 28.42355994
51700 -0.18056263 0.74510054 32.67577264
51800 -0.17824303 0.77781225 24.92038137
51900 -0.19842999 0.71590706 40.35563115
52000 -0.22398896 0.76938463 26.87946068
52100 -0.24445995 0.78950574 23.14225945
52200 -0.25020447 0.74055314 34.91658070
52300 -0.19880692 0.77914645 24.38885656
52400 -0.18814936 0.77580256 25.20246503
52500 -0.20859682 0.70086357 44.77825343
52600 -0.20147570 0.73482483 35.16002435
52700 -0.18003882 0.71803771 39.95059185
52800 -0.20364689 0.70783018 42.68825057
52900 -0.21496401 0.69217433 47.49028194
53000 -0.22293760 0.77681523 25.16878743
53100 -0.23454982 0.81217984 18.23505218
53200 -0.20764705 0.71847502 39.65739627
53300 -0.21438151 0.74220459 33.33264997
53400 -0.18362615 0.73609496 34.95698733
53500 -0.23416986 0.74526316 33.02921765
53600 -0.15434074 0.79878283 21.28655812
53700 -0.16483146 0.74005463 34.40421004
53800 -0.17124407 0.72932884 37.04489155
53900 -0.25574255 0.81694058 18.30899078
54000 -0.21117319 0.72912373 36.74939687
54100 -0.22313746 0.77470230 25.64719771
54200 -0.16966943 0.70466488 44.07138904
54300 -0.16554325 0.76023851 29.33641917
54400 -0.19348567 0.77548466 25.22478790
54500 -0.21091573 0.72379421 38.20439504
54600 -0.22091140 0.75950671 29.13715408
54700 -0.18985458 0.71692154 40.11817289
54800 -0.16660814 0.69535383 46.96215276
54900 -0.17865760 0.72129830 39.06506700
55000 -0.26013244 0.78690622 24.51243392
55100 -0.26293784 0.84798177 13.53535663
55200 -0.19732400 0.73020199 36.39906409
55300 -0.17799477 0.73334562 35.79439344
55400 -0.17525742 0.76079564 28.91546012
55500 -0.20874520 0.81626162 16.91813491
55600 -0.17069334 0.74662268 32.52947348
55700 -0.18314549 0.71205722 41.59756065
55800 -0.15657599 0.70720543 43.80715370
55900 -0.14396158 0.65856994 59.85739669
56000 -0.17803781 0.74561263 32.59763492
56100 -0.19632517 0.74728553 31.93905281
56200 -0.21901211 0.87818662 7.59997955
56300 -0.21561606 0.74197719 33.40981495
56400 -0.23077413 0.75996473 29.28198795
56500 -0.22252501 0.78140362 24.14587615
56600 -0.18451939 0.74279222 33.19774619
56700 -0.17318275 0.77927277 24.71983671
56800 -0.21376662 0.75161316 30.94277084
56900 -0.19196200 0.84536580 11.98817191
57000 -0.18603764 0.67497045 52.91957790
57100 -0.21208472 0.76576808 27.50531687
57200 -0.18246281 0.68987406 48.24282526
57300 -0.15416063 0.78238810 24.72809451
57400 -0.18885570 0.73101848 36.23762780
57500 -0.21179175 0.74840320 31.71999703
57600 -0.16779046 0.71904408 39.98684176
57700 -0.18777854 0.73155339 36.10647196
57800 -0.18577545 0.68739806 48.96115517
57900 -0.18437558 0.69594697 46.34618313
58000 -0.15220114 0.69712101 47.01020710
58100 -0.18321960 0.71011619 42.15710342
58200 -0.23241465 0.74919730 31.97635273
58300 -0.20814772 0.74771262 31.85765304
58400 -0.21266762 0.81935380 16.39675989
58500 -0.25686859 0.76250817 29.81820222
58600 -0.18526666 0.67851718 51.78413646
58700 -0.22814443 0.79697031 21.00658251
58800 -0.20060556 0.73461923 35.21365999
58900 -0.21129635 0.70237338 44.35460739
59000 -0.18078954 0.69766504 45.88773621
59100 -0.23210331 0.81293321 18.01230350
59200 -0.21767388 0.71555989 40.60927235
59300 -0.19324994 0.71399632 40.92183464
59400 -0.22872957 0.73229373 36.24601830
59500 -0.19782340 0.74672739 32.07587550
59600 -0.20592370 0.82347482 15.59811538
59700 -0.15061919 0.73269590 36.94497242
59800 -0.22947693 0.75488461 30.47522221
59900 -0.18711505 0.73198164 35.99993051
60000 -0.15661556 0.73439798 36.21332160
60100 -0.22874998 0.81736065 17.09184718
60200 -0.25195648 0.71750549 41.25131102
60300 -0.18803934 0.77111814 26.26498186
60400 -0.20469310 0.75362073 30.36238519
60500 -0.22424177 0.74615270 32.51305673
60600 -0.18676863 0.72686097 37.38999864
60700 -0.21155969 0.76767644 27.05393237
60800 -0.22291950 0.75443730 30.41317221
60900 -0.28175073 0.79565007 24.22103738
61000 -0.19447724 0.78668354 22.76720602
61100 -0.22458253 0.71573357 40.70585267
61200 -0.15165847 0.74132468 34.62491181
61300 -0.21358660 0.73670245 34.75509740
61400 -0.22286231 0.77306066 26.01207478
61500 -0.22798662 0.80914854 18.60376492
61600 -0.21722251 0.71192459 41.64202935
61700 -0.19715534 0.70007621 44.98118634
61800 -0.23956315 0.79920151 20.94263791
61900 -0.21103539 0.72035884 39.16047785
62000 -0.25486997 0.76915924 28.14908555
62100 -0.20000260 0.72186471 38.67962070
62200 -0.16078986 0.73756081 35.20588131
62300 -0.25403290 0.75858424 30.60056114
62400 -0.18678735 0.74071826 33.70079621
62500 -0.21711618 0.71670934 40.27328010
62600 -0.16958490 0.69231563 47.79737448
62700 -0.15232582 0.71503435 41.73912481
62800 -0.19174557 0.72358244 38.23740258
62900 -0.26946012 0.79425020 23.57884521
63000 -0.17359642 0.68360620 50.40109424
63100 -0.22960205 0.73385694 35.85420589
63200 -0.20103632 0.77666261 24.94033075
63300 -0.15675413 0.69272764 48.14325341
63400 -0.20964323 0.73261484 35.79390687
63500 -0.21106155 0.73519187 35.12285264
63600 -0.22587320 0.77019024 26.74097414
63700 -0.18768366 0.82522987 15.34814508
63800 -0.16040926 0.67435421 53.80630237
63900 -0.13278524 0.68752292 51.07987312
64000 -0.15523208 0.71352966 42.03471223
64100 -0.17891901 0.72238316 38.75775930
64200 -0.19334562 0.70039346 44.90418018
64300 -0.20959453 0.71924636 39.45733123
64400 -0.20946356 0.77687110 24.93803280
64500 -0.20029086 0.79812212 20.37738170
64600 -0.19939990 0.76531977 27.53758622
64700 -0.20779882 0.74549228 32.41750129
64800 -0.22161834 0.71012652 42.24699268
64900 -0.20391692 0.74058787 33.65499764
65000 -0.17806878 0.80197490 19.84745904
65100 -0.20358091 0.73516134 35.07616995
65200 -0.18928222 0.68950524 48.26093196
65300 -0.21777377 0.74178732 33.49484846
65400 -0.19019545 0.74210329 33.30342001
65500 -0.23665228 0.72813826 37.62609893
65600 -0.22088626 0.69932358 45.42127225
65700 -0.18291983 0.77364215 25.76480400
65800 -0.23364740 0.77164683 26.63865851
65900 -0.21593749 0.71862585 39.71270850
66000 -0.20988166 0.70488878 43.59413975
66100 -0.21803541 0.77966936 24.43543386
66200 -0.24749716 0.78719396 23.77119635
66300 -0.21479600 0.75640697 29.77824394
66400 -0.24325964 0.72171196 39.65781452
66500 -0.19445352 0.74725822 31.95458649
66600 -0.21808999 0.65844561 58.49332422
66700 -0.14753420 0.69251910 48.64858216
66800 -0.17619057 0.70396351 44.10224601
66900 -0.26823104 0.81427039 19.57548117
67000 -0.18230809 0.71881850 39.68802060
67100 -0.24459665 0.71629858 41.23767691
67200 -0.15149503 0.71019840 43.16885108
67300 -0.23281292 0.72869688 37.34103488
67400 -0.20054704 0.70037903 44.88651198
67500 -0.18759694 0.81705490 16.81137201
67600 -0.17854042 0.78555875 23.22278078
67700 -0.21647497 0.73856956 34.30865082
67800 -0.18462610 0.72098004 39.04424664
67900 -0.22611146 0.72685937 37.64380579
68000 -0.20508265 0.77937455 24.35071070
68100 -0.19760435 0.76565553 27.46153411
68200 -0.18500907 0.75800064 29.39420803
68300 -0.24080158 0.80406770 20.02711695
68400 -0.23539098 0.72639166 38.05702374
68500 -0.23461885 0.79774296 21.05318781
68600 -0.20297261 0.71862798 39.58952626
68700 -0.16163127 0.68096525 51.62766486
68800 -0.21689716 0.73955453 34.05867780
68900 -0.22014752 0.77350910 25.85202620
69000 -0.19280111 0.74140585 33.46137871
69100 -0.30860252 0.71294341 47.09799776
69200 -0.19758725 0.74871144 31.57588101
69300 -0.22406353 0.87461205 8.15059572
69400 -0.18123908 0.74498302 32.69281640
69500 -0.24274363 0.73645930 35.64035957
69600 -0.20645039 0.71026599 41.99370266
69700 -0.22472847 0.74196928 33.59567424
69800 -0.22450478 0.71336168 41.38100415
69900 -0.20007544 0.80891994 18.25579761
70000 -0.20982509 0.76212356 28.34086604
70100 -0.19035121 0.70365625 43.95635991
70200 -0.16068993 0.81317143 18.22509840
70300 -0.19609922 0.71725026 39.98131655
70400 -0.22565147 0.80115899 20.09787306
70500 -0.19028638 0.73212386 35.92599021
70600 -0.19134022 0.69093160 47.79913306
70700 -0.20403868 0.72583005 37.59273609
70800 -0.22964196 0.64251415 64.33738881
70900 -0.18845104 0.78861629 22.40822630
71000 -0.23606722 0.75423869 30.84973256
71100 -0.21468932 0.70956520 42.28407350
71200 -0.27200046 0.73851488 36.77926591
71300 -0.17897716 0.72693512 37.50319420
71400 -0.24968331 0.73573875 36.15121965
71500 -0.18175411 0.71687861 40.24531569
71600 -0.19564997 0.77344877 25.67219180
71700 -0.16991755 0.73805301 34.76058915
71800 -0.20413373 0.72282274 38.42216006
71900 -0.18090280 0.71959432 39.49602287
72000 -0.15217965 0.73318484 36.73855843
72100 -0.22540263 0.74808015 32.05445269
72200 -0.23393490 0.67881814 52.15468226
72300 -0.20827070 0.74587970 32.32276550
72400 -0.20255754 0.79316743 21.39312624
72500 -0.20946218 0.73255441 35.80833951
72600 -0.17333337 0.80172866 20.01131651
72700 -0.16244568 0.72278526 39.12916803
72800 -0.15657683 0.71317392 42.07738468
72900 -0.23997961 0.79966961 20.86531710
73000 -0.27423398 0.88217781 9.69637591
73100 -0.18605812 0.70123286 44.72809112
73200 -0.17333616 0.69483312 46.91889350
73300 -0.18854928 0.76084743 28.66253629
73400 -0.26540971 0.85727273 12.32475147
73500 -0.25075286 0.72090944 40.23369633
73600 -0.25051923 0.69282924 48.45303462
73700 -0.20907789 0.74817629 31.74879503
73800 -0.18547632 0.76924719 26.72889782
73900 -0.17538699 0.86955019 8.81147690
74000 -0.23289057 0.74625682 32.73369518
74100 -0.27612322 0.74009567 36.67250274
74200 -0.17236162 0.75568256 30.22744516
74300 -0.19602119 0.76880480 26.73352554
74400 -0.21571194 0.75137412 31.03084636
74500 -0.23654741 0.74480981 33.22887393
74600 -0.18949546 0.78710113 22.71813730
74700 -0.24609277 0.76784917 28.00927463
74800 -0.15039147 0.67444833 54.22244801
74900 -0.25013150 0.76224266 29.52085900
75000 -0.22754585 0.71024189 42.35926740
75100 -0.19866634 0.73490292 35.13911903
75200 -0.21469280 0.74022841 33.84857764
75300 -0.16385878 0.77026703 27.04171205
75400 -0.19063004 0.74747829 31.92750543
75500 -0.20472246 0.72360774 38.20749102
75600 -0.24305996 0.73614122 35.73780696
75700 -0.16398352 0.67172702 54.53016746
75800 -0.20341719 0.75170699 30.83054788
75900 -0.18159170 0.68398470 50.10226833
76000 -0.18813149 0.78292108 23.63205992
76100 -0.22244017 0.70630167 43.38113430
76200 -0.20534890 0.84041350 12.74823127
76300 -0.15412216 0.69273077 48.25957840
76400 -0.23651470 0.74193585 33.96521356
76500 -0.18110048 0.76160800 28.59396941
76600 -0.19810612 0.69811446 45.56923338
76700 -0.18230660 0.71792912 39.93851964
76800 -0.24061844 0.69544909 47.20055753
76900 -0.18553733 0.70938868 42.33205521
77000 -0.19349292 0.73850141 34.21192743
77100 -0.22125065 0.71624450 40.48438738
77200 -0.24618764 0.73345298 36.59030537
77300 -0.14232692 0.70751995 44.43538132
77400 -0.21371984 0.79410265 21.29097673
77500 -0.25007922 0.73548705 36.23751542
77600 -0.21101338 0.72887886 36.81398315
77700 -0.18274561 0.70271554 44.33788349
77800 -0.16735774 0.69872518 45.91601748
77900 -0.20158306 0.72635495 37.44206035
78000 -0.20136847 0.74421320 32.71437982
78100 -0.19448878 0.78835654 22.41166404
78200 -0.23741618 0.76361497 28.63892589
78300 -0.22398979 0.69428323 47.01912836
78400 -0.21674971 0.74262579 33.26101723
78500 -0.22571974 0.78917644 22.55403985
78600 -0.17420074 0.73062507 36.61422624
78700 -0.15555709 0.70660633 44.02750869
78800 -0.16151882 0.71968153 40.02962251
78900 -0.16813794 0.67240773 54.16594319
79000 -0.22318575 0.73914926 34.29034301
79100 -0.16913123 0.74286236 33.53632256
79200 -0.15086666 0.73446498 36.46146729
79300 -0.18618569 0.78889857 22.37732507
79400 -0.21453628 0.73511239 35.18837491
79500 -0.22332364 0.76392182 28.13844996
79600 -0.23443538 0.81511774 17.68362365
79700 -0.19940847 0.79964077 20.07208640
79800 -0.22637564 0.78210109 24.08780568
79900 -0.19310289 0.72668087 37.37545755
80000 -0.26300099 0.72104775 40.89174183
80100 -0.26021514 0.76481393 29.46917553
80200 -0.21809450 0.85982875 9.98769555
80300 -0.21537328 0.79547006 21.03441754
80400 -0.19005363 0.73078429 36.28801559
80500 -0.20910405 0.80035620 19.97026510
80600 -0.22305781 0.80195649 19.87644654
80700 -0.17740589 0.72249472 38.75983738
80800 -0.17036885 0.73486938 35.58612654
80900 -0.18203160 0.73065777 36.43405022
81000 -0.24821029 0.70436475 44.86221557
81100 -0.19617156 0.68036308 51.09120919
81200 -0.25941054 0.78624578 24.61023919
81300 -0.22649837 0.71632953 40.58555072
81400 -0.16726195 0.66422072 56.90975396
81500 -0.20002581 0.72688107 37.29697530
81600 -0.18554535 0.74898480 31.60878463
81700 -0.20064352 0.77444918 25.43679231
81800 -0.25553641 0.73303172 37.17817887
81900 -0.18587378 0.73231150 35.92834107
82000 -0.21228505 0.69296053 47.21207879
82100 -0.17360654 0.69154402 47.92085438
82200 -0.20096115 0.76531697 27.53852455
82300 -0.21994389 0.77875689 24.67313580
82400 -0.22781450 0.72125984 39.23486083
82500 -0.12842209 0.70498545 46.07849061
82600 -0.21702439 0.80213537 19.72012026
82700 -0.23793912 0.82224402 16.51828283
82800 -0.24693564 0.82478525 16.45158088
82900 -0.20395501 0.81996254 16.21456405
83000 -0.22817835 0.70791096 43.05501195
83100 -0.18840503 0.73325482 35.64371596
83200 -0.12590320 0.73606065 37.57715800
83300 -0.20470941 0.72367482 38.18889293
83400 -0.20803358 0.77304425 25.78672603
83500 -0.18533814 0.76877959 26.83892335
83600 -0.20144714 0.78090355 24.00267362
83700 -0.17203840 0.67420267 53.46287648
83800 -0.21405609 0.78251782 23.74803598
83900 -0.15989429 0.79233211 22.36720914
84000 -0.19121076 0.69316570 47.11226815
84100 -0.18162632 0.72285472 38.57354839
84200 -0.22134896 0.71672544 40.35012715
84300 -0.19945852 0.79335154 21.35194041
84400 -0.22590467 0.68183614 50.94964754
84500 -0.18087126 0.78603032 23.07446732
84600 -0.16335598 0.78376327 24.05055375
84700 -0.19507718 0.70018914 44.95539414
84800 -0.18904480 0.84884778 11.48350522
84900 -0.19287814 0.76023221 28.76965692
85000 -0.17026895 0.77486508 25.78483399
85100 -0.17293719 0.68669093 49.44748577
85200 -0.19479052 0.72655864 37.39865698
85300 -0.20560434 0.74681929 32.06593925
85400 -0.18619023 0.70844498 42.59751865
85500 -0.22426685 0.70700192 43.21837755
85600 -0.18443608 0.71584678 40.49264371
85700 -0.19007762 0.76376343 27.95308632
85800 -0.23333004 0.75785057 29.87361981
85900 -0.18173849 0.81974731 16.41225786
86000 -0.21716731 0.76341929 28.13257503
86100 -0.22277952 0.79462568 21.34875948
86200 -0.21899381 0.71781564 39.99438987
86300 -0.21763145 0.73326469 35.72929692
86400 -0.15501149 0.74408451 33.75835123
86500 -0.23266256 0.77331272 26.22698259
86600 -0.22396951 0.77090790 26.52886322
86700 -0.18808305 0.70914860 42.36827504
86800 -0.18471753 0.70529103 43.54346483
86900 -0.22319083 0.80567040 19.15090477
87000 -0.19334396 0.74905352 31.50921949
87100 -0.18571457 0.74643495 32.24965283
87200 -0.16189230 0.73410403 36.07643211
87300 -0.19973731 0.69901026 45.29744570
87400 -0.19084766 0.75436659 30.20976942
87500 -0.20933841 0.76653520 27.29650861
87600 -0.22297749 0.76075465 28.88315234
87700 -0.20109846 0.78505766 23.10070724
87800 -0.22397132 0.74607088 32.52731236
87900 -0.20220094 0.79585760 20.83948254
88000 -0.17783555 0.76669267 27.46178643
88100 -0.16595413 0.69204330 47.99822553
88200 -0.16023647 0.80248336 20.29698156
88300 -0.22745591 0.70388159 44.21997088
88400 -0.22839362 0.76593198 27.79701858
88500 -0.17829170 0.71151475 41.84749560
88600 -0.24377557 0.72753118 38.07777960
88700 -0.19106785 0.74663658 32.13640259
88800 -0.19549421 0.66161662 57.26180844
88900 -0.19762192 0.75941641 28.94306060
89000 -0.23115322 0.77699111 25.35174331
89100 -0.21058269 0.81065585 17.98160000
89200 -0.21213278 0.71112075 41.79921239
89300 -0.22038593 0.76092863 28.78535263
89400 -0.15383408 0.82055680 17.16557663
89500 -0.17319471 0.77599849 25.44760028
89600 -0.21509290 0.75986816 28.94554861
89700 -0.21753289 0.73070523 36.41353842
89800 -0.16943090 0.72790737 37.48443577
89900 -0.19437040 0.75144054 30.90674766
90000 -0.16744006 0.81781028 17.12662132
90100 -0.17707369 0.74375122 33.09452716
90200 -0.20242007 0.74144691 33.42777911
90300 -0.25621518 0.73786135 35.93840964
90400 -0.20782306 0.74263240 33.14963994
90500 -0.24231409 0.75838192 30.08488857
90600 -0.24392489 0.77915966 25.34992583
90700 -0.20111518 0.74647201 32.13884161
90800 -0.20674795 0.73584128 34.91268314
90900 -0.20900292 0.78312187 23.55858702
91000 -0.23618582 0.77096928 26.88224220
91100 -0.24467920 0.71171531 42.55214549
91200 -0.20266819 0.77691102 24.88790543
91300 -0.14019075 0.72099976 40.70913954
91400 -0.16676903 0.76780672 27.50900948
91500 -0.22898584 0.77345660 26.08104616
91600 -0.27746692 0.73343751 38.52834297
91700 -0.22846716 0.79736666 20.93532546
91800 -0.16555913 0.74139975 34.03013283
91900 -0.20380748 0.75955337 28.91454024
92000 -0.17354517 0.75210142 31.07678139
92100 -0.20137517 0.71972341 39.27842804
92200 -0.18398730 0.73439249 35.40187786
92300 -0.18161331 0.71092747 41.95049930
92400 -0.22004767 0.74478966 32.76711417
92500 -0.13887033 0.72686924 39.16862425
92600 -0.17494340 0.75976470 29.17041676
92700 -0.15242535 0.68280948 51.43658782
92800 -0.22159219 0.72967019 36.77221435
92900 -0.17517016 0.71190599 41.80733923
93000 -0.19164981 0.68946728 48.25014729
93100 -0.27286251 0.79497799 23.67148473
93200 -0.18810881 0.71184711 41.58674364
93300 -0.24794736 0.71515528 41.71773184
93400 -0.15428332 0.73046163 37.37047455
93500 -0.19935080 0.79296536 21.43188106
93600 -0.20021995 0.69966471 45.10066724
93700 -0.20034410 0.75521016 29.96109110
93800 -0.23108405 0.75074137 31.54804194
93900 -0.17086087 0.76298586 28.51239513
94000 -0.23514501 0.72299294 38.98404062
94100 -0.22144736 0.70528033 43.65983618
94200 -0.22758187 0.72157466 39.14071605
94300 -0.21840567 0.81672413 16.96440589
94400 -0.16572631 0.77887755 25.03491290
94500 -0.21777522 0.69391694 47.00139766
94600 -0.16618597 0.74595108 32.84212096
94700 -0.16745227 0.78573557 23.48430053
94800 -0.18454522 0.70562324 43.44826311
94900 -0.25395131 0.70010606 46.42355958
95000 -0.21308734 0.73336031 35.63400131
95100 -0.22472127 0.75595926 30.08351227
95200 -0.21980883 0.72477544 38.07047373
95300 -0.23192702 0.72186014 39.19055834
95400 -0.21726363 0.77432876 25.61277062
95500 -0.23024475 0.76454285 28.17740653
95600 -0.18169212 0.77466227 25.55613578
95700 -0.14590254 0.69786265 47.10675745
95800 -0.20773917 0.81019522 18.04287496
95900 -0.15163886 0.77463361 26.56440437
96000 -0.23290677 0.76053249 29.21377081
96100 -0.19530409 0.73897158 34.07894250
96200 -0.18954203 0.71164721 41.62834908
96300 -0.21531463 0.75947228 29.04406064
96400 -0.22655299 0.76499951 27.96514548
96500 -0.18218917 0.76685815 27.33617407
96600 -0.23597370 0.78377458 24.02376983
96700 -0.16756392 0.75647731 30.17769919
96800 -0.22598376 0.73000003 36.78756878
96900 -0.21744817 0.79161469 21.86443860
97000 -0.19780648 0.71989426 39.23201945
97100 -0.20175022 0.81350148 17.39238076
97200 -0.17885079 0.71360599 41.23440888
97300 -0.20219542 0.76418283 27.80727988
97400 -0.22237865 0.74098048 33.79595910
97500 -0.18490734 0.68778781 48.85212049
97600 -0.23836502 0.74608209 32.97309098
97700 -0.18148769 0.73545961 35.16216139
97800 -0.12640375 0.69536167 49.11045976
97900 -0.19595608 0.75452415 30.13737412
98000 -0.14636980 0.72887482 38.19253229
98100 -0.17156517 0.70484924 43.96125513
98200 -0.23081235 0.69917990 45.72106747
98300 -0.19687888 0.72676818 37.33268566
98400 -0.21097341 0.72149517 38.84267795
98500 -0.18242489 0.72648849 37.55871656
98600 -0.22109312 0.71561101 40.66100936
98700 -0.17717677 0.68479838 49.93648154
98800 -0.19356040 0.75597868 29.79393656
98900 -0.18695136 0.79146954 21.82761018
99000 -0.17456099 0.73650090 35.03945985
99100 -0.21575866 0.72873184 36.91737395
99200 -0.15282811 0.74652827 33.23655164
99300 -0.15572892 0.72934664 37.60658500
99400 -0.16330215 0.71341264 41.73952384
99500 -0.17299638 0.74070000 33.98284231
99600 -0.27501425 0.75695324 32.34943209
99700 -0.15859979 0.73394624 36.24929069
99800 -0.21302107 0.73282398 35.77628725
99900 -0.20775150 0.71564997 40.45751223
100000 -0.19560567 0.75515568 29.98402455
100100 -0.20864341 0.70055185 44.87195058
100200 -0.13805928 0.73328977 37.48550049
100300 -0.20306069 0.74569930 32.33910652
100400 -0.24338657 0.75008586 32.16973509
100500 -0.24317296 0.71274364 42.19006142
100600 -0.24455351 0.76505812 28.59135119
100700 -0.23750449 0.73494828 35.82949984
100800 -0.17484124 0.75465919 30.41253918
100900 -0.19266833 0.71563141 40.45962278
101000 -0.22453937 0.69416691 47.06802907
101100 -0.20223359 0.71369095 40.98892969
101200 -0.16932735 0.72268082 38.92337031
101300 -0.18753170 0.73183277 36.03456101
101400 -0.20882853 0.71890225 39.54694357
101500 -0.21986589 0.84032030 12.94613013
101600 -0.18911056 0.79548535 20.97241045
101700 -0.23699780 0.71410528 41.55231396
101800 -0.22479826 0.86750387 9.08508949
101900 -0.15568445 0.72471071 38.87403014
102000 -0.17893782 0.72694753 37.50063401
102100 -0.20547572 0.78070566 24.05999497
102200 -0.17996051 0.69921966 45.43519602
102300 -0.25818283 0.70155773 46.22651542
102400 -0.16043842 0.75435109 30.95425275
102500 -0.24850987 0.79889821 21.39756826
102600 -0.18439990 0.75235728 30.78514092
102700 -0.20556871 0.74983147 31.30765086
102800 -0.19317936 0.68739347 48.88468149
102900 -0.20663737 0.68421060 49.88349873
103000 -0.22219468 0.67138946 54.23874560
103100 -0.20389086 0.70972754 42.13661997
103200 -0.19924632 0.74124785 33.47662239
103300 -0.23546558 0.69887042 45.96841663
103400 -0.16010548 0.75725666 30.25795107
103500 -0.20062440 0.77648604 24.97943960
103600 -0.26578265 0.74751970 34.03682817
103700 -0.20017240 0.69897183 45.30899337
103800 -0.19727333 0.71994436 39.21929906
103900 -0.17953944 0.72995318 36.67196028
104000 -0.18935229 0.74046718 33.73532945
104100 -0.21061930 0.83715684 13.31533262
104200 -0.23088473 0.74414398 33.20808477
104300 -0.23188488 0.79416401 21.69254988
104400 -0.22620320 0.79354877 21.65435839
104500 -0.22411091 0.79662396 20.97157471
104600 -0.21010094 0.73703931 34.62517777
104700 -0.17526947 0.84225345 12.74778629
104800 -0.18782411 0.72014858 39.23253577
104900 -0.19408970 0.73207793 35.90858430
105000 -0.20206941 0.77027974 26.38784097
105100 -0.18526670 0.67975347 51.38745540
105200 -0.25993262 0.80503476 20.80168083
105300 -0.18899148 0.76470501 27.74245994
105400 -0.21530907 0.68287191 50.40229537
105500 -0.20388597 0.77731340 24.80221232
105600 -0.21500780 0.77080044 26.37883725
105700 -0.24600892 0.86917242 9.61633808
105800 -0.22149523 0.70608974 43.42264281
105900 -0.13501342 0.75498618 32.12751349
106000 -0.22275342 0.79032752 22.24013241
106100 -0.17101061 0.65449335 60.10761608
106200 -0.21842375 0.77695248 25.04481525
106300 -0.21719777 0.66019937 57.88011475
106400 -0.19898430 0.71717844 39.99453448
106500 -0.18993115 0.79561001 20.93832411
106600 -0.16026325 0.67457837 53.73912191
106700 -0.17523786 0.69746292 46.07092380
106800 -0.18754526 0.75993029 28.89429401
106900 -0.23487598 0.79351387 21.92642683
107000 -0.25171014 0.74912678 32.80565568
107100 -0.21699020 0.72012936 39.30812100
107200 -0.23817244 0.69366288 47.64978396
107300 -0.17684252 0.75215822 30.98090813
107400 -0.22925061 0.76649422 27.69027338
107500 -0.23906156 0.78262722 24.38836660
107600 -0.18627303 0.78085733 24.10597034
107700 -0.23613085 0.70864278 43.09723545
107800 -0.18508570 0.76353548 28.06895390
107900 -0.19123297 0.66805693 55.13153273
108000 -0.21584934 0.77963833 24.40523385
108100 -0.16069908 0.67358174 54.04672210
108200 -0.22704738 0.74271763 33.46288937
108300 -0.21953400 0.77808806 24.81324269
108400 -0.17527641 0.74205011 33.57470162
108500 -0.22058353 0.84733726 11.86479719
108600 -0.18321821 0.69515350 46.60650910
108700 -0.15536588 0.73553397 35.96724380
108800 -0.26102124 0.77452283 27.28177224
108900 -0.17633484 0.70935988 42.51586093
109000 -0.13352801 0.70447274 45.87744306
109100 -0.21322990 0.76076061 28.70525684
109200 -0.18082405 0.70058475 45.00860554
109300 -0.17258221 0.74596865 32.64183018
109400 -0.16683780 0.70626439 43.69017113
109500 -0.21812672 0.73564163 35.10696395
109600 -0.20918269 0.71185958 41.55461058
109700 -0.20352180 0.69174694 47.51617539
109800 -0.23094539 0.80962892 18.59938322
109900 -0.17411341 0.79544261 21.25692035
110000 -0.22090607 0.74923091 31.66109936
110100 -0.24393105 0.79075294 22.85713563
110200 -0.20527778 0.71577956 40.40455574
110300 -0.18754860 0.77353893 25.71982670
110400 -0.23163139 0.77116820 26.68226895
110500 -0.20570833 0.75262977 30.61230686
110600 -0.19055422 0.74289426 33.09629138
110700 -0.17032424 0.73047828 36.76130466
110800 -0.25127271 0.79958161 21.39821157
110900 -0.19976068 0.69473404 46.59368153
111000 -0.19526092 0.80203965 19.60537955
111100 -0.22487073 0.80947398 18.45935930
111200 -0.21496264 0.79948405 20.21526427
111300 -0.20648983 0.71145221 41.65097196
111400 -0.15257812 0.80102846 20.91925319
111500 -0.14872128 0.77429492 26.78614446
111600 -0.18412782 0.72041270 39.21049100
111700 -0.18742535 0.79217581 21.67450727
111800 -0.21562909 0.75600683 29.88846786
111900 -0.21638556 0.74744007 32.02750180
112000 -0.23314931 0.76645501 27.82106922
112100 -0.16323771 0.77754828 25.41811637
112200 -0.21616558 0.78135269 24.03398529
112300 -0.16531412 0.73361212 36.08280750
112400 -0.21634025 0.67947308 51.50225363
112500 -0.23008332 0.72084548 39.41612490
112600 -0.23358314 0.77639811 25.56281632
112700 -0.14599798 0.77449156 26.88513795
112800 -0.23571062 0.91086898 4.60979353
112900 -0.26017463 0.76855239 28.59449003
113000 -0.22331228 0.76023595 29.01513002
113100 -0.22842193 0.70095407 45.11813612
113200 -0.15051066 0.71348516 42.26997376
113300 -0.19729428 0.78054551 24.08379601
113400 -0.17282732 0.72531800 38.09427763
113500 -0.20111560 0.76159702 28.41861214
113600 -0.22186995 0.70040633 45.11733122
113700 -0.17317049 0.71319104 41.48959992
113800 -0.21375002 0.77912722 24.48692487
113900 -0.20952765 0.71186148 41.55729161
114000 -0.18404726 0.68141769 50.87458869
114100 -0.18867963 0.80332980 19.40365900
114200 -0.22521578 0.71536065 40.82769740
114300 -0.18698480 0.76819678 26.95106389
114400 -0.19675648 0.72360677 38.20186877
114500 -0.24401013 0.77625023 26.00042450
114600 -0.16209074 0.70025067 45.64338658
114700 -0.19493860 0.72955699 36.58252061
114800 -0.17421770 0.83457660 14.01481446
114900 -0.22339049 0.73555823 35.23828286
115000 -0.15006373 0.70389636 45.08549813
115100 -0.21756479 0.69843609 45.62465748
115200 -0.19641535 0.72512247 37.78525259
115300 -0.25324686 0.66880908 56.26132748
115400 -0.17240509 0.75934047 29.33924476
115500 -0.19336111 0.79649195 20.72979992
115600 -0.18071116 0.75232865 30.85657919
115700 -0.25709054 0.74834319 33.29524091
115800 -0.18121165 0.73614429 34.98641936
115900 -0.19737987 0.70035877 44.89586708
116000 -0.20226026 0.79429430 21.15997205
116100 -0.18147745 0.80042234 20.08716409
116200 -0.20318575 0.72618645 37.49200470
116300 -0.14167442 0.73192213 37.63381031
116400 -0.21856329 0.68183237 50.78761792
116500 -0.20226791 0.72548526 37.68174202
116600 -0.15390409 0.72876572 37.84643285
116700 -0.20150481 0.77708833 24.84593787
116800 -0.20811851 0.73687356 34.65071724
116900 -0.22478644 0.68012691 51.46657979
117000 -0.16266570 0.78222449 24.41001106
117100 -0.18177333 0.68224196 50.65119276
117200 -0.15108504 0.77831344 25.76880267
117300 -0.18898357 0.74296991 33.09291348
117400 -0.20519725 0.70413647 43.78112067
117500 -0.17970901 0.78197293 23.97376391
117600 -0.24139001 0.74637303 33.01988679
117700 -0.22804586 0.74080944 33.98315892
117800 -0.20313154 0.71830300 39.68150214
117900 -0.22225522 0.66163408 57.49339367
118000 -0.18261881 0.76670037 27.36541193
118100 -0.29828683 0.88584326 11.34603149
118200 -0.20393942 0.74619444 32.21639058
118300 -0.18735250 0.74541123 32.48770027
118400 -0.16478290 0.71940702 39.98633353
118500 -0.26476772 0.75489613 32.13538175
118600 -0.15317539 0.64654218 63.56248669
118700 -0.15509699 0.70961577 43.16963919
118800 -0.20614892 0.75309502 30.49993810
118900 -0.16397648 0.69830806 46.15785977
119000 -0.20977295 0.76043036 28.74456117
119100 -0.19942022 0.78496150 23.12094609
119200 -0.16995690 0.73446209 35.70648370
119300 -0.18667062 0.81138559 17.87653383
119400 -0.25139969 0.79773267 21.77700133
119500 -0.17294705 0.76732391 27.43501336
119600 -0.20487546 0.68375864 50.01618424
119700 -0.18785673 0.72419840 38.10699190
119800 -0.15429673 0.70902572 43.37741029
119900 -0.23625919 0.71661160 40.81185576
120000 -0.22350361 0.72628761 37.73544498
120100 -0.14639504 0.79723728 21.99310624
120200 -0.29533364 0.75339688 34.95079971
120300 -0.17507562 0.71170881 41.86651896
120400 -0.17755598 0.76794221 27.17727643
120500 -0.18944006 0.77458387 25.46197264
120600 -0.20223386 0.73368456 35.46445281
120700 -0.23084400 0.76562516 27.94145997
120800 -0.24111610 0.69072181 48.67176649
120900 -0.23872351 0.74037522 34.45226807
121000 -0.22576289 0.84563914 12.24550161
121100 -0.24242558 0.76089199 29.48628507
121200 -0.17561106 0.75852078 29.45351580
121300 -0.19339255 0.71841070 39.66809546
121400 -0.20485788 0.73987224 33.84502574
121500 -0.16017980 0.71772315 40.63293380
121600 -0.17911556 0.67707243 52.35918828
121700 -0.21738276 0.77738976 24.92873882
121800 -0.18430165 0.74070691 33.73967216
121900 -0.19636725 0.81290001 17.50980087
122000 -0.19367178 0.75372930 30.34465296
122100 -0.21337432 0.70165828 44.59332823
122200 -0.23687637 0.80035854 20.60829058
122300 -0.21133069 0.80524004 19.02991359
122400 -0.19542088 0.67762829 51.97224370
122500 -0.19246322 0.70631163 43.15483217
122600 -0.21491184 0.76512751 27.69372500
122700 -0.21175013 0.78852606 22.42964688
122800 -0.23774953 0.73613255 35.52552817
122900 -0.20576621 0.79469425 21.09185071
123000 -0.18314593 0.74501836 32.64984771
123100 -0.16950526 0.71679890 40.56639743
123200 -0.21078571 0.72584425 37.63885307
123300 -0.20559810 0.72468804 37.91400777
123400 -0.20987956 0.72246312 38.56216265
123500 -0.16887374 0.72400807 38.57019452
123600 -0.11862796 0.69785057 48.95784353
123700 -0.20569376 0.74109625 33.53178499
123800 -0.20477402 0.77669469 24.94402738
123900 -0.15896834 0.75845289 30.01430274
124000 -0.18932091 0.69802264 45.65218487
124100 -0.19300418 0.76321484 28.05807750
124200 -0.22362872 0.75129778 31.20555445
124300 -0.18687912 0.80215786 19.65683423
124400 -0.17123350 0.71443695 41.18688412
124500 -0.19642290 0.76103583 28.55833458
124600 -0.14898750 0.73952828 35.22389477
124700 -0.20699649 0.71640950 40.23626030
124800 -0.22853709 0.74120153 33.89550745
124900 -0.24665252 0.76116601 29.60906529
125000 -0.21651314 0.71956103 39.45934863
125100 -0.15808996 0.80746474 19.41313811
125200 -0.22174944 0.70527395 43.66824145
125300 -0.24056769 0.73442471 36.08798727
125400 -0.21661096 0.73132438 36.23125687
125500 -0.21758570 0.74415098 32.88398810
125600 -0.17895983 0.72228802 38.78331497
125700 -0.17583190 0.76551553 27.78353244
125800 -0.19798050 0.78131685 23.91320003
125900 -0.19611062 0.84183992 12.51486947
126000 -0.22053122 0.72527068 37.94886489
126100 -0.23952134 0.72415092 38.82732623
126200 -0.22155696 0.73827155 34.48324096
126300 -0.21307120 0.74100956 33.62345088
126400 -0.20696366 0.72949693 36.61020127
126500 -0.22670203 0.72447352 38.31392032
126600 -0.23955775 0.75296296 31.29605655
126700 -0.21466304 0.71903716 39.57756127
126800 -0.15539684 0.76354706 28.94971781
126900 -0.26461059 0.73475896 37.26367003
127000 -0.16510348 0.73419791 35.93426005
127100 -0.14001222 0.75916422 30.80020368
127200 -0.23770231 0.75862204 29.84239131
127300 -0.17210333 0.68329259 50.54090557
127400 -0.24812307 0.85673317 11.42060717
127500 -0.26484520 0.75512295 32.08483547
127600 -0.23400757 0.80567529 19.45930473
127700 -0.21838381 0.67776535 52.08656832
127800 -0.23936793 0.74573343 33.10066213
127900 -0.19697227 0.76445068 27.74632389
128000 -0.17648883 0.77355280 25.91555559
128100 -0.17166411 0.75558487 30.27083805
128200 -0.18836048 0.75707592 29.57379442
128300 -0.16850886 0.74095211 34.04875136
128400 -0.19631168 0.78006602 24.19227857
128500 -0.25064259 0.77275349 27.10282391
128600 -0.23817403 0.78752216 23.30204336
128700 -0.17003021 0.75101639 31.44551240
128800 -0.21323248 0.70771855 42.80177207
128900 -0.18567755 0.73696465 34.69636487
129000 -0.17871155 0.65611424 59.35530787
129100 -0.19291552 0.74706021 32.01436394
129200 -0.16463086 0.69406947 47.42223354
129300 -0.20200816 0.69873753 45.38155407
129400 -0.17669102 0.68182362 50.88975872
129500 -0.17936016 0.76764114 27.20832093
129600 -0.20284717 0.75697897 29.53366415
129700 -0.19833276 0.69720906 45.84256790
129800 -0.14424886 0.73184097 37.50872768
129900 -0.21659134 0.74485757 32.68646729
130000 -0.16320194 0.73023635 37.06326204
130100 -0.22470089 0.82451300 15.70291004
130200 -0.21192108 0.72305819 38.41943989
130300 -0.18270076 0.71914866 39.58836811
130400 -0.18383238 0.74697671 32.14108880
130500 -0.17950178 0.70205212 44.59655922
130600 -0.25293738 0.88402361 8.12644471
130700 -0.21248451 0.70225035 44.40535825
130800 -0.21555162 0.69419281 46.87994485
130900 -0.19718046 0.76533931 27.53679410
131000 -0.23450445 0.73186788 36.54269665
131100 -0.16700534 0.70860923 42.99861547
131200 -0.18041021 0.74213561 33.43890151
131300 -0.15913921 0.73213089 36.71173184
131400 -0.25146719 0.77354583 26.96518117
131500 -0.22299649 0.75259052 30.87014535
131600 -0.18676178 0.73178564 36.05709542
131700 -0.26997265 0.73185325 38.39942545
131800 -0.19985888 0.76757004 27.01185249
131900 -0.17185901 0.69274018 47.60025510
132000 -0.18557597 0.73752405 34.55083872
132100 -0.17047945 0.70754448 43.20084765
132200 -0.29318407 0.76935619 30.93992002
132300 -0.16544345 0.72019391 39.74280051
132400 -0.23128313 0.72135977 39.30950551
132500 -0.22924122 0.77383709 26.00235555
132600 -0.24710428 0.73366862 36.57560739
132700 -0.16442669 0.78379474 24.00508725
132800 -0.19129582 0.69816699 45.58946360
132900 -0.21688932 0.77687780 25.03438280
133000 -0.17310665 0.76983295 26.85006164
133100 -0.20101137 0.69193299 47.45315363
133200 -0.20372504 0.76623830 27.32920311
133300 -0.27014241 0.76214986 30.74632243
133400 -0.18920738 0.69481975 46.62573281
133500 -0.17997824 0.72746045 37.33933769
133600 -0.27573862 0.81958011 19.14383679
133700 -0.17054796 0.69018289 48.42703331
133800 -0.18581510 0.71083258 41.90950305
133900 -0.18707810 0.76222197 28.35268396
134000 -0.16181712 0.72955618 37.29889513
134100 -0.19220746 0.87627958 7.68373314
134200 -0.18892354 0.74546562 32.45522015
134300 -0.21032567 0.79897777 20.25827821
134400 -0.23160167 0.73342408 36.03069357
134500 -0.19220322 0.75441944 30.18529963
134600 -0.27584268 0.75665907 32.48345874
134700 -0.26225820 0.73541887 36.93962935
134800 -0.24443594 0.81052367 18.93791642
134900 -0.17025144 0.72789432 37.46324011
135000 -0.22188497 0.75502741 30.24525994
135100 -0.18800976 0.80575708 18.93703934
135200 -0.21987956 0.77886894 24.64707060
135300 -0.22580324 0.81878374 16.75257017
135400 -0.23816341 0.74541361 33.13533758
135500 -0.16475356 0.76228422 28.87555082
135600 -0.21293483 0.78454763 23.29351584
135700 -0.24765857 0.72403658 39.21357369
135800 -0.20805738 0.73399832 35.41090664
135900 -0.14922533 0.72710884 38.52382580
136000 -0.15305197 0.73393429 36.49754028
136100 -0.21751395 0.76878707 26.88307784
136200 -0.19935124 0.73189936 35.93918603
136300 -0.18057319 0.70866834 42.62576973
136400 -0.23547672 0.77671004 25.55850144
136500 -0.15684472 0.79614140 21.71035242
136600 -0.17588094 0.80509138 19.28554858
136700 -0.24350487 0.75359757 31.30341515
136800 -0.20509354 0.75440521 30.17137145
136900 -0.24145011 0.78569358 23.82267764
137000 -0.19830171 0.74686349 32.04048857
137100 -0.22895566 0.72719576 37.63029265
137200 -0.20789268 0.76254996 28.22240802
137300 -0.18431793 0.72784150 37.15808921
137400 -0.21709351 0.73271070 35.86787935
137500 -0.18906693 0.71498244 40.67727115
137600 -0.23075975 0.78572544 23.42987398
137700 -0.20229366 0.73273022 35.71919767
137800 -0.23642131 0.72274933 39.09722239
137900 -0.18107371 0.74958358 31.53329362
138000 -0.20747791 0.85812107 10.09277457
138100 -0.18887551 0.72749794 37.19056299
138200 -0.20329658 0.79681011 20.64849899
138300 -0.20670053 0.70301791 44.12162815
138400 -0.20984037 0.76028217 28.78073576
138500 -0.24619583 0.73299714 36.71229043
138600 -0.17290764 0.75975396 29.22607662
138700 -0.18427129 0.80201420 19.72288544
138800 -0.23042175 0.74613016 32.68768990
138900 -0.21231866 0.72306980 38.42104187
139000 -0.24744189 0.73736315 35.61442426
139100 -0.17971403 0.77933513 24.55225348
139200 -0.23137463 0.72816174 37.44020426
139300 -0.22191661 0.69172377 47.75728479
139400 -0.14045842 0.79737259 22.30153431
139500 -0.17453064 0.75126410 31.25911908
139600 -0.18700079 0.75027958 31.26463269
139700 -0.16068190 0.68045937 51.82606299
139800 -0.19950574 0.74905395 31.48708169
139900 -0.23899946 0.70715187 43.64049185
140000 -0.19890175 0.70364630 43.91336111
140100 -0.25233545 0.74069021 34.99028434
140200 -0.14948407 0.72654476 38.66481460
140300 -0.17982684 0.72082602 39.17253505
140400 -0.19617602 0.80208427 19.59262988
140500 -0.15837041 0.70466658 44.47742488
140600 -0.18210303 0.70182048 44.61566529
140700 -0.15945995 0.77175100 26.87055007
140800 -0.19400486 0.70352675 43.96616352
140900 -0.16812998 0.71688715 40.58429145
141000 -0.14663905 0.72349033 39.65249311
141100 -0.16132016 0.83734277 13.97675234
141200 -0.24458885 0.89689758 6.30913705
141300 -0.19412244 0.76786007 26.96174723
141400 -0.17440776 0.73372659 35.77824697
141500 -0.20423184 0.76274608 28.15366639
141600 -0.13718259 0.74612536 34.19917903
141700 -0.14845911 0.76043596 30.02369542
141800 -0.24725992 0.77968336 25.38646154
141900 -0.17029885 0.70475293 44.02649536
142000 -0.21539234 0.73297586 35.76940776
142100 -0.21209728 0.72413587 38.12367992
142200 -0.20568327 0.72031477 39.12806336
142300 -0.21615583 0.77861039 24.63718579
142400 -0.21382772 0.73750244 34.54808760
142500 -0.18609966 0.71172041 41.64917179
142600 -0.21090333 0.71603613 40.37718150
142700 -0.18700947 0.75517916 30.05299958
142800 -0.18723418 0.73304454 35.71409053
142900 -0.18077448 0.75940722 29.12725226
143000 -0.22910985 0.73277199 36.12909574
143100 -0.16271640 0.73069230 36.95835094
143200 -0.17863260 0.69036598 48.16489608
143300 -0.11660171 0.71243534 44.82435440
143400 -0.26398575 0.87073873 10.40132613
143500 -0.17568504 0.71074426 42.13005025
143600 -0.18461838 0.76460340 27.82407708
143700 -0.15236562 0.72402540 39.21550555
143800 -0.17186332 0.72779785 37.44284262
143900 -0.15554324 0.79759744 21.47159927
144000 -0.16239200 0.73744977 35.17349152
144100 -0.19963444 0.82091281 16.03617794
144200 -0.20191896 0.75976444 28.85840228
144300 -0.22784704 0.74715099 32.35403970
144400 -0.17446615 0.77722514 25.14030725
144500 -0.21351797 0.77437299 25.54514059
144600 -0.26315451 0.72727990 39.18237344
144700 -0.17003488 0.75573059 30.28272611
144800 -0.26672010 0.79517044 23.20336013
144900 -0.24576727 0.67410196 54.15208768
145000 -0.21374087 0.71830015 39.77180912
145100 -0.11850468 0.76020325 32.07198470
145200 -0.18581261 0.75270378 30.67835232
145300 -0.21684788 0.69110280 47.85066613
145400 -0.18152947 0.72410362 38.22998700
145500 -0.17272551 0.76622170 27.69809522
145600 -0.24152065 0.75162527 31.70698529
145700 -0.18657280 0.69347269 47.06963931
145800 -0.22015402 0.73867718 34.34789961
145900 -0.19743741 0.72069774 39.00816076
146000 -0.12570337 0.74057010 36.41193024
146100 -0.23433494 0.69945923 45.75182258
146200 -0.23063788 0.76319796 28.50694376
146300 -0.22481891 0.74775809 32.12097856
146400 -0.25169684 0.77472346 26.71104222
146500 -0.22244552 0.72783200 37.28961130
146600 -0.15875093 0.72961869 37.40376915
146700 -0.23294909 0.76484718 28.19124655
146800 -0.21287694 0.64069703 64.63222144
146900 -0.17273725 0.75892541 29.43010757
147000 -0.18650659 0.76632404 27.39326354
147100 -0.19053583 0.76981441 26.53748783
147200 -0.17132698 0.73270813 36.13354204
147300 -0.19972090 0.74565243 32.34638139
147400 -0.15036507 0.74503615 33.73509558
147500 -0.22401629 0.74607508 32.52732300
147600 -0.20063100 0.71384962 40.94121851
147700 -0.18899436 0.76600203 27.43808687
147800 -0.19718032 0.73398536 35.38586992
147900 -0.21927108 0.75576543 30.01094914
148000 -0.23032770 0.80862041 18.77295883
148100 -0.17360389 0.75116199 31.30855573
148200 -0.25380459 0.73082726 37.67444864
148300 -0.22943554 0.72851152 37.28622224
148400 -0.18581818 0.70953498 42.28552724
148500 -0.22133481 0.78015558 24.39337206
148600 -0.20609055 0.73591185 34.88982209
148700 -0.15978801 0.73528215 35.84627198
148800 -0.20073131 0.72960862 36.55601703
148900 -0.22276918 0.77808679 24.88195353
149000 -0.24349495 0.76917209 27.58666768
149100 -0.20624729 0.80804013 18.44381006
149200 -0.21650484 0.73022992 36.52415212
149300 -0.12711234 0.77148502 28.76585293
149400 -0.19702034 0.74958894 31.35728902
149500 -0.22299075 0.80909520 18.48660833
149600 -0.25287599 0.64277880 65.20142617
149700 -0.24093384 0.76167135 29.23806248
149800 -0.18698888 0.79989352 20.10594672
149900 -0.16680641 0.80448216 19.66452095
150000 -0.24654879 0.80277427 20.53238835
150100 -0.22100796 0.76764571 27.21492499
150200 -0.19963583 0.71794852 39.77658453
150300 -0.28133707 0.68252610 53.70269897
150400 -0.27503561 0.82769001 17.66053771
150500 -0.21187371 0.70056941 44.89983048
150600 -0.21550005 0.70031932 45.02438145
150700 -0.23820647 0.77532947 25.96829005
150800 -0.23418426 0.83324395 14.48807139
150900 -0.25997107 0.71837078 41.45577312
151000 -0.22072487 0.76908123 26.87649860
151100 -0.18246283 0.72495971 37.97735594
151200 -0.18860892 0.72096421 38.99536479
151300 -0.21960120 0.78417218 23.48292798
151400 -0.19238150 0.76026019 28.76660943
151500 -0.20878207 0.74800295 31.78981929
151600 -0.20684805 0.76173482 28.40859498
151700 -0.16025245 0.84207717 13.25974424
151800 -0.21479209 0.73555020 35.07625069
151900 -0.16156086 0.73363502 36.21393581
152000 -0.19481428 0.75744393 29.43017040
152100 -0.16367726 0.68776129 49.40617553
152200 -0.26654468 0.81115075 20.04611706
152300 -0.20040920 0.72102805 38.91275833
152400 -0.16856293 0.70897414 42.84216890
152500 -0.18788359 0.69936528 45.26402249
152600 -0.19894768 0.70810296 42.60249494
152700 -0.19962945 0.74361987 32.86545387
152800 -0.21618577 0.71335917 41.21247110
152900 -0.21351263 0.73780126 34.46538411
153000 -0.16069978 0.73239757 36.57778303
153100 -0.22667402 0.77410146 25.87082626
153200 -0.20833110 0.71394439 40.94860899
153300 -0.22491661 0.75872535 29.41714736
153400 -0.25634517 0.74190119 34.89488687
153500 -0.19904353 0.71002635 42.04281628
153600 -0.19099223 0.73903948 34.09076741
153700 -0.14300125 0.79468473 22.70160793
153800 -0.21660436 0.78577445 23.08414645
153900 -0.14879170 0.71162492 42.89123895
154000 -0.20719133 0.73088322 36.23777924
154100 -0.19879986 0.74038094 33.70174748
154200 -0.14339421 0.67574636 54.17232110
154300 -0.23983917 0.70400390 44.60042442
154400 -0.19227031 0.78662162 22.79504089
154500 -0.22361079 0.75581217 30.09258328
154600 -0.20105636 0.78547169 23.01175564
154700 -0.22700717 0.76139514 28.83083382
154800 -0.20952557 0.74438760 32.71421701
154900 -0.17328609 0.71685414 40.44260469
155000 -0.14965697 0.73089528 37.47588660
155100 -0.24239659 0.77334955 26.58394911
155200 -0.19289652 0.72952736 36.60295480
155300 -0.13617306 0.72974324 38.55629682
155400 -0.20953267 0.69765877 45.75054573
155500 -0.19370291 0.72986451 36.50641691
155600 -0.21749191 0.73183242 36.10990958
155700 -0.20497198 0.73465700 35.21581288
155800 -0.18678605 0.77826207 24.67115859
155900 -0.17097447 0.74685503 32.46242882
156000 -0.19289415 0.74700804 32.02771205
156100 -0.16795620 0.70267095 44.71568538
156200 -0.22589660 0.75172404 31.15579397
156300 -0.21376216 0.72959498 36.65413700
156400 -0.17294694 0.74492368 32.89789915
156500 -0.20776937 0.75149868 30.90663404
156600 -0.14612090 0.75951953 30.36690638
156700 -0.18068749 0.69195974 47.63088853
156800 -0.24994208 0.79060129 23.17101462
156900 -0.25676167 0.73022412 38.00045622
157000 -0.17377137 0.78309374 23.86813369
157100 -0.14736488 0.76786725 28.32803470
157200 -0.21095590 0.73870307 34.19805950
157300 -0.13410397 0.70685297 45.13873306
157400 -0.19343270 0.76823368 26.87937747
157500 -0.17652219 0.74131675 33.73411569
157600 -0.19220767 0.80493663 19.05521907
157700 -0.18926993 0.78414449 23.35436685
157800 -0.17650193 0.72273879 38.71297023
157900 -0.23598901 0.84919416 12.01880420
158000 -0.19539833 0.68173432 50.65710779
158100 -0.26639870 0.78047338 26.30036243
158200 -0.20894705 0.73482970 35.19766846
158300 -0.14992808 0.76759197 28.26034419
158400 -0.18224592 0.74424287 32.86345796
158500 -0.16546609 0.77100590 26.81544319
158600 -0.21189459 0.74301617 33.09108524
158700 -0.18934172 0.70114242 44.71472730
158800 -0.16618450 0.71227443 41.96474460
158900 -0.19027663 0.71370518 41.02963292
159000 -0.20001667 0.67320649 53.39700039
159100 -0.17868418 0.72106662 39.12909616
159200 -0.21834746 0.73457088 35.39462414
159300 -0.20549418 0.73518620 35.07826647
159400 -0.17023425 0.72815777 37.39209906
159500 -0.17077284 0.82907677 15.03448857
159600 -0.23073473 0.79658011 21.16213690
159700 -0.20967766 0.73835729 34.27528227
159800 -0.21690884 0.71389793 41.07015073
159900 -0.23180887 0.77993134 24.72100882
160000 -0.20759673 0.76838286 26.85210449
160100 -0.15994823 0.73548024 35.78742260
160200 -0.20609288 0.76527008 27.56762920
160300 -0.18705756 0.73868031 34.22774281
160400 -0.20903425 0.70706024 42.94766069
160500 -0.23228610 0.74577807 32.83559014
160600 -0.20448151 0.74420431 32.72576046
160700 -0.21604487 0.70732911 42.95684365
160800 -0.19675367 0.74322490 32.97199550
160900 -0.15228312 0.72741834 38.28883176
161000 -0.23343480 0.76299476 28.64468394
161100 -0.18452401 0.70365778 44.02910826
161200 -0.27459235 0.73729833 37.28809218
161300 -0.24016116 0.77028842 27.19016394
161400 -0.22395547 0.76045226 28.97849239
161500 -0.21052759 0.74112448 33.56368300
161600 -0.21256422 0.75219766 30.78193046
161700 -0.19263322 0.77239648 25.92881585
161800 -0.22783062 0.82625978 15.48010374
161900 -0.18004510 0.72388822 38.31795748
162000 -0.26598382 0.76068626 30.81246487
162100 -0.21976832 0.71967122 39.48750624
162200 -0.24785267 0.81563026 18.14103853
162300 -0.19969912 0.73820773 34.26764110
162400 -0.16944169 0.70700298 43.39053238
162500 -0.18424524 0.74378404 32.94741640
162600 -0.18829165 0.79474141 21.13408668
162700 -0.20115012 0.77025482 26.39208575
162800 -0.22703999 0.71825730 40.05505505
162900 -0.17281031 0.78501906 23.47804301
163000 -0.17069106 0.75532162 30.36326286
163100 -0.26187309 0.72344166 40.15639634
163200 -0.20547602 0.84764957 11.62031981
163300 -0.17352545 0.76816593 27.22396885
163400 -0.20735926 0.68328222 50.18215537
163500 -0.15631582 0.70475355 44.53938650
163600 -0.18437639 0.77595157 25.22089741
163700 -0.19640682 0.78847621 22.37761187
163800 -0.26255861 0.78150332 25.82718981
163900 -0.27965120 0.75689929 32.72113319
164000 -0.23638981 0.69811648 46.22893955
164100 -0.16249671 0.79536913 21.64014412
164200 -0.18135203 0.71503429 40.77660111
164300 -0.21932775 0.77497506 25.50489276
164400 -0.20698711 0.72782209 37.06481738
164500 -0.23798789 0.75743241 30.14105829
164600 -0.19603511 0.74913967 31.47331292
164700 -0.19690017 0.73371590 35.45841413
164800 -0.19594118 0.74731624 31.93277881
164900 -0.27509411 0.74433886 35.50087297
165000 -0.21545392 0.72292040 38.50596324
165100 -0.18533714 0.70328578 44.12716367
165200 -0.22379625 0.74125755 33.75695754
165300 -0.14882713 0.78213862 25.04112264
165400 -0.23882176 0.80952906 18.89315430
165500 -0.24335087 0.67276621 54.48062623
165600 -0.19412820 0.71921418 39.43757694
165700 -0.19263425 0.72145311 38.82131172
165800 -0.13270898 0.76509388 29.85448420
165900 -0.18942468 0.75340580 30.46026960
166000 -0.17591486 0.73501254 35.39922490
166100 -0.19554041 0.72159857 38.76362115
166200 -0.21189724 0.75105410 31.05780369
166300 -0.21011581 0.71898390 39.53618922
166400 -0.22697916 0.72618377 37.85160057
166500 -0.21143159 0.75139118 30.96851426
166600 -0.18862980 0.76695443 27.21976069
166700 -0.15714403 0.70068673 45.71253428
166800 -0.22785513 0.72872442 37.18317391
166900 -0.14338281 0.70883825 43.99033657
167000 -0.19453023 0.75643927 29.67587307
167100 -0.23656533 0.74295124 33.70554366
167200 -0.23718619 0.74167082 34.05838797
167300 -0.24021973 0.82627691 15.89866960
167400 -0.18723946 0.74008498 33.85932515
167500 -0.26183637 0.72413732 39.96197780
167600 -0.16701574 0.70614175 43.72031546
167700 -0.19623300 0.81152157 17.76915507
167800 -0.16653923 0.80685916 19.21150459
167900 -0.23915245 0.77241608 26.66367663
168000 -0.24477100 0.79080893 22.88267319
168100 -0.22175736 0.74920866 31.68483858
168200 -0.22956556 0.88863025 6.63867185
168300 -0.21999707 0.70784977 42.87581872
168400 -0.14283840 0.71387982 42.56610369
168500 -0.18752532 0.79269426 21.56564419
168600 -0.19880169 0.71251069 41.32576943
168700 -0.25674687 0.73425153 36.92122808
168800 -0.19434433 0.71620598 40.28551574
168900 -0.14857168 0.74026442 35.05372276
169000 -0.16303519 0.71043670 42.60665114
169100 -0.18968430 0.78214414 23.78379371
169200 -0.25927115 0.79404321 22.96563434
169300 -0.19524041 0.76692805 27.17259280
169400 -0.23308810 0.74496436 33.06900031
169500 -0.17609163 0.74920784 31.73415955
169600 -0.13888486 0.70526016 45.30331797
169700 -0.21283103 0.72630844 37.53585386
169800 -0.20672514 0.77519626 25.29097540
169900 -0.23165800 0.75003193 31.74313317
170000 -0.20345153 0.73231099 35.83466054
170100 -0.20140355 0.66041493 57.65999633
170200 -0.18209856 0.73052968 36.46735794
170300 -0.21061327 0.75156289 30.91681926
170400 -0.18095256 0.75075799 31.24219161
170500 -0.20732117 0.79575491 20.88482718
170600 -0.19902805 0.76643295 27.27725563
170700 -0.21403971 0.75341661 30.50024181
170800 -0.21927952 0.76682944 27.37010618
170900 -0.16680811 0.72233537 39.09967491
171000 -0.20284037 0.79883375 20.23796419
171100 -0.20820420 0.79318181 21.42053540
171200 -0.12281769 0.69628617 49.09960051
171300 -0.18009497 0.72208760 38.81575682
171400 -0.13029315 0.70681736 45.40755418
171500 -0.17630322 0.69162734 47.82761598
171600 -0.21535873 0.79411006 21.31327887
171700 -0.23965698 0.74390584 33.57844750
171800 -0.21703819 0.84684069 11.87403707
171900 -0.23711225 0.76483261 28.34051109
172000 -0.19121023 0.74283053 33.10669766
172100 -0.22443957 0.73609214 35.12232604
172200 -0.20138050 0.77258965 25.85868630
172300 -0.19000333 0.75412140 30.27811053
172400 -0.16128947 0.74575380 33.06981699
172500 -0.21844458 0.74361574 33.03654521
172600 -0.26687922 0.71643209 42.44179484
172700 -0.21529293 0.82152572 16.04347197
172800 -0.25066616 0.73053408 37.58947052
172900 -0.15349418 0.73748628 35.53812341
173000 -0.22186603 0.72948589 36.82800468
173100 -0.15905787 0.72402151 38.92019125
173200 -0.17330353 0.74205043 33.62534072
173300 -0.15963556 0.74453045 33.44698986
173400 -0.17712654 0.70320078 44.30648733
173500 -0.20753051 0.77144604 26.14681148
173600 -0.23314460 0.72513616 38.32434820
173700 -0.19837508 0.77589549 25.11273535
173800 -0.19091713 0.72161879 38.78929760
173900 -0.19902885 0.73358865 35.48797524
174000 -0.14429309 0.72026687 40.67694270
174100 -0.21772769 0.80184751 19.78933909
174200 -0.19916165 0.65388916 59.89670689
174300 -0.22951793 0.74550488 32.81953630
174400 -0.25693676 0.78328275 25.10407932
174500 -0.20711623 0.76138789 28.49318967
174600 -0.20770063 0.73281378 35.72388675
174700 -0.14286782 0.74303059 34.64868198
174800 -0.25021558 0.80556607 20.16307856
174900 -0.23488927 0.74457432 33.22976853
175000 -0.17684244 0.77625584 25.29886179
175100 -0.20176804 0.78475260 23.16728480
175200 -0.24894302 0.74513597 33.67554647
175300 -0.17372467 0.81362288 17.71341174
175400 -0.17253401 0.66712814 55.77902664
175500 -0.22012235 0.68106597 51.06191215
175600 -0.14859155 0.72259109 39.79926591
175700 -0.20472652 0.76312646 28.06570608
175800 -0.19252091 0.73141592 36.09667363
175900 -0.21912795 0.75326265 30.62260009
176000 -0.22913171 0.75425504 30.61962175
176100 -0.17857182 0.67425744 53.28368964
176200 -0.23467397 0.79107890 22.42515607
176300 -0.15619099 0.78428582 24.22591837
176400 -0.18585666 0.75159014 30.95374643
176500 -0.19211939 0.75897537 29.07748712
176600 -0.18245027 0.72482425 38.01484293
176700 -0.19792344 0.75104191 30.99222018
176800 -0.22642771 0.69245782 47.64030927
176900 -0.20911789 0.76489593 27.67853100
177000 -0.17875038 0.78407156 23.53831855
177100 -0.15145332 0.73617745 35.97955885
177200 -0.16931587 0.75229066 31.15071597
177300 -0.20108651 0.68474259 49.69420874
177400 -0.24379173 0.82501663 16.26844683
177500 -0.17063435 0.67671452 52.68792286
177600 -0.19480906 0.75376930 30.32825181
177700 -0.15438842 0.73403890 36.40786040
177800 -0.19472584 0.78167473 23.84686925
177900 -0.18488349 0.85122450 11.18132917
178000 -0.18052713 0.77626892 25.21739379
178100 -0.22546705 0.72666056 37.68150940
178200 -0.18908676 0.71586533 40.42580545
178300 -0.16607094 0.75706503 30.08429160
178400 -0.18488001 0.73446003 35.37004419
178500 -0.19042259 0.74173129 33.39722544
178600 -0.21044848 0.77405581 25.57997303
178700 -0.19630356 0.75204545 30.74756070
178800 -0.18930713 0.79179167 21.73252303
178900 -0.21786269 0.73577091 35.06804416
179000 -0.20814068 0.70947781 42.23470531
179100 -0.15178365 0.71721892 41.14497833
179200 -0.23505618 0.81571380 17.59516988
179300 -0.21711069 0.77095615 26.37693032
179400 -0.19565522 0.72995765 36.47087426
179500 -0.19550946 0.75838526 29.19892492
179600 -0.24164603 0.70927046 43.12902871
179700 -0.24452688 0.81463540 18.17133862
179800 -0.17970535 0.77707832 25.05297512
179900 -0.20759507 0.72184652 38.71352292
180000 -0.22345741 0.79884371 20.50705109
180100 -0.19681936 0.72246423 38.51811122
180200 -0.19505810 0.74639871 32.16901771
180300 -0.16417568 0.71214982 42.07055254
180400 -0.20230875 0.73132138 36.09676601
180500 -0.23798546 0.79658006 21.41128395
180600 -0.21199157 0.77901675 24.48869782
180700 -0.22367230 0.70621810 43.43409193
180800 -0.25119942 0.74876964 32.86903737
180900 -0.22277760 0.76205155 28.56914301
181000 -0.23361656 0.77158651 26.65139784
181100 -0.24340165 0.74899265 32.44419631
181200 -0.18992349 0.79371569 21.32737669
181300 -0.17802756 0.75843252 29.41881650
181400 -0.16242075 0.79891084 20.92452454
181500 -0.23048637 0.78258251 24.09989189
181600 -0.19034980 0.75025049 31.23397085
181700 -0.18204264 0.69717284 46.01337642
181800 -0.18519444 0.78403197 23.43069767
181900 -0.23072626 0.73320719 36.06125194
182000 -0.26078047 0.73765392 36.25986506
182100 -0.20363675 0.70347381 43.97050255
182200 -0.15033485 0.74088364 34.80395740
182300 -0.25461411 0.71389952 42.41809175
182400 -0.19736331 0.74299262 33.02987165
182500 -0.21791963 0.83785908 13.30539525
182600 -0.20988340 0.66635827 55.70724437
182700 -0.18035504 0.78170508 24.01929883
182800 -0.21791035 0.80005954 20.14848311
182900 -0.24315489 0.73702983 35.50782831
183000 -0.20475382 0.75223718 30.70450565
183100 -0.18546281 0.69711514 45.97528512
183200 -0.21401623 0.71943233 39.45733503
183300 -0.19676109 0.75096380 31.01475972
183400 -0.23433772 0.75695682 30.12453333
183500 -0.19939013 0.69780730 45.66040125
183600 -0.22992710 0.75092730 31.46642125
183700 -0.15435412 0.72297918 39.41203911
183800 -0.19855088 0.68434815 49.81909420
183900 -0.17518619 0.78456675 23.51360430
184000 -0.14642378 0.73972129 35.30770970
184100 -0.24003491 0.69835060 46.29757593
184200 -0.21674421 0.75776345 29.47945796
184300 -0.18291088 0.71614404 40.43312261
184400 -0.20241381 0.80392713 19.22519919
184500 -0.13994960 0.75675887 31.38614958
184600 -0.22414529 0.83016421 14.71359448
184700 -0.23012663 0.73832394 34.69098617
184800 -0.19590219 0.77139001 26.13965943
184900 -0.20577554 0.73702267 34.59521691
185000 -0.21044046 0.79314963 21.44804000
185100 -0.27844091 0.82759645 17.93797961
185200 -0.09117597 0.68946860 54.13621174
185300 -0.22448215 0.72749194 37.43000878
185400 -0.19435087 0.72748736 37.14752634
185500 -0.21192610 0.72575842 37.67533901
185600 -0.25472467 0.73364960 36.96866331
185700 -0.21302420 0.72636942 37.52166240
185800 -0.17698487 0.74162692 33.64317171
185900 -0.23933757 0.74660185 32.87903361
186000 -0.16337852 0.77185026 26.69671778
186100 -0.22618206 0.72005194 39.52820803
186200 -0.19397278 0.72408035 38.08398942
186300 -0.26770006 0.71075021 44.12437015
186400 -0.19656943 0.75432319 30.18443250
186500 -0.17530823 0.72062788 39.32923373
186600 -0.22221229 0.69147643 47.84009057
186700 -0.24129033 0.70326104 44.87945061
186800 -0.14662900 0.71992724 40.64460624
186900 -0.15949901 0.81723298 17.52205708
187000 -0.23408063 0.74945000 31.96839461
187100 -0.24293642 0.75922028 29.90920469
187200 -0.27992358 0.82365996 18.74179314
187300 -0.21272669 0.75912786 29.09067943
187400 -0.15031357 0.76305901 29.30488682
187500 -0.19950326 0.76040145 28.70385629
187600 -0.22222131 0.68734926 49.12213733
187700 -0.18582772 0.79248390 21.63189233
187800 -0.22918569 0.77750077 25.17885544
187900 -0.17258975 0.86355692 9.68401739
188000 -0.18252167 0.71378899 41.11111637
188100 -0.18579209 0.80193452 19.71589953
188200 -0.22617893 0.77566800 25.50509022
188300 -0.16396595 0.65171896 61.29906812
188400 -0.24525407 0.74398889 33.79481003
188500 -0.21035272 0.72864101 36.87144006
188600 -0.24631510 0.74835279 32.73570241
188700 -0.23041162 0.75382835 30.76267443
188800 -0.21216771 0.83079511 14.38917362
188900 -0.19610801 0.75060860 31.10560985
189000 -0.20638875 0.75287496 30.55580142
189100 -0.21564532 0.69088993 47.89690422
189200 -0.21627315 0.76342037 28.11736765
189300 -0.20060434 0.79216151 21.59860113
189400 -0.17603514 0.76512294 27.87077333
189500 -0.14619929 0.75274875 32.01384811
189600 -0.14947593 0.72080706 40.25068846
189700 -0.20535104 0.78390209 23.36346931
189800 -0.22437760 0.72157832 39.05644989
189900 -0.22484579 0.73440389 35.57930437
190000 -0.19215288 0.80179540 19.67332058
190100 -0.24654822 0.72094572 40.01901343
190200 -0.19324358 0.72033883 39.12800833
190300 -0.22597769 0.80283639 19.77416580
190400 -0.17168963 0.74087324 33.97407620
190500 -0.18128198 0.79969343 20.23654326
190600 -0.22916398 0.78007986 24.60770231
190700 -0.18906555 0.75231340 30.73410751
190800 -0.14946908 0.76590740 28.67635941
190900 -0.15856107 0.74641616 33.01097348
191000 -0.19908321 0.76475693 27.67007235
191100 -0.19620566 0.71474459 40.69252256
191200 -0.23181163 0.73085475 36.72557372
191300 -0.21128805 0.87777670 7.53297707
191400 -0.18246527 0.81143035 17.93298924
191500 -0.21376782 0.74911925 31.56535246
191600 -0.14582677 0.69122607 49.13803845
191700 -0.16336620 0.70833417 43.20549490
191800 -0.24609846 0.75141199 31.96053250
191900 -0.17343936 0.74176191 33.69619013
192000 -0.14263842 0.72400319 39.73229557
192100 -0.21885695 0.71049337 42.08483691
192200 -0.20407304 0.70147543 44.56675571
192300 -0.22781519 0.65973443 58.27717134
192400 -0.21828498 0.79963764 20.23970749
192500 -0.21620509 0.75681681 29.70033422
192600 -0.19365951 0.71731207 39.97633422
192700 -0.18032726 0.74959526 31.54477416
192800 -0.17640011 0.79172017 21.96872204
192900 -0.20541108 0.75887178 29.08604981
193000 -0.18390657 0.77437754 25.58224565
193100 -0.17632143 0.77467741 25.66547220
193200 -0.20628575 0.69630150 46.13614339
193300 -0.20882552 0.80170667 19.69906716
193400 -0.21115313 0.73699415 34.64823551
193500 -0.16285869 0.70620939 43.84620117
193600 -0.17358614 0.73660214 35.03806297
193700 -0.18676936 0.73547575 35.07406327
193800 -0.21076212 0.72108896 38.95359683
193900 -0.17730994 0.76474999 27.92870275
194000 -0.24970649 0.78954641 23.38072513
194100 -0.14120117 0.72585287 39.30697509
194200 -0.27501468 0.76382647 30.70257037
194300 -0.22277694 0.78551029 23.26231152
194400 -0.22801631 0.80017057 20.35835652
194500 -0.23018098 0.71408055 41.33041207
194600 -0.19812251 0.70667546 43.02140499
194700 -0.23828323 0.73627057 35.50940999
194800 -0.16378048 0.71838095 40.31057095
194900 -0.19331916 0.70880299 42.42016482
195000 -0.25772692 0.79447388 22.78669058
195100 -0.17799195 0.79741208 20.76311016
195200 -0.21501475 0.77619028 25.15811756
195300 -0.21468981 0.72944020 36.70919667
195400 -0.17525517 0.71774633 40.13972164
195500 -0.17999999 0.76038908 28.90669681
195600 -0.16510273 0.78759520 23.16680919
195700 -0.14556678 0.80431851 20.62710995
195800 -0.16004517 0.75009437 32.02460525
195900 -0.25105734 0.80069467 21.16473324
196000 -0.22638649 0.73239070 36.15549116
196100 -0.18949156 0.74425546 32.75784907
196200 -0.18369202 0.80151052 19.83201255
196300 -0.16795543 0.77130412 26.66433038
196400 -0.23565504 0.73906094 34.68023764
196500 -0.23966274 0.85917236 10.70277839
196600 -0.20745939 0.75845881 29.19889564
196700 -0.20514845 0.84169685 12.54319656
196800 -0.22384233 0.63526603 66.79966107
196900 -0.23569896 0.73481277 35.79934116
197000 -0.21536957 0.74797742 31.87580264
197100 -0.22815993 0.71123563 42.08892042
197200 -0.20875354 0.72290844 38.42817931
197300 -0.21485973 0.76449569 27.84154633
197400 -0.21393410 0.69407334 46.89263919
197500 -0.23292350 0.70358789 44.47204719
197600 -0.25343584 0.68463341 51.15573640
197700 -0.22865146 0.75190950 31.18490155
197800 -0.21185333 0.81266980 17.61655309
197900 -0.22887685 0.76607225 27.77803335
198000 -0.19587242 0.66502759 56.11177746
198100 -0.19942926 0.77786626 24.67186185
198200 -0.18351134 0.72954758 36.70819329
198300 -0.18216252 0.70236943 44.45106704
198400 -0.20286996 0.74588567 32.29116523
198500 -0.20106927 0.69239075 47.31229782
198600 -0.25390658 0.81079458 19.35230538
198700 -0.23406132 0.82473086 15.93972262
198800 -0.18334444 0.74166627 33.50686194
198900 -0.19841442 0.75046243 31.13575639
199000 -0.23589483 0.73207263 36.53675707
199100 -0.22729924 0.81338566 17.78508044
199200 -0.23442521 0.77844554 25.13573726
199300 -0.19854774 0.73425845 35.31034066
199400 -0.18137178 0.69717668 46.02448731
199500 -0.21687132 0.68274270 50.46841649
199600 -0.15708184 0.77068804 27.21297125
199700 -0.17739131 0.69496014 46.78023565
199800 -0.18360335 0.73144096 36.19640338
199900 -0.20128485 0.74997982 31.25587150
