0 -0.00401137 0.19213736 0.03895608
100 0.02591245 0.32269193 7.86238252
200 0.01813597 0.26570512 2.32303788
300 0.09753154 0.17072150 5.18481559
400 -0.02068579 0.28545726 3.86542239
500 0.00404862 0.26608156 2.19158201
600 0.03942009 0.29225134 5.03212643
700 0.06521096 0.20329329 2.13165777
800 0.02546177 0.27417449 3.07507827
900 0.00037134 0.31131627 6.19572540
1000 0.05888785 0.25451466 3.21981348
1100 0.08417051 0.22370217 3.82323403
1200 0.11004262 0.19556179 6.06453786
1300 0.02958133 0.29833071 5.27199211
1400 0.00523869 0.25527393 1.54132585
1500 0.07234546 0.27493137 5.42428840
1600 -0.03279164 0.24242978 1.43778902
1700 0.03050560 0.31889341 7.53311722
1800 0.04738742 0.21658445 1.26030582
1900 0.01095563 0.31091616 6.21121019
2000 0.10229681 0.23963399 6.01774493
2100 0.06661422 0.23672899 2.89323665
2200 0.08925334 0.22537973 4.30514458
2300 0.04298086 0.20120108 0.92439837
2400 0.03387553 0.22837158 0.97624899
2500 0.03289190 0.32763921 8.68682253
2600 0.01802969 0.23879847 0.91519572
2700 0.01200083 0.28131449 3.37803323
2800 0.00406548 0.33541844 9.17734129
2900 0.01522171 0.25632147 1.70190408
3000 -0.00110429 0.34489163 10.49740210
3100 0.03068784 0.31545742 7.13608007
3200 0.09944178 0.29418660 9.37989124
3300 0.10540869 0.17769618 5.80422632
3400 0.02931384 0.24479721 1.43304579
3500 0.03689948 0.27645726 3.60364200
3600 0.07216214 0.26319276 4.60034953
3700 0.00560267 0.29056298 4.11652121
3800 0.09009904 0.22769154 4.44232933
3900 0.08133825 0.30591232 8.91666463
4000 0.05974704 0.24055783 2.60732287
4100 0.06802410 0.27770598 5.33274895
4200 0.00268871 0.31600719 6.73244917
4300 0.06107686 0.26398400 3.91216732
4400 0.02403972 0.28482500 3.88659449
4500 0.07062938 0.20152459 2.49541709
4600 0.04514510 0.31937871 8.14467821
4700 0.02782836 0.29072993 4.50316861
4800 0.04363093 0.31411352 7.46277690
4900 0.01227046 0.27167574 2.64398763
5000 -0.00718224 0.29434554 4.47633296
5100 -0.00158976 0.29151274 4.18855490
5200 0.02722943 0.26011784 2.17779821
5300 0.10601897 0.20153207 5.62118505
5400 -0.03085081 0.23391307 1.05093463
5500 -0.01047624 0.32140628 7.42461788
5600 0.03610855 0.30953039 6.65036739
5700 0.00738242 0.28990571 4.06876838
5800 0.09583820 0.25139299 5.91309971
5900 -0.00034387 0.30332307 5.33788703
6000 0.03370745 0.29947682 5.51591449
6100 0.00655383 0.21911443 0.20415700
6200 0.03306425 0.31060285 6.66311711
6300 0.03371351 0.21497882 0.68048276
6400 0.02723078 0.29107931 4.51847801
6500 -0.00263170 0.31571003 6.69786798
6600 0.02373182 0.23398083 0.85894803
6700 0.02439157 0.22481401 0.60534196
6800 0.07219084 0.27111772 5.13462382
6900 0.05835326 0.26554506 3.85062893
7000 0.02133188 0.24872264 1.41447210
7100 0.06630373 0.23026954 2.65621488
7200 0.05983883 0.27227170 4.40194199
7300 0.08288061 0.22124963 3.66037132
7400 0.02437472 0.33618871 9.57074560
7500 0.06380131 0.24686681 3.13355253
7600 0.04311426 0.27162743 3.49466390
7700 0.08812797 0.23308710 4.43064768
7800 0.05727680 0.23600114 2.28835682
7900 0.08445404 0.27520544 6.39417173
8000 0.10915461 0.21332090 6.04608786
8100 0.11024718 0.21149585 6.14329758
8200 0.07472298 0.22773727 3.17643998
8300 0.08504877 0.25223811 4.98105715
8400 0.06356029 0.28411999 5.55804103
8500 -0.00138161 0.31440494 6.54519942
8600 0.02621425 0.33635696 9.64020387
8700 0.01245482 0.28639057 3.80922655
8800 -0.00264280 0.24288598 0.92309599
8900 0.00268785 0.28568604 3.67466075
9000 0.06701982 0.21531040 2.36303209
9100 0.07401416 0.24407288 3.71025741
9200 0.03124177 0.29910243 5.39867013
9300 0.09678723 0.27433305 7.44658534
9400 0.05699094 0.26660534 3.84211939
9500 0.05052689 0.21314163 1.36283437
9600 0.05513936 0.23075957 1.99324985
9700 0.00212182 0.31817820 6.98529480
9800 0.04899307 0.30679735 6.90299738
9900 0.03554460 0.25196141 1.98170368
10000 0.08283498 0.24974160 4.66793076
10100 0.08562336 0.16961098 4.12742604
10200 0.03405743 0.32195661 8.01666186
10300 -0.07387984 0.29247896 7.00529397
10400 -0.00245104 0.32855052 8.26562166
10500 0.09276880 0.27351133 7.00498285
10600 0.03408285 0.29249633 4.85860554
10700 0.05271896 0.27430977 4.15061517
10800 0.04962796 0.28908974 5.19995830
10900 0.04098481 0.27079754 3.34602292
11000 -0.01474269 0.25675654 1.71932607
11100 0.01688606 0.30015278 5.15785886
11200 -0.03231548 0.29989144 5.51129492
11300 0.03289554 0.31205530 6.81925333
11400 0.06028238 0.25863009 3.53572597
11500 0.09325823 0.20242611 4.35149127
11600 0.02895778 0.29013216 4.48117934
11700 0.04041505 0.22896331 1.23612486
11800 0.01590832 0.21044296 0.18106510
11900 0.03973350 0.25521271 2.31359689
12000 0.07451304 0.26931696 5.17851657
12100 0.03381324 0.32828971 8.80079246
12200 0.01276173 0.29990726 5.07216131
12300 0.02841488 0.31067202 6.52785045
12400 0.07347738 0.20290020 2.70366814
12500 0.01970221 0.31683307 7.01907149
12600 0.01397357 0.24252474 1.00180694
12700 0.07294699 0.24079463 3.49273308
12800 0.05266316 0.37400481 16.52554091
12900 -0.01509391 0.30972003 6.13315544
13000 0.00616971 0.29305088 4.34826587
13100 0.05468891 0.29096685 5.63292289
13200 0.02794993 0.36351165 13.75862874
13300 0.07598256 0.19943727 2.88683330
13400 0.07490854 0.21987022 3.00305784
13500 0.16936846 0.16852150 14.83828536
13600 0.05316205 0.16619746 1.98440768
13700 0.00513298 0.31340861 6.44393010
13800 0.08297128 0.22111582 3.66505567
13900 0.08972246 0.24856341 5.20426196
14000 0.02551691 0.23486917 0.93348585
14100 0.02271431 0.30080893 5.33919025
14200 -0.02675192 0.30805494 6.19576785
14300 0.04468760 0.29646560 5.65129646
14400 0.04196529 0.26534683 3.01564678
14500 0.08492021 0.21127248 3.66925536
14600 0.08265436 0.24656464 4.50000460
14700 0.03352542 0.26335001 2.56858831
14800 0.07002261 0.33012476 10.91780999
14900 0.03919003 0.26770276 3.05976085
15000 0.06692419 0.24637867 3.31491419
15100 -0.00982335 0.27602561 2.93819548
15200 0.07419806 0.25572164 4.30512694
15300 0.05910626 0.27733218 4.73690747
15400 0.02094589 0.23754644 0.92423256
15500 0.09689847 0.21132990 4.75883979
15600 0.03964292 0.34788537 11.72082143
15700 0.03914319 0.33978702 10.53630000
15800 -0.04874697 0.32694642 9.24583047
15900 0.03757748 0.32911980 9.04199440
16000 0.05853171 0.27347715 4.41242575
16100 0.06585922 0.33684015 11.53133122
16200 0.06741906 0.22944734 2.70623767
16300 0.07246432 0.22099681 2.84597156
16400 0.03010591 0.22077136 0.66890752
16500 0.03108265 0.33098213 9.06122529
16600 -0.05295839 0.34865765 12.45184328
16700 0.02817919 0.29365614 4.78276959
16800 0.12466021 0.23876383 8.52140158
16900 0.02730294 0.25972010 2.15597040
17000 0.07940658 0.28985916 7.19003743
17100 0.01933528 0.28446864 3.75440195
17200 0.03902150 0.27981906 3.94688035
17300 0.07056510 0.25894956 4.22724210
17400 0.02225851 0.27989387 3.43923542
17500 0.03109642 0.27848967 3.56380783
17600 0.07215858 0.15586804 3.57724538
17700 0.05502757 0.21836496 1.68265279
17800 0.13731845 0.18356305 9.56326476
17900 0.04451710 0.31818799 7.97508600
18000 0.01106585 0.29752606 4.81689288
18100 0.08052764 0.25190363 4.58934375
18200 0.04326720 0.27065744 3.43226232
18300 -0.00099589 0.32079332 7.29600849
18400 0.03246605 0.31172991 6.76880855
18500 0.03135201 0.30570278 6.07801268
18600 0.03249175 0.33102128 9.11114454
18700 0.04958705 0.18280851 1.37721172
18800 0.01874956 0.24868734 1.36100163
18900 0.00232710 0.34757070 10.89126404
19000 0.07726632 0.27895352 6.10187107
19100 0.05649711 0.28228934 4.98172987
19200 0.04281222 0.28790257 4.77987414
19300 0.02129479 0.25539365 1.76096246
19400 0.06557522 0.24580017 3.19888249
19500 0.07414478 0.17083719 3.17395876
19600 0.04965927 0.27081967 3.74073396
19700 0.04664590 0.22310267 1.35478661
19800 0.06034268 0.34048728 11.68895806
19900 0.09830897 0.21022165 4.88456775
20000 0.03676657 0.27375290 3.39563565
20100 0.06007525 0.30291475 7.10024007
20200 0.03547878 0.27157995 3.19121667
20300 -0.02890208 0.28281280 3.84664533
20400 0.01480680 0.31047608 6.21210283
20500 -0.01033019 0.29236960 4.31942774
20600 0.03449792 0.19905193 0.59550254
20700 0.03648352 0.27357052 3.37183442
20800 0.07387284 0.27185784 5.31037222
20900 0.07729443 0.31325675 9.40076046
21000 0.05242886 0.22206012 1.61771697
21100 0.00532561 0.32925436 8.36752573
21200 0.04817658 0.34074813 11.06550864
21300 0.06015139 0.26991906 4.25343214
21400 0.03792313 0.22900705 1.13978639
21500 0.01022190 0.31138905 6.25600398
21600 0.07071133 0.28577672 6.17886947
21700 0.07100146 0.20118824 2.52130980
21800 0.02640400 0.27710346 3.32105725
21900 -0.04573080 0.30822045 6.90148553
22000 0.05770757 0.23346615 2.22507317
22100 0.02496762 0.33626860 9.59625741
22200 0.02030796 0.28858476 4.12983657
22300 0.05768615 0.25245257 3.03948205
22400 0.01247483 0.35415694 11.95999187
22500 0.08590435 0.22466173 3.99387932
22600 -0.00671165 0.31860602 7.05621681
22700 0.00713110 0.33955475 9.76319111
22800 0.04329583 0.32809998 9.14206677
22900 0.01374873 0.24444589 1.08223224
23000 0.05209155 0.21484499 1.46695144
23100 0.05012887 0.33258756 10.04618220
23200 0.04855911 0.24462689 2.17477325
23300 0.02526295 0.29934613 5.25393490
23400 0.05379504 0.27648896 4.37223428
23500 0.05558348 0.28765317 5.38630062
23600 0.04556770 0.31702440 7.88556290
23700 0.05813587 0.21366050 1.78319436
23800 0.05097687 0.28181458 4.64613309
23900 0.00546675 0.30826790 5.87591127
24000 0.09682435 0.17890860 4.90990127
24100 0.02943654 0.24713244 1.54398841
24200 -0.00753395 0.27899763 3.14869313
24300 0.08053499 0.28970578 7.26650578
24400 0.07559024 0.20449953 2.86706513
24500 0.00810380 0.29091848 4.16592087
24600 0.09953998 0.21701797 5.09890973
24700 0.03722932 0.29183065 4.90944504
24800 0.01780823 0.25349311 1.58932261
24900 0.00707740 0.29111857 4.17634175
25000 0.07810979 0.20271357 3.05425130
25100 0.08998893 0.26066570 5.88916703
25200 0.03491032 0.22265006 0.86587779
25300 0.02873104 0.25890181 2.14744766
25400 0.06436848 0.27478213 4.86783389
25500 0.08476535 0.19099701 3.63310964
25600 0.03345488 0.26467919 2.65131312
25700 0.01554103 0.32912382 8.45724273
25800 0.07338932 0.32517332 10.52717605
25900 -0.04053376 0.28689432 4.59680404
26000 0.06832960 0.28498979 5.94609954
26100 -0.01103133 0.33681194 9.41959866
26200 0.12548712 0.18760071 7.95037994
26300 0.03057873 0.28269963 3.88714389
26400 0.03089337 0.33986750 10.25865970
26500 0.09893778 0.24398317 5.86160161
26600 -0.02620862 0.36013064 13.16435602
26700 0.04555433 0.23068921 1.50851222
26800 0.05617449 0.26590731 3.74967322
26900 -0.00343008 0.33421293 9.01243736
27000 0.03554094 0.28549771 4.28650847
27100 0.09310450 0.26915412 6.72537014
27200 0.04107096 0.29559118 5.41224894
27300 0.00743523 0.26558962 2.17864044
27400 -0.01104286 0.32099438 7.38079220
27500 0.03552908 0.27962355 3.80111251
27600 0.02349796 0.25714686 1.90895906
27700 -0.00938291 0.29182298 4.25974950
27800 0.04995910 0.33261375 10.04115840
27900 0.09175125 0.19184328 4.24241169
28000 0.08668750 0.20788600 3.78845547
28100 0.07692587 0.29042137 7.04680704
28200 0.08237525 0.23044212 3.85620240
28300 0.02180536 0.25088941 1.53260296
28400 0.01916876 0.29849415 5.03426939
28500 0.01579563 0.32285458 7.67137488
28600 0.05250129 0.19291946 1.40325979
28700 0.02613645 0.34066132 10.23436008
28800 0.04187954 0.26456953 2.96156035
28900 0.05926535 0.29711055 6.47142050
29000 0.02867159 0.23112481 0.89540704
29100 0.00061577 0.26270804 1.96633893
29200 0.03768023 0.21650021 0.84602826
29300 0.04031419 0.27470980 3.60339394
29400 0.02174412 0.27538579 3.07791196
29500 0.00053110 0.26875516 2.36377706
29600 0.02693747 0.30530355 5.90723235
29700 0.07087454 0.33212232 11.23975362
29800 0.07429890 0.25716152 4.39388285
29900 0.11683488 0.21386947 6.92137557
30000 0.04462978 0.18277661 1.14423107
30100 0.06953444 0.25548225 3.95665886
30200 0.04592135 0.27070339 3.55386952
30300 0.06182238 0.23022901 2.36790010
30400 0.03347402 0.32000914 7.76135239
30500 -0.00861012 0.29515789 4.56457933
30600 0.11579575 0.28685703 10.47640006
30700 0.01438349 0.32068429 7.38579149
30800 -0.01138904 0.30699874 5.78922046
30900 0.05250738 0.27869096 4.47464622
31000 0.02625568 0.33363083 9.27327933
31100 0.04046669 0.30839401 6.69340673
31200 0.06759029 0.25115296 3.59253662
31300 -0.01851012 0.29594373 4.77391218
31400 0.04031089 0.34230533 10.93788722
31500 0.02959316 0.32356800 8.07240249
31600 0.08325841 0.25206159 4.82118597
31700 0.02272149 0.32260083 7.77361544
31800 0.08508367 0.23624408 4.27643235
31900 0.04545241 0.26159644 2.93002133
32000 0.04120299 0.24937430 2.06775389
32100 0.08149611 0.26043046 5.14672822
32200 0.08040628 0.25339508 4.65810193
32300 0.03054293 0.29866746 5.33406897
32400 0.01017764 0.26803816 2.36638792
32500 -0.00065662 0.27100308 2.52093438
32600 0.02206607 0.30736756 6.00735252
32700 0.02415266 0.24035949 1.10611986
32800 -0.00658317 0.31683247 6.84658179
32900 0.03183015 0.28660946 4.25717824
33000 0.01512793 0.26138194 1.99829840
33100 0.04154689 0.24620503 1.93052435
33200 -0.00230708 0.32957219 8.39713744
33300 0.05575264 0.22946137 1.98816457
33400 0.01159171 0.25708819 1.69671439
33500 -0.01876840 0.26177110 2.08396053
33600 0.07770997 0.24670773 4.11022568
33700 0.09352167 0.26571058 6.53209079
33800 0.01324607 0.31837223 7.09372157
33900 -0.02526114 0.20256088 0.32234168
34000 0.02122684 0.35606892 12.40404362
34100 0.05525596 0.30290151 6.82097125
34200 0.04696834 0.28785517 4.96227751
34300 0.01582510 0.24589369 1.17833214
34400 0.04369587 0.27068406 3.45278237
34500 0.04084181 0.23574456 1.47286364
34600 0.02120802 0.31749221 7.12710036
34700 0.02452001 0.28117454 3.59526893
34800 0.02880895 0.28109654 3.70330219
34900 0.07809302 0.22090791 3.26783040
35000 0.09239982 0.28051903 7.51052104
35100 0.04914566 0.26304276 3.19484314
35200 0.08267215 0.28703744 7.20510007
35300 0.00899788 0.28921263 4.01992738
35400 0.01549239 0.28993809 4.16443709
35500 0.05754127 0.30108839 6.76493006
35600 0.04341284 0.28377877 4.45177862
35700 0.10626400 0.19187579 5.67902017
35800 0.01075565 0.34710046 10.87711479
35900 0.03706852 0.30155768 5.84401835
36000 0.07210242 0.22159428 2.83253587
36100 0.09395855 0.27268182 7.05542753
36200 0.04249606 0.28879422 4.84516458
36300 0.04782657 0.30244877 6.39156523
36400 0.04490053 0.26989215 3.45048490
36500 -0.03562869 0.24715691 1.74658892
36600 0.03296906 0.35554096 12.63997377
36700 0.02756954 0.24887981 1.57465787
36800 0.00286594 0.30952069 6.00149725
36900 0.04458759 0.28187663 4.34591804
37000 0.08011498 0.23474009 3.81264224
37100 0.08165286 0.22150805 3.56489319
37200 0.00669729 0.33147544 8.66532187
37300 0.04750796 0.18411787 1.25462406
37400 -0.03221373 0.33878003 10.14881025
37500 0.06163536 0.16952483 2.36382667
37600 -0.02255277 0.28421108 3.80006695
37700 -0.04378686 0.25382576 2.40725053
37800 0.04374400 0.28540789 4.60402246
37900 0.03366052 0.23572686 1.20471978
38000 0.02638748 0.20632136 0.36812939
38100 0.01749769 0.25681464 1.76703610
38200 0.03360680 0.26724984 2.82597868
38300 0.07254223 0.19322975 2.65410558
38400 0.03037087 0.23722090 1.15389264
38500 0.05365790 0.29946448 6.38617703
38600 0.03026592 0.29100252 4.59874179
38700 0.08709065 0.22530248 4.11249842
38800 0.00277854 0.29357982 4.38245136
38900 0.04156689 0.29621081 5.49216263
39000 0.04579601 0.28444451 4.61407522
39100 0.02977303 0.28092078 3.71730345
39200 0.02025607 0.27792507 3.24131227
39300 0.01600980 0.26374893 2.16011966
39400 0.06669830 0.23197431 2.73550993
39500 0.02220878 0.33179593 8.93169854
39600 0.11208199 0.14807735 7.62916661
39700 0.06105179 0.29603601 6.47511799
39800 0.02195616 0.27435878 3.00565061
39900 0.02867098 0.32658987 8.42351053
40000 0.05449189 0.34924630 12.62191220
40100 0.04459200 0.27679463 3.94293081
40200 0.01663453 0.26343271 2.15020851
40300 -0.01838742 0.24986565 1.41233998
40400 -0.00195589 0.28358799 3.49538873
40500 0.04118361 0.23516450 1.46631596
40600 0.07873203 0.18289006 3.24574158
40700 0.09845802 0.24766909 5.98316196
40800 -0.01576517 0.33183484 8.81448287
40900 0.02229822 0.27398617 2.98558224
41000 0.01288215 0.22943263 0.51611461
41100 0.08814170 0.21992943 4.08307083
41200 0.07931888 0.26716604 5.40138080
41300 0.05297640 0.23089560 1.88051839
41400 0.03328632 0.23135763 1.04564014
41500 -0.00358286 0.33724942 9.42512031
41600 0.06390215 0.23837665 2.77812575
41700 0.01578247 0.23495698 0.73553854
41800 0.08900585 0.29324235 8.30808867
41900 0.07913302 0.26331913 5.13567341
42000 0.04752479 0.26621389 3.32144248
42100 0.04154841 0.25116317 2.17197032
42200 0.03483356 0.26675554 2.83483967
42300 0.01956368 0.23929853 0.96355610
42400 0.06624828 0.20615847 2.21338070
42500 0.02645957 0.25626875 1.93314076
42600 0.07606334 0.18138332 3.06610584
42700 0.07049241 0.27123807 5.02202094
42800 -0.01976957 0.24900702 1.39626199
42900 0.01304685 0.34297000 10.30532064
43000 -0.00438138 0.26005910 1.81314617
43100 0.00293138 0.34958749 11.19250580
43200 0.04071566 0.24163855 1.69576680
43300 0.03815250 0.26177143 2.63566117
43400 0.00819972 0.25888408 1.76728508
43500 0.01348240 0.35465670 12.05023438
43600 0.06380963 0.26698382 4.27925021
43700 0.00239287 0.30593620 5.61410256
43800 0.03823934 0.18927222 0.78866606
43900 -0.00710116 0.32969098 8.43508823
44000 0.06888452 0.29169767 6.57676974
44100 -0.02722336 0.30100619 5.47168097
44200 0.09599358 0.29314185 8.94508532
44300 0.02286753 0.36022506 13.09749760
44400 0.06182756 0.26211087 3.84020351
44500 0.04062209 0.21858930 0.99785813
44600 0.06426653 0.24500706 3.07791117
44700 0.02739398 0.34255201 10.53575305
44800 0.04008205 0.30843268 6.68210844
44900 0.09635638 0.26596474 6.81794959
45000 0.15183705 0.26991106 13.97102226
45100 -0.00629555 0.25118644 1.32984262
45200 0.03813519 0.25130112 2.04304890
45300 0.08464195 0.23423879 4.16827716
45400 0.00976893 0.30764300 5.84122391
45500 0.04790031 0.19890068 1.14782393
45600 0.02576527 0.29631123 4.96985153
45700 0.10821302 0.22249137 6.10795944
45800 0.01399721 0.28469616 3.68468050
45900 0.09664392 0.25530475 6.19933092
46000 0.03845917 0.31394929 7.23177454
46100 0.07547956 0.17274780 3.21992315
46200 0.04600755 0.25666619 2.66387576
46300 0.08603358 0.36837597 17.87612270
46400 0.08782721 0.22014525 4.05972455
46500 -0.00115141 0.32238709 7.48996314
46600 0.02896006 0.26292081 2.39885697
46700 0.05857067 0.26923945 4.11231187
46800 0.10035123 0.24771115 6.17336171
46900 -0.01953198 0.31861222 7.22517867
47000 0.03284652 0.30065666 5.60532827
47100 0.01556942 0.25902095 1.86293945
47200 0.02938321 0.31184270 6.68608113
47300 0.03253982 0.24777815 1.67079580
47400 0.02915777 0.26754115 2.70599137
47500 0.05034132 0.32828667 9.49585978
47600 0.05739767 0.24697343 2.75049793
47700 0.00681187 0.32069169 7.30644314
47800 0.03138729 0.26503899 2.60761590
47900 0.06894466 0.23716426 3.06727458
48000 0.00299435 0.34761167 10.89908563
48100 -0.04477599 0.28507518 4.62133765
48200 0.03184795 0.26480722 2.60713401
48300 -0.02156173 0.35064608 11.57957470
48400 0.02636960 0.24963372 1.57943121
48500 0.13946899 0.27848030 12.80537856
48600 0.04327116 0.28170294 4.27388178
48700 0.07704124 0.25329787 4.38800749
48800 0.02581619 0.31548767 7.00193931
48900 0.04522762 0.26429156 3.08947115
49000 0.02372405 0.23520192 0.90100296
49100 0.04030725 0.25994375 2.60896404
49200 0.03912472 0.27694422 3.72557830
49300 0.02525159 0.30300234 5.62356267
49400 0.07101386 0.23617550 3.17581751
49500 0.00267021 0.28137196 3.31426285
49600 0.02630223 0.26687521 2.58205031
49700 -0.01461234 0.25167428 1.44187594
49800 0.01602244 0.33628345 9.41494910
49900 0.02646786 0.28360009 3.84476150
50000 0.01059417 0.29413879 4.48717444
50100 0.00690483 0.32080183 7.32037976
50200 0.07334689 0.16363484 3.35109540
50300 0.05846710 0.20947647 1.75410285
50400 0.04400501 0.32309035 8.54383808
50500 0.07218150 0.30116593 7.72235730
50600 0.06271155 0.26311069 3.95784920
50700 0.03491256 0.19967863 0.60949490
50800 0.03282578 0.30874707 6.45172886
50900 0.02220595 0.28089954 3.51892003
51000 0.02908432 0.29393142 4.83450421
51100 0.00214604 0.29702904 4.70962018
51200 0.09235665 0.22320647 4.53414535
51300 -0.04861768 0.34358397 11.49001808
51400 0.07406688 0.17953548 2.95234942
51500 0.07804569 0.29121401 7.20556269
51600 0.00423250 0.29391284 4.41876750
51700 0.04604123 0.22684915 1.42033589
51800 0.06550465 0.24849201 3.32116711
51900 0.09468806 0.26242499 6.43135420
52000 0.02152431 0.28002915 3.43398014
52100 -0.00500986 0.22779098 0.39871852
52200 0.11436849 0.20996728 6.58974964
52300 -0.02507831 0.32599822 8.25223642
52400 0.06809447 0.25275707 3.71008303
52500 0.04327875 0.31237834 7.25097028
52600 0.01850750 0.29171428 4.37701853
52700 0.03687535 0.28231347 4.06764922
52800 0.03289149 0.29898653 5.44009189
52900 0.08793931 0.13155197 6.20922725
53000 0.02303588 0.28859067 4.18947962
53100 -0.04319945 0.25407231 2.39500389
53200 -0.04826273 0.29815654 5.98199895
53300 0.07785581 0.27774846 6.05317492
53400 0.04370449 0.23599093 1.60271461
53500 0.04070611 0.30085685 5.91454561
53600 0.04764496 0.23929836 1.90720169
53700 0.04846814 0.24357968 2.12417474
53800 0.01556430 0.30908381 6.07076227
53900 0.06651136 0.20751452 2.24011442
54000 0.07675017 0.20921127 2.98771800
54100 0.03773850 0.31099969 6.87256248
54200 0.02879816 0.32236975 7.90184506
54300 0.02131546 0.29526785 4.76515598
54400 0.04729071 0.29472612 5.60472490
54500 0.05980996 0.21942526 1.97728600
54600 0.09119695 0.24259598 5.06565051
54700 -0.01391744 0.25333553 1.51918700
54800 0.02327588 0.32073690 7.55958319
54900 0.08888048 0.15559435 4.93580048
55000 -0.00544863 0.29277617 4.31855308
55100 0.06150039 0.28165893 5.22523921
55200 0.02354155 0.23511434 0.89361077
55300 0.04618722 0.24148261 1.92703324
55400 0.09925885 0.12365800 7.84021026
55500 0.03054042 0.37473391 15.73232804
55600 0.08227290 0.20659078 3.40613413
55700 -0.00587547 0.27404832 2.75883751
55800 0.03361267 0.30153555 5.71963959
55900 0.06628150 0.24678229 3.29090958
56000 0.07940810 0.24351751 4.09971038
56100 0.05046674 0.28321960 4.73619691
56200 0.04404634 0.27489108 3.77437712
56300 0.00324937 0.33090000 8.57268406
56400 0.06225765 0.24012769 2.74312318
56500 -0.00977373 0.25681070 1.66149092
56600 0.02771666 0.25193622 1.73279236
56700 0.04450394 0.27296835 3.65249044
56800 0.00451664 0.27205827 2.60639683
56900 0.02956193 0.32998614 8.88515145
57000 0.02782472 0.25323653 1.80417175
57100 0.00693984 0.28633602 3.75103497
57200 0.03510775 0.26538239 2.75370516
57300 0.07180826 0.22016940 2.78161569
57400 -0.00187313 0.26379463 2.03663201
57500 0.02731956 0.31042380 6.46988687
57600 0.07605725 0.25562013 4.43915176
57700 0.00494706 0.23811907 0.73876839
57800 0.02488818 0.30482775 5.80413966
57900 0.06021061 0.27493440 4.62024146
58000 -0.01947837 0.30231078 5.42345097
58100 0.04192419 0.19625396 0.88583540
58200 0.08960883 0.20924063 4.05756545
58300 0.07035229 0.17055322 2.90827872
58400 0.11222690 0.15247018 7.42698035
58500 0.07942255 0.29660495 7.82022834
58600 0.07223398 0.29393089 7.02038020
58700 0.00121179 0.28473081 3.59038900
58800 0.06340606 0.28697898 5.79283512
58900 0.04201583 0.28751428 4.71203943
59000 -0.01621292 0.35010889 11.39776845
59100 -0.00187498 0.27631270 2.91357213
59200 0.04522167 0.25304424 2.42934547
59300 0.04596569 0.19046390 1.10189077
59400 0.02863451 0.25882348 2.14006844
59500 0.06603779 0.22557340 2.50749407
59600 0.03283906 0.31426809 7.06780008
59700 0.10038314 0.28650168 8.77965732
59800 0.07565486 0.26266676 4.82538986
59900 0.05673196 0.31514653 8.23861954
60000 0.06078589 0.24413877 2.82157771
60100 -0.00351323 0.29892143 4.89889620
60200 0.05689336 0.30038683 6.65718518
60300 0.01300889 0.33120428 8.69189771
60400 0.07034246 0.20530178 2.48808494
60500 0.03748112 0.30951105 6.69875170
60600 0.03876331 0.31337880 7.17867374
60700 0.11303064 0.20462100 6.39863924
60800 -0.00590133 0.33847556 9.60515346
60900 0.01175697 0.25929983 1.82734821
61000 0.02101922 0.25034385 1.48815549
61100 0.07711804 0.23568660 3.61036301
61200 0.06910563 0.22388325 2.67299859
61300 0.04763063 0.22487838 1.44380535
61400 0.06880308 0.27898665 5.48637687
61500 0.06447907 0.31371525 8.54435406
61600 0.09992862 0.24924123 6.20521376
61700 0.05662682 0.28536420 5.24682161
61800 0.08317110 0.25639615 5.04897855
61900 -0.02672322 0.34139755 10.35369818
62000 0.00878517 0.28051492 3.27991575
62100 0.00051006 0.27172993 2.57272178
62200 -0.01031675 0.24801385 1.20588230
62300 0.00861786 0.28241900 3.43357988
62400 -0.04056710 0.27893523 3.93822966
62500 0.07520976 0.26613061 5.01488277
62600 -0.00822542 0.30439834 5.48333591
62700 -0.03433414 0.24630326 1.66141232
62800 0.09647414 0.25653157 6.25153844
62900 0.09757304 0.27689675 7.71680398
63000 0.04969511 0.27772090 4.25507097
63100 0.07228320 0.27291510 5.27073650
63200 0.05006721 0.25019011 2.51288643
63300 0.03918628 0.34887148 11.84914117
63400 0.03742905 0.22118736 0.92491907
63500 0.03640023 0.30323853 5.99158564
63600 0.07925047 0.25507130 4.65674242
63700 0.06608358 0.24841353 3.35545431
63800 0.04889768 0.24103651 2.03748950
63900 0.09275074 0.29418097 8.73637798
64000 0.03102588 0.26698222 2.72461143
64100 -0.03150421 0.35426673 12.39536935
64200 0.02001435 0.29797155 4.99949953
64300 -0.01479093 0.36525000 13.76316714
64400 0.04796546 0.27968658 4.32531829
64500 0.06525725 0.26762873 4.41607710
64600 0.04455596 0.25113659 2.30009246
64700 0.06951716 0.23581104 3.05753322
64800 0.06221119 0.23445074 2.52854275
64900 0.03007779 0.24756030 1.58332786
65000 -0.00159550 0.23354226 0.56381451
65100 -0.04496745 0.28044417 4.24666774
65200 0.05387839 0.33197100 10.15961265
65300 0.04492345 0.29641545 5.65702753
65400 -0.00035448 0.32364568 7.64418958
65500 0.04079276 0.32602944 8.77373471
65600 0.06209611 0.23515111 2.54576364
65700 0.02458581 0.33089977 8.86960619
65800 0.02955171 0.28223994 3.81835569
65900 0.03679066 0.24553388 1.71344346
66000 0.09663586 0.21647001 4.80487574
66100 0.03277185 0.26725511 2.79862198
66200 0.04234265 0.28255791 4.30435440
66300 0.05333046 0.23561935 2.05643782
66400 0.01501507 0.24212825 1.00012065
66500 0.02037070 0.30085235 5.29308088
66600 -0.02200773 0.34906264 11.35200486
66700 0.03872056 0.35444490 12.67625527
66800 0.07720791 0.17253091 3.35780622
66900 0.02576954 0.28639068 4.06370971
67000 0.00332903 0.30327702 5.33861310
67100 0.07338071 0.26708199 4.94236039
67200 0.01243483 0.23896939 0.83661934
67300 0.01485350 0.24423178 1.08853848
67400 0.06393906 0.25342945 3.47145463
67500 0.12979814 0.27679291 11.37235385
67600 0.00561009 0.23914129 0.78175673
67700 0.00865995 0.30753113 5.81896974
67800 0.01213892 0.33295168 8.91175101
67900 -0.01940483 0.32046799 7.44454235
68000 -0.01406926 0.22731240 0.47195560
68100 0.07920371 0.20218508 3.13900137
68200 0.00438218 0.34490350 10.50811460
68300 -0.00025205 0.25404713 1.46057799
68400 0.09085711 0.21636059 4.26134131
68500 0.08794766 0.14155931 5.57505230
68600 0.00072525 0.35548513 12.08807518
68700 -0.02205283 0.27626789 3.15155941
68800 0.05080101 0.27047590 3.77379742
68900 -0.02440774 0.30636074 5.95417269
69000 0.04800519 0.27867638 4.24723508
69100 -0.01239519 0.31617357 6.82496959
69200 0.00771421 0.25761254 1.68935669
69300 -0.00651753 0.31159018 6.24742338
69400 0.00740141 0.36378719 13.44051178
69500 0.07594710 0.24317508 3.81602496
69600 0.04438180 0.26203164 2.90883457
69700 0.07942350 0.20802944 3.18628213
69800 0.03242062 0.27456594 3.30558772
69900 -0.00801323 0.37714099 15.72157137
70000 0.06369178 0.28322214 5.49128345
70100 0.02320008 0.29157962 4.46253517
70200 0.02961348 0.24206797 1.32333599
70300 0.06076620 0.30575532 7.43835919
70400 0.02002856 0.24909649 1.40580414
70500 0.00504689 0.27674045 2.95728371
70600 0.00257128 0.22505272 0.31712506
70700 0.03407577 0.26776622 2.87670905
70800 0.06539205 0.20313328 2.14296861
70900 0.04896048 0.22071353 1.41308936
71000 0.04851764 0.32642255 9.16831157
71100 0.02596822 0.27998829 3.53623776
71200 0.02820200 0.27832841 3.46534611
71300 0.01951019 0.30372224 5.56947494
71400 0.06030072 0.16730839 2.35245885
71500 0.04238689 0.33087851 9.46291581
71600 0.05288954 0.31563647 8.08454884
71700 0.07692165 0.21953816 3.14934021
71800 -0.01327310 0.28372961 3.59341128
71900 0.07326985 0.25984923 4.47520098
72000 -0.02490500 0.31799679 7.27175030
72100 -0.00667810 0.25635732 1.61037200
72200 0.05685209 0.26017861 3.42681255
72300 0.07490557 0.26044238 4.63206318
72400 -0.00546754 0.29916983 4.93227454
72500 0.05627638 0.25930618 3.34212676
72600 0.04536956 0.25818418 2.72189790
72700 -0.03058743 0.29497315 4.97774531
72800 0.02458486 0.28288453 3.73713033
72900 -0.02614569 0.25003428 1.59351315
73000 0.04758742 0.29602244 5.74243522
73100 0.03560686 0.27454643 3.41250897
73200 0.02817107 0.27531323 3.23284593
73300 -0.02330753 0.32945110 8.65041455
73400 0.08093693 0.25660693 4.87756569
73500 0.01143032 0.25897308 1.80423801
73600 0.00765205 0.33288071 8.85791801
73700 0.00095689 0.29810512 4.81276557
73800 0.04411414 0.27378849 3.69539942
73900 0.07821200 0.24548173 4.09285250
74000 0.03619686 0.26891672 3.02986369
74100 0.03640602 0.23645918 1.32733500
74200 0.04692297 0.23696882 1.78422917
74300 0.05293210 0.25900367 3.14161979
74400 0.06534708 0.16155524 2.87412017
74500 0.04657287 0.24907162 2.28852785
74600 0.03134018 0.30189078 5.68196877
74700 0.05805721 0.31454683 8.24580860
74800 0.00870541 0.29259435 4.32474870
74900 0.10963374 0.17394533 6.34920131
75000 -0.05159297 0.24501082 2.34390455
75100 0.02191344 0.33395205 9.21167600
75200 0.00884975 0.24158353 0.90375381
75300 -0.00955329 0.25814606 1.73611459
75400 0.01369717 0.27542171 2.93802331
75500 0.03320316 0.31186993 6.80866533
75600 -0.06831925 0.31692108 9.16902939
75700 0.02133377 0.31057777 6.34128634
75800 -0.00595079 0.28141766 3.33212332
75900 0.01211080 0.33034794 8.56862832
76000 0.04011398 0.25860303 2.52172366
76100 -0.03073171 0.32092428 7.78355932
76200 0.05776535 0.24495416 2.67885617
76300 0.07438734 0.22490700 3.07691737
76400 0.04156309 0.26715939 3.11893747
76500 0.03766219 0.20738156 0.73646388
76600 0.06205653 0.27089263 4.43838852
76700 0.06709151 0.26280660 4.22296972
76800 0.08225286 0.20453543 3.39305137
76900 0.02888220 0.25823665 2.11284415
77000 0.06807628 0.29834327 7.15288956
77100 0.00349203 0.24647452 1.08603786
77200 0.10769639 0.24971564 7.03507861
77300 -0.01196400 0.29202568 4.30593196
77400 0.02004185 0.25740064 1.84825442
77500 0.05273183 0.27620836 4.29417997
77600 0.04981549 0.28080638 4.50562725
77700 -0.00651626 0.34856652 11.05723624
77800 0.06558545 0.23028531 2.60932554
77900 0.06753893 0.32490095 10.08087687
78000 0.04082901 0.24341152 1.77578391
78100 0.06797957 0.23819676 3.04010685
78200 0.06584896 0.29242983 6.43967895
78300 0.04601269 0.24965781 2.29153317
78400 0.07267639 0.30075243 7.71645508
78500 0.01893698 0.32824675 8.40291851
78600 0.08227297 0.30846722 9.26698984
78700 0.06920203 0.26522095 4.52134652
78800 0.03145740 0.27666959 3.43389721
78900 -0.00094680 0.31752768 6.90682645
79000 0.06309234 0.27731412 4.97905815
79100 -0.00214184 0.24390209 0.96599051
79200 0.00441631 0.28384571 3.52480362
79300 -0.03405304 0.28355377 4.07042088
79400 0.04294705 0.24798876 2.07368509
79500 0.03776536 0.27293413 3.37280455
79600 0.02298085 0.28499678 3.87628577
79700 0.05820966 0.27149712 4.25010131
79800 0.05993936 0.21776925 1.95423681
79900 0.00938420 0.31850059 7.06522701
80000 0.05990854 0.29889397 6.68452516
80100 0.03096832 0.33779106 9.97270663
80200 0.04622203 0.24269981 1.97987489
80300 0.04867853 0.22680506 1.54405507
80400 0.06500921 0.29751144 6.86733911
80500 0.03277123 0.32050995 7.79830093
80600 -0.00099924 0.27826619 3.06329740
80700 0.04051597 0.24929130 2.03558794
80800 0.02706539 0.21724786 0.51501203
80900 0.09128976 0.28761660 8.00524386
81000 0.10909288 0.18432060 6.07355010
81100 0.01698316 0.34608095 10.81403582
81200 0.05100059 0.26264379 3.26265256
81300 0.07146357 0.24161296 3.41933992
81400 0.03850629 0.31732799 7.62429531
81500 0.10205541 0.25289138 6.60640229
81600 0.00810998 0.35511901 12.06383912
81700 0.04182410 0.25707036 2.50314085
81800 0.04470559 0.21665569 1.13800077
81900 0.00421822 0.36500807 13.62272895
82000 0.01800018 0.26924174 2.55921231
82100 0.02640381 0.27986001 3.53739143
82200 0.02570587 0.21946845 0.51990619
82300 0.01907098 0.26710322 2.43327214
82400 0.00939399 0.28321754 3.50670325
82500 -0.04087828 0.31755221 7.74477785
82600 0.03820614 0.31348550 7.16933418
82700 -0.01882348 0.33619308 9.45143889
82800 0.03332322 0.25206420 1.91055922
82900 0.01647002 0.31654419 6.92690501
83000 -0.02141156 0.25774487 1.89646260
83100 -0.00904903 0.33276565 8.85430172
83200 0.00734620 0.33526598 9.17542657
83300 0.03602064 0.25304513 2.05563636
83400 0.08436455 0.26971949 5.98909202
83500 0.03171984 0.31883912 7.56444202
83600 0.04960826 0.27040608 3.70899787
83700 -0.01503523 0.29441629 4.57024655
83800 0.03973343 0.28567312 4.45931464
83900 0.01716398 0.28234069 3.53729588
84000 -0.00584054 0.28545654 3.66846589
84100 0.06350873 0.39693006 21.40740432
84200 0.07293198 0.20269414 2.66316635
84300 0.01625079 0.33022743 8.61163583
84400 0.05428077 0.25171024 2.81017572
84500 -0.01584403 0.28184474 3.47479722
84600 0.02887092 0.26175132 2.32337765
84700 -0.03286894 0.31467141 7.11494960
84800 0.04352059 0.28397890 4.47324905
84900 0.00507194 0.34704369 10.82378503
85000 0.10692567 0.17915213 5.93386581
85100 0.05813754 0.21659860 1.82774369
85200 0.09397102 0.20570733 4.43156311
85300 0.06547751 0.21053336 2.19912785
85400 0.05944000 0.25327749 3.18580227
85500 0.02026604 0.28397010 3.73084494
85600 0.01276444 0.32910695 8.41576715
85700 -0.02253533 0.24151288 1.11558039
85800 -0.01268909 0.29343949 4.44597540
85900 0.05158384 0.21959331 1.52239516
86000 0.08206617 0.15757524 4.26735838
86100 0.08646292 0.27365085 6.45014222
86200 0.05683637 0.23298698 2.15925720
86300 0.06692415 0.31209168 8.52169302
86400 0.03890397 0.25266093 2.14334615
86500 0.04212379 0.21850647 1.05845177
86600 0.00872839 0.27816101 3.09266384
86700 0.01823284 0.29572523 4.74787799
86800 0.04772688 0.23351964 1.70071092
86900 0.04312110 0.23024527 1.38710269
87000 0.10054207 0.22382331 5.33812946
87100 0.01168181 0.21360886 0.16083294
87200 0.04536792 0.31114568 7.20580545
87300 0.06519908 0.31641456 8.90163536
87400 0.01560872 0.25475609 1.62093071
87500 0.05859406 0.25181150 3.05884775
87600 0.06110407 0.25558595 3.41175215
87700 0.01226991 0.27436592 2.84042005
87800 0.01362614 0.24506751 1.10837587
87900 0.06144440 0.24637384 2.96297386
88000 0.01246778 0.33230576 8.83012933
88100 0.03779132 0.29814094 5.52991360
88200 -0.00314176 0.28489096 3.60817270
88300 0.07727759 0.26220398 4.92058015
88400 0.04270983 0.20886670 0.95137391
88500 0.10460580 0.25413719 6.93660413
88600 0.02685363 0.35317556 12.09193410
88700 0.01693747 0.25242576 1.51766905
88800 0.02678001 0.26213508 2.28896843
88900 0.02092703 0.28742032 4.04012686
89000 0.00903765 0.28945067 4.04155046
89100 -0.01518796 0.30049484 5.16494344
89200 0.08509854 0.27007815 6.07635482
89300 0.11181115 0.20253605 6.25408287
89400 -0.03074412 0.30867075 6.37726606
89500 0.03200911 0.27485384 3.31384007
89600 0.05223958 0.22013499 1.56719590
89700 -0.01043855 0.34908445 11.16756857
89800 0.07800868 0.22769120 3.42607837
89900 0.02863710 0.25405302 1.87090639
90000 -0.01407529 0.33610210 9.36094813
90100 0.09485849 0.22122017 4.72421400
90200 -0.00341951 0.29851929 4.85887191
90300 0.02849148 0.26622519 2.59877003
90400 0.11506994 0.15812373 7.49735600
90500 0.04055324 0.29676741 5.50424845
90600 0.01187187 0.34748515 10.94640589
90700 0.03663218 0.21831499 0.83867795
90800 0.05599187 0.25025459 2.83030658
90900 0.05018422 0.27551544 4.11051844
91000 0.05331766 0.25795753 3.10092417
91100 0.01768283 0.25628400 1.74028577
91200 0.02297465 0.33634458 9.55883974
91300 0.00949859 0.36241808 13.23492756
91400 0.05165055 0.31090265 7.48358812
91500 0.07256446 0.27749396 5.63545700
91600 0.02440228 0.30564026 5.87766761
91700 0.04570805 0.19786984 1.04688157
91800 0.05686100 0.28410880 5.15373222
91900 0.02074940 0.32511719 8.04242478
92000 0.04827582 0.31321119 7.57366365
92100 0.01797609 0.33524553 9.30724593
92200 0.03166522 0.24000322 1.30147189
92300 0.06925429 0.33256830 11.18525617
92400 0.04263508 0.27373546 3.62733438
92500 0.06382088 0.27091623 4.55110870
92600 0.01532210 0.25437298 1.59559367
92700 0.00739936 0.25675238 1.63779175
92800 0.08990172 0.21305648 4.12639538
92900 0.00137626 0.26222754 1.93708041
93000 0.08788102 0.27007114 6.31651881
93100 0.02809546 0.32118098 7.73709195
93200 0.03476822 0.29624563 5.23602489
93300 0.04617147 0.24104078 1.90807490
93400 0.08311072 0.29139314 7.63004928
93500 -0.01736390 0.18581219 0.25139945
93600 0.10406931 0.25206086 6.77037650
93700 -0.01703327 0.35176131 11.66081410
93800 0.03640151 0.27451145 3.43851276
93900 -0.00851127 0.33348429 8.94524930
94000 0.01579808 0.26743982 2.39885403
94100 0.04467171 0.24623914 2.06680974
94200 -0.01232981 0.29565757 4.65119713
94300 0.04387399 0.29023908 5.03400865
94400 0.07149273 0.22011768 2.75796577
94500 0.13005722 0.28671135 12.21686925
94600 0.03136307 0.26091634 2.34722158
94700 0.06117154 0.30084767 6.95610454
94800 0.03976217 0.23463135 1.39018022
94900 0.07786598 0.26063420 4.86980863
95000 0.07388022 0.30146057 7.87626739
95100 0.03966924 0.25997330 2.58522255
95200 -0.01856761 0.33047863 8.68471450
95300 0.03245275 0.28869043 4.45958682
95400 0.04024415 0.34108938 10.76290185
95500 0.05974979 0.30741090 7.55356917
95600 0.04747184 0.33738172 10.56365623
95700 0.03343274 0.26204928 2.48393078
95800 0.08119945 0.21158074 3.36373196
95900 0.00853528 0.32407591 7.73384178
96000 0.05734867 0.28549372 5.29902279
96100 0.09533108 0.15340389 5.62960646
96200 0.05009849 0.25544492 2.79199923
96300 0.07227002 0.26111407 4.47894276
96400 0.04224345 0.26940145 3.30053488
96500 -0.00194147 0.28589125 3.69053782
96600 0.07418556 0.30765326 8.54636053
96700 -0.00844333 0.38816922 17.73947290
96800 0.07222661 0.28187787 5.96033450
96900 0.06115749 0.29027027 5.94448014
97000 0.00599044 0.26218273 1.95128864
97100 -0.01508383 0.36371570 13.51517608
97200 0.00878804 0.27294315 2.69896608
97300 -0.02789941 0.27613119 3.28716750
97400 0.10672998 0.23955954 6.47812294
97500 0.02102299 0.28258944 3.63149071
97600 0.11579818 0.26135354 8.58673756
97700 0.11406222 0.29000130 10.55521156
97800 0.01748754 0.26442020 2.22788819
97900 -0.01427611 0.28756780 3.93596319
98000 0.06397130 0.33298254 10.88834091
98100 0.05548325 0.31888741 8.60630327
98200 0.07907549 0.28131390 6.43244149
98300 -0.03008021 0.28856109 4.37394304
98400 0.00382835 0.30941572 5.99322819
98500 0.05824534 0.25479667 3.19759711
98600 0.10520654 0.18937923 5.59060836
98700 0.00984023 0.28651444 3.79078886
98800 0.04353953 0.29522258 5.48151505
98900 -0.00055428 0.30233694 5.23657851
99000 0.07208797 0.28078719 5.86162321
99100 0.00635020 0.27894159 3.13604998
99200 0.04001604 0.29107692 4.94814392
99300 0.09679357 0.27493251 7.49193822
99400 0.00702911 0.24834836 1.19348621
99500 -0.01067133 0.26698330 2.30031961
99600 0.07005242 0.31130991 8.64861905
99700 0.00528506 0.22630888 0.36004444
99800 0.02552074 0.26783274 2.62629431
99900 -0.02488473 0.30336510 5.65179681
100000 0.03268394 0.23155662 1.03203002
100100 0.03302067 0.30897197 6.48262742
100200 0.01191285 0.29121169 4.23074455
100300 0.00279547 0.33527788 9.15395951
100400 0.02969988 0.31842513 7.45329686
100500 0.02175835 0.25205058 1.59134449
100600 0.03075980 0.18308715 0.61610479
100700 0.03933182 0.34725337 11.61527312
100800 0.01161070 0.30882080 5.98838714
100900 0.09369744 0.26621891 6.58207757
101000 0.04542324 0.26010054 2.83767312
101100 0.01606316 0.30628992 5.77778564
101200 0.02107503 0.36974998 14.62960676
101300 0.04115415 0.20288311 0.85098811
101400 0.01365665 0.30376179 5.47650670
101500 0.04784669 0.25080298 2.43512395
101600 0.01178733 0.26414127 2.12652179
101700 0.07975200 0.33517067 12.31574604
101800 -0.01437167 0.26011822 1.91037264
101900 -0.00300864 0.21176448 0.07372747
102000 0.00176018 0.22035509 0.20871403
102100 0.04232822 0.26111143 2.76314265
102200 0.03886577 0.31662011 7.55539942
102300 0.01975557 0.30383164 5.58564604
102400 0.05195252 0.32122148 8.69685576
102500 0.05844206 0.23605796 2.35782540
102600 0.05819703 0.27091933 4.20822269
102700 0.02765891 0.35853311 12.94888154
102800 -0.00846105 0.30682015 5.74106679
102900 0.07962802 0.26258002 5.12844024
103000 -0.01996638 0.27257726 2.83305779
103100 0.05986505 0.23513532 2.40915736
103200 0.02560607 0.26776506 2.62388672
103300 -0.00056322 0.33648709 9.31452093
103400 0.01837036 0.27312674 2.84249479
103500 0.04756512 0.23135996 1.62294390
103600 0.04639143 0.20046676 1.07619131
103700 0.05331523 0.30456531 6.88820901
103800 0.02638791 0.30629298 5.99725959
103900 0.08048782 0.25284506 4.63544507
104000 0.02769128 0.29435560 4.83489319
104100 0.03374516 0.21576878 0.69369516
104200 0.05274542 0.29080547 5.51385603
104300 0.06742879 0.30028697 7.30205915
104400 0.04543557 0.30952509 7.03006861
104500 0.02181520 0.31693680 7.07505967
104600 0.06136744 0.23562616 2.51759279
104700 0.03531368 0.31133292 6.82103799
104800 0.07450816 0.26986900 5.21657191
104900 0.03923337 0.26944793 3.18113574
105000 0.02721243 0.27658626 3.30298611
105100 0.03339116 0.22792758 0.94745984
105200 0.10181440 0.18759944 5.25997265
105300 0.05660314 0.18934255 1.65874836
105400 0.03285339 0.29734482 5.27767971
105500 0.06906204 0.29517236 6.91367105
105600 0.03058510 0.27340069 3.16155484
105700 0.07715786 0.23060048 3.44486220
105800 0.02116292 0.25184674 1.56797685
105900 0.05044894 0.26615340 3.46068425
106000 0.10306921 0.17416194 5.64543388
106100 0.03785867 0.32129862 8.07331686
106200 0.03656100 0.31622565 7.42255412
106300 0.04566259 0.26184934 2.95520614
106400 -0.00725112 0.33299778 8.87049431
106500 0.04388860 0.18533265 1.07067025
106600 0.02513988 0.26777138 2.61248717
106700 -0.00192103 0.29262094 4.29116459
106800 0.04252367 0.23182588 1.41057457
106900 0.05399800 0.27964651 4.62967493
107000 0.02910133 0.29477748 4.91482942
107100 0.08350490 0.30558190 9.06030340
107200 0.03495279 0.26484637 2.71337467
107300 0.04362310 0.21687800 1.09392101
107400 0.01909448 0.29677620 4.86511647
107500 0.04708107 0.19998265 1.10831372
107600 0.00429324 0.27499462 2.82131260
107700 0.01661406 0.27951429 3.29927449
107800 0.07367795 0.19695006 2.71887156
107900 0.05735764 0.28045632 4.88155896
108000 0.08164913 0.25690940 4.95263006
108100 0.03459851 0.27400465 3.33687277
108200 -0.00058635 0.38115296 16.40836935
108300 0.06296468 0.21632177 2.11547570
108400 0.04884318 0.28097486 4.47129222
108500 -0.01880937 0.27984796 3.36474465
108600 -0.00402087 0.28321557 3.47049931
108700 0.06694412 0.34144296 12.24381344
108800 -0.00864812 0.28512556 3.66057545
108900 0.00294361 0.27906271 3.12978823
109000 0.03573564 0.29245469 4.91245283
109100 0.01600352 0.20640245 0.14855201
109200 0.04614802 0.25949306 2.83453181
109300 -0.04041233 0.37709483 16.49786712
109400 0.00212442 0.35689675 12.31055200
109500 0.01797001 0.32860287 8.43081037
109600 0.03307331 0.29828953 5.37733759
109700 -0.00127426 0.29781970 4.78515915
109800 0.02499812 0.31205397 6.59049907
109900 -0.00140423 0.31647594 6.78430867
110000 0.07537967 0.21352033 2.93244678
110100 0.05733460 0.26952347 4.06038516
110200 0.05549150 0.26357861 3.56077285
110300 0.09192686 0.15950212 5.04531254
110400 0.02254979 0.26415806 2.31237480
110500 0.03119779 0.25145408 1.81041240
110600 0.01380730 0.29489662 4.59800467
110700 0.02206896 0.27396054 2.97859994
110800 0.06630282 0.34359158 12.50730338
110900 0.04022702 0.20546811 0.82405666
111000 0.06921361 0.28129020 5.69931043
111100 0.05074994 0.36804260 15.40693611
111200 0.00243383 0.23640192 0.66551163
111300 0.00001354 0.31785695 6.94513011
111400 0.04006890 0.19405188 0.82044851
111500 0.04567173 0.34397091 11.40676476
111600 0.00955434 0.17595991 0.33460575
111700 0.03835991 0.34774625 11.65021834
111800 0.02858240 0.31301278 6.79442147
111900 0.02957129 0.29078372 4.55807276
112000 0.04814523 0.28958873 5.17205208
112100 0.07214286 0.24495606 3.61281982
112200 0.05419636 0.31867907 8.51098320
112300 0.01205943 0.20947496 0.11760229
112400 0.07683334 0.20550456 2.96683111
112500 0.06532673 0.26097573 3.99281025
112600 0.00987756 0.28580640 3.73015190
112700 0.00659675 0.32308059 7.59617447
112800 0.02285689 0.34081130 10.17512998
112900 0.04338867 0.29478785 5.43365706
113000 0.02523516 0.26207921 2.24532107
113100 0.04106911 0.21387691 0.93962033
113200 0.02261909 0.33344951 9.16019715
113300 0.05541088 0.21243909 1.61254857
113400 0.07903523 0.29368423 7.51165114
113500 0.00623590 0.31760923 6.93540854
113600 0.00535021 0.24464981 1.01111512
113700 0.02121656 0.29795167 5.02233631
113800 0.06823034 0.26477442 4.42555241
113900 0.00077118 0.29273316 4.30001705
114000 0.00468415 0.32088603 7.31768723
114100 0.06735360 0.32413075 9.97247535
114200 0.01509059 0.20820659 0.14753698
114300 0.02518721 0.28432325 3.87240333
114400 0.03586859 0.30367729 6.01776795
114500 0.05527471 0.25730643 3.16966002
114600 0.02589294 0.24717010 1.44773143
114700 0.04504738 0.18649499 1.10582601
114800 0.01960999 0.26467732 2.28385388
114900 0.09072393 0.30001904 9.11732009
115000 -0.00626250 0.25765049 1.68139898
115100 0.01708766 0.24535595 1.17457521
115200 0.05156205 0.31726377 8.20471817
115300 -0.00894835 0.31659750 6.83752469
115400 0.04878902 0.22452815 1.49099930
115500 0.13149932 0.25724066 10.28428166
115600 0.03500352 0.30754831 6.39594328
115700 0.07342571 0.22448870 2.99551530
115800 0.03978888 0.29388727 5.19898673
115900 -0.01717286 0.24569060 1.19126882
116000 0.02258476 0.23430712 0.84352505
116100 0.02946787 0.29976742 5.41094616
116200 0.02437311 0.26087630 2.14998629
116300 0.06012562 0.26912622 4.19676237
116400 0.04763101 0.26453733 3.21688978
116500 -0.00981892 0.29865699 4.91480637
116600 0.06411976 0.23582947 2.69754752
116700 0.11624435 0.21375886 6.85102777
116800 0.07248352 0.32449064 10.37589042
116900 0.11304155 0.25933259 8.14937417
117000 -0.00621665 0.26065420 1.85878904
117100 0.03999726 0.33072116 9.34390176
117200 0.02039196 0.33751317 9.66285237
117300 0.07544204 0.34063341 12.73462941
117400 0.03732238 0.33035482 9.19266961
117500 -0.00362267 0.29572683 4.58837492
117600 0.05048094 0.29406678 5.69844267
117700 0.04017455 0.26726746 3.06945286
117800 0.10618199 0.17214204 6.02534010
117900 0.00714617 0.22697467 0.38935013
118000 -0.00213091 0.30945729 5.99271975
118100 0.08358465 0.26822519 5.82053503
118200 0.01643041 0.28444170 3.70017995
118300 0.02240292 0.24750044 1.37909105
118400 0.05844903 0.20360097 1.71462819
118500 0.00834832 0.28390930 3.55523267
118600 0.07601312 0.25473200 4.38679285
118700 0.10995446 0.18440245 6.16663297
118800 0.08091776 0.22503407 3.58719445
118900 -0.01876457 0.31673167 6.98919580
119000 0.11048317 0.23417132 6.68710541
119100 0.05521413 0.23471616 2.12690586
119200 0.03753713 0.30181047 5.88720395
119300 0.06405054 0.27015663 4.51221192
119400 0.08921040 0.17667694 4.25123013
119500 0.07982801 0.22664149 3.54114016
119600 0.00246892 0.28173686 3.34350481
119700 0.07375873 0.23948710 3.49979083
119800 0.00396492 0.33853744 9.60417111
119900 0.10461225 0.18159037 5.64131877
120000 0.01730513 0.26345972 2.16330180
120100 0.07596869 0.23573118 3.52397929
120200 0.08034572 0.28389613 6.74699758
120300 0.02162570 0.32150663 7.61576622
120400 -0.00512963 0.26819816 2.33865084
120500 0.09017510 0.23373835 4.63491191
120600 0.02296256 0.25061902 1.54478226
120700 0.03473222 0.27232229 3.21842059
120800 0.01555008 0.29531751 4.66361670
120900 0.04539204 0.29412534 5.46000861
121000 0.03549954 0.30930984 6.60442969
121100 0.05658595 0.26344483 3.61360843
121200 -0.01065621 0.28688233 3.83104709
121300 0.06279672 0.25492080 3.47986121
121400 0.04112942 0.26953404 3.26330601
121500 0.01208940 0.27138540 2.62101415
121600 0.03808670 0.27321338 3.40539780
121700 0.06907698 0.24781905 3.52914561
121800 0.03213232 0.21590641 0.64274980
121900 0.07135163 0.31294517 8.92383282
122000 0.04974097 0.26851643 3.58433298
122100 0.00736833 0.26012108 1.83441838
122200 0.01740292 0.28693770 3.93051277
122300 0.03332783 0.20781169 0.58588324
122400 0.04849328 0.33206775 9.89674373
122500 0.00174833 0.25422966 1.47195611
122600 0.05963040 0.25265477 3.16415440
122700 0.02500685 0.28936656 4.30586218
122800 0.04248940 0.30198136 6.10277364
122900 0.07614675 0.26707014 5.14836535
123000 0.08756689 0.25313167 5.24546757
123100 0.03364484 0.32843949 8.81433858
123200 0.02111649 0.31428687 6.75369723
123300 0.02730163 0.32880357 8.66786947
123400 0.02758151 0.31253076 6.71195623
123500 0.01676738 0.25487240 1.64606267
123600 0.03298786 0.18724965 0.62538502
123700 0.02175018 0.28426878 3.78714892
123800 0.00875130 0.36268155 13.27093672
123900 0.02436301 0.29331512 4.65063389
124000 0.05984427 0.29197327 6.02020961
124100 0.08809918 0.23694775 4.56330113
124200 0.01218828 0.29794300 4.87069277
124300 0.02093784 0.23823176 0.95003041
124400 0.02339757 0.30324367 5.60335112
124500 0.08853693 0.18263903 4.07009557
124600 -0.02133750 0.26674165 2.45486847
124700 -0.01971001 0.34437398 10.61616524
124800 0.02967977 0.23285438 0.98014934
124900 0.01064645 0.27794590 3.09445486
125000 0.05107543 0.31264453 7.64874512
125100 -0.00105773 0.21204556 0.07310714
125200 0.05291610 0.19841821 1.40130796
125300 0.05464241 0.23177266 1.99764718
125400 0.00976232 0.24820525 1.20952466
125500 -0.00656596 0.33398510 8.99755960
125600 0.00051464 0.25538893 1.53409906
125700 0.07790693 0.18145485 3.20670650
125800 0.04829496 0.23711749 1.85505540
125900 0.03697187 0.23989818 1.47939216
126000 0.06124152 0.32416562 9.58381197
126100 0.08719644 0.23323516 4.35389766
126200 0.02849845 0.31488215 7.00503510
126300 0.01748030 0.27038162 2.62956667
126400 0.04598537 0.17401174 1.39502189
126500 0.02908494 0.29511044 4.94596484
126600 0.04264717 0.32657419 8.91990383
126700 0.01412429 0.29113071 4.25215098
126800 0.01096869 0.25280499 1.45433979
126900 0.04502207 0.21473927 1.12211656
127000 0.07268022 0.27247041 5.26718700
127100 -0.02418188 0.25647890 1.88731486
127200 0.04184455 0.24618748 1.94212453
127300 0.03491636 0.21981325 0.80585834
127400 0.02461400 0.20176298 0.30447850
127500 0.04035647 0.26121060 2.68769114
127600 0.08649412 0.20535625 3.75496112
127700 0.01630896 0.23899997 0.89348978
127800 0.03656889 0.24793363 1.81745853
127900 -0.02463871 0.25512790 1.82307575
128000 0.06336168 0.30725409 7.75907116
128100 -0.01246871 0.28058910 3.32503601
128200 0.03304975 0.22118055 0.77045091
128300 0.10058311 0.19506403 5.07066328
128400 -0.03381021 0.25982905 2.36132281
128500 0.09091540 0.27850767 7.21453214
128600 0.01951673 0.27752786 3.19573578
128700 0.04518150 0.25009250 2.27531331
128800 0.09735825 0.24212021 5.62637021
128900 0.04927533 0.26043868 3.04044628
129000 0.10377625 0.20265449 5.38827772
129100 0.09635308 0.24485571 5.64797513
129200 0.08427261 0.19025911 3.59837927
129300 0.03423076 0.29842540 5.42965247
129400 -0.00506080 0.29027918 4.08797136
129500 0.02313843 0.30016866 5.28457416
129600 0.07231243 0.18245766 2.76841090
129700 0.08602635 0.23365941 4.26674431
129800 -0.02507816 0.31981209 7.49192613
129900 0.07254659 0.24555434 3.66910289
130000 0.06683934 0.21524994 2.35002896
130100 0.02477258 0.35804981 12.79671118
130200 -0.01854455 0.28075683 3.43278295
130300 0.07343303 0.18639888 2.78870045
130400 0.02301352 0.25533698 1.79590182
130500 0.01824484 0.24322981 1.10084550
130600 0.08016308 0.26748931 5.49046326
130700 0.05703088 0.29369087 6.01524996
130800 0.01686029 0.25669531 1.74931360
130900 0.06489005 0.21143803 2.17077332
131000 0.03013950 0.28166640 3.78889500
131100 0.02010914 0.30618508 5.83982425
131200 0.01223364 0.28168449 3.41100868
131300 0.05725253 0.33986644 11.42023700
131400 0.04689538 0.23635884 1.76057099
131500 0.06877777 0.24686367 3.46329223
131600 0.05198241 0.29581473 5.94131718
131700 0.04611938 0.31771080 7.99141483
131800 0.05341297 0.33285660 10.25191138
131900 0.07335179 0.19518384 2.70184032
132000 0.08271910 0.25323566 4.83824245
132100 0.07293714 0.21091567 2.71948874
132200 0.05298393 0.26483470 3.50541776
132300 0.05496574 0.28671447 5.27031649
132400 0.01154282 0.27169742 2.63687835
132500 -0.01965279 0.31389896 6.67960306
132600 0.06749209 0.25170018 3.61404545
132700 0.03029791 0.27802276 3.50275711
132800 0.02543413 0.31339898 6.75311143
132900 0.05026072 0.25831192 2.96321028
133000 0.07579750 0.18828988 2.94119384
133100 0.04670164 0.25986780 2.88259839
133200 0.00982861 0.37595806 15.52892035
133300 -0.02572479 0.34958162 11.51821352
133400 0.05335256 0.30874094 7.33554353
133500 0.07071832 0.30421875 7.93131506
133600 0.01858619 0.26705459 2.42088215
133700 0.09016381 0.31494477 10.67090683
133800 0.07618538 0.19006521 2.95145617
133900 0.13053941 0.20474362 8.53152015
134000 0.11337487 0.19217747 6.45752685
134100 -0.00415747 0.28681294 3.77688568
134200 0.05965857 0.32932575 10.14214710
134300 0.01793292 0.26937493 2.56723557
134400 0.01397726 0.28201198 3.46066420
134500 0.06183798 0.29939853 6.85200208
134600 -0.00835984 0.27384738 2.76166140
134700 -0.00766049 0.30710876 5.76548450
134800 0.01156884 0.26667711 2.28983734
134900 0.05852654 0.21843330 1.88257130
135000 0.04827307 0.23044854 1.62870161
135100 0.05929971 0.23888246 2.51415078
135200 0.04939655 0.28376564 4.72835108
135300 0.02790745 0.31722443 7.26019683
135400 -0.01192176 0.29597194 4.67637080
135500 -0.04917361 0.30064922 6.27415524
135600 -0.01339572 0.29572511 4.67137128
135700 0.05138058 0.26737681 3.58979902
135800 0.08013578 0.25684311 4.82644093
135900 0.02217309 0.26816170 2.56883126
136000 0.01980838 0.27581685 3.07028372
136100 -0.00447675 0.27992892 3.20433653
136200 0.05009621 0.21140558 1.31985853
136300 0.01544770 0.32108604 7.45022972
136400 0.02670192 0.24728106 1.47424536
136500 0.03142997 0.31556699 7.17178620
136600 0.01133678 0.30618564 5.70195591
136700 -0.01512730 0.29505268 4.63192306
136800 0.02280295 0.28325767 3.72590719
136900 0.07105304 0.28160901 5.85428230
137000 0.07273221 0.15843147 3.50895842
137100 0.03416494 0.24021880 1.39239775
137200 0.12057904 0.18570392 7.37184112
137300 0.09699503 0.24166522 5.57201316
137400 0.05937291 0.14394362 3.33372999
137500 0.03227202 0.27589977 3.40112955
137600 0.01007724 0.26454286 2.13366599
137700 0.05908712 0.28225824 5.12885301
137800 0.06068092 0.32280713 9.38188307
137900 0.02333771 0.29750457 5.02589460
138000 0.03645567 0.25668678 2.27120315
138100 -0.01946744 0.34146166 10.19519170
138200 0.04714501 0.30849685 6.99710921
138300 0.05593962 0.18767354 1.64059146
138400 0.01920667 0.25940413 1.94887331
138500 -0.00282236 0.24903593 1.20624386
138600 0.07330475 0.23371066 3.25499711
138700 0.01857483 0.31942555 7.30374325
138800 0.02839321 0.29867915 5.27187421
138900 0.06127476 0.22002924 2.07788325
139000 0.03369505 0.23225385 1.08783364
139100 0.03892394 0.31948712 7.89612201
139200 0.13779794 0.18274540 9.64299745
139300 0.02278859 0.21219512 0.33402037
139400 0.01083256 0.28382102 3.57165343
139500 0.05021310 0.23143658 1.75480688
139600 0.03156839 0.25782243 2.16999823
139700 0.02761077 0.29184010 4.59847889
139800 -0.00497785 0.21530123 0.12945333
139900 0.01598905 0.28560501 3.79193375
140000 -0.00229119 0.30636706 5.65960019
140100 -0.01649448 0.24588765 1.18887233
140200 0.05386056 0.31477098 8.03666835
140300 0.02796817 0.28141128 3.70500752
140400 0.00650328 0.29138994 4.19720666
140500 -0.00822471 0.30818149 5.88544053
140600 0.02232932 0.25441095 1.72957522
140700 0.07157579 0.19578057 2.57044854
140800 0.03396258 0.26296039 2.55873395
140900 0.08329292 0.28518530 7.09712323
141000 0.07878314 0.33240477 11.86890316
141100 0.01547708 0.24157084 0.98383738
141200 -0.01197682 0.30880627 5.99112485
141300 0.03202348 0.27559460 3.37002338
141400 0.02503302 0.30907088 6.26155432
141500 0.07843771 0.23805128 3.80018748
141600 0.00422983 0.35183481 11.53585112
141700 0.04421339 0.29710734 5.69232950
141800 0.01209108 0.29022143 4.14305069
141900 0.03436153 0.23789835 1.30849969
142000 -0.00829949 0.29976053 5.01052220
142100 0.07218603 0.25624502 4.18716230
142200 -0.02568028 0.33512219 9.45874165
142300 0.06636770 0.24385225 3.16384534
142400 0.02702039 0.23082612 0.84017559
142500 0.03832777 0.27124646 3.27253792
142600 0.05250142 0.24452641 2.36950001
142700 0.00792105 0.28081536 3.29693251
142800 0.07811036 0.26356844 5.07108737
142900 0.02499389 0.36541676 13.99370012
143000 -0.03762835 0.30764588 6.50176389
143100 0.02315011 0.28579621 3.94845870
143200 0.05401806 0.24488579 2.46634247
143300 -0.03510495 0.32304362 8.18604537
143400 0.05800759 0.27141080 4.23219130
143500 0.05430127 0.27950777 4.63505697
143600 0.02322762 0.25261903 1.65414247
143700 -0.04756375 0.29809338 5.94231065
143800 0.08056170 0.28544652 6.89564792
143900 0.04923197 0.33102287 9.79538925
144000 0.02201085 0.26801822 2.55547816
144100 0.07249620 0.29102167 6.77032232
144200 0.00264212 0.28105348 3.28832344
144300 -0.02734940 0.32646624 8.37084948
144400 0.05556963 0.20031402 1.54404105
144500 0.01822730 0.19846867 0.16728974
144600 -0.01392303 0.23189578 0.60559585
144700 0.05100634 0.26937394 3.70719546
144800 0.05804414 0.29724492 6.41284786
144900 0.07930601 0.35264237 14.79456802
145000 -0.01367090 0.29586525 4.68851995
145100 0.03374327 0.29825678 5.39650167
145200 -0.00549587 0.27038344 2.49201648
145300 0.00048142 0.35396822 11.85322266
145400 -0.02101614 0.26774300 2.51539592
145500 0.08290417 0.23992037 4.23336847
145600 0.02711999 0.32033526 7.60803429
145700 0.02090345 0.32790766 8.39866214
145800 0.01361035 0.24101877 0.93389054
145900 0.04528493 0.26132759 2.90589890
146000 0.05136902 0.29792528 6.11406870
146100 0.07725047 0.20589831 3.00121261
146200 0.06039156 0.28912988 5.79563856
146300 0.01539897 0.28371712 3.62284265
146400 0.01297515 0.37331945 15.10399378
146500 0.03766822 0.29803759 5.51513151
146600 0.03533441 0.22625743 0.96898682
146700 0.01979571 0.32606006 8.14150425
146800 0.08742643 0.22544751 4.14547810
146900 0.04599576 0.30069144 6.12718812
147000 0.03577500 0.31562478 7.32447034
147100 0.02464743 0.31007787 6.36231649
147200 0.03582872 0.27058045 3.13264884
147300 0.06704840 0.32193738 9.68210611
147400 0.02229312 0.27956385 3.41369502
147500 0.03247969 0.23944387 1.30537463
147600 0.03004958 0.30886107 6.37685483
147700 0.09739002 0.21010816 4.79349495
147800 0.03655508 0.25770713 2.33319337
147900 0.01033039 0.23434993 0.64331736
148000 -0.00497575 0.26155573 1.90693290
148100 0.01540470 0.27265821 2.75826040
148200 0.06141590 0.26384691 3.92417011
148300 0.03329458 0.28889470 4.50539811
148400 0.14710135 0.17861147 11.04813779
148500 0.00907393 0.24875299 1.22959524
148600 0.04689096 0.29751629 5.85409491
148700 0.00265214 0.24794728 1.15298772
148800 0.01350329 0.35381412 11.92056178
148900 0.01724382 0.23590314 0.79319247
149000 0.02811294 0.28275425 3.81930143
149100 0.00377733 0.30386857 5.40147374
149200 0.08166758 0.29383041 7.73686982
149300 0.02069634 0.29867723 5.08276744
149400 -0.03795247 0.29127558 4.88581093
149500 -0.01135065 0.26506570 2.18119104
149600 -0.00731369 0.26052143 1.85816683
149700 0.03714548 0.29228564 4.94821265
149800 -0.00017440 0.21018071 0.05183861
149900 0.03677237 0.30946510 6.66740805
150000 0.06895428 0.24736963 3.49928691
150100 0.08893967 0.19596740 3.96326362
150200 0.06328902 0.26226437 3.94117630
150300 0.04970447 0.31076295 7.36948238
150400 0.02067132 0.34365619 10.53220256
150500 0.11216734 0.24330056 7.22822486
150600 0.00415595 0.29696204 4.70945410
150700 0.02507393 0.31230894 6.62099979
150800 -0.01418433 0.32736847 8.21196127
150900 0.04080475 0.23105197 1.31462619
151000 0.00630444 0.31600318 6.74824203
151100 0.05699799 0.27621988 4.52912067
151200 -0.02404638 0.29502918 4.80438615
151300 0.00020514 0.29491030 4.50400400
151400 -0.00807507 0.24514466 1.05162360
151500 0.03687010 0.26437552 2.75180617
151600 0.03009843 0.27650377 3.37937143
151700 -0.01181915 0.32535730 7.92707217
151800 -0.00065997 0.30086242 5.08683210
151900 0.07397285 0.25846288 4.44494545
152000 -0.01300460 0.32697876 8.14636250
152100 0.01302668 0.28374148 3.59116470
152200 0.08253448 0.25958625 5.18123108
152300 0.10250225 0.25384142 6.70280494
152400 0.09498625 0.26881189 6.87873179
152500 0.00939065 0.27971903 3.22165394
152600 0.08426725 0.18726747 3.63154347
152700 0.05209852 0.28728972 5.16687528
152800 0.06497704 0.22492247 2.42157275
152900 0.02214513 0.31620252 6.99671569
153000 0.04469174 0.32636320 8.98250501
153100 0.01327107 0.23436762 0.67862735
153200 -0.01633860 0.30209884 5.34556176
153300 0.00518138 0.35074134 11.37489873
153400 0.00312815 0.25618544 1.58329447
153500 -0.02315821 0.24786255 1.41356308
153600 0.03719300 0.24416277 1.66683500
153700 0.08389352 0.21056139 3.57483297
153800 0.06869147 0.19130183 2.39708800
153900 0.04544424 0.25703267 2.65895194
154000 0.09849159 0.26363104 6.87475114
154100 -0.04703838 0.25755457 2.76256873
154200 0.11600553 0.20765773 6.75796202
154300 0.01839883 0.30906239 6.11656107
154400 0.05955623 0.30360216 7.14017556
154500 0.06267000 0.23483941 2.57065688
154600 0.10556282 0.19918077 5.57208979
154700 0.05630080 0.21954821 1.77595644
154800 0.08665185 0.23963183 4.53961271
154900 0.06704492 0.28907741 6.21490350
155000 0.07075748 0.25842070 4.20979907
155100 -0.00200145 0.32594394 7.93294092
155200 0.06408893 0.30611489 7.68388016
155300 0.06207641 0.30941941 7.91304403
155400 -0.01453574 0.33204369 8.82341215
155500 0.06332293 0.23215199 2.52177189
155600 0.02393720 0.27557006 3.14191144
155700 0.05965701 0.27110950 4.30776014
155800 -0.00366136 0.31083143 6.14850533
155900 0.05786253 0.24190224 2.55193487
156000 0.08057909 0.19767409 3.24919956
156100 -0.01338065 0.39150583 18.42676160
156200 0.05432635 0.29203081 5.71051089
156300 0.08173353 0.28027195 6.56197776
156400 -0.00242693 0.35726641 12.36930732
156500 0.12292993 0.20808056 7.58853108
156600 -0.00213484 0.30327613 5.33525795
156700 0.08103393 0.17633850 3.56318190
156800 0.06007968 0.24808593 2.96091276
156900 0.05970855 0.28098058 5.06148280
157000 0.01336839 0.30875769 6.00347461
157100 -0.00460263 0.24707051 1.11840860
157200 0.00405160 0.30198557 5.20873620
157300 0.06523657 0.30665936 7.81601441
157400 0.05581675 0.18407548 1.68455014
157500 0.03178017 0.29438027 4.95880675
157600 0.04310244 0.25848641 2.63924008
157700 -0.00921535 0.26303413 2.02911242
157800 0.06950382 0.19822492 2.41696564
157900 0.02518582 0.32711190 8.39588010
158000 -0.02509779 0.31502911 6.93079717
158100 0.00134264 0.30665786 5.68885054
158200 0.05757006 0.21795624 1.81836939
158300 0.03867704 0.30932592 6.72403473
158400 -0.02047036 0.31934167 7.33073519
158500 0.01587449 0.32126229 7.47827063
158600 0.03856908 0.29367727 5.13150203
158700 0.01172915 0.28072199 3.32680631
158800 0.06808796 0.16880196 2.80464431
158900 0.00544661 0.30744808 5.78737774
159000 0.09452400 0.19846968 4.46856399
159100 0.06018413 0.21402031 1.90934915
159200 0.02810348 0.31361728 6.84934605
159300 0.02873115 0.36236723 13.59429777
159400 0.03806836 0.30419628 6.15303278
159500 0.03967448 0.27142819 3.33802576
159600 0.09214696 0.22720808 4.61567105
159700 0.06352186 0.20116162 2.01818823
159800 0.02905578 0.25694966 2.04375082
159900 0.04604564 0.26495051 3.16938496
160000 -0.00091813 0.24559373 1.03981537
160100 -0.01309804 0.33176536 8.76683500
160200 0.11311150 0.25811931 8.08603249
160300 0.03522732 0.27025614 3.08844447
160400 0.07382244 0.25228781 4.09188362
160500 0.05939095 0.29220673 6.01468328
160600 0.05514243 0.26518791 3.64507581
160700 0.06693353 0.25415286 3.70631468
160800 -0.00627154 0.28720690 3.82218788
160900 -0.01416375 0.33287767 8.92854306
161000 0.06252574 0.30842562 7.83279097
161100 0.07910249 0.28576065 6.80604607
161200 0.00534271 0.31629985 6.77709991
161300 0.00560090 0.29052890 4.11342608
161400 0.06901618 0.24998522 3.63087727
161500 0.07950075 0.30700669 8.88540041
161600 0.00844276 0.28802361 3.90971809
161700 0.03659795 0.27496546 3.47961539
161800 0.06663711 0.26739155 4.49106272
161900 0.01143751 0.26227476 2.00448148
162000 0.04505350 0.29314929 5.35330438
162100 0.00023262 0.31176527 6.24576501
162200 0.05441655 0.23036772 1.94167948
162300 0.02344716 0.31569930 6.96804858
162400 0.06401410 0.31086225 8.19412119
162500 0.11372986 0.28378956 9.97758563
162600 0.09724592 0.28571890 8.40224898
162700 0.02996451 0.25246776 1.82536854
162800 -0.00763501 0.37367965 15.11145642
162900 -0.02149286 0.25027277 1.49464717
163000 0.03574599 0.32255088 8.14824667
163100 0.00335792 0.28438237 3.56582972
163200 0.03924406 0.27870946 3.86763800
163300 0.04336141 0.32098884 8.25925557
163400 0.04019163 0.26487119 2.91181944
163500 0.04645554 0.32203982 8.52591772
163600 0.04727186 0.27615033 4.01675105
163700 0.08228064 0.24388239 4.34788393
163800 0.04133325 0.25331228 2.27531828
163900 0.03076821 0.26715673 2.72835473
164000 0.00915402 0.28922416 4.02237306
164100 0.06794669 0.32223462 9.77902755
164200 0.00128381 0.30699290 5.72456423
164300 0.01390048 0.34804042 11.05459417
164400 0.01604777 0.30820249 5.98265531
164500 0.03719300 0.22144308 0.92156242
164600 0.01922237 0.26192970 2.10239344
164700 0.04988326 0.24467633 2.24215695
164800 0.03758641 0.24359493 1.65662798
164900 0.02258415 0.32601526 8.19494476
165000 0.01667514 0.27563345 2.99923963
165100 0.04135371 0.27710052 3.82730984
165200 0.02199598 0.31674730 7.05687794
165300 0.09377053 0.21036953 4.45021966
165400 0.01377042 0.33159190 8.75302648
165500 0.01189755 0.35618377 12.26746108
165600 0.05506605 0.30062742 6.57907394
165700 -0.01328874 0.28280706 3.51679951
165800 0.02798241 0.36651536 14.25518987
165900 0.02045299 0.22971143 0.65054704
166000 0.06779505 0.32985137 10.72877276
166100 0.03683051 0.28470344 4.26557955
166200 0.08669625 0.22179516 3.99563474
166300 -0.02087670 0.26145790 2.10645530
166400 0.06172219 0.20066532 1.90503557
166500 0.07708815 0.29060610 7.07602459
166600 0.02290192 0.29684942 4.95215425
166700 0.07905211 0.24785775 4.26979993
166800 0.04940389 0.29466862 5.70144628
166900 -0.00129223 0.29375178 4.39553299
167000 -0.03236539 0.30497566 6.03370411
167100 0.00932140 0.29519390 4.57438362
167200 0.06040973 0.18250961 1.97762458
167300 0.03638254 0.27179371 3.23901275
167400 0.04128294 0.22506008 1.16614423
167500 0.06712242 0.29153422 6.44196641
167600 0.06726498 0.21632285 2.39550623
167700 0.07616374 0.25185468 4.24491152
167800 0.02428042 0.30523861 5.83235232
167900 0.04197538 0.28561220 4.54569041
168000 0.04614928 0.28922163 5.04512792
168100 0.03540596 0.25485596 2.13137908
168200 0.03956257 0.28544928 4.43338867
168300 0.05822132 0.28099757 4.97516433
168400 0.09889687 0.25285432 6.28708517
168500 -0.02105029 0.31710205 7.07800244
168600 -0.00882290 0.32199104 7.47982880
168700 0.00181513 0.25677849 1.61354606
168800 0.02521064 0.25967222 2.09817538
168900 0.03302207 0.25523388 2.07061963
169000 0.11391762 0.20571811 6.50496099
169100 0.00259394 0.22704726 0.36914144
169200 -0.04023073 0.30931740 6.78440328
169300 0.06052857 0.29563386 6.40477126
169400 -0.00018355 0.32058313 7.27016248
169500 0.00500313 0.34601912 10.67330789
169600 0.11089726 0.22679676 6.50813485
169700 0.03586857 0.25458399 2.13298337
169800 0.06878013 0.20357511 2.37174416
169900 0.00911478 0.28002279 3.24336303
170000 0.06690109 0.23350755 2.79925611
170100 0.00711876 0.27461578 2.80909567
170200 0.06263900 0.25140581 3.28310098
170300 0.04041027 0.34796670 11.76356634
170400 0.01569454 0.33781027 9.61899399
170500 -0.01216096 0.34090183 10.00060792
170600 0.02948123 0.30770972 6.23526282
170700 0.00723876 0.31957533 7.17532902
170800 0.00540588 0.29010024 4.07363832
170900 0.05620044 0.20551745 1.59446611
171000 0.04040659 0.25077951 2.10562563
171100 0.05646630 0.25183567 2.93768984
171200 0.03551966 0.20032849 0.63087704
171300 0.07322527 0.29121223 6.84080511
171400 0.02664167 0.29213760 4.59955749
171500 0.03362911 0.25060430 1.84585599
171600 0.00542938 0.24797622 1.16559781
171700 0.10306635 0.24787257 6.45722823
171800 -0.01396540 0.27486700 2.90005041
171900 0.10793026 0.18048050 6.01497645
172000 0.04729209 0.26305082 3.10597354
172100 0.09517586 0.25472839 6.02682074
172200 0.05182004 0.27481372 4.14120449
172300 0.11506823 0.23180501 7.12612841
172400 0.02974110 0.28107023 3.72845726
172500 0.06773109 0.20771285 2.32349460
172600 0.08340202 0.24318015 4.41021129
172700 0.10053308 0.20456261 5.06385889
172800 0.06683125 0.32567106 10.12981626
172900 0.04155255 0.25069403 2.14824946
173000 0.06371459 0.21330777 2.11832313
173100 -0.02586962 0.31656611 7.12844703
173200 -0.01295095 0.34120933 10.05390108
173300 0.06958832 0.23179190 2.92662934
173400 0.02436303 0.26412977 2.35309242
173500 -0.02022471 0.28718873 4.00545687
173600 0.10729276 0.24362057 6.70724578
173700 0.07857396 0.25747561 4.73865657
173800 -0.00282228 0.21670624 0.14353185
173900 0.02148086 0.28559394 3.89387472
174000 0.02665337 0.27871654 3.45334777
174100 0.06577789 0.34526648 12.71454061
174200 0.05238730 0.22024237 1.57709137
174300 0.04161075 0.21908483 1.04784265
174400 0.03092682 0.30436618 5.92438418
174500 0.01430514 0.31970535 7.26700384
174600 0.03757601 0.20212821 0.70824299
174700 0.04789274 0.20800647 1.17890918
174800 0.08541371 0.26783793 5.94874351
174900 0.04072266 0.27914531 3.96115748
175000 -0.01660749 0.32244904 7.63478860
175100 0.05006153 0.36476518 14.82686102
175200 0.01785162 0.26892872 2.53492435
175300 0.06637440 0.30805768 8.04101146
175400 0.01551747 0.29604611 4.73282373
175500 0.08429041 0.24050287 4.37267796
175600 0.06776518 0.25229385 3.66338320
175700 0.05134690 0.21548353 1.43812178
175800 0.02865606 0.31514024 7.03922255
175900 0.07272848 0.26850883 4.99144586
176000 -0.00332356 0.28980318 4.03782855
176100 0.03178651 0.33531660 9.66048153
176200 0.03165543 0.21404390 0.59964882
176300 0.08931876 0.24175818 4.86079300
176400 0.06058090 0.24893555 3.03236671
176500 0.02718940 0.26100069 2.23017374
176600 0.04168818 0.27507141 3.68681062
176700 0.03165706 0.28764018 4.34148500
176800 0.10477805 0.27511361 8.31024689
176900 0.05766731 0.19687494 1.66764210
177000 -0.01102239 0.34239716 10.19922186
177100 -0.00829045 0.32816108 8.24699644
177200 -0.04832802 0.30590396 6.77562312
177300 0.08530091 0.25025045 4.90067629
177400 0.02006005 0.30237238 5.44125451
177500 0.02098532 0.28284737 3.65203524
177600 0.06058029 0.30994225 7.87863459
177700 0.05239257 0.28271020 4.79297953
177800 0.03424990 0.29141285 4.76468259
177900 0.08019085 0.21518047 3.33050934
178000 0.06065289 0.30746778 7.61404867
178100 0.00641411 0.26019961 1.83256668
178200 0.07450223 0.24759379 3.90787578
178300 0.04714939 0.23243601 1.63758004
178400 -0.00768128 0.35634376 12.25118719
178500 -0.00633397 0.29511038 4.54305168
178600 0.04049568 0.39090559 19.04242188
178700 0.06299015 0.28414679 5.52422082
178800 0.02090295 0.25370630 1.66065031
178900 0.09074743 0.22728217 4.48970679
179000 0.05729263 0.26600560 3.81959226
179100 0.08029268 0.22655058 3.57592421
179200 0.08638762 0.30331304 9.06820217
179300 -0.00033746 0.30461408 5.47211007
179400 0.04600383 0.28372656 4.56324443
179500 0.10810502 0.20685614 5.86685105
179600 0.04142976 0.25979442 2.64589891
179700 0.01174730 0.27886467 3.17881735
179800 0.04866379 0.32580780 9.09788305
179900 0.06653603 0.21798263 2.37520916
180000 0.04592516 0.33133323 9.67876823
180100 0.00093562 0.31960914 7.15361094
180200 0.08814218 0.25752443 5.53905165
180300 -0.01057656 0.26325629 2.05661123
180400 0.03947372 0.31671737 7.59056013
180500 0.07941330 0.26671707 5.37881988
180600 0.06860244 0.27140409 4.90241970
180700 0.00642407 0.29307950 4.35253111
180800 0.01610151 0.26776803 2.42588264
180900 -0.00244532 0.24947586 1.22692036
181000 -0.00318662 0.21153405 0.07159446
181100 -0.00044816 0.31626887 6.75932580
181200 0.03666588 0.26124372 2.54759023
181300 -0.00119499 0.27858680 3.08865641
181400 0.04006956 0.29851468 5.65535620
181500 0.05223354 0.28142670 4.67932521
181600 0.04475121 0.26982596 3.43916746
181700 0.08095591 0.32746525 11.40062427
181800 -0.00021734 0.29690351 4.69516892
181900 0.05650512 0.27742520 4.59374474
182000 0.03118294 0.23498784 1.09826256
182100 0.04703885 0.27485732 3.90813591
182200 0.02766169 0.22338109 0.65592226
182300 0.06544119 0.24230667 3.03620149
182400 0.03924087 0.28864981 4.69931769
182500 0.06590779 0.23143271 2.66592581
182600 0.00847203 0.29168754 4.23918981
182700 0.01426914 0.21637611 0.23589276
182800 0.06930806 0.19532397 2.41273626
182900 0.07451278 0.26492270 4.88355549
183000 0.02753452 0.30202923 5.58405693
183100 0.08124658 0.22160661 3.53392639
183200 0.02772180 0.27194242 2.97210536
183300 0.05904557 0.31317951 8.14799019
183400 0.01058584 0.29639585 4.70210972
183500 0.03037716 0.22194636 0.70220734
183600 -0.01463672 0.29342167 4.47092053
183700 0.08578761 0.18020212 3.87573462
183800 0.06446333 0.20237431 2.08057918
183900 0.01843460 0.30297043 5.47137155
184000 0.06382738 0.18569643 2.13926309
184100 0.02189840 0.31853616 7.26518022
184200 0.04651988 0.25956457 2.85601866
184300 0.00201419 0.26902107 2.38398280
184400 0.02165164 0.35712106 12.57791019
184500 0.06958569 0.23222127 2.94018952
184600 0.08758577 0.20633301 3.85568743
184700 0.02916558 0.30880385 6.34445426
184800 0.08671062 0.24746080 4.88562998
184900 0.00038581 0.34045035 9.86322533
185000 0.04280664 0.30245027 6.16423291
185100 -0.00510718 0.27942193 3.16696274
185200 0.04900152 0.28641653 4.93448278
185300 0.02309047 0.28478162 3.86054656
185400 0.05718188 0.27830481 4.70070541
185500 0.02638036 0.27234208 2.96464973
185600 0.04194869 0.27238584 3.49970089
185700 0.05059299 0.24531955 2.30675605
185800 0.07542859 0.18055150 3.03385788
185900 -0.00431660 0.20860480 0.04633784
186000 0.00907670 0.26655327 2.25586201
186100 -0.00188113 0.29660008 4.66755724
186200 0.05991114 0.22139644 2.02357634
186300 0.00635065 0.19260710 0.04749287
186400 0.05581758 0.26775843 3.85340376
186500 0.01159564 0.32660397 8.08151204
186600 0.04413141 0.20137907 0.97474149
186700 0.05115777 0.31781587 8.24884797
186800 0.02023234 0.30350576 5.56139503
186900 0.02944596 0.31107695 6.60257705
187000 0.03749282 0.29123495 4.86476431
187100 0.02190007 0.31254633 6.57314495
187200 0.04231527 0.29203945 5.13092137
187300 0.03310236 0.29377684 4.94493063
187400 0.10844003 0.21978579 6.07535851
187500 0.03635577 0.21738114 0.81192299
187600 0.08597833 0.28047090 6.93391920
187700 0.05583261 0.27183499 4.13877269
187800 0.02013368 0.30922490 6.16772196
187900 0.04589425 0.31941350 8.18293369
188000 0.01876086 0.30328230 5.50960166
188100 0.02461114 0.25483625 1.80636124
188200 0.06420510 0.28879760 6.00365428
188300 0.02184840 0.25755868 1.89517700
188400 0.08935637 0.23620832 4.64780174
188500 -0.02911347 0.22935569 0.85467526
188600 -0.01368460 0.34512048 10.62361155
188700 -0.01019490 0.26667314 2.27462165
188800 0.00145065 0.36456660 13.54213430
188900 0.05206748 0.26153308 3.24867119
189000 0.09686851 0.17330209 5.04814331
189100 0.00773764 0.34597110 10.68371627
189200 0.04583160 0.29269296 5.34626005
189300 -0.01327200 0.27312589 2.76177111
189400 0.03012107 0.26546969 2.59677958
189500 0.04381473 0.21718681 1.10755830
189600 0.04048064 0.23582360 1.46100650
189700 0.03794024 0.24879300 1.91010941
189800 0.03348751 0.29438833 5.01528548
189900 0.00017905 0.32775702 8.16094450
190000 0.06690778 0.26775363 4.53360245
190100 0.06372544 0.32685006 10.07593459
190200 0.02849616 0.28355325 3.89658833
190300 0.03165128 0.22927689 0.92947019
190400 0.03265610 0.28263476 3.94746193
190500 0.08442486 0.23865006 4.31069234
190600 0.05055461 0.17676888 1.54772689
190700 0.02106554 0.25442321 1.70282156
190800 0.01977487 0.28230568 3.58263475
190900 0.11083760 0.22949228 6.57738424
191000 0.06634237 0.21731888 2.35062676
191100 0.04966519 0.32880248 9.52835541
191200 0.05544929 0.26846895 3.88131001
191300 0.09986092 0.19717479 4.99009265
191400 0.03710811 0.26406643 2.74075950
191500 0.06890015 0.24405852 3.34419206
191600 -0.00258519 0.25714291 1.63599781
191700 0.07068746 0.26966599 4.92503367
191800 0.05688040 0.24073532 2.44737299
191900 0.05739644 0.31109046 7.81772030
192000 0.02890794 0.24318399 1.35026323
192100 0.11477382 0.23174938 7.09052667
192200 -0.00631927 0.27630383 2.93110407
192300 0.02569980 0.30905486 6.27672101
192400 0.02233458 0.29596996 4.85453322
192500 0.04427328 0.22579013 1.31262708
192600 0.06129583 0.21055670 1.93431153
192700 -0.01135060 0.25202881 1.41791645
192800 0.04053155 0.28634343 4.54899736
192900 0.07189631 0.25317028 3.99807907
193000 0.03292960 0.33595555 9.78413557
193100 0.04442571 0.18146411 1.15861125
193200 0.03628608 0.23164020 1.15889068
193300 0.02622121 0.33508704 9.46803038
193400 0.01278540 0.26833534 2.41659282
193500 0.02928756 0.27327809 3.11371997
193600 0.12897656 0.22952995 8.75348582
193700 0.09012616 0.23078451 4.53520490
193800 0.04386864 0.23659916 1.63197780
193900 0.07955397 0.21746461 3.31692339
194000 -0.00181324 0.33993234 9.79217389
194100 0.01491300 0.28914949 4.08501459
194200 0.01523545 0.19974136 0.11609298
194300 0.07169793 0.23854216 3.31304551
194400 0.03540361 0.27876979 3.72904748
194500 0.02478756 0.22935671 0.73811991
194600 -0.02849345 0.35794737 12.87962403
194700 0.03884367 0.26779606 3.05256833
194800 0.02411017 0.28213789 3.66396636
194900 0.11083565 0.30110302 11.25318156
195000 0.05201679 0.28204407 4.71848836
195100 0.08363371 0.24928433 4.71177119
195200 0.03705916 0.28275975 4.11127843
195300 0.06170245 0.16821884 2.40861731
195400 0.00824560 0.23564317 0.66921255
195500 0.04532205 0.20707066 1.05204112
195600 0.03265107 0.26245087 2.48310186
195700 0.05966995 0.28340102 5.25811683
195800 0.00473638 0.34926988 11.15196498
195900 0.05667623 0.27388548 4.33562951
196000 0.07943928 0.23868625 3.90361220
196100 -0.00536653 0.27316880 2.69123662
196200 -0.00633200 0.26786008 2.32254236
196300 0.07693539 0.27387096 5.68798653
196400 0.02529000 0.34922270 11.45349937
196500 0.03729119 0.31856639 7.72431060
196600 0.01609140 0.30723826 5.87948882
196700 0.00855658 0.31444588 6.58553732
196800 0.02596452 0.26499127 2.44901108
196900 0.02252046 0.31927666 7.36704627
197000 0.03694277 0.33850399 10.27406116
197100 0.03731283 0.26530826 2.82870786
197200 0.03021308 0.25527834 1.98426274
197300 0.04870032 0.24952726 2.41233528
197400 0.00910950 0.24923597 1.25358191
197500 -0.01982588 0.30127441 5.32478558
197600 0.03025230 0.23101433 0.93854531
197700 0.05750475 0.19948321 1.65353154
197800 0.06242035 0.27448275 4.72199014
197900 0.00823992 0.30002722 5.03667028
198000 0.03906220 0.32374972 8.41992450
198100 0.07074896 0.24055980 3.32525602
198200 0.06158620 0.26326617 3.89773430
198300 0.08633890 0.25553042 5.26901651
198400 0.07839286 0.24080113 3.90508641
198500 0.00248873 0.25696064 1.62535391
198600 0.05566079 0.25803751 3.23323813
198700 0.06174326 0.27907048 5.03218573
198800 -0.00207011 0.25697851 1.62541771
198900 0.11110053 0.20824026 6.20561443
199000 0.02367256 0.26331448 2.28455666
199100 0.01944643 0.29040270 4.27540580
199200 0.07405250 0.15151591 3.91724000
199300 0.04015635 0.31532131 7.45576819
199400 0.02854226 0.27178139 2.98361406
199500 0.09399552 0.22323536 4.68752010
199600 0.07769555 0.24856381 4.19752112
199700 0.02676662 0.33785383 9.86006568
199800 0.08340027 0.27684570 6.43043349
199900 0.00586884 0.29712408 4.73376489
