0 -0.20322558 1.86561216 0.59646379
100 -0.32558588 1.71989376 24.10503522
200 -0.31775780 1.70784932 25.39439125
300 -0.30002671 1.75132159 16.05530565
400 -0.27415155 1.69979376 22.79049554
500 -0.29398651 1.70406910 23.61119013
600 -0.26553858 1.74581565 14.03405964
700 -0.29998395 1.68269369 28.60941178
800 -0.27150279 1.75090495 13.67099101
900 -0.27042620 1.73103575 16.75438347
1000 -0.28223632 1.70151058 23.08043117
1100 -0.29835137 1.72787256 19.65042304
1200 -0.30241847 1.70912230 23.46191841
1300 -0.29774926 1.76051755 14.50513625
1400 -0.29574056 1.72879243 19.23914364
1500 -0.32179638 1.70236497 26.94698179
1600 -0.28029814 1.74904500 14.61760181
1700 -0.27034844 1.72446147 17.88133832
1800 -0.32231946 1.71633606 24.34724664
1900 -0.24835519 1.76064877 10.87849425
2000 -0.28059558 1.74369159 15.46398298
2100 -0.30985452 1.72590800 21.18802041
2200 -0.25138236 1.79396715 6.94155569
2300 -0.26112546 1.73969150 14.71756844
2400 -0.28673797 1.74714291 15.44438286
2500 -0.30962955 1.68680991 28.73432667
2600 -0.28345407 1.73058959 17.83223413
2700 -0.28302381 1.74074814 16.12705422
2800 -0.33913918 1.70360694 28.96497159
2900 -0.25811915 1.75093767 12.79870639
3000 -0.31441497 1.69401915 27.75944925
3100 -0.28972219 1.71539519 21.06450301
3200 -0.28475045 1.72268607 19.31143540
3300 -0.31273137 1.71813016 22.89250105
3400 -0.27264846 1.71277180 20.16609935
3500 -0.29612268 1.70504621 23.62327410
3600 -0.26077339 1.78391200 8.58491489
3700 -0.28552733 1.72626771 18.74891588
3800 -0.28115351 1.76075562 12.98744444
3900 -0.30235081 1.70275064 24.69149887
4000 -0.27569705 1.72496618 18.18344106
4100 -0.25323359 1.75834493 11.44998768
4200 -0.30766633 1.75790324 15.89176352
4300 -0.27093223 1.72682382 17.51068604
4400 -0.31928115 1.70676867 25.78316843
4500 -0.28777828 1.71059516 21.78961030
4600 -0.28686547 1.73378308 17.58683611
4700 -0.31763285 1.71524828 23.98534305
4800 -0.30326795 1.70189815 24.95430646
4900 -0.29036675 1.74819775 15.60503595
5000 -0.25523805 1.77799190 8.96860892
5100 -0.31653704 1.74512432 18.78367924
5200 -0.29451283 1.68373156 27.85235549
5300 -0.27163960 1.73642947 15.94377482
5400 -0.29816878 1.70389283 24.04756666
5500 -0.25382682 1.73008912 15.88351722
5600 -0.28678179 1.69392377 24.99924562
5700 -0.28120834 1.73138135 17.51352119
5800 -0.31661208 1.72647590 21.85449478
5900 -0.34093417 1.71171435 27.65696249
6000 -0.31700041 1.69126332 28.63004813
6100 -0.32485282 1.74445952 19.89053474
6200 -0.29223800 1.72762407 19.11065481
6300 -0.31593222 1.71849295 23.19254496
6400 -0.28580159 1.71104802 21.53238181
6500 -0.25868399 1.72329530 17.33418087
6600 -0.28326938 1.75612203 13.81733010
6700 -0.29491160 1.73722101 17.75260649
6800 -0.26023910 1.72324766 17.43506972
6900 -0.32321943 1.71260026 25.15084620
7000 -0.29582375 1.73760706 17.77682956
7100 -0.27897232 1.76152637 12.70578696
7200 -0.28051436 1.74078223 15.91642959
7300 -0.30100824 1.75113037 16.18241478
7400 -0.32884680 1.73313377 22.22291840
7500 -0.27503166 1.71260482 20.37335156
7600 -0.23974920 1.74164993 13.32737136
7700 -0.28829627 1.71956878 20.17582813
7800 -0.29085545 1.70773327 22.61060414
7900 -0.31589039 1.71014856 24.73707474
8000 -0.30929009 1.75238916 16.86664124
8100 -0.31436534 1.72769389 21.38441319
8200 -0.29873544 1.72725703 19.79441145
8300 -0.30327228 1.71808518 21.87908312
8400 -0.29982863 1.71772869 21.59429248
8500 -0.26695821 1.72067409 18.32059133
8600 -0.29684215 1.75627283 15.01795108
8700 -0.28167004 1.71203626 21.00018099
8800 -0.26481408 1.79431376 7.68522325
8900 -0.26130830 1.72865358 16.55915106
9000 -0.28374170 1.71916543 19.85690785
9100 -0.25986746 1.71821732 18.31452857
9200 -0.28499776 1.74648896 15.39512900
9300 -0.29817577 1.73238067 18.86736108
9400 -0.27507608 1.72162037 18.72785601
9500 -0.31591949 1.78519685 13.30854615
9600 -0.30198204 1.72657950 20.23750354
9700 -0.27603612 1.76070049 12.59292169
9800 -0.26744066 1.74001350 15.07196165
9900 -0.28336178 1.73343159 17.34711146
10000 -0.32265086 1.69435207 28.66715183
10100 -0.31700610 1.70966558 24.95881041
10200 -0.28188990 1.76158266 12.93265829
10300 -0.29607867 1.74375361 16.82202202
10400 -0.34088001 1.71578514 26.89114571
10500 -0.32580367 1.73720668 21.16411289
10600 -0.31286034 1.73152087 20.56133591
10700 -0.32102349 1.74452485 19.40960399
10800 -0.27583612 1.75266776 13.72895276
10900 -0.29513329 1.71878294 20.94498278
11000 -0.30474979 1.71530173 22.54298466
11100 -0.28595222 1.73890044 16.67042578
11200 -0.31021857 1.69446898 27.19556738
11300 -0.28958916 1.73336790 17.89623768
11400 -0.26715146 1.74945536 13.58650329
11500 -0.32925956 1.77034259 16.75953917
11600 -0.30007251 1.74032785 17.75485134
11700 -0.25046088 1.75290592 12.09148492
11800 -0.29692677 1.74080303 17.36923683
11900 -0.30208899 1.70198811 24.81543484
12000 -0.32700963 1.74129137 20.65993711
12100 -0.29190249 1.72823298 18.97498847
12200 -0.33514073 1.67770486 33.83907291
12300 -0.29684771 1.71042602 22.65888618
12400 -0.33146753 1.70321295 28.00442791
12500 -0.28800104 1.74356453 16.10811992
12600 -0.30577082 1.70904349 23.82592770
12700 -0.29456785 1.74657299 16.24146202
12800 -0.28800184 1.73306331 17.80609230
12900 -0.28238088 1.69768783 23.85841070
13000 -0.30139316 1.73738873 18.36149945
13100 -0.26547316 1.73298113 16.09101797
13200 -0.30363787 1.72202874 21.20728932
13300 -0.34051416 1.73085093 24.17781826
13400 -0.24973736 1.78800947 7.50784259
13500 -0.26970578 1.73376356 16.24672572
13600 -0.29150911 1.72988970 18.65571621
13700 -0.29415169 1.70773996 22.91423218
13800 -0.28417203 1.71706603 20.27488440
13900 -0.26723697 1.73527589 15.82742081
14000 -0.27749862 1.71231075 20.61664531
14100 -0.29883383 1.71776536 21.48879551
14200 -0.28837121 1.71780846 20.50161397
14300 -0.25995612 1.72881361 16.44975882
14400 -0.27592649 1.75196610 13.83943396
14500 -0.28095824 1.72930077 17.84623295
14600 -0.25094622 1.71510764 18.39035175
14700 -0.26169359 1.76038007 11.64991177
14800 -0.27080170 1.72722929 17.43130012
14900 -0.27034511 1.72126584 18.44716688
15000 -0.25245587 1.72139122 17.32635643
15100 -0.25455491 1.75576343 11.89021389
15200 -0.34150259 1.72368860 25.55434722
15300 -0.27777485 1.73189935 17.15337838
15400 -0.26421929 1.76507568 11.16434403
15500 -0.27565966 1.74213522 15.32283569
15600 -0.31991418 1.74154516 19.74367244
15700 -0.31260588 1.69685565 26.97385500
15800 -0.32721142 1.71073175 26.00260868
15900 -0.30855384 1.70647174 24.61856253
16000 -0.28558983 1.74672498 15.40942518
16100 -0.26223643 1.73434853 15.65689135
16200 -0.28796173 1.75728604 14.05226971
16300 -0.26549540 1.75442167 12.74134875
16400 -0.31735522 1.70130040 26.62688864
16500 -0.28769958 1.75731240 14.02548384
16600 -0.34841146 1.72577772 26.18968234
16700 -0.27442381 1.74359449 15.00079293
16800 -0.29227014 1.71751716 20.90688234
16900 -0.29846503 1.75183408 15.82425095
17000 -0.28642557 1.72645815 18.79307582
17100 -0.28863034 1.72525207 19.19608798
17200 -0.34199522 1.71547141 27.10672222
17300 -0.29970191 1.75042081 16.15720299
17400 -0.31419288 1.71113487 24.35502481
17500 -0.32081362 1.72508348 22.59585941
17600 -0.32088148 1.72078973 23.36432575
17700 -0.29923413 1.69446011 26.04703028
17800 -0.27933470 1.75292073 13.96315303
17900 -0.27101464 1.75174040 13.51199488
18000 -0.29514460 1.73421288 18.26893286
18100 -0.26492432 1.73079370 16.42296884
18200 -0.27941987 1.73792825 16.28738436
18300 -0.32460546 1.72189991 23.62308119
18400 -0.24768709 1.75394255 11.80341816
18500 -0.34013121 1.71321845 27.26205219
18600 -0.32006778 1.72701432 22.17015896
18700 -0.28205456 1.70779828 21.83722513
18800 -0.26800495 1.76777530 11.05402233
18900 -0.30306246 1.78111172 12.37814685
19000 -0.31083172 1.68125061 30.06748194
19100 -0.27955886 1.72346255 18.74754206
19200 -0.28435696 1.74018408 16.32861317
19300 -0.29647768 1.70236343 24.18407833
19400 -0.25766164 1.74345008 13.91637190
19500 -0.28636990 1.74114246 16.34773889
19600 -0.25917213 1.77761143 9.24015118
19700 -0.24402125 1.74712007 12.65507119
19800 -0.29597417 1.76006814 14.39598386
19900 -0.29552109 1.72499757 19.87506432
20000 -0.26696927 1.75905729 12.17486490
20100 -0.30672275 1.71771380 22.30900256
20200 -0.27486996 1.76117389 12.43909930
20300 -0.30334028 1.71344715 22.74058846
20400 -0.32106458 1.71316092 24.78273589
20500 -0.31646594 1.73457249 20.46528736
20600 -0.27009100 1.73293299 16.41206657
20700 -0.31116586 1.71845832 22.65761384
20800 -0.29699264 1.72579050 19.87826145
20900 -0.28780481 1.70830175 22.22895187
21000 -0.29857251 1.71830429 21.36493552
21100 -0.29116591 1.73531800 17.71569166
21200 -0.30276903 1.73210853 19.37450983
21300 -0.31725926 1.72719025 21.80647295
21400 -0.30687510 1.75446033 16.30204148
21500 -0.28720375 1.74955472 15.11913725
21600 -0.25183997 1.77667157 8.94864201
21700 -0.28781223 1.72612327 18.97205189
21800 -0.27676149 1.73565281 16.45116288
21900 -0.30668444 1.72009123 21.87436864
22000 -0.29304810 1.75639117 14.64072216
22100 -0.27032927 1.72806649 17.25366953
22200 -0.29514581 1.70568018 23.40645837
22300 -0.26983885 1.75180228 13.42001515
22400 -0.29368752 1.71860765 20.84026848
22500 -0.33567648 1.71297598 26.69304623
22600 -0.27347527 1.70246100 22.21013691
22700 -0.33763425 1.69443963 30.59912635
22800 -0.28305091 1.70321042 22.81179495
22900 -0.28109176 1.73602111 16.73247505
23000 -0.23435043 1.75346794 11.32579826
23100 -0.29004474 1.73769685 17.22518327
23200 -0.30979381 1.73198907 20.14117572
23300 -0.31225202 1.77450885 14.17427256
23400 -0.27705266 1.71505432 20.07100753
23500 -0.31711289 1.69731827 27.39765567
23600 -0.33584845 1.72486219 24.56402795
23700 -0.30152553 1.69906181 25.34179452
23800 -0.33850355 1.67019456 35.99688731
23900 -0.28392172 1.75643918 13.82628291
24000 -0.29694016 1.70892876 22.95280670
24100 -0.26922829 1.74529557 14.36300867
24200 -0.26915081 1.74706855 14.08493092
24300 -0.30359092 1.71020805 23.37603215
24400 -0.27703970 1.74283855 15.31741808
24500 -0.30852611 1.68695004 28.58410178
24600 -0.28493828 1.73890931 16.58236006
24700 -0.25256984 1.73555600 14.90270783
24800 -0.30678538 1.71524929 22.76797104
24900 -0.26932587 1.76469944 11.55615906
25000 -0.26225806 1.75081094 13.06672164
25100 -0.30070705 1.74217186 17.52581616
25200 -0.31849078 1.72911335 21.62115538
25300 -0.26064176 1.73160838 16.01658021
25400 -0.27481422 1.73095355 17.08693494
25500 -0.28069608 1.74896694 14.66142121
25600 -0.30759511 1.72124547 21.76494460
25700 -0.26585029 1.74798259 13.72277754
25800 -0.26674415 1.73866556 15.24179219
25900 -0.27993542 1.74184430 15.70144837
26000 -0.32178146 1.68555438 30.40882506
26100 -0.30818575 1.71634546 22.71657303
26200 -0.27495439 1.75465777 13.37126194
26300 -0.29898816 1.71186627 22.59647775
26400 -0.30474178 1.71362945 22.85241071
26500 -0.29299152 1.71761327 20.95617070
26600 -0.29127469 1.74201066 16.64584959
26700 -0.30422335 1.69327468 26.79893226
26800 -0.30007377 1.72942741 19.55488325
26900 -0.25849171 1.72291132 17.39084075
27000 -0.29329222 1.73646395 17.72373913
27100 -0.26369292 1.75302724 12.82889070
27200 -0.31802818 1.74232535 19.39597289
27300 -0.29005519 1.70379011 23.30412961
27400 -0.30017834 1.71505881 22.11947051
27500 -0.27192568 1.74749222 14.21596233
27600 -0.28348515 1.74331818 15.75948134
27700 -0.30586667 1.71579240 22.57009617
27800 -0.28166146 1.75778631 13.44666400
27900 -0.29448915 1.72324732 20.08485435
28000 -0.33114566 1.71576509 25.57084381
28100 -0.26793010 1.72787993 17.11990836
28200 -0.26499199 1.75605296 12.47235405
28300 -0.30339542 1.69896902 25.55203496
28400 -0.31398740 1.73101250 20.77495147
28500 -0.30547167 1.71144022 23.33953174
28600 -0.27514138 1.75878604 12.79380500
28700 -0.30351887 1.73160659 19.53624868
28800 -0.28348203 1.72864572 18.16577011
28900 -0.28563600 1.73419641 17.41217857
29000 -0.29594496 1.76504470 13.70918451
29100 -0.29754002 1.71456791 21.94955662
29200 -0.29633873 1.74940528 15.97996048
29300 -0.31091269 1.70878131 24.43310564
29400 -0.31001450 1.72266065 21.77621788
29500 -0.28222761 1.73471085 17.04094100
29600 -0.32761906 1.69713076 28.72127597
29700 -0.28158981 1.71655534 20.15442072
29800 -0.29736269 1.69841816 25.05736646
29900 -0.28637356 1.74465507 15.79621952
30000 -0.30605461 1.72209508 21.44887040
30100 -0.30129535 1.72545304 20.36369511
30200 -0.26519656 1.74697861 13.83306822
30300 -0.26341619 1.72470495 17.37498347
30400 -0.26969318 1.73679252 15.74691020
30500 -0.31343533 1.71964543 22.69767333
30600 -0.28431902 1.77506649 11.35903924
30700 -0.29252440 1.75099106 15.38221392
30800 -0.29621584 1.74431512 16.74763536
30900 -0.27291544 1.72675138 17.66587177
31000 -0.31618806 1.68506641 29.84805568
31100 -0.32077590 1.73261656 21.30201621
31200 -0.29501862 1.73592926 17.97387294
31300 -0.27912199 1.73475825 16.78256238
31400 -0.29267974 1.71134647 22.08984426
31500 -0.27417334 1.73871560 15.75717030
31600 -0.25326827 1.73061368 15.76461664
31700 -0.25622991 1.76301670 10.96311347
31800 -0.30315203 1.72296916 20.99012961
31900 -0.23805844 1.76875058 9.33742705
32000 -0.27303229 1.71844250 19.14842135
32100 -0.25824915 1.77291264 9.77208024
32200 -0.31375530 1.74400791 18.63690016
32300 -0.29970004 1.73633402 18.36332588
32400 -0.32425090 1.69516553 28.69772353
32500 -0.31376121 1.68667362 29.22487826
32600 -0.32213979 1.70688394 26.10597057
32700 -0.30168673 1.71212681 22.81826304
32800 -0.30256562 1.74137707 17.84046991
32900 -0.26858625 1.75567591 12.76675824
33000 -0.31983187 1.71626300 24.05948140
33100 -0.28488166 1.79040887 9.60755577
33200 -0.31774777 1.74369315 19.14818384
33300 -0.27930276 1.73621081 16.55791341
33400 -0.29962104 1.73661351 18.30974759
33500 -0.33200820 1.69403349 29.92418418
33600 -0.29731370 1.76932524 13.27292475
33700 -0.31045375 1.70917928 24.30628962
33800 -0.33634741 1.71805378 25.84752066
33900 -0.27794045 1.71013729 21.06127995
34000 -0.26490423 1.74132080 14.69582386
34100 -0.31657074 1.70593085 25.62578557
34200 -0.29026957 1.72291790 19.75333369
34300 -0.32733892 1.69411636 29.30163707
34400 -0.26918855 1.74386241 14.58300118
34500 -0.26948783 1.73209535 16.51026572
34600 -0.27241061 1.73946149 15.50795440
34700 -0.24926861 1.71698491 17.96095968
34800 -0.33642751 1.74539340 21.25783407
34900 -0.26101769 1.76812054 10.55767526
35000 -0.29130512 1.74888428 15.58629170
35100 -0.25386274 1.75095111 12.55838314
35200 -0.26617939 1.74761110 13.80104385
35300 -0.27786510 1.71512605 20.12067588
35400 -0.29172291 1.73081026 18.51912987
35500 -0.29895009 1.70722433 23.47678923
35600 -0.31722144 1.72636267 21.94539444
35700 -0.30548238 1.70656164 24.27246588
35800 -0.25397238 1.75267427 12.30894392
35900 -0.29962258 1.75462598 15.52913264
36000 -0.30267154 1.72458922 20.65519464
36100 -0.27584981 1.70429247 22.02731505
36200 -0.28415548 1.74638256 15.34023208
36300 -0.28992722 1.69305003 25.45759801
36400 -0.32103539 1.71136154 25.11701743
36500 -0.27704567 1.73466562 16.63574688
36600 -0.30164372 1.72334613 20.76901754
36700 -0.30645808 1.70689789 24.31087241
36800 -0.29528559 1.71481425 21.68655243
36900 -0.26767382 1.72787613 17.10318554
37000 -0.24154921 1.76561475 9.89286633
37100 -0.26279563 1.74280191 14.32726508
37200 -0.23408058 1.77660126 8.19436679
37300 -0.28909091 1.71932642 20.29006625
37400 -0.28821777 1.72787247 18.70513088
37500 -0.32645992 1.71884676 24.40430364
37600 -0.28333194 1.71983762 19.70134818
37700 -0.32380532 1.73420755 21.40744708
37800 -0.29548959 1.70970644 22.66495118
37900 -0.26826256 1.74136374 14.91262078
38000 -0.29231798 1.72854046 18.96049120
38100 -0.29659435 1.74104305 17.29888973
38200 -0.29693247 1.73522333 18.27362703
38300 -0.28352393 1.74565433 15.39941632
38400 -0.32517725 1.71262958 25.38850883
38500 -0.29579512 1.73183821 18.72754640
38600 -0.33053135 1.75299724 19.32412227
38700 -0.28934418 1.70295901 23.40376618
38800 -0.35483613 1.68458916 35.18802706
38900 -0.28487780 1.75466449 14.16332522
39000 -0.31287447 1.75913727 16.29147683
39100 -0.31052870 1.72222435 21.91038666
39200 -0.28919635 1.76019073 13.75130997
39300 -0.30435506 1.73216989 19.52846245
39400 -0.28095323 1.75855427 13.28015965
39500 -0.29394097 1.72881124 19.06524818
39600 -0.27883812 1.74364308 15.33146831
39700 -0.28175061 1.74123101 15.94537723
39800 -0.27868541 1.73580111 16.57633476
39900 -0.25171999 1.75648795 11.63533218
40000 -0.33304074 1.73993946 21.65960773
40100 -0.30061523 1.72111053 21.06243451
40200 -0.28150713 1.75571355 13.73099556
40300 -0.30742243 1.73639323 19.15337641
40400 -0.25901636 1.72085407 17.78809717
40500 -0.27228726 1.76955409 11.12079141
40600 -0.28913363 1.75626796 14.30185180
40700 -0.28932156 1.75266934 14.84233309
40800 -0.27122964 1.73324026 16.44123578
40900 -0.27352823 1.70717957 21.29305958
41000 -0.27370623 1.75667974 12.98665242
41100 -0.29213868 1.76207552 13.75634934
41200 -0.31407286 1.74819447 18.02876712
41300 -0.26161584 1.71769264 18.51624175
41400 -0.26202607 1.74568395 13.83033846
41500 -0.29713626 1.71119358 22.54165754
41600 -0.26626787 1.72197459 18.04223771
41700 -0.31133239 1.70003890 26.18966988
41800 -0.23131332 1.72342637 16.07938580
41900 -0.30532007 1.76071275 15.24662678
42000 -0.28135701 1.71649450 20.14661628
42100 -0.25651079 1.77814202 9.02141819
42200 -0.30130620 1.73191949 19.25700296
42300 -0.26878185 1.74191953 14.86018900
42400 -0.31801759 1.70978772 25.05443203
42500 -0.28711881 1.72290512 19.47614185
42600 -0.34090157 1.71998530 26.12927246
42700 -0.28401327 1.73595039 16.98525212
42800 -0.30033044 1.70285070 24.46702170
42900 -0.29150585 1.69901050 24.38505047
43000 -0.29068361 1.70277890 23.55984035
43100 -0.28601943 1.76086808 13.37851717
43200 -0.27210111 1.69696347 23.21120232
43300 -0.32470800 1.68751519 30.35093889
43400 -0.32178902 1.72547424 22.64590288
43500 -0.32335974 1.73762652 20.79138659
43600 -0.30971734 1.75094190 17.12810558
43700 -0.24022007 1.73890489 13.78464465
43800 -0.28619589 1.70915736 21.92532226
43900 -0.31758726 1.71043080 24.88162252
44000 -0.24987980 1.74768696 12.84362790
44100 -0.31248071 1.72463951 21.70160621
44200 -0.30408956 1.70583272 24.26778397
44300 -0.30521937 1.72974892 20.02827356
44400 -0.28697412 1.74479112 15.82714744
44500 -0.34236985 1.73528855 23.69951799
44600 -0.29580882 1.73632119 17.98504226
44700 -0.27176086 1.76032079 12.32995103
44800 -0.29048615 1.71111925 21.93183998
44900 -0.29701046 1.76427458 13.91620908
45000 -0.25302027 1.73200195 15.51724782
45100 -0.26298829 1.73956090 14.85411524
45200 -0.25400571 1.70006944 21.44442307
45300 -0.31663322 1.72861721 21.48768386
45400 -0.28099255 1.75225021 14.19489663
45500 -0.28638056 1.74744945 15.36663619
45600 -0.31700705 1.70547942 25.76445261
45700 -0.30547412 1.69588129 26.39461785
45800 -0.31415345 1.68805599 28.97563720
45900 -0.27845082 1.71005857 21.11613971
46000 -0.26995499 1.74506754 14.44888419
46100 -0.30294393 1.71752801 21.94673918
46200 -0.33681139 1.67285024 35.15718482
46300 -0.31301930 1.69968670 26.44939062
46400 -0.30329107 1.69038076 27.30463694
46500 -0.27688405 1.72719388 17.88655553
46600 -0.24938322 1.73879246 14.21328640
46700 -0.28658080 1.69131528 25.52277316
46800 -0.30901487 1.73428760 19.67241942
46900 -0.30887606 1.75563046 16.34828068
47000 -0.30672951 1.71022263 23.70331898
47100 -0.30936179 1.73067689 20.31515794
47200 -0.29985084 1.75375590 15.67876448
47300 -0.29880134 1.74758987 16.49527635
47400 -0.28306895 1.72150119 19.38113743
47500 -0.31408651 1.71472989 23.67037212
47600 -0.28664029 1.73553612 17.27745448
47700 -0.28267747 1.73876836 16.41560358
47800 -0.27568343 1.72223011 18.66505828
47900 -0.29204649 1.74356665 16.47197432
48000 -0.28371332 1.70870936 21.80001417
48100 -0.26865260 1.75104725 13.45005134
48200 -0.25721379 1.72468761 17.00392497
48300 -0.25660582 1.74672408 13.34886273
48400 -0.26781565 1.71060391 20.23492105
48500 -0.29734712 1.72846472 19.45040714
48600 -0.30962085 1.74011271 18.79033805
48700 -0.29145903 1.70607174 22.98646176
48800 -0.27857601 1.72880998 17.74010647
48900 -0.30906785 1.72705103 20.90357069
49000 -0.32702639 1.71197325 25.74488229
49100 -0.29865603 1.75233239 15.76936808
49200 -0.27811418 1.74535120 15.00903823
49300 -0.27113871 1.73995297 15.33788362
49400 -0.25915555 1.73796620 14.87716624
49500 -0.26706915 1.73075785 16.57058912
49600 -0.31626115 1.74368665 18.97525967
49700 -0.26957981 1.74840054 13.91187245
49800 -0.29082765 1.73024162 18.53378369
49900 -0.29563166 1.77004528 13.01682134
50000 -0.32537076 1.75759264 17.99884199
50100 -0.29557268 1.73028046 18.96943013
50200 -0.27267149 1.75080725 13.76981123
50300 -0.26839457 1.75468427 12.89723937
50400 -0.29019002 1.76027200 13.82907727
50500 -0.30522616 1.68841969 27.91938697
50600 -0.30925431 1.71074217 23.87751442
50700 -0.30816850 1.72991924 20.31394489
50800 -0.26513460 1.73904583 15.07437998
50900 -0.31845562 1.74942288 18.35260131
51000 -0.31269815 1.72945160 20.89381532
51100 -0.25462182 1.75275978 12.33161209
51200 -0.30786873 1.68939813 27.99440551
51300 -0.32704381 1.72916403 22.66252936
51400 -0.29243806 1.68490746 27.40479730
51500 -0.32342415 1.70752314 26.14043119
51600 -0.28191143 1.73456428 17.03922990
51700 -0.30079529 1.70729693 23.64708166
51800 -0.25351062 1.73746363 14.64072978
51900 -0.30967127 1.73903257 18.96915103
52000 -0.28929821 1.71443786 21.20373887
52100 -0.28608337 1.73596497 17.15891952
52200 -0.29041281 1.70998764 22.13958693
52300 -0.26696784 1.75692983 12.47688302
52400 -0.31883196 1.73453043 20.75060662
52500 -0.32212404 1.70443002 26.58094987
52600 -0.31193035 1.74622076 18.08822943
52700 -0.26423867 1.76360912 11.36453988
52800 -0.27335066 1.74953550 14.00994333
52900 -0.28094695 1.71586766 20.22856285
53000 -0.26914713 1.72275186 18.09911455
53100 -0.32116804 1.71773297 23.95148181
53200 -0.24401416 1.74673657 12.71346194
53300 -0.27656140 1.69263995 24.42991849
53400 -0.25654521 1.73848653 14.64198078
53500 -0.28735001 1.76467441 12.97151952
53600 -0.33273521 1.72315424 24.44652976
53700 -0.29048695 1.73071183 18.42318659
53800 -0.25128252 1.74845417 12.79801833
53900 -0.28963568 1.72553230 19.23676620
54000 -0.26450747 1.76706234 10.91681835
54100 -0.24972465 1.74147631 13.80115035
54200 -0.22687039 1.75874502 10.33749408
54300 -0.31713386 1.73617613 20.27930196
54400 -0.28358813 1.72609788 18.61446238
54500 -0.28693282 1.71582362 20.73912770
54600 -0.27060339 1.77724978 10.02622815
54700 -0.30830976 1.72735317 20.76896540
54800 -0.33805863 1.72101444 25.54800828
54900 -0.25638715 1.76695592 10.44011828
55000 -0.33105537 1.71118366 26.41356028
55100 -0.28100014 1.75732938 13.45796474
55200 -0.22245316 1.80107319 5.14532908
55300 -0.26161847 1.71649796 18.73491775
55400 -0.28057651 1.73893498 16.21725729
55500 -0.31347901 1.72066379 22.51948057
55600 -0.32929767 1.72261115 24.09234510
55700 -0.25935057 1.72812948 16.53098390
55800 -0.31096099 1.69955680 26.24490833
55900 -0.28566108 1.76809757 12.36803488
56000 -0.31692064 1.74720865 18.50781590
56100 -0.29161707 1.71699972 20.94139438
56200 -0.27694970 1.73460328 16.63866553
56300 -0.27461130 1.75335889 13.53523034
56400 -0.29647120 1.72737218 19.55352770
56500 -0.26436960 1.72365077 17.62124879
56600 -0.32247932 1.71916985 23.85036369
56700 -0.31388548 1.70480726 25.53505379
56800 -0.25903085 1.80463258 6.28979246
56900 -0.32277362 1.68966792 29.65647382
57000 -0.28058831 1.73548621 16.77963158
57100 -0.28354483 1.74294576 15.82288685
57200 -0.28141653 1.73806433 16.42590674
57300 -0.29183259 1.74388040 16.40327639
57400 -0.30179442 1.72663069 20.20951186
57500 -0.29659507 1.74420013 16.80210348
57600 -0.32167189 1.72266606 23.12568681
57700 -0.32405484 1.72899296 22.31650552
57800 -0.29849498 1.71174666 22.57029098
57900 -0.29850259 1.70886475 23.11772210
58000 -0.31088316 1.71525791 23.21235855
58100 -0.26370979 1.75613364 12.37823370
58200 -0.29067658 1.71612225 21.01663400
58300 -0.29288339 1.74111259 16.93626700
58400 -0.29503057 1.70567587 23.39633891
58500 -0.29399279 1.74421680 16.55152571
58600 -0.32015002 1.72139671 23.16758149
58700 -0.30017686 1.73416301 18.76865481
58800 -0.26020325 1.74100888 14.45130402
58900 -0.28239199 1.74928159 14.75224009
59000 -0.28191778 1.70335081 22.69071314
59100 -0.32304852 1.69412705 28.76230541
59200 -0.26698646 1.76742733 11.03134938
59300 -0.29538711 1.74100123 17.18965508
59400 -0.27761915 1.74860164 14.47309740
59500 -0.27893393 1.71069841 21.03282798
59600 -0.24983217 1.72342773 16.83050651
59700 -0.32352404 1.74220829 20.07820638
59800 -0.29485611 1.70041468 24.41599074
59900 -0.30265590 1.73309161 19.19832201
60000 -0.29962112 1.71585308 21.91722908
60100 -0.33946402 1.71596217 26.66006836
60200 -0.27669299 1.71854175 19.40445567
60300 -0.27406687 1.74898401 14.14586621
60400 -0.28427235 1.76065313 13.25968968
60500 -0.31895129 1.68762760 29.62572232
60600 -0.29143586 1.73059610 18.52909958
60700 -0.30891053 1.72150473 21.86103201
60800 -0.31574542 1.70351775 26.00113768
60900 -0.30276423 1.68907849 27.52418424
61000 -0.31019517 1.69303641 27.48845120
61100 -0.29371577 1.73795944 17.51989418
61200 -0.26734168 1.78316960 9.09212226
61300 -0.33839717 1.70314136 28.95355005
61400 -0.28515256 1.72030556 19.77052420
61500 -0.31524481 1.71153066 24.40103001
61600 -0.26769060 1.72906076 16.90112086
61700 -0.30377609 1.67881346 29.84648142
61800 -0.29081649 1.77643303 11.75821524
61900 -0.26719243 1.74316094 14.55665632
62000 -0.27850484 1.73046488 17.45258373
62100 -0.31635595 1.70849065 25.10726858
62200 -0.26245389 1.69376404 23.21687860
62300 -0.30204304 1.71767861 21.82693453
62400 -0.28342109 1.75280123 14.31327754
62500 -0.32621844 1.71447456 25.17539230
62600 -0.28221993 1.72791983 18.18585098
62700 -0.26428460 1.72655146 17.10845324
62800 -0.28969595 1.73310457 17.94972391
62900 -0.27308490 1.71503034 19.77758842
63000 -0.29755857 1.71890033 21.15738175
63100 -0.32214751 1.66868171 34.21408379
63200 -0.32860784 1.71178322 25.98276644
63300 -0.29133230 1.71308879 21.63869458
63400 -0.28046039 1.76256707 12.68084295
63500 -0.28665814 1.74006151 16.54497659
63600 -0.29696825 1.70685010 23.35486228
63700 -0.30604778 1.75165521 16.62615424
63800 -0.26940120 1.72646271 17.46585782
63900 -0.26460316 1.76081907 11.77244934
64000 -0.28185236 1.71327697 20.78264916
64100 -0.29319418 1.75625471 14.67393197
64200 -0.28260203 1.70737379 21.96397659
64300 -0.24566159 1.76446262 10.22768059
64400 -0.26964500 1.74454909 14.50770485
64500 -0.27785488 1.73916908 15.96398319
64600 -0.34046522 1.71666180 26.67168670
64700 -0.29610738 1.70719717 23.20478040
64800 -0.25701261 1.72951609 16.15759970
64900 -0.25536821 1.74208181 14.00189713
65000 -0.27903234 1.71038603 21.09978433
65100 -0.29147411 1.73277117 18.16649737
65200 -0.30439324 1.72336267 21.04934771
65300 -0.27787797 1.74884221 14.45682752
65400 -0.28324274 1.73748766 16.66980737
65500 -0.31432721 1.70805577 24.95664910
65600 -0.28504091 1.72184557 19.48547930
65700 -0.30733764 1.73386737 19.56071102
65800 -0.28153008 1.76311614 12.69217232
65900 -0.27017656 1.75716077 12.66389754
66000 -0.30741179 1.72568344 20.96177844
66100 -0.29834875 1.74477699 16.88333005
66200 -0.31384482 1.70559021 25.37790406
66300 -0.29314969 1.70262600 23.81668004
66400 -0.29784249 1.72720035 19.71643562
66500 -0.30903957 1.72350886 21.51937470
66600 -0.32156281 1.70751012 25.91493583
66700 -0.27877202 1.73861748 16.12467423
66800 -0.31761449 1.70926142 25.10718633
66900 -0.29349221 1.72818340 19.13086888
67000 -0.28888854 1.73741632 17.16731219
67100 -0.30581636 1.70714602 24.19487949
67200 -0.29488122 1.77881968 11.84355709
67300 -0.31516251 1.70055852 26.51965447
67400 -0.31068322 1.74810898 17.66082860
67500 -0.27280960 1.72971974 17.14830277
67600 -0.27582187 1.74904200 14.26863686
67700 -0.29020727 1.73620473 17.48312143
67800 -0.31243558 1.72578971 21.49549215
67900 -0.25882901 1.77504942 9.53675076
68000 -0.31427610 1.71829855 23.03722305
68100 -0.29275118 1.72260834 20.03529059
68200 -0.27537020 1.75942958 12.72035430
68300 -0.28509525 1.76072003 13.32005606
68400 -0.30964555 1.73743885 19.22413698
68500 -0.27445244 1.72654212 17.81540088
68600 -0.26011839 1.74002416 14.60324535
68700 -0.32430297 1.70383079 26.96679307
68800 -0.27449098 1.72564185 17.97483476
68900 -0.27968097 1.72361445 18.73045923
69000 -0.24897650 1.77187339 9.40756320
69100 -0.26588474 1.73747142 15.37816926
69200 -0.27948824 1.74273560 15.52523632
69300 -0.27860628 1.69536212 24.02780409
69400 -0.29351652 1.72250568 20.12478650
69500 -0.34375513 1.69570222 31.20155968
69600 -0.26376675 1.76453168 11.20893239
69700 -0.31065990 1.73861566 19.14525978
69800 -0.28519640 1.77134132 11.90574220
69900 -0.26921554 1.75387327 13.07190538
70000 -0.28598456 1.72910738 18.29881571
70100 -0.30759899 1.73497948 19.40465812
70200 -0.31380877 1.70078953 26.31862351
70300 -0.31648268 1.72135681 22.74080183
70400 -0.30330368 1.70849401 23.67309755
70500 -0.31425293 1.72178889 22.40646484
70600 -0.30190686 1.73381244 19.00165627
70700 -0.27736461 1.73293128 16.94862004
70800 -0.29772527 1.72624463 19.87057798
70900 -0.24921939 1.75443016 11.80656264
71000 -0.30064481 1.71812824 21.60335738
71100 -0.26760557 1.76169923 11.84880759
71200 -0.30795580 1.70307500 25.21695586
71300 -0.33277257 1.71717622 25.52654514
71400 -0.28971463 1.74364995 16.24702679
71500 -0.28782335 1.70403247 23.05810614
71600 -0.26441097 1.76471389 11.22555211
71700 -0.29177259 1.71715126 20.92793418
71800 -0.26028750 1.74292201 14.15403877
71900 -0.28863334 1.70181631 23.56632263
72000 -0.27469638 1.72554555 18.00695222
72100 -0.26488094 1.75531460 12.57170000
72200 -0.26902590 1.71387239 19.70403015
72300 -0.29626914 1.75864116 14.62503464
72400 -0.27905802 1.72258143 18.86375914
72500 -0.28314059 1.72582699 18.62429703
72600 -0.26557806 1.74733997 13.80278275
72700 -0.32169575 1.72631001 22.48903345
72800 -0.34356841 1.67700313 35.16974540
72900 -0.30342456 1.73188259 19.48005234
73000 -0.25673961 1.73469781 15.27209904
73100 -0.30148476 1.73381872 18.95768667
73200 -0.27607567 1.74385826 15.08387551
73300 -0.26826000 1.72367239 17.87542709
73400 -0.32724756 1.69215486 29.69577160
73500 -0.29819183 1.75374150 15.51659256
73600 -0.29139571 1.73332341 18.06713012
73700 -0.29586588 1.74065599 17.29038946
73800 -0.27931119 1.75745982 13.30398407
73900 -0.28236831 1.73091500 17.68713744
74000 -0.27294574 1.74387393 14.84821571
74100 -0.31583494 1.68550110 29.71375494
74200 -0.32678170 1.72054180 24.13942191
74300 -0.27968769 1.75181275 14.15479502
74400 -0.26420469 1.73450438 15.75552120
74500 -0.28485134 1.73013594 18.02677486
74600 -0.31312343 1.71253837 23.96938654
74700 -0.30082912 1.69424226 26.25138005
74800 -0.31746651 1.70456303 25.99699564
74900 -0.27227112 1.75252746 13.48563158
75000 -0.28857124 1.69943561 24.03546952
75100 -0.28551274 1.72167018 19.55697701
75200 -0.29650651 1.70987489 22.73053240
75300 -0.32700388 1.70362838 27.34589831
75400 -0.28980436 1.73898999 16.99452309
75500 -0.30100758 1.74273023 17.46815652
75600 -0.29473854 1.74987269 15.75679915
75700 -0.23752308 1.75471466 11.25790516
75800 -0.26911494 1.71533372 19.43925430
75900 -0.29423963 1.74870321 15.88591296
76000 -0.31610406 1.70846955 25.08203175
76100 -0.27398107 1.72286398 18.42518370
76200 -0.31268682 1.69871386 26.60721548
76300 -0.30607444 1.70702341 24.24587514
76400 -0.24674188 1.75146703 12.12342358
76500 -0.25986364 1.72848583 16.50038315
76600 -0.24220791 1.75256611 11.75912937
76700 -0.34134594 1.71282074 27.50737532
76800 -0.28542479 1.72162575 19.55738405
76900 -0.30355833 1.70547989 24.28119966
77000 -0.27516011 1.77151902 11.07820250
77100 -0.29223683 1.71629173 21.12818084
77200 -0.28001231 1.74604562 15.05196021
77300 -0.29256676 1.71421902 21.54158881
77400 -0.27858356 1.74820689 14.60826281
77500 -0.33410837 1.72624786 24.08743061
77600 -0.25803690 1.75150115 12.71009554
77700 -0.34689668 1.70838704 29.14708167
77800 -0.28661911 1.72627205 18.84213484
77900 -0.30512813 1.74959384 16.83696788
78000 -0.29588185 1.73101388 18.87481897
78100 -0.26991211 1.73540083 15.99029387
78200 -0.32206734 1.71744583 24.11323051
78300 -0.31123335 1.72195876 22.03576978
78400 -0.30596353 1.72905393 20.22541390
78500 -0.29713012 1.74316603 17.01557657
78600 -0.28872019 1.72787312 18.74946712
78700 -0.28053289 1.74821611 14.76194851
78800 -0.26356921 1.74439178 14.12748179
78900 -0.30150509 1.69562625 26.03595594
79000 -0.28367228 1.75274920 14.34192439
79100 -0.28104897 1.70018007 23.24846906
79200 -0.29234753 1.70781936 22.73073181
79300 -0.30947371 1.76110041 15.63879507
79400 -0.32251830 1.70340221 26.83071231
79500 -0.25401334 1.77441285 9.34478582
79600 -0.25203068 1.72491287 16.68134809
79700 -0.29371060 1.73959065 17.25641813
79800 -0.28381310 1.77542481 11.27180737
79900 -0.27884333 1.72313402 18.74892355
80000 -0.26870005 1.71694346 19.11469717
80100 -0.30183949 1.72853615 19.88556669
80200 -0.28137658 1.75366074 14.01866336
80300 -0.29154087 1.70856348 22.51383680
80400 -0.29190001 1.72010459 20.40398415
80500 -0.29197489 1.74481094 16.27151188
80600 -0.27887528 1.73949399 15.99174480
80700 -0.33622680 1.71353088 26.66423698
80800 -0.27705286 1.74804048 14.51441965
80900 -0.26831348 1.73614844 15.75703208
81000 -0.26851327 1.73057502 16.69944570
81100 -0.30539450 1.69820718 25.91417153
81200 -0.26098356 1.72833511 16.59391488
81300 -0.30688930 1.71813590 22.24993620
81400 -0.24574693 1.71647183 17.88768484
81500 -0.27411602 1.76928401 11.28992747
81600 -0.27046320 1.71468176 19.65395692
81700 -0.28492034 1.74435992 15.71764910
81800 -0.25918934 1.73907164 14.70065766
81900 -0.26540244 1.72144253 18.08012422
82000 -0.29115869 1.74336929 16.42154303
82100 -0.29021460 1.70587869 22.91087915
82200 -0.30465049 1.69996445 25.48297318
82300 -0.32463153 1.73665560 21.10720621
82400 -0.25985405 1.76608772 10.75750239
82500 -0.26382192 1.74413309 14.18386593
82600 -0.31366269 1.71943620 22.76124699
82700 -0.26989012 1.69754805 22.93571031
82800 -0.26709220 1.76870293 10.87014176
82900 -0.26736274 1.77375093 10.23828295
83000 -0.30187293 1.69471343 26.26033365
83100 -0.28531373 1.74949212 14.96552795
83200 -0.27260319 1.75256359 13.50435942
83300 -0.30909144 1.72716372 20.88666205
83400 -0.26747766 1.73698684 15.56326241
83500 -0.23928194 1.72805471 15.55412723
83600 -0.28556450 1.72951466 18.19326687
83700 -0.30867432 1.71500921 23.01584915
83800 -0.27516928 1.74851376 14.29925019
83900 -0.31762361 1.75107481 18.00701280
84000 -0.28061809 1.77766643 10.73238881
84100 -0.28516705 1.73578905 17.10933118
84200 -0.28476642 1.73185835 17.72847993
84300 -0.27467505 1.72631068 17.87217116
84400 -0.28343953 1.76473798 12.62898533
84500 -0.29491901 1.75261615 15.36580976
84600 -0.23887915 1.75507236 11.25780498
84700 -0.31453870 1.71400703 23.85624954
84800 -0.24795484 1.73361665 14.99154341
84900 -0.29710177 1.72892328 19.34799884
85000 -0.31627925 1.74565076 18.67227526
85100 -0.29033558 1.72312507 19.72262958
85200 -0.30164958 1.74522427 17.14408194
85300 -0.28231402 1.74565479 15.29902081
85400 -0.28204054 1.76186784 12.90557165
85500 -0.27667337 1.73400920 16.71587598
85600 -0.30745338 1.72996526 20.22902065
85700 -0.25089370 1.73583617 14.76996553
85800 -0.26694364 1.73540859 15.78589091
85900 -0.30109318 1.71701108 21.85238763
86000 -0.28671386 1.76348548 13.07775362
86100 -0.30516106 1.70318782 24.89694183
86200 -0.26967663 1.75501041 12.93840733
86300 -0.31168732 1.69835877 26.56662124
86400 -0.28845837 1.76540080 12.97091415
86500 -0.29767115 1.72967555 19.27503522
86600 -0.29282988 1.72082669 20.36023107
86700 -0.28812320 1.73727293 17.12289951
86800 -0.28093300 1.72602208 18.40923360
86900 -0.32254825 1.74219165 19.96077476
87000 -0.28069213 1.73435959 16.97398308
87100 -0.26850320 1.75336175 13.09773233
87200 -0.25770899 1.71932270 17.98730763
87300 -0.28467618 1.73105678 17.85593360
87400 -0.29272199 1.72837260 19.02666611
87500 -0.32435663 1.74566676 19.64166026
87600 -0.26706855 1.72293866 17.92445458
87700 -0.28120369 1.74570995 15.19972958
87800 -0.28415835 1.73728032 16.78016123
87900 -0.30669739 1.73041808 20.07118133
88000 -0.24508727 1.76624410 9.96175095
88100 -0.28311761 1.73647517 16.82445444
88200 -0.28449895 1.71339995 20.97982592
88300 -0.27664754 1.71727968 19.63078007
88400 -0.28787216 1.71558587 20.86504457
88500 -0.30129375 1.75278056 15.96699368
88600 -0.30188761 1.69964135 25.26233591
88700 -0.26756544 1.76258291 11.72427321
88800 -0.29785798 1.73587223 18.25705551
88900 -0.30161784 1.70672071 23.84153453
89000 -0.28694919 1.69857979 24.06513157
89100 -0.24500589 1.73420821 14.75622450
89200 -0.29143494 1.72217144 19.99167219
89300 -0.29967018 1.72971240 19.46600559
89400 -0.30452883 1.73296670 19.41320048
89500 -0.29043056 1.72566110 19.28586938
89600 -0.28914448 1.70875259 22.26115498
89700 -0.27903142 1.75368845 13.82651715
89800 -0.27758392 1.71980849 19.24412363
89900 -0.30449870 1.72062955 21.54686807
90000 -0.32423957 1.69924183 27.86965547
90100 -0.31485657 1.74260081 18.98326829
90200 -0.28308719 1.72119222 19.43785090
90300 -0.26935657 1.74878008 13.83889932
90400 -0.28451312 1.73318273 17.48523478
90500 -0.30072885 1.72641326 20.13932837
90600 -0.28949602 1.70592398 22.83751980
90700 -0.30521020 1.75468838 16.09232572
90800 -0.28771813 1.76341436 13.17505383
90900 -0.23935187 1.75643539 11.07968349
91000 -0.32737673 1.72666215 23.13542066
91100 -0.33411641 1.71012713 27.01945866
91200 -0.30133523 1.71880986 21.54934744
91300 -0.25233536 1.72433717 16.79820974
91400 -0.30631920 1.73845234 18.70071027
91500 -0.27554305 1.72966134 17.36100509
91600 -0.28926571 1.73308192 17.91500514
91700 -0.27957112 1.75611067 13.51785103
91800 -0.27255308 1.75554383 13.06576676
91900 -0.27348283 1.72606750 17.82612053
92000 -0.24415275 1.73309118 14.90401030
92100 -0.30088167 1.72870047 19.76031966
92200 -0.32594867 1.68915752 30.15880900
92300 -0.25103105 1.77736129 8.82221009
92400 -0.30240444 1.75375384 15.93730348
92500 -0.29172523 1.73674000 17.53367309
92600 -0.28164829 1.72469234 18.69960998
92700 -0.31279291 1.70906724 24.58877918
92800 -0.29626702 1.75592709 15.01217148
92900 -0.28733982 1.72524331 19.08407227
93000 -0.30289218 1.70895295 23.54288808
93100 -0.29653131 1.72469630 20.02484124
93200 -0.28175556 1.71661934 20.15621790
93300 -0.29318591 1.71641894 21.19280952
93400 -0.30537324 1.74297741 17.87980704
93500 -0.33105189 1.73141294 22.79809697
93600 -0.27123251 1.76237462 12.00740719
93700 -0.31612243 1.72582370 21.91089996
93800 -0.29950185 1.69703763 25.54717145
93900 -0.31754890 1.75211921 17.84323531
94000 -0.31971958 1.73731277 20.39995657
94100 -0.32617349 1.72257012 23.70055585
94200 -0.23993642 1.78075611 7.90701167
94300 -0.24678038 1.78200355 8.05578372
94400 -0.33471424 1.71312165 26.53572165
94500 -0.28146460 1.75000013 14.56822157
94600 -0.30753440 1.73661244 19.12956989
94700 -0.28399337 1.70246776 23.03693584
94800 -0.28040210 1.75690884 13.46978935
94900 -0.31407067 1.71428413 23.75125109
95000 -0.32415199 1.72021548 23.86809425
95100 -0.28256879 1.76640471 12.33265411
95200 -0.25565078 1.73712337 14.81290268
95300 -0.29569904 1.74184079 17.08632183
95400 -0.32417455 1.70877233 25.99366905
95500 -0.28392729 1.73328756 17.41841470
95600 -0.25042751 1.74282524 13.62341899
95700 -0.30706387 1.73537821 19.28150318
95800 -0.30619620 1.68191351 29.41967562
95900 -0.29704942 1.69336331 26.05865634
96000 -0.28048030 1.75427922 13.85581260
96100 -0.33320825 1.73856232 21.90328185
96200 -0.26165473 1.72947861 16.43942508
96300 -0.30604238 1.69731387 26.16332732
96400 -0.30972431 1.71332120 23.44419921
96500 -0.26523228 1.71663037 18.93983671
96600 -0.26462838 1.72955554 16.61407003
96700 -0.28268130 1.73726959 16.65869125
96800 -0.27587300 1.72602700 18.01165928
96900 -0.31245016 1.70674527 24.99621541
97000 -0.28340981 1.73265485 17.48079806
97100 -0.27669804 1.76164825 12.51189764
97200 -0.25241632 1.76896378 9.95898052
97300 -0.28500496 1.71433163 20.84929362
97400 -0.32081981 1.72877914 21.95700418
97500 -0.28062480 1.70865493 21.55664785
97600 -0.27160376 1.73940596 15.45877222
97700 -0.28407284 1.74303055 15.85382529
97800 -0.22970619 1.77247150 8.57298835
97900 -0.29320898 1.73011812 18.77388300
98000 -0.29452768 1.71995016 20.67671390
98100 -0.28464398 1.74046974 16.30725352
98200 -0.29793451 1.73501021 18.40639957
98300 -0.30678717 1.72612769 20.81754122
98400 -0.24910734 1.74396422 13.37934776
98500 -0.28104249 1.72751875 18.15883336
98600 -0.23392831 1.75198826 11.52930294
98700 -0.28687557 1.73555763 17.29432889
98800 -0.27063045 1.72671804 17.50764862
98900 -0.28854487 1.72818665 18.68000955
99000 -0.29021473 1.74616945 15.90126806
99100 -0.27636838 1.73926477 15.83397087
99200 -0.29127970 1.76748124 12.94660215
99300 -0.28993580 1.72517257 19.32653930
99400 -0.26027789 1.78469752 8.46404319
99500 -0.29693197 1.71462121 21.88055186
99600 -0.30637307 1.73127808 19.89115888
99700 -0.32454503 1.73363738 21.59399380
99800 -0.27915917 1.73305963 17.06763168
99900 -0.29789316 1.70087983 24.61595612
100000 -0.25357543 1.73201974 15.54384770
100100 -0.27562325 1.76554962 11.89788999
100200 -0.31154085 1.72856913 20.91495213
100300 -0.30407998 1.72496669 20.73465065
100400 -0.27768188 1.73319518 16.92916149
100500 -0.29126885 1.69188560 25.82080318
100600 -0.31365098 1.73854762 19.49170732
100700 -0.29508195 1.72074964 20.58563531
100800 -0.30646190 1.71075428 23.57403980
100900 -0.27312574 1.78060216 9.80160913
101000 -0.26925989 1.73152394 16.59055766
101100 -0.27234645 1.72201906 18.45561149
101200 -0.29028990 1.72524434 19.34590293
101300 -0.28697598 1.76745970 12.56587669
101400 -0.29500372 1.71695918 21.26482462
101500 -0.29861914 1.73424902 18.59956071
101600 -0.29163420 1.70546986 23.11940125
101700 -0.33217154 1.68906179 30.98212195
101800 -0.31614614 1.71594738 23.68264684
101900 -0.30771875 1.72399669 21.29024781
102000 -0.27495533 1.74895421 14.21656593
102100 -0.32660308 1.70826226 26.39585165
102200 -0.31233980 1.70947586 24.45983954
102300 -0.27907173 1.75001055 14.37458682
102400 -0.29206258 1.73648672 17.60605603
102500 -0.27183933 1.73230956 16.64048651
102600 -0.29468544 1.75381113 15.16825932
102700 -0.27548500 1.75550063 13.28902665
102800 -0.28994534 1.74072512 16.72932656
102900 -0.31783196 1.70220734 26.50315436
103000 -0.31056131 1.70867585 24.41436638
103100 -0.31008835 1.71121542 23.87953182
103200 -0.29213645 1.76514259 13.33782254
103300 -0.26482420 1.73763706 15.28194998
103400 -0.25915170 1.72941332 16.29936901
103500 -0.28567753 1.74092988 16.32197012
103600 -0.31185981 1.72754110 21.12734506
103700 -0.28365725 1.74831400 15.00358932
103800 -0.28254569 1.74451155 15.49522447
103900 -0.29577672 1.72108707 20.59150780
104000 -0.30140673 1.72575601 20.32214617
104100 -0.30598148 1.73756398 18.80876738
104200 -0.27542351 1.72640747 17.91153635
104300 -0.31184568 1.70432343 25.39938816
104400 -0.29194205 1.72421860 19.67622139
104500 -0.27852986 1.75567767 13.49793590
104600 -0.30651344 1.76002138 15.46956286
104700 -0.27380100 1.73907538 15.67165997
104800 -0.29527441 1.68857342 26.88920537
104900 -0.29379783 1.75506354 14.90230572
105000 -0.28191244 1.75988120 13.17146331
105100 -0.30653227 1.70847487 24.01550076
105200 -0.27876029 1.72855011 17.79912395
105300 -0.29792643 1.75644300 15.09909877
105400 -0.25873887 1.75632672 12.04613361
105500 -0.28735337 1.73345290 17.68427366
105600 -0.30101082 1.72995397 19.55941975
105700 -0.30788730 1.70515714 24.80170437
105800 -0.28968780 1.72388290 19.53056781
105900 -0.27478667 1.73133481 17.02049655
106000 -0.29678794 1.74658173 16.45253562
106100 -0.30453501 1.73115059 19.71884541
106200 -0.27592719 1.73853367 15.91815753
106300 -0.29478858 1.71297959 21.98075361
106400 -0.31502135 1.70737716 25.16673480
106500 -0.29064568 1.72567296 19.30327880
106600 -0.28244772 1.75696304 13.62859852
106700 -0.28168057 1.71814742 19.87103742
106800 -0.27651092 1.74733772 14.57984574
106900 -0.30221208 1.72029514 21.37057218
107000 -0.28993028 1.71532147 21.09680624
107100 -0.31512023 1.67714573 31.45834720
107200 -0.30788232 1.74222503 18.26576759
107300 -0.28169249 1.75890390 13.29088621
107400 -0.28606974 1.80028376 8.67566447
107500 -0.29439652 1.68262028 28.08232199
107600 -0.28495560 1.72973970 18.10301157
107700 -0.28144754 1.74201679 15.79619868
107800 -0.28688322 1.74976883 15.05904868
107900 -0.31064269 1.70673320 24.79693045
108000 -0.28062981 1.75408730 13.89584189
108100 -0.30906297 1.72904112 20.56083554
108200 -0.29462499 1.74215701 16.93414855
108300 -0.27795381 1.73580080 16.51908730
108400 -0.28261627 1.73711932 16.67778150
108500 -0.30489768 1.74244059 17.91424530
108600 -0.30447739 1.73089697 19.75567991
108700 -0.27167151 1.73403266 16.34098247
108800 -0.28200911 1.74488184 15.39356910
108900 -0.27768894 1.73965186 15.87354918
109000 -0.30553817 1.70780546 24.03852278
109100 -0.31234271 1.73767767 19.48471179
109200 -0.28016733 1.71789259 19.79495522
109300 -0.27850849 1.76467866 12.23772320
109400 -0.28609276 1.75670868 13.97218270
109500 -0.28791267 1.76631983 12.79951303
109600 -0.29458572 1.74732351 16.12828396
109700 -0.27585461 1.72509834 18.17225713
109800 -0.27125960 1.75618724 12.88002067
109900 -0.26741458 1.74098363 14.91546571
110000 -0.29112092 1.70282794 23.58992114
110100 -0.28136937 1.73479793 16.95634842
110200 -0.26820128 1.74718484 14.00194380
110300 -0.27282330 1.77296046 10.72113837
110400 -0.29494756 1.73646197 17.87986245
110500 -0.27376519 1.71085714 20.60816179
110600 -0.31112600 1.72150770 22.10424488
110700 -0.29230278 1.73097248 18.54505314
110800 -0.31570401 1.67077445 32.96588459
110900 -0.30526920 1.77725184 13.07435758
111000 -0.24447583 1.75021678 12.20655680
111100 -0.30600525 1.72926733 20.19337903
111200 -0.26967426 1.74096658 15.07306483
111300 -0.28937131 1.72253853 19.73990214
111400 -0.30352905 1.74170460 17.88784847
111500 -0.28717274 1.76391210 13.05950202
111600 -0.25268186 1.78022717 8.56045497
111700 -0.30442285 1.71908688 21.81684500
111800 -0.27539239 1.73147887 17.04169106
111900 -0.31660291 1.72319434 22.42823941
112000 -0.24203373 1.72874021 15.54837521
112100 -0.27580958 1.73690299 16.17386363
112200 -0.30239595 1.70259140 24.72754272
112300 -0.30158955 1.73653821 18.52009692
112400 -0.30813201 1.71927051 22.17783971
112500 -0.29495419 1.73692272 17.80524899
112600 -0.27228999 1.75159361 13.62514985
112700 -0.31567597 1.69471627 27.76117036
112800 -0.29181932 1.73702598 17.49566019
112900 -0.33592911 1.70023677 29.19103558
113000 -0.30000316 1.73432059 18.72514926
113100 -0.30931356 1.69189479 27.62861668
113200 -0.32240621 1.70966226 25.60586736
113300 -0.29875750 1.69524997 25.83780853
113400 -0.25525787 1.75427317 12.14487014
113500 -0.26428816 1.71263045 19.62015701
113600 -0.28875288 1.73849527 16.98042583
113700 -0.28157135 1.71041693 21.29781207
113800 -0.25850343 1.77041320 10.10769486
113900 -0.27508501 1.73607970 16.25381161
114000 -0.27696614 1.69454584 24.06759867
114100 -0.32264619 1.72827778 22.26530529
114200 -0.29052439 1.72763880 18.95152388
114300 -0.31570115 1.71521520 23.76608935
114400 -0.31887795 1.72622440 22.16496299
114500 -0.28980487 1.69054340 25.96849231
114600 -0.28272018 1.71557900 20.42686634
114700 -0.30943697 1.76062598 15.70078435
114800 -0.31497984 1.69647734 27.32091947
114900 -0.32012498 1.72368578 22.75835777
115000 -0.27559964 1.72474705 18.21445065
115100 -0.28898129 1.74491731 15.98415451
115200 -0.28315301 1.71028093 21.45387477
115300 -0.27374082 1.79278902 8.46595188
115400 -0.31970269 1.74628268 18.97887434
115500 -0.32220208 1.69703478 28.06411506
115600 -0.30393953 1.71569968 22.38501618
115700 -0.29323276 1.74684480 16.07443235
115800 -0.29227526 1.72364528 19.80785653
115900 -0.31380550 1.73126482 20.71162712
116000 -0.28611231 1.73034382 18.09927455
116100 -0.26244202 1.73268482 15.94668785
116200 -0.29243654 1.70272959 23.73006444
116300 -0.27427458 1.74294312 15.09178908
116400 -0.34482618 1.71481126 27.63474624
116500 -0.31329720 1.73541893 19.96159123
116600 -0.30093465 1.73052850 19.45419597
116700 -0.28302178 1.69354660 24.75781228
116800 -0.27445085 1.74954506 14.08980809
116900 -0.31784741 1.67796404 31.59399048
117000 -0.27997571 1.73593379 16.65691737
117100 -0.28429829 1.75208475 14.49256128
117200 -0.28529922 1.74448456 15.73050435
117300 -0.27825186 1.72883554 17.71031382
117400 -0.30127042 1.75162689 16.13513939
117500 -0.27768514 1.70854801 21.34442355
117600 -0.29678560 1.71751498 21.33411693
117700 -0.31616927 1.72503545 22.05394622
117800 -0.29098038 1.70161721 23.81658044
117900 -0.29809693 1.73148188 19.01068305
118000 -0.27354908 1.75696111 12.93479540
118100 -0.30265374 1.72764229 20.12248498
118200 -0.31323420 1.68777581 28.93054439
118300 -0.31411194 1.73001261 20.95862379
118400 -0.31312628 1.73286885 20.36518776
118500 -0.27452429 1.74705876 14.47244740
118600 -0.30669386 1.70570671 24.56673166
118700 -0.30208011 1.72742224 20.10171690
118800 -0.29201904 1.70934961 22.40753765
118900 -0.24719805 1.75434434 11.72161394
119000 -0.30929766 1.72082834 22.02423091
119100 -0.29985587 1.73195833 19.10459934
119200 -0.29066761 1.71051654 22.06229920
119300 -0.32071832 1.70792271 25.73329824
119400 -0.33002460 1.75342904 19.19472139
119500 -0.33653588 1.74148000 21.88531819
119600 -0.28785676 1.72714040 18.79962497
119700 -0.25494944 1.73998034 14.31286659
119800 -0.28697728 1.73123034 18.02412212
119900 -0.30418508 1.72995067 19.88565313
120000 -0.30770742 1.73981283 18.63040882
120100 -0.26913038 1.74597086 14.25199310
120200 -0.30742722 1.72876967 20.43021682
120300 -0.25478063 1.75556916 11.93059231
120400 -0.29657743 1.70987029 22.73825295
120500 -0.34612911 1.70600462 29.49396223
120600 -0.27965713 1.70438124 22.30597822
120700 -0.31535215 1.70627743 25.41727622
120800 -0.27795201 1.75620058 13.37739463
120900 -0.27636351 1.72032305 19.05759558
121000 -0.27276598 1.77796988 10.09311984
121100 -0.31413833 1.71816657 23.04547698
121200 -0.27935127 1.69527747 24.10396974
121300 -0.29637545 1.70089282 24.46594765
121400 -0.28696333 1.73284802 17.75120247
121500 -0.29989932 1.70355721 24.28482134
121600 -0.28722193 1.74285110 16.15172145
121700 -0.28448481 1.74613900 15.40544449
121800 -0.31827515 1.69320291 28.37702360
121900 -0.30322051 1.71600957 22.25347648
122000 -0.27975903 1.72051781 19.28767851
122100 -0.25097411 1.74133698 13.88615782
122200 -0.34651505 1.73998618 23.53554098
122300 -0.30118470 1.72574271 20.30197259
122400 -0.28742372 1.73833290 16.88957877
122500 -0.26173917 1.74035927 14.64844430
122600 -0.27168609 1.74429773 14.69104629
122700 -0.30810837 1.73594816 19.30021250
122800 -0.29342202 1.71021070 22.37382611
122900 -0.30378383 1.72335902 20.98655882
123000 -0.31518870 1.72373521 22.16885637
123100 -0.28369635 1.74438452 15.61062834
123200 -0.26054286 1.76664544 10.72443824
123300 -0.29100632 1.73686148 17.44816372
123400 -0.29168657 1.74550170 16.13807580
123500 -0.29052283 1.75910196 14.02332084
123600 -0.31150146 1.72572999 21.40130650
123700 -0.29419827 1.73372861 18.25974516
123800 -0.28713454 1.76217669 13.29384587
123900 -0.28768628 1.73565145 17.34966453
124000 -0.24599865 1.75461178 11.62680518
124100 -0.28394559 1.75099374 14.62486328
124200 -0.31486176 1.72803521 21.38255690
124300 -0.29562528 1.71694679 21.32633559
124400 -0.27772543 1.74219321 15.47211278
124500 -0.28448374 1.77506384 11.37327301
124600 -0.27198824 1.75769607 12.71635735
124700 -0.29564790 1.74503628 16.58113799
124800 -0.30356984 1.74462134 17.43461881
124900 -0.29087145 1.72802789 18.91601397
125000 -0.31719302 1.70898226 25.11099043
125100 -0.30845433 1.71841781 22.36721627
125200 -0.29228496 1.70037473 24.18338062
125300 -0.32939350 1.72813034 23.14092910
125400 -0.30153961 1.71629491 22.02892530
125500 -0.27223178 1.73598571 16.05905898
125600 -0.27675137 1.73673230 16.27355707
125700 -0.28481494 1.72334314 19.20061117
125800 -0.34192769 1.69861974 30.34873783
125900 -0.29369285 1.70454232 23.49102629
126000 -0.26169688 1.76068626 11.60741139
126100 -0.27192287 1.73280715 16.56317436
126200 -0.27928070 1.75664605 13.41789154
126300 -0.29554478 1.73027729 18.96730233
126400 -0.29973386 1.75023751 16.18782278
126500 -0.29562675 1.73233965 18.62723472
126600 -0.26575405 1.75852060 12.17000754
126700 -0.28869255 1.73071598 18.26172328
126800 -0.25689762 1.72647949 16.67335309
126900 -0.28602441 1.69920353 23.85971134
127000 -0.27803912 1.73470005 16.70708826
127100 -0.29847371 1.73667561 18.18596356
127200 -0.29332229 1.73217188 18.43766360
127300 -0.31708640 1.72030331 23.00006251
127400 -0.30625048 1.70229796 25.18763029
127500 -0.31902806 1.69437800 28.22404348
127600 -0.28722177 1.76800965 12.51454477
127700 -0.33580926 1.66532482 36.75829811
127800 -0.31484856 1.76113702 16.23655911
127900 -0.29217734 1.77158193 12.49393075
128000 -0.30610423 1.72615416 20.74024089
128100 -0.31954751 1.69160783 28.85945172
128200 -0.25349574 1.73892459 14.40354074
128300 -0.28073054 1.74670686 15.00810313
128400 -0.29339320 1.72035334 20.49760565
128500 -0.27942059 1.75465324 13.71665571
128600 -0.31864971 1.71704242 23.77561583
128700 -0.28543807 1.71056518 21.59260694
128800 -0.29820987 1.76358330 14.12734674
128900 -0.27649357 1.72402326 18.40953940
129000 -0.28331391 1.71231283 21.08384136
129100 -0.29691249 1.71392821 22.00737100
129200 -0.31263042 1.72632229 21.42477960
129300 -0.29909297 1.73723330 18.15620764
129400 -0.27613317 1.73684288 16.20825365
129500 -0.23483945 1.75593207 10.98467779
129600 -0.30997016 1.71922896 22.38580288
129700 -0.29891535 1.71664259 21.70209245
129800 -0.30361985 1.71409719 22.64846387
129900 -0.33637545 1.73586496 22.76928826
130000 -0.27537237 1.75501824 13.35035241
130100 -0.30695756 1.73786479 18.86387349
130200 -0.29023758 1.73982865 16.89884068
130300 -0.28463046 1.72689053 18.56460081
130400 -0.28948256 1.71706961 20.73532776
130500 -0.25234366 1.77963137 8.61423283
130600 -0.27623599 1.77148875 11.16353385
130700 -0.29247057 1.74010176 17.05912587
130800 -0.32622772 1.70121236 27.72498073
130900 -0.24810706 1.74777853 12.74283173
131000 -0.27903384 1.71625684 20.00394763
131100 -0.29077881 1.69681117 24.76324576
131200 -0.29144692 1.73105615 18.45228270
131300 -0.33406733 1.67334348 34.67361396
131400 -0.23389829 1.75870323 10.55693551
131500 -0.30802545 1.72231332 21.62102763
131600 -0.26158857 1.74199601 14.37920715
131700 -0.25519625 1.74260735 13.90953651
131800 -0.29947864 1.68761072 27.50260238
131900 -0.28205024 1.69045323 25.32104545
132000 -0.28224270 1.73456249 17.06671595
132100 -0.28755140 1.73119881 18.07954418
132200 -0.29515313 1.70603667 23.33794520
132300 -0.28872327 1.71380524 21.27015260
132400 -0.25301204 1.71923457 17.74320821
132500 -0.28833242 1.76073456 13.59874048
132600 -0.29230446 1.74245220 16.67071130
132700 -0.29867728 1.78145533 11.89502218
132800 -0.27428875 1.70630415 21.51844958
132900 -0.28433708 1.72366355 19.10364346
133000 -0.27458158 1.72222416 18.58333088
133100 -0.26136112 1.73158669 16.06411499
133200 -0.31343771 1.69163503 28.14203708
133300 -0.27641878 1.69839253 23.24270213
133400 -0.26871159 1.78319542 9.18229657
133500 -0.30875390 1.71511669 23.00462443
133600 -0.30930259 1.72670695 20.98876964
133700 -0.26565699 1.71999810 18.35576197
133800 -0.31617899 1.69186600 28.40866004
133900 -0.28222907 1.71681530 20.15912657
134000 -0.28285853 1.72400300 18.92024007
134100 -0.31339346 1.74353828 18.66917325
134200 -0.31473842 1.72360878 22.13938394
134300 -0.31194230 1.74469175 18.32586628
134400 -0.28854538 1.76479385 13.06049265
134500 -0.27687047 1.76455226 12.12757979
134600 -0.26782716 1.69716816 22.87064080
134700 -0.29766271 1.68041357 28.87810187
134800 -0.29227858 1.72769637 19.10193942
134900 -0.24528006 1.74131384 13.61579056
135000 -0.27703485 1.74419514 15.10476144
135100 -0.26966414 1.75940509 12.31001086
135200 -0.30019159 1.73571949 18.51322102
135300 -0.29518946 1.72394752 20.02775373
135400 -0.30285329 1.70605976 24.09580662
135500 -0.29707128 1.71658373 21.53218019
135600 -0.29220064 1.75816275 14.30938178
135700 -0.26952656 1.71918576 18.76386585
135800 -0.28308591 1.72383658 18.96840995
135900 -0.27082216 1.75088913 13.62491489
136000 -0.27232066 1.70345915 21.92929208
136100 -0.32814425 1.70440542 27.33909388
136200 -0.31286633 1.70907463 24.59565246
136300 -0.29598842 1.67848142 29.14212854
136400 -0.30333649 1.72736540 20.24056686
136500 -0.26725561 1.73334727 16.14822483
136600 -0.30321173 1.70440942 24.45416824
136700 -0.29818350 1.72663316 19.84803134
136800 -0.29717978 1.77837529 12.11823984
136900 -0.26150486 1.71991201 18.10726578
137000 -0.29906610 1.74055177 17.61891576
137100 -0.32298957 1.71449200 24.76982489
137200 -0.30729833 1.71909170 22.12037229
137300 -0.29049859 1.70974808 22.19289366
137400 -0.27828043 1.72424712 18.50845054
137500 -0.30011851 1.70700449 23.63549155
137600 -0.25452675 1.72937077 16.04374992
137700 -0.29516688 1.74673880 16.27286452
137800 -0.27963336 1.72341546 18.76178587
137900 -0.28890536 1.78121340 11.00720924
138000 -0.24746625 1.77249357 9.25546677
138100 -0.28162345 1.76466317 12.48922297
138200 -0.28527558 1.74037934 16.37534005
138300 -0.27949851 1.73302084 17.10102761
138400 -0.28077208 1.78083423 10.36230509
138500 -0.24404774 1.77073088 9.32535400
138600 -0.30970745 1.72776977 20.84948892
138700 -0.27956620 1.75422911 13.78996580
138800 -0.26892261 1.72760518 17.23515010
138900 -0.30620066 1.72642851 20.70282176
139000 -0.30938531 1.73965931 18.83714196
139100 -0.27856635 1.75240270 13.97881652
139200 -0.25608815 1.76562675 10.60102545
139300 -0.28919286 1.71977695 20.21785753
139400 -0.29238474 1.73549838 17.79786137
139500 -0.30737917 1.68628711 28.60174215
139600 -0.29717256 1.73305270 18.65695335
139700 -0.29387094 1.73634051 17.79809156
139800 -0.27937842 1.73951154 16.02874033
139900 -0.30455885 1.71701843 22.20740418
140000 -0.30037677 1.72614543 20.15045263
140100 -0.29198640 1.74510362 16.22719240
140200 -0.26094485 1.73322164 15.76464816
140300 -0.29559351 1.72630422 19.65417242
140400 -0.28329328 1.72426088 18.91100331
140500 -0.31094106 1.76828572 14.82828526
140600 -0.28137436 1.76636894 12.23952298
140700 -0.26589085 1.72496443 17.48952806
140800 -0.27052294 1.69897030 22.69321271
140900 -0.27653652 1.75868620 12.91371481
141000 -0.30218038 1.74778914 16.80448843
141100 -0.34553855 1.72564386 25.79076619
141200 -0.30276440 1.72463644 20.65645019
141300 -0.24323894 1.78348763 7.72236961
141400 -0.28342761 1.74774705 15.07056345
141500 -0.26186529 1.73527327 15.48110501
141600 -0.28734625 1.73656839 17.16962905
141700 -0.28334805 1.73410522 17.23398857
141800 -0.28095732 1.75484357 13.81223869
141900 -0.32751817 1.71430880 25.37105270
142000 -0.26126152 1.70735918 20.43173001
142100 -0.27644420 1.74871815 14.36495688
142200 -0.28964139 1.73833591 17.08542931
142300 -0.30840726 1.71858443 22.33187192
142400 -0.31243474 1.71909321 22.68441824
142500 -0.30813946 1.71872956 22.27655834
142600 -0.27967573 1.73769388 16.34574885
142700 -0.27345901 1.71446291 19.91011826
142800 -0.26133010 1.74599145 13.74000777
142900 -0.31829493 1.71963198 23.26315617
143000 -0.30192750 1.70051578 25.09158416
143100 -0.28938271 1.74808203 15.53416907
143200 -0.27321657 1.74032222 15.42883020
143300 -0.28474725 1.69263957 25.09022299
143400 -0.28988666 1.75609673 14.39388191
143500 -0.29731695 1.71841723 21.22144651
143600 -0.28116689 1.71765611 19.91867878
143700 -0.28687691 1.72698880 18.74023695
143800 -0.26493606 1.74876361 13.54456913
143900 -0.28592418 1.71999565 19.89226451
144000 -0.29168401 1.74853842 15.67328418
144100 -0.28207644 1.74545601 15.31019396
144200 -0.25429977 1.74140530 14.05037189
144300 -0.29765440 1.74896946 16.17330372
144400 -0.25405390 1.74854576 12.93010484
144500 -0.29833548 1.70542741 23.76417972
144600 -0.27956562 1.69929662 23.30626681
144700 -0.26244131 1.72386148 17.46184724
144800 -0.29969860 1.75408519 15.61547125
144900 -0.31509192 1.73816637 19.71813686
145000 -0.26283667 1.75792713 12.06657329
145100 -0.28965549 1.75013145 15.24934562
145200 -0.27517777 1.76338916 12.15710957
145300 -0.29033651 1.74724560 15.74729558
145400 -0.33639017 1.68072653 33.34156700
145500 -0.31567729 1.75366102 17.39816571
145600 -0.27082935 1.71657402 19.33094387
145700 -0.31340576 1.75320941 17.20417133
145800 -0.26751823 1.73255122 16.29890240
145900 -0.29812402 1.72839078 19.53902382
146000 -0.31399404 1.74405674 18.65646983
146100 -0.27285112 1.73984515 15.47843032
146200 -0.28773062 1.74720875 15.52091384
146300 -0.29392981 1.69947609 24.51632309
146400 -0.29535650 1.73166836 18.71420215
146500 -0.29489351 1.78080936 11.60559335
146600 -0.29344769 1.72189282 20.22731824
146700 -0.30067357 1.70118688 24.83091308
146800 -0.26794354 1.71094323 20.17939380
146900 -0.30303999 1.75116805 16.38409471
147000 -0.28822283 1.74430135 16.01266840
147100 -0.30428755 1.74685894 17.16403917
147200 -0.28776636 1.75192378 14.81474976
147300 -0.29836603 1.73644459 18.21312444
147400 -0.27414357 1.71789926 19.32897378
147500 -0.28508712 1.73962065 16.48067716
147600 -0.27605612 1.76981360 11.36651588
147700 -0.30308834 1.70719506 23.90047581
147800 -0.31684941 1.69936605 26.95388309
147900 -0.29628306 1.68469250 27.81387385
148000 -0.33035560 1.70030840 28.43465977
148100 -0.29784746 1.72683994 19.77926597
148200 -0.30445066 1.71981265 21.68871132
148300 -0.24609550 1.76158934 10.64115246
148400 -0.29140093 1.71102270 22.03327469
148500 -0.25864880 1.73114882 15.97520154
148600 -0.31239104 1.69607317 27.10894848
148700 -0.29774158 1.73531571 18.33716589
148800 -0.30738716 1.72989675 20.23355948
148900 -0.29976817 1.71786006 21.56432277
149000 -0.28434164 1.73162669 17.73154208
149100 -0.28848644 1.73002888 18.36001602
149200 -0.31718346 1.69592293 27.68970687
149300 -0.27426738 1.72745803 17.64318735
149400 -0.26940799 1.74745086 14.04435424
149500 -0.29158898 1.72066463 20.27485764
149600 -0.27871939 1.73724956 16.34222386
149700 -0.26041888 1.77152833 10.07770601
149800 -0.27555006 1.73579718 16.33518949
149900 -0.31858233 1.73219479 21.11017908
150000 -0.28935184 1.74519864 15.97360671
150100 -0.28888690 1.71468231 21.12176459
150200 -0.25073628 1.73706546 14.56091733
150300 -0.28412987 1.75582139 13.93265394
150400 -0.29208494 1.77874052 11.59174965
150500 -0.28844716 1.72937758 18.46745585
150600 -0.27785879 1.73733263 16.26133115
150700 -0.30877570 1.71337087 23.33129225
150800 -0.26910372 1.76061942 12.10113476
150900 -0.30135706 1.72908463 19.74265894
151000 -0.27654082 1.75544803 13.37688497
151100 -0.22369296 1.71535050 17.32839698
151200 -0.30144657 1.75102976 16.24176935
151300 -0.32771645 1.70144568 27.86765373
151400 -0.30020369 1.71727115 21.71530612
151500 -0.27541242 1.74119128 15.45362194
151600 -0.32024612 1.72877338 21.88884259
151700 -0.25358508 1.75876031 11.41000521
151800 -0.29191031 1.77052551 12.60557404
151900 -0.30677424 1.73009455 20.13429980
152000 -0.27424068 1.72745715 17.64135658
152100 -0.27429803 1.74666925 14.51525799
152200 -0.27235384 1.71307857 20.08734958
152300 -0.29049666 1.70269169 23.56010760
152400 -0.32282933 1.72582955 22.71119516
152500 -0.27981518 1.72521742 18.45970637
152600 -0.25083202 1.76422012 10.51003520
152700 -0.28420102 1.71886533 19.94979099
152800 -0.29653110 1.70663523 23.35409270
152900 -0.28671920 1.70788281 22.21461772
153000 -0.30334596 1.70677513 24.00811861
153100 -0.27789217 1.76594465 12.01901364
153200 -0.29874744 1.69131874 26.64946271
153300 -0.24931235 1.72262771 16.94631754
153400 -0.31201783 1.70544709 25.19941456
153500 -0.23427337 1.77742319 8.09986957
153600 -0.30480315 1.72926068 20.06780761
153700 -0.29940949 1.74577630 16.83359836
153800 -0.29043890 1.76115584 13.72844692
153900 -0.27544458 1.74762391 14.45517933
154000 -0.28781203 1.74046754 16.58077868
154100 -0.30383640 1.73235410 19.44357257
154200 -0.32408656 1.71338147 25.11197519
154300 -0.33910509 1.72055237 25.77583985
154400 -0.29324457 1.75157793 15.36183105
154500 -0.30554116 1.78627133 12.03657342
154600 -0.28870053 1.74900759 15.33324581
154700 -0.24891931 1.75038335 12.38912053
154800 -0.32210819 1.71707882 24.18528461
154900 -0.30046716 1.69173846 26.73325940
155000 -0.28577326 1.74370356 15.89281518
155100 -0.32560712 1.69288883 29.33609317
155200 -0.29593835 1.77054331 12.98160110
155300 -0.27916159 1.73622904 16.54374139
155400 -0.31088746 1.72786481 20.96327676
155500 -0.28617392 1.74278079 16.07191209
155600 -0.32616827 1.71741296 24.62822965
155700 -0.23490260 1.78468955 7.25734563
155800 -0.31776108 1.74642169 18.72698423
155900 -0.28989999 1.75605199 14.40151779
156000 -0.24511124 1.80249547 5.77107881
156100 -0.26043251 1.74815598 13.35434706
156200 -0.31679260 1.76103437 16.47597905
156300 -0.27474036 1.71910628 19.15433068
156400 -0.27755687 1.72552718 18.22791697
156500 -0.31154052 1.71421545 23.47859257
156600 -0.26813857 1.74578247 14.21295581
156700 -0.32091619 1.71396440 24.61498497
156800 -0.31610804 1.70465292 25.82078029
156900 -0.29190476 1.73973311 17.06598002
157000 -0.25592036 1.77245789 9.69703821
157100 -0.29579714 1.70372918 23.84966255
157200 -0.28194840 1.72777716 18.18812369
157300 -0.25652765 1.73824009 14.68082157
157400 -0.27075652 1.73949760 15.38375231
157500 -0.27063907 1.76541883 11.55098458
157600 -0.30526809 1.73846776 18.58701771
157700 -0.27887543 1.74771040 14.70672878
157800 -0.25508476 1.73975769 14.35596464
157900 -0.27215670 1.75091796 13.71602138
158000 -0.27903647 1.74349232 15.37070967
158100 -0.29633664 1.71866439 21.08167498
158200 -0.29682378 1.72027004 20.83885236
158300 -0.29224323 1.75720689 14.44934304
158400 -0.30341715 1.71837866 21.84070851
158500 -0.27228880 1.71578880 19.57971775
158600 -0.27329334 1.72870380 17.35715177
158700 -0.27723614 1.71119604 20.80617761
158800 -0.29292440 1.71462267 21.49985043
158900 -0.27947415 1.72352182 18.73034456
159000 -0.26997665 1.78248148 9.35366646
159100 -0.31181410 1.70067444 26.11653651
159200 -0.30989879 1.73099680 20.31991316
159300 -0.28805276 1.73621457 17.28947692
159400 -0.25245175 1.75572017 11.78392842
159500 -0.25170677 1.70020297 21.29622189
159600 -0.25900957 1.74724966 13.40739803
159700 -0.29045873 1.71561556 21.09020246
159800 -0.30725176 1.71821439 22.27447363
159900 -0.30888463 1.72562347 21.13151826
160000 -0.25656698 1.76614008 10.55915049
160100 -0.30982302 1.70726525 24.60388991
160200 -0.30076729 1.74872082 16.51971890
160300 -0.28481957 1.72279185 19.29854335
160400 -0.23652972 1.75631712 10.98959464
160500 -0.28411247 1.75095756 14.64427830
160600 -0.34282125 1.71723844 26.89984810
160700 -0.27328384 1.72666088 17.70848593
160800 -0.28831718 1.75136422 14.94625901
160900 -0.33024251 1.68503892 31.58568857
161000 -0.36567108 1.69074760 35.61673798
161100 -0.26250313 1.72117261 17.94293911
161200 -0.23896861 1.76684890 9.62388377
161300 -0.26307991 1.74456375 14.06975107
161400 -0.29223252 1.73156723 18.43821790
161500 -0.27976880 1.70789631 21.63344403
161600 -0.25802294 1.75229834 12.59122096
161700 -0.30986181 1.71134222 23.83068814
161800 -0.27212362 1.78209554 9.55163940
161900 -0.34459135 1.72276191 26.15999963
162000 -0.29344858 1.68365038 27.76989708
162100 -0.27096628 1.72376652 18.04722606
162200 -0.28111933 1.74641383 15.08452921
162300 -0.31190931 1.72768662 21.10779667
162400 -0.30766169 1.67286558 31.59054147
162500 -0.31157558 1.71786244 22.81160085
162600 -0.26211112 1.76295625 11.31939087
162700 -0.27037288 1.71047719 20.43561894
162800 -0.28371912 1.74695220 15.21626010
162900 -0.23413747 1.76226585 10.06803135
163000 -0.30265587 1.70428979 24.42035687
163100 -0.28118969 1.75814421 13.35741500
163200 -0.28823104 1.69381889 25.14768332
163300 -0.27934570 1.74058233 15.85486610
163400 -0.31933834 1.73687705 20.42536799
163500 -0.27665434 1.72759182 17.80023348
163600 -0.31389991 1.72807213 21.26619062
163700 -0.28998416 1.73769528 17.21998600
163800 -0.31502713 1.71308183 24.08482128
163900 -0.30009543 1.72656271 20.04979472
164000 -0.28131364 1.73874542 16.30747468
164100 -0.29839013 1.74992802 16.10110813
164200 -0.28975335 1.71822885 20.54820738
164300 -0.28607970 1.74341578 15.96416670
164400 -0.26700435 1.73026652 16.64951892
164500 -0.28135426 1.69653357 24.00855115
164600 -0.26644070 1.74900918 13.60629778
164700 -0.30367793 1.74582909 17.25889080
164800 -0.30180943 1.72195602 21.03240961
164900 -0.28320796 1.73978653 16.29596081
165000 -0.30484070 1.71706979 22.22751656
165100 -0.33080840 1.68604140 31.44455925
165200 -0.31506390 1.72392977 22.12021419
165300 -0.30261040 1.72279979 20.96440510
165400 -0.25099189 1.74982135 12.57690011
165500 -0.28582590 1.74437432 15.79271819
165600 -0.26246149 1.74516851 13.93711336
165700 -0.31698084 1.73024799 21.25013202
165800 -0.25443522 1.76214645 10.98339719
165900 -0.29691591 1.72844264 19.41231122
166000 -0.33388692 1.66163305 37.37225495
166100 -0.26417880 1.73624732 15.46693003
166200 -0.27148429 1.73718429 15.80947953
166300 -0.25259010 1.72459716 16.76593687
166400 -0.31471900 1.68859442 28.92638474
166500 -0.29318533 1.75262459 15.20150840
166600 -0.27293730 1.77183882 10.87256865
166700 -0.28583928 1.71932373 20.00614753
166800 -0.25982959 1.78941588 7.90421348
166900 -0.29748054 1.68834861 27.14938268
167000 -0.29828951 1.70900027 23.07086185
167100 -0.27934974 1.73818269 16.24061191
167200 -0.28709752 1.71352872 21.17875823
167300 -0.29343433 1.76155654 13.94828276
167400 -0.30151869 1.73408725 18.91654207
167500 -0.29969451 1.72854251 19.66833341
167600 -0.29901360 1.71860472 21.35397069
167700 -0.28857904 1.77908539 11.23329394
167800 -0.29393118 1.73377537 18.22684750
167900 -0.29985003 1.73541583 18.52898794
168000 -0.28661239 1.73379685 17.56259699
168100 -0.31731179 1.71252994 24.45354068
168200 -0.26387609 1.73856199 15.07119249
168300 -0.27802890 1.70433242 22.18715517
168400 -0.27266140 1.75186834 13.61133331
168500 -0.26593418 1.73393529 15.96240250
168600 -0.31743355 1.70598410 25.71640443
168700 -0.31541272 1.72224516 22.45843940
168800 -0.29860037 1.74787751 16.43164220
168900 -0.28648142 1.70435268 22.87845573
169000 -0.29572152 1.71589830 21.52802219
169100 -0.32900719 1.73663529 21.66544057
169200 -0.27032006 1.78114423 9.53580246
169300 -0.30749661 1.72442326 21.19135624
169400 -0.29988969 1.74066951 17.68207828
169500 -0.26804537 1.73435409 16.03437053
169600 -0.28981625 1.72110539 20.03512097
169700 -0.27529023 1.74617801 14.66491234
169800 -0.31739161 1.73858307 19.91810679
169900 -0.25147580 1.73712742 14.58861704
170000 -0.29427322 1.72420903 19.89495365
170100 -0.32120963 1.71386285 24.66940662
170200 -0.24946385 1.75350482 11.95375495
170300 -0.28673394 1.74009952 16.54547024
170400 -0.30122904 1.72409120 20.59561267
170500 -0.29097828 1.72403783 19.61986672
170600 -0.29738140 1.73058926 19.09156874
170700 -0.33278233 1.69165284 30.51984306
170800 -0.28101784 1.70799170 21.71553825
170900 -0.30117059 1.70709585 23.72375022
171000 -0.31235719 1.68798488 28.78727383
171100 -0.26178274 1.71505372 19.01111616
171200 -0.27240431 1.76044524 12.35895765
171300 -0.31805081 1.72194704 22.81942603
171400 -0.29353448 1.72210881 20.19698689
171500 -0.27842379 1.70593050 21.90663152
171600 -0.28504964 1.67410092 29.13191848
171700 -0.32098693 1.71291657 24.81902287
171800 -0.32793045 1.73693396 21.47836679
171900 -0.28010402 1.74241627 15.62464299
172000 -0.28211538 1.71641602 20.22300693
172100 -0.30639546 1.74060116 18.36399254
172200 -0.26988485 1.75700943 12.66509784
172300 -0.34469263 1.71304105 27.94480179
172400 -0.29029055 1.73936618 16.97780397
172500 -0.33791961 1.70136907 29.23803175
172600 -0.27832621 1.70981749 21.15219215
172700 -0.30720971 1.73720443 18.99815927
172800 -0.30043611 1.68818454 27.47660158
172900 -0.28843286 1.68888652 26.19463611
173000 -0.30180756 1.73486404 18.81733242
173100 -0.29734046 1.70576741 23.60073101
173200 -0.30814565 1.67321855 31.56265500
173300 -0.26003560 1.76482360 10.93846700
173400 -0.27563790 1.70507484 21.85845513
173500 -0.27490714 1.76647787 11.71962003
173600 -0.26434191 1.75312001 12.85680675
173700 -0.29950883 1.75346967 15.68657216
173800 -0.31838454 1.70820151 25.40078067
173900 -0.34553453 1.73403336 24.36261385
174000 -0.29587385 1.72820191 19.35318921
174100 -0.26073849 1.76112211 11.48811605
174200 -0.28545055 1.70996200 21.70811795
174300 -0.27130609 1.73342968 16.41511499
174400 -0.33579714 1.71167978 26.95268343
174500 -0.28946295 1.78309933 10.83469341
174600 -0.30660312 1.75479876 16.22381289
174700 -0.32462975 1.72985449 22.24103467
174800 -0.24796859 1.78962397 7.24192715
174900 -0.31419819 1.72703317 21.47937634
175000 -0.32602347 1.74185349 20.44611623
175100 -0.33695738 1.71890658 25.77607409
175200 -0.34533557 1.72463350 25.93791802
175300 -0.28652600 1.73403634 17.51534295
175400 -0.29046842 1.72664988 19.11740056
175500 -0.31502262 1.69980419 26.65428301
175600 -0.24062277 1.75017525 12.04883269
175700 -0.27750301 1.72717325 17.93790199
175800 -0.30330477 1.69343133 26.67124662
175900 -0.26501075 1.74561160 14.03108787
176000 -0.33167432 1.74296936 20.99837329
176100 -0.30691437 1.71386628 23.03822244
176200 -0.26199000 1.73957939 14.78876666
176300 -0.28310944 1.74648945 15.23633316
176400 -0.28768520 1.73854341 16.87846176
176500 -0.32284623 1.72222608 23.34738101
176600 -0.24993225 1.75625200 11.57835781
176700 -0.27901749 1.74547279 15.06121146
176800 -0.24366374 1.75287450 11.77621679
176900 -0.28883363 1.73330220 17.83978522
177000 -0.30202706 1.75130802 16.25941294
177100 -0.28346974 1.71532639 20.53577041
177200 -0.27942746 1.71881988 19.56747857
177300 -0.29839318 1.70850984 23.17484851
177400 -0.28969791 1.71155852 21.77795370
177500 -0.26573114 1.74754790 13.78111335
177600 -0.28814063 1.76530251 12.95609178
177700 -0.27818233 1.72357498 18.61913214
177800 -0.29696067 1.75218756 15.62494463
177900 -0.30189002 1.71052768 23.14066788
178000 -0.31705584 1.71663674 23.66207846
178100 -0.29425489 1.74938981 15.78370691
178200 -0.25663600 1.77047868 9.99170450
178300 -0.27813390 1.72659182 18.08765112
178400 -0.28833944 1.71519399 20.97855962
178500 -0.25600653 1.72402429 17.05209084
178600 -0.29410090 1.72276845 20.13300019
178700 -0.31205952 1.67170021 32.33906432
178800 -0.29573147 1.74519991 16.56379053
178900 -0.28723009 1.72549274 19.03093637
179000 -0.30375205 1.71549002 22.40420916
179100 -0.30567956 1.69484373 26.62863201
179200 -0.29925607 1.69690949 25.54876254
179300 -0.29378048 1.72720323 19.32675049
179400 -0.31326922 1.72146465 22.35239310
179500 -0.25487422 1.74049192 14.22700323
179600 -0.29216093 1.71802683 20.80393569
179700 -0.25076857 1.76916803 9.84722574
179800 -0.30039289 1.72940984 19.58986805
179900 -0.26590660 1.74503729 14.17856051
180000 -0.31940548 1.72932919 21.69309694
180100 -0.27203245 1.69623860 23.35369156
180200 -0.30550447 1.70878734 23.84673610
180300 -0.29483624 1.70490566 23.52785774
180400 -0.33697640 1.71289261 26.88585461
180500 -0.29174126 1.74160476 16.75275434
180600 -0.27694788 1.75916067 12.87834655
180700 -0.26196745 1.76063524 11.63125069
180800 -0.27978636 1.72782787 18.00455254
180900 -0.26980128 1.74487178 14.46849149
181000 -0.23224369 1.73221814 14.59520452
181100 -0.28992054 1.70814356 22.44729865
181200 -0.29277690 1.72390604 19.80831901
181300 -0.30969993 1.74303115 18.33664796
181400 -0.29152751 1.74969590 15.48430398
181500 -0.26358358 1.75906721 11.95246143
181600 -0.28865716 1.72010153 20.11177623
181700 -0.26423325 1.75298803 12.86921525
181800 -0.27569871 1.72617708 17.97235009
181900 -0.31574672 1.72027909 22.84845290
182000 -0.24847985 1.76995210 9.63137553
182100 -0.28470123 1.72472387 18.94800903
182200 -0.33719169 1.67017028 35.82163017
182300 -0.28680374 1.75662773 14.04524844
182400 -0.28549679 1.75503343 14.16250425
182500 -0.30602908 1.73117729 19.87163758
182600 -0.29233793 1.70278479 23.71006636
182700 -0.27583125 1.71897113 19.26091528
182800 -0.32979738 1.70568773 27.30230978
182900 -0.32883951 1.69566857 29.17547615
183000 -0.28349174 1.70258844 22.97109692
183100 -0.26975398 1.74865843 13.88494331
183200 -0.32811668 1.72706246 23.16063755
183300 -0.30304255 1.69988169 25.33255309
183400 -0.28868768 1.72971064 18.43198495
183500 -0.29451057 1.77988623 11.67978283
183600 -0.29439089 1.74981503 15.73258306
183700 -0.27760651 1.74020146 15.77917282
183800 -0.28697098 1.74548574 15.71930448
183900 -0.30370312 1.70033990 25.30924538
184000 -0.27346302 1.76565716 11.72240717
184100 -0.27617935 1.74538678 14.85427169
184200 -0.27577205 1.73066616 17.20767691
184300 -0.27889862 1.73744619 16.32436721
184400 -0.27512385 1.72850701 17.52671879
184500 -0.27265243 1.75669273 12.90767433
184600 -0.29379446 1.76023990 14.16514338
184700 -0.28768994 1.71411632 21.12113462
184800 -0.25195300 1.74307886 13.66167900
184900 -0.26092006 1.73910525 14.79918768
185000 -0.32166770 1.70599579 26.22033045
185100 -0.28381240 1.70572569 22.38351262
185200 -0.32494685 1.69814484 28.17861072
185300 -0.28205190 1.75894427 13.31461687
185400 -0.27343788 1.71673933 19.48879701
185500 -0.28393888 1.74160372 16.06755737
185600 -0.30962498 1.69678277 26.65743983
185700 -0.29564057 1.71812541 21.11274348
185800 -0.28788512 1.71680593 20.64193057
185900 -0.28064922 1.72836971 17.98062757
186000 -0.25777718 1.75781683 11.77712828
186100 -0.31167152 1.72882575 20.88557609
186200 -0.31022282 1.72154481 21.99766223
186300 -0.27750090 1.71032044 20.99236181
186400 -0.30300028 1.72348255 20.88373399
186500 -0.33487125 1.74014941 21.87123319
186600 -0.25993669 1.74564510 13.70892129
186700 -0.30353977 1.68368876 28.75551929
186800 -0.29462012 1.74908303 15.86445002
186900 -0.28919881 1.69158546 25.69652397
187000 -0.29744461 1.71324572 22.18630649
187100 -0.24520584 1.74382020 13.21784838
187200 -0.29399926 1.75304962 15.21513728
187300 -0.30276105 1.75075186 16.41742023
187400 -0.27171244 1.73946794 15.45660838
187500 -0.26650284 1.74656126 13.98303768
187600 -0.30628093 1.70867925 23.94963240
187700 -0.28905682 1.71910445 20.32715859
187800 -0.27917135 1.74162206 15.67583664
187900 -0.28148920 1.68585612 26.24904491
188000 -0.27681088 1.71488819 20.08314631
188100 -0.28107008 1.76505133 12.39175112
188200 -0.28589639 1.70782715 22.15429678
188300 -0.26917958 1.74439257 14.49974320
188400 -0.30121967 1.72630369 20.20791580
188500 -0.27330912 1.75765098 12.81873513
188600 -0.31757533 1.72903899 21.52581338
188700 -0.29574949 1.71960759 20.85469294
188800 -0.26772368 1.74337510 14.55892739
188900 -0.28204068 1.68542368 26.38683463
189000 -0.28724160 1.72186752 19.67113825
189100 -0.30421051 1.72827656 20.17438545
189200 -0.30720371 1.73709794 19.01485842
189300 -0.27380760 1.73442190 16.43183447
189400 -0.30304613 1.73663148 18.65388877
189500 -0.32291760 1.72251640 23.30458243
189600 -0.29200536 1.72920088 18.81866404
189700 -0.32328071 1.69795265 28.01063265
189800 -0.31092112 1.74367582 18.37037256
189900 -0.27662061 1.72687363 17.92172997
190000 -0.27574748 1.74519454 14.85120609
190100 -0.29282279 1.71945902 20.60555800
190200 -0.30970373 1.69048486 27.96574998
190300 -0.28131437 1.75577820 13.70597701
190400 -0.29430545 1.73955367 17.31827107
190500 -0.27874356 1.69163622 24.80800716
190600 -0.27632855 1.71163603 20.65351642
190700 -0.28029933 1.73829260 16.29863379
190800 -0.32010914 1.74675344 18.95535744
190900 -0.27796396 1.72806252 17.82043811
191000 -0.32749527 1.71873977 24.55515850
191100 -0.27195345 1.75342833 13.33027703
191200 -0.30397771 1.71530294 22.46218470
191300 -0.29232945 1.75225347 15.17688260
191400 -0.29119165 1.75625237 14.48964936
191500 -0.31171013 1.70262009 25.71899119
191600 -0.31705965 1.73290562 20.81174746
191700 -0.30805976 1.71971750 22.08934638
191800 -0.25052282 1.71768609 17.89545833
191900 -0.25613214 1.75640391 11.88532683
192000 -0.30199798 1.72690554 20.18264002
192100 -0.26479106 1.75284179 12.92671079
192200 -0.29469578 1.76470103 13.63655043
192300 -0.28552725 1.71112373 21.49457852
192400 -0.27811388 1.73874541 16.05241034
192500 -0.30281306 1.71433922 22.52022593
192600 -0.32289634 1.71502502 24.65962597
192700 -0.29466456 1.75541471 14.93314250
192800 -0.28349980 1.70825688 21.86882125
192900 -0.30689306 1.71332035 23.13770837
193000 -0.27159435 1.75699947 12.78745097
193100 -0.26442314 1.73424638 15.81230216
193200 -0.30548901 1.71480894 22.71183013
193300 -0.27900046 1.73323097 17.02649107
193400 -0.29240409 1.75494819 14.78927086
193500 -0.24864062 1.76869055 9.80404127
193600 -0.30604013 1.73911034 18.56499633
193700 -0.29702816 1.71069557 22.62531556
193800 -0.29101440 1.71672973 20.93580663
193900 -0.32323619 1.71540594 24.63106305
194000 -0.24012066 1.76907808 9.37510781
194100 -0.26016945 1.74814161 13.34066735
194200 -0.26662338 1.71509973 19.31339176
194300 -0.28278392 1.74132361 16.01568655
194400 -0.27546722 1.72565343 18.04601285
194500 -0.32762556 1.69537032 29.08079522
194600 -0.27935451 1.77489893 10.97370858
194700 -0.30619608 1.73385988 19.44007380
194800 -0.31132401 1.69812494 26.57328771
194900 -0.32704715 1.71992306 24.28434074
195000 -0.29278993 1.70132021 24.04181461
195100 -0.28039206 1.72793415 18.03476907
195200 -0.28332891 1.73448016 17.17026292
195300 -0.31906553 1.72548786 22.31554362
195400 -0.31063149 1.70817730 24.51763729
195500 -0.30436025 1.71862794 21.89344339
195600 -0.27448444 1.76087151 12.45233454
195700 -0.25703616 1.75371658 12.32598087
195800 -0.27096052 1.75513888 13.01006954
195900 -0.30551789 1.70868663 23.86741417
196000 -0.27568773 1.72158982 18.77941344
196100 -0.32171657 1.71199449 25.08049831
196200 -0.30977998 1.72496651 21.34418281
196300 -0.24322745 1.73269754 14.92936263
196400 -0.24668949 1.71556254 18.09854320
196500 -0.31056349 1.71904347 22.48477631
196600 -0.31304239 1.75725408 16.57748988
196700 -0.27695249 1.74434396 15.07524353
196800 -0.28869896 1.70875494 22.22109007
196900 -0.25827341 1.74590060 13.57120807
197000 -0.30379021 1.73202716 19.49364172
197100 -0.28897632 1.70842981 22.30796114
197200 -0.30237648 1.75396173 15.90406075
197300 -0.30291619 1.70782215 23.76203447
197400 -0.26717942 1.70988376 20.32863072
197500 -0.27626615 1.72537658 18.15493279
197600 -0.30128324 1.68341513 28.58365107
197700 -0.30453281 1.69973453 25.51668427
197800 -0.30219597 1.73216485 19.30632699
197900 -0.29861045 1.72457877 20.24831335
198000 -0.28915756 1.74189972 16.47238395
198100 -0.29719534 1.72788566 19.53514073
198200 -0.32153148 1.76558341 16.41885965
198300 -0.28599250 1.73835800 16.76142276
198400 -0.29043661 1.68165730 27.92615711
198500 -0.33748992 1.72609364 24.57345088
198600 -0.29667596 1.74248729 17.07824771
198700 -0.31836900 1.69883433 27.23942351
198800 -0.31990829 1.71099101 25.05119783
198900 -0.26397374 1.74271803 14.41512820
199000 -0.27832242 1.77045197 11.45854684
199100 -0.24450360 1.73335851 14.87497900
199200 -0.34073480 1.71941275 26.20901911
199300 -0.27245772 1.74293072 14.96044013
199400 -0.26688639 1.73624069 15.64545106
199500 -0.31197511 1.72983791 20.74677993
199600 -0.27002230 1.69961078 22.52948123
199700 -0.31509072 1.71641038 23.47551068
199800 -0.25640502 1.72443459 17.00236920
199900 -0.26034470 1.71567890 18.80787478
