0 -0.99395991 1.78709240 0.10154441
100 -0.70500009 1.53086373 79.72963749
200 -0.71668826 1.51928180 79.53412578
300 -0.67808296 1.50719210 94.68352537
400 -0.64216692 1.51670917 104.14910146
500 -0.72109011 1.52089684 77.84464931
600 -0.71140148 1.50868517 84.07671840
700 -0.71057206 1.49032838 89.83252480
800 -0.67010067 1.52429054 92.42463780
900 -0.71435945 1.51236386 82.16253615
1000 -0.67409423 1.52466198 91.01279712
1100 -0.73606987 1.46231799 91.84412566
1200 -0.68224401 1.50475818 94.06830229
1300 -0.68116678 1.51621887 91.09317539
1400 -0.66304739 1.51873899 96.32240739
1500 -0.68914803 1.47236675 101.98624703
1600 -0.68719000 1.51861466 88.51390385
1700 -0.65932109 1.49221112 105.39805624
1800 -0.66717324 1.51054286 97.27954472
1900 -0.65447599 1.53956307 93.60711939
2000 -0.71938187 1.43258911 106.86864860
2100 -0.64704942 1.51418225 103.13294677
2200 -0.64355653 1.51014630 105.53355828
2300 -0.71181922 1.50214139 85.88395725
2400 -0.68029297 1.55324054 81.55140955
2500 -0.66172182 1.47755593 109.20115110
2600 -0.63114812 1.48822785 116.62679322
2700 -0.68692298 1.53585962 83.89367852
2800 -0.68781745 1.48613325 97.98513801
2900 -0.66532267 1.51216813 97.42805019
3000 -0.68417493 1.49638299 95.96438040
3100 -0.70771817 1.51518250 83.27483724
3200 -0.65157209 1.52415069 98.74742465
3300 -0.70391851 1.47259332 97.42969177
3400 -0.69030698 1.51078364 89.77793285
3500 -0.72157032 1.49356674 85.71221382
3600 -0.68806927 1.47990909 99.87948774
3700 -0.67142342 1.51156193 95.57954563
3800 -0.78016945 1.48999609 72.21394673
3900 -0.67674372 1.48573162 101.62962012
4000 -0.69209319 1.50038775 92.28705171
4100 -0.61596595 1.54193072 107.04095166
4200 -0.64882798 1.50043431 106.53069346
4300 -0.69848774 1.48445424 95.23938339
4400 -0.70571925 1.49392424 90.14176456
4500 -0.64376018 1.53533411 98.47742078
4600 -0.65685869 1.53345835 94.39520659
4700 -0.69281911 1.48453163 96.94019355
4800 -0.65087662 1.51888667 100.45591905
4900 -0.69686151 1.45133451 106.73028499
5000 -0.70479430 1.47517813 96.32782510
5100 -0.72157472 1.44376983 102.21028331
5200 -0.64833530 1.49607788 108.01835692
5300 -0.67875900 1.53003520 88.03838877
5400 -0.69670690 1.49477165 92.57552397
5500 -0.67443177 1.46132776 110.34677841
5600 -0.71040773 1.42724228 111.40600239
5700 -0.70227804 1.52037354 83.41466172
5800 -0.68571914 1.52800380 86.37719349
5900 -0.67260242 1.51776642 93.42248438
6000 -0.67910974 1.51597435 91.82056384
6100 -0.69446340 1.50643290 89.76712855
6200 -0.69123552 1.51653875 87.84289124
6300 -0.67876028 1.53218716 87.45933689
6400 -0.68274168 1.48671253 99.40094053
6500 -0.68455434 1.54160319 83.13743979
6600 -0.70104626 1.49784366 90.33589607
6700 -0.69397902 1.53297248 82.47626813
6800 -0.68027829 1.50448178 94.77649438
6900 -0.66078259 1.49817110 103.08456652
7000 -0.66218360 1.50918006 99.34807985
7100 -0.71331834 1.49870847 86.48148025
7200 -0.69415706 1.45354615 106.78508495
7300 -0.73601637 1.49412914 81.62216855
7400 -0.69808251 1.56568379 73.02912793
7500 -0.70055358 1.50435799 88.53617964
7600 -0.69190608 1.54801447 79.20928566
7700 -0.63832401 1.51092310 107.18748778
7800 -0.72436375 1.51052168 79.88651977
7900 -0.69923019 1.51129328 86.90702409
8000 -0.71042955 1.51818965 81.63406070
8100 -0.67961501 1.46397678 107.77907368
8200 -0.65794450 1.48939656 106.73823185
8300 -0.69737139 1.49997120 90.80067926
8400 -0.65153201 1.52505731 98.51171437
8500 -0.66326829 1.51418028 97.54058078
8600 -0.71342466 1.49907744 86.33990826
8700 -0.67862699 1.53632822 86.40171217
8800 -0.67451162 1.49778879 98.63715012
8900 -0.68461227 1.49847408 95.19364929
9000 -0.66507536 1.54007930 89.86664142
9100 -0.67607440 1.53167200 88.46385545
9200 -0.70386542 1.52533054 81.56950043
9300 -0.66153025 1.50689280 100.23680050
9400 -0.69041882 1.46533334 103.92113975
9500 -0.65369155 1.51469404 100.66451720
9600 -0.68643655 1.52213631 87.76513330
9700 -0.69641996 1.46464598 102.31157918
9800 -0.68516609 1.48657767 98.67697339
9900 -0.67295313 1.53453572 88.71546971
10000 -0.68234213 1.50262787 94.66835217
10100 -0.65426889 1.51925778 99.17309540
10200 -0.67245032 1.46187267 110.80944145
10300 -0.64155387 1.51002746 106.28385146
10400 -0.69814808 1.49980509 90.61578327
10500 -0.70366504 1.46541746 99.87994416
10600 -0.65941939 1.48565942 107.40257482
10700 -0.65044009 1.50813995 103.68720990
10800 -0.70500336 1.47921587 94.96273601
10900 -0.69235480 1.50469866 90.92422475
11000 -0.72187779 1.48793443 87.36844272
11100 -0.71638706 1.49999169 85.22064343
11200 -0.67679423 1.51389303 93.15958626
11300 -0.65607092 1.53762828 93.56306772
11400 -0.68238504 1.50322372 94.47771138
11500 -0.66132720 1.52692012 94.63594342
11600 -0.67614807 1.50097405 97.14829605
11700 -0.66064111 1.51262599 98.87413628
11800 -0.66026623 1.49200720 105.13929751
11900 -0.68987088 1.53721022 82.61926968
12000 -0.72138135 1.46997415 93.27270571
12100 -0.67931115 1.51451910 92.17034249
12200 -0.71678314 1.48671499 89.17964601
12300 -0.64237413 1.52392148 102.05780674
12400 -0.71041840 1.52191392 80.59468697
12500 -0.73801899 1.45817399 92.73953702
12600 -0.63008269 1.53738178 102.90357331
12700 -0.68390909 1.48753948 98.77251749
12800 -0.67031407 1.48793113 103.03989636
12900 -0.68895387 1.49934834 93.57055910
13000 -0.66690680 1.49498241 101.99340501
13100 -0.66852539 1.51201882 96.40428669
13200 -0.68258264 1.52545055 88.06558920
13300 -0.69356354 1.50847636 89.44466783
13400 -0.71518818 1.50532164 83.97655666
13500 -0.69721168 1.49247431 93.12640836
13600 -0.69009982 1.54035224 81.72753960
13700 -0.67486409 1.48715983 101.79116651
13800 -0.66775030 1.50884040 97.58188781
13900 -0.67988964 1.53787739 85.58945138
14000 -0.70383818 1.51271093 85.12341608
14100 -0.69541881 1.45205785 106.91672172
14200 -0.69726228 1.47386856 99.00592071
14300 -0.69139615 1.49653693 93.66308562
14400 -0.65880566 1.53331179 93.76808877
14500 -0.69779675 1.50041547 90.53884766
14600 -0.67351291 1.51746940 93.20867942
14700 -0.71320289 1.47270788 94.68635812
14800 -0.69249960 1.47904842 98.78320730
14900 -0.71973824 1.52149387 78.05615859
15000 -0.69813772 1.49164266 93.10254254
15100 -0.69425892 1.49219946 94.10939089
15200 -0.66142021 1.50234013 101.61883681
15300 -0.69827544 1.49509945 92.00102972
15400 -0.66492022 1.53407957 91.49606666
15500 -0.70044369 1.48889230 93.26099083
15600 -0.65434069 1.47651389 112.06180958
15700 -0.72595852 1.50464826 81.16569239
15800 -0.72064141 1.49594966 85.24391568
15900 -0.71683812 1.46796700 95.21328007
16000 -0.69409983 1.50800180 89.41893128
16100 -0.65023231 1.50897221 103.51730338
16200 -0.67892617 1.50430176 95.26292710
16300 -0.66889557 1.48410428 104.71012500
16400 -0.72204317 1.43726733 104.41749338
16500 -0.67802580 1.49686830 97.77810467
16600 -0.66283542 1.49114583 104.53542552
16700 -0.64650456 1.53056197 98.77793778
16800 -0.68092806 1.51069804 92.75126505
16900 -0.71690873 1.43541674 106.53081197
17000 -0.70636050 1.50614986 86.28603203
17100 -0.61956667 1.51991290 111.58915251
17200 -0.71527824 1.46472476 96.73798324
17300 -0.67415688 1.46550972 109.02874428
17400 -0.63695486 1.55155190 96.76411698
17500 -0.69336994 1.48427920 96.85080766
17600 -0.67027143 1.50140219 98.94079081
17700 -0.64529940 1.51507914 103.49620392
17800 -0.70446457 1.47552883 96.31136516
17900 -0.67243377 1.49541791 100.03494058
18000 -0.69575533 1.47296416 99.75863064
18100 -0.64554664 1.52887387 99.57327928
18200 -0.72338044 1.47917829 89.72247464
18300 -0.68241621 1.51872981 89.98619054
18400 -0.72903735 1.47992241 87.93521138
18500 -0.66716834 1.52766386 92.47194217
18600 -0.67306091 1.55285639 83.98456370
18700 -0.66237999 1.52887038 93.74927223
18800 -0.69433525 1.54709442 78.69608654
18900 -0.62817994 1.55182057 99.92159523
19000 -0.66045777 1.52640095 95.07268478
19100 -0.70279582 1.51208221 85.61348942
19200 -0.67838807 1.50965410 93.86748650
19300 -0.67487148 1.51558493 93.30024326
19400 -0.68821819 1.52363516 86.79271049
19500 -0.67136867 1.50077172 98.76805959
19600 -0.71907899 1.49429129 86.18721517
19700 -0.68565784 1.51852685 89.01906283
19800 -0.67090447 1.52034440 93.25556236
19900 -0.67965229 1.48768246 100.08244989
20000 -0.68801214 1.51504876 89.26681626
20100 -0.67550063 1.50297271 96.76252734
20200 -0.69921631 1.44289482 108.99747069
20300 -0.68504565 1.45125946 110.40810601
20400 -0.66249804 1.48468213 106.66646881
20500 -0.65863310 1.48148880 108.99037328
20600 -0.61602492 1.55797448 103.00660729
20700 -0.67582956 1.50990346 94.62123949
20800 -0.71017858 1.46887823 96.81903961
20900 -0.68578396 1.50111062 94.03329071
21000 -0.68436243 1.47901359 101.32967694
21100 -0.67107555 1.49269374 101.31421322
21200 -0.68474963 1.48856234 98.18810645
21300 -0.66333048 1.49477211 103.25521386
21400 -0.66975283 1.52121280 93.39274729
21500 -0.67471665 1.47447729 105.88714376
21600 -0.68665667 1.44491913 112.13323537
21700 -0.71671686 1.46905691 94.88633309
21800 -0.69469399 1.50976215 88.72488436
21900 -0.68221349 1.51221061 91.90550019
22000 -0.66622643 1.54154091 89.10294764
22100 -0.64607791 1.53599459 97.47984942
22200 -0.73107872 1.46626938 91.84739177
22300 -0.70346650 1.51776274 83.79499231
22400 -0.71828887 1.51780747 79.49689332
22500 -0.66144974 1.49415168 104.07973929
22600 -0.62457313 1.51523790 111.01739215
22700 -0.68434611 1.49302921 96.93422144
22800 -0.70648971 1.46866529 97.96549125
22900 -0.71665350 1.47626156 92.54590598
23000 -0.68608829 1.51908084 88.72806791
23100 -0.69632434 1.49919947 91.34993114
23200 -0.69126719 1.50735424 90.47874657
23300 -0.64222929 1.50113712 108.65945041
23400 -0.64073772 1.52112402 103.42059945
23500 -0.63856873 1.49864691 110.72312593
23600 -0.68701060 1.51575889 89.37768519
23700 -0.68120897 1.50138389 95.39965123
23800 -0.70423418 1.47994125 94.95751372
23900 -0.68437176 1.55333258 80.23299968
24000 -0.69048801 1.54067171 81.52441608
24100 -0.66267749 1.50762990 99.63337579
24200 -0.68590072 1.49777402 94.99945141
24300 -0.68420633 1.49715265 95.72107941
24400 -0.64450634 1.53644066 97.91963454
24500 -0.65641595 1.51371131 100.00560589
24600 -0.66648476 1.49574979 101.90030429
24700 -0.66015610 1.53140342 93.81899987
24800 -0.67114229 1.49806972 99.65464333
24900 -0.67720442 1.51701195 92.13961135
25000 -0.70286908 1.54061911 77.78261611
25100 -0.68782194 1.49812422 94.29206291
25200 -0.66446096 1.48945061 104.51368555
25300 -0.69056508 1.49308167 94.97441564
25400 -0.71965448 1.50172647 83.78035390
25500 -0.68559257 1.52836461 86.31890949
25600 -0.68887909 1.49886095 93.74047292
25700 -0.70473531 1.49583657 89.84831346
25800 -0.67382683 1.49665442 99.20373977
25900 -0.71524656 1.47798481 92.38915089
26000 -0.67638330 1.55502590 82.37003882
26100 -0.69742757 1.51699898 85.81982758
26200 -0.69995221 1.54641407 77.16724942
26300 -0.69739159 1.49253537 93.05317599
26400 -0.64912367 1.49626492 107.68459653
26500 -0.68413283 1.48144140 100.62582627
26600 -0.65478998 1.49420827 106.33926706
26700 -0.67191399 1.49265738 101.04995630
26800 -0.67714797 1.52178255 90.81919140
26900 -0.65513593 1.46310002 116.21641245
27000 -0.69748820 1.49050207 93.65117852
27100 -0.64552228 1.50154031 107.36631979
27200 -0.69811591 1.53068499 81.83228989
27300 -0.68319916 1.50627856 93.31752833
27400 -0.66020576 1.50085713 102.47329134
27500 -0.71903559 1.49508479 85.95714383
27600 -0.69205966 1.50393998 91.23939150
27700 -0.73086391 1.46029340 93.91740555
27800 -0.72129480 1.49055859 86.71528983
27900 -0.74807060 1.49846257 77.19662325
28000 -0.63771111 1.50811363 108.22544538
28100 -0.65636013 1.50551164 102.40587921
28200 -0.70732031 1.46531904 98.83637353
28300 -0.70272975 1.46861607 99.09245545
28400 -0.65950148 1.52768307 95.04787609
28500 -0.69751509 1.49344581 92.73629462
28600 -0.70572840 1.49017967 91.29220776
28700 -0.70717872 1.50591821 86.11419946
28800 -0.69234226 1.49924696 92.55283956
28900 -0.67072343 1.48997416 102.26954054
29000 -0.67973030 1.54685724 83.32697083
29100 -0.66360716 1.50838044 99.10105497
29200 -0.70785270 1.49076374 90.48855360
29300 -0.67326985 1.47757013 105.35680853
29400 -0.70067551 1.49695379 90.71607876
29500 -0.68688800 1.49836590 94.51112688
29600 -0.67517363 1.51677226 92.86506333
29700 -0.66728674 1.46845704 110.30942471
29800 -0.67513975 1.51229928 94.15294273
29900 -0.70305607 1.49510098 90.56955607
30000 -0.69284664 1.46785589 102.33144896
30100 -0.66713229 1.54056295 89.05424599
30200 -0.70875727 1.50977261 84.52713232
30300 -0.68945068 1.48743757 97.06807736
30400 -0.67587079 1.54812556 84.25023872
30500 -0.75009400 1.48769325 79.99425818
30600 -0.69065445 1.49239117 95.15893115
30700 -0.72090927 1.49904007 84.23425794
30800 -0.66653777 1.53258434 91.35409725
30900 -0.67941379 1.51257255 92.69502722
31000 -0.65488076 1.46570020 115.43182279
31100 -0.65841757 1.54102017 91.87455296
31200 -0.64868742 1.50037037 106.59922070
31300 -0.69355046 1.45721826 105.70532304
31400 -0.69050253 1.48493258 97.52808177
31500 -0.67567243 1.51098026 94.36039385
31600 -0.68264991 1.45970131 108.25714094
31700 -0.67572696 1.46013068 110.33208091
31800 -0.68057797 1.51518376 91.57536171
31900 -0.68823553 1.47833890 100.33147312
32000 -0.70253729 1.52899312 80.96439638
32100 -0.71806108 1.50179405 84.20817116
32200 -0.70076202 1.50850681 87.25582310
32300 -0.68969882 1.52631048 85.59638931
32400 -0.67621616 1.44877118 114.09882915
32500 -0.68113183 1.52022006 89.97686321
32600 -0.67781147 1.50153202 96.44429238
32700 -0.68602516 1.48083855 100.22211322
32800 -0.65018658 1.49454686 107.83552517
32900 -0.63092720 1.51898631 107.59171534
33000 -0.68807942 1.48999067 96.70011699
33100 -0.69923467 1.49367294 92.14802744
33200 -0.68295642 1.48150517 100.97779293
33300 -0.70850757 1.51724443 82.45927519
33400 -0.60605867 1.55679998 107.16801190
33500 -0.70050751 1.47638092 97.21253077
33600 -0.69056526 1.49775431 93.55115582
33700 -0.68807631 1.50296488 92.76312551
33800 -0.66998067 1.50632140 97.57994076
33900 -0.67965856 1.46518000 107.36153836
34000 -0.71467938 1.50558551 84.04387543
34100 -0.66837937 1.52161576 93.73501474
34200 -0.67849491 1.49816010 97.23642359
34300 -0.66263882 1.53190391 92.84403994
34400 -0.67526890 1.53704109 87.29883515
34500 -0.69733654 1.48674261 94.86768064
34600 -0.70980783 1.50600492 85.32230160
34700 -0.68049529 1.51655334 91.21263626
34800 -0.63209286 1.51541975 108.17079380
34900 -0.62737146 1.51690696 109.49685057
35000 -0.72355732 1.47064347 92.44813982
35100 -0.71134163 1.50640371 84.76121757
35200 -0.69416385 1.46847338 101.72282592
35300 -0.68522815 1.52083584 88.50697373
35400 -0.68019996 1.49460767 97.76827286
35500 -0.66083874 1.48763263 106.30186938
35600 -0.67041457 1.47488849 107.16202612
35700 -0.65364669 1.51157213 101.57562624
35800 -0.71168526 1.47927270 92.99569503
35900 -0.64883443 1.51588398 102.01958447
36000 -0.68560890 1.52115645 88.29774375
36100 -0.74892280 1.47717741 83.62709181
36200 -0.67165970 1.51126789 95.58679251
36300 -0.70380529 1.50707773 86.76738150
36400 -0.69763277 1.47130573 99.73293204
36500 -0.65053816 1.51490385 101.70169495
36600 -0.65805660 1.47345976 111.77690874
36700 -0.72975172 1.50518502 79.97500204
36800 -0.71677269 1.48614691 89.36073634
36900 -0.67577103 1.51546392 93.04260201
37000 -0.69927835 1.53370261 80.67390735
37100 -0.73048072 1.47861321 87.96505575
37200 -0.69148924 1.47250964 101.21441238
37300 -0.71267848 1.46699570 96.72276034
37400 -0.67598610 1.50223916 96.82326081
37500 -0.69195690 1.52060892 86.47496117
37600 -0.64176029 1.56562741 91.63309981
37700 -0.66209328 1.52934755 93.71684876
37800 -0.71196793 1.49971384 86.56712600
37900 -0.71374906 1.55739648 70.39803488
38000 -0.68013840 1.48600475 100.45222867
38100 -0.67852868 1.48452647 101.43367757
38200 -0.69006123 1.52375647 86.18626421
38300 -0.67118649 1.50834081 96.59170216
38400 -0.70519962 1.51688609 83.53037738
38500 -0.66505587 1.53621576 90.88484768
38600 -0.74573311 1.51688504 72.40286580
38700 -0.69997399 1.48499498 94.62188454
38800 -0.68903249 1.50925299 90.61730844
38900 -0.65856057 1.50565763 101.60915899
39000 -0.66926728 1.50477103 98.27213945
39100 -0.66911746 1.52901864 91.45707849
39200 -0.68713945 1.49306791 96.04451520
39300 -0.73238418 1.49146434 83.40623974
39400 -0.73011172 1.50794306 79.06847048
39500 -0.66743369 1.51695850 95.35642098
39600 -0.69782646 1.48751072 94.47919834
39700 -0.69200419 1.50144588 91.99799064
39800 -0.67549493 1.50751600 95.42521621
39900 -0.70257173 1.52064677 83.25090094
40000 -0.71704384 1.49959201 85.15457440
40100 -0.70502419 1.48950061 91.71030049
40200 -0.67503594 1.50328367 96.82110896
40300 -0.72889756 1.46532214 92.75290370
40400 -0.67523107 1.51230566 94.12144623
40500 -0.64582027 1.50239215 107.00685938
40600 -0.69553195 1.47849916 98.03179376
40700 -0.67379826 1.51979366 92.46158289
40800 -0.67481145 1.51478985 93.54621003
40900 -0.73954111 1.53069497 70.18201554
41000 -0.72002180 1.52377021 77.34534648
41100 -0.66387385 1.53180771 92.45394754
41200 -0.64377094 1.49240623 110.75653480
41300 -0.65968100 1.49412306 104.68886129
41400 -0.68642826 1.56586591 76.57300512
41500 -0.71826031 1.48428830 89.52556432
41600 -0.68432496 1.50468138 93.43190951
41700 -0.67561706 1.46598577 108.39489786
41800 -0.65554807 1.51192512 100.81713446
41900 -0.67131546 1.47769555 105.95684506
42000 -0.69662329 1.45021263 107.19431573
42100 -0.70657815 1.50209188 87.42281702
42200 -0.67746460 1.48771428 100.77572600
42300 -0.64053618 1.51471732 105.30022140
42400 -0.66158330 1.53732327 91.76246645
42500 -0.67192573 1.54791138 85.59069883
42600 -0.70940367 1.49636862 88.31912079
42700 -0.71060676 1.50837364 84.39719062
42800 -0.67806443 1.48157676 102.51793274
42900 -0.71055895 1.53003394 78.32889837
43000 -0.69618087 1.53775642 80.53888015
43100 -0.67293475 1.48930296 101.75216588
43200 -0.69355522 1.48026231 98.07029525
43300 -0.69414810 1.50052848 91.61428609
43400 -0.72183059 1.47760085 90.65971439
43500 -0.68504100 1.48951120 97.80123425
43600 -0.66715523 1.54235608 88.58301422
43700 -0.71193798 1.50193122 85.91236531
43800 -0.70830886 1.52980545 79.04440610
43900 -0.68949944 1.51920171 87.62913946
44000 -0.69135139 1.55531186 77.56812377
44100 -0.65734007 1.53175294 94.68615653
44200 -0.72735874 1.46860967 92.07640326
44300 -0.64757927 1.51823441 101.79610846
44400 -0.69487316 1.52330013 84.83260309
44500 -0.67864097 1.51412001 92.49949680
44600 -0.70458436 1.54287894 76.69082054
44700 -0.69415815 1.51010545 88.78904562
44800 -0.67385127 1.56789938 80.12184550
44900 -0.69961541 1.52392494 83.22417178
45000 -0.70823464 1.48757762 91.36738479
45100 -0.69263604 1.50810571 89.83743980
45200 -0.73899628 1.47671748 86.31726344
45300 -0.67546211 1.53591590 87.53262580
45400 -0.71323231 1.53576969 76.02668129
45500 -0.62885536 1.50641231 111.97103589
45600 -0.66157558 1.51843593 96.90470736
45700 -0.68777291 1.50709178 91.64049299
45800 -0.68665900 1.50317424 93.14405687
45900 -0.66537586 1.49534983 102.39252149
46000 -0.71357491 1.48365999 91.05516645
46100 -0.67947343 1.48102074 102.24252398
46200 -0.64898920 1.50184038 106.05387120
46300 -0.69908464 1.48445782 95.05846206
46400 -0.66612088 1.52778954 92.78690132
46500 -0.67201587 1.52730481 90.96813048
46600 -0.65110232 1.48260971 111.23309099
46700 -0.65460532 1.48063338 110.64625848
46800 -0.66878933 1.49526246 101.28273945
46900 -0.67372497 1.50379125 97.09750789
47000 -0.68145802 1.49588927 96.97616245
47100 -0.63341418 1.49252547 114.46287526
47200 -0.67993514 1.50383839 95.07660607
47300 -0.60044008 1.53343649 115.35211872
47400 -0.70879977 1.53336151 77.94682805
47500 -0.67842330 1.53563021 86.65147841
47600 -0.70369497 1.51823359 83.59449048
47700 -0.73702256 1.50212435 78.94351813
47800 -0.68687177 1.50083630 93.77410196
47900 -0.71455441 1.52768725 77.81671059
48000 -0.69297368 1.48985582 95.22728697
48100 -0.69440410 1.48089911 97.60711655
48200 -0.67266504 1.52075076 92.56415729
48300 -0.70605736 1.47789176 95.07799582
48400 -0.63862798 1.49257063 112.55127774
48500 -0.70336916 1.45478128 103.58290976
48600 -0.70376977 1.49114306 91.57247783
48700 -0.68702249 1.52648439 86.38285666
48800 -0.72756507 1.50003149 82.10094906
48900 -0.65808523 1.48531337 107.96669471
49000 -0.66199261 1.47287049 110.63135593
49100 -0.66172039 1.49963671 102.32560000
49200 -0.72342974 1.49741738 84.02367380
49300 -0.65975323 1.55143883 88.77525962
49400 -0.72690868 1.48415127 87.16964516
49500 -0.66604727 1.46631811 111.43401633
49600 -0.67613683 1.54084530 86.02425539
49700 -0.71672079 1.49163999 87.66650367
49800 -0.68630254 1.50184381 93.65160438
49900 -0.70103635 1.52491505 82.52549737
50000 -0.67758985 1.52947698 88.56550209
50100 -0.69758535 1.52516668 83.49398684
50200 -0.67793127 1.51577566 92.25587188
50300 -0.73072407 1.48965110 84.41298251
50400 -0.69031599 1.50125469 92.57647212
50500 -0.68234538 1.52804377 87.43232442
50600 -0.64914144 1.53092405 97.75179935
50700 -0.68799453 1.51568762 89.09047109
50800 -0.71640978 1.49635587 86.31158399
50900 -0.64965536 1.49335796 108.38535591
51000 -0.66030307 1.53075388 93.94373652
51100 -0.69957715 1.51356505 86.14943640
51200 -0.64950207 1.51793610 101.20441943
51300 -0.69926849 1.44763283 107.30103122
51400 -0.70796871 1.50109700 87.31263930
51500 -0.64696817 1.48251266 112.71484247
51600 -0.64655058 1.52031214 101.57589550
51700 -0.70682845 1.46654988 98.56926761
51800 -0.70217012 1.52611526 81.85774334
51900 -0.69456742 1.48782129 95.37230429
52000 -0.71114082 1.47011910 96.13051737
52100 -0.65848707 1.50288536 102.45409621
52200 -0.71071024 1.46269357 98.73209612
52300 -0.72632577 1.47728210 89.52221401
52400 -0.71617784 1.48798868 88.95304073
52500 -0.72200511 1.48308369 88.85855186
52600 -0.69476500 1.47965111 97.89590754
52700 -0.69003601 1.50292080 92.16686246
52800 -0.68884555 1.51381929 89.35824544
52900 -0.76005537 1.51948647 68.13063449
53000 -0.67613541 1.48637388 101.62480812
53100 -0.68336772 1.50867642 92.56271546
53200 -0.67321513 1.50998079 95.44974790
53300 -0.71269046 1.48346025 91.37209268
53400 -0.70680619 1.52441787 80.95405917
53500 -0.69066697 1.49263325 95.08062297
53600 -0.72230150 1.48075031 89.51841104
53700 -0.72066921 1.52180604 77.70878391
53800 -0.72190701 1.54259240 71.79718969
53900 -0.69959877 1.49999676 90.12142156
54000 -0.66904964 1.49465407 101.38213877
54100 -0.67518043 1.47535522 105.45099435
54200 -0.72292158 1.50414741 82.15060189
54300 -0.72153076 1.49125758 86.43350175
54400 -0.65085005 1.51695316 101.01060187
54500 -0.69784038 1.47828611 97.40013156
54600 -0.70104467 1.47154527 98.62839986
54700 -0.66340854 1.50766344 99.37723765
54800 -0.69975233 1.50072695 89.85651141
54900 -0.65046515 1.54191634 94.39089303
55000 -0.66843869 1.49291639 102.11662537
55100 -0.71087136 1.49731089 87.60803383
55200 -0.70121641 1.51004285 86.67339149
55300 -0.69445415 1.49383189 93.54859080
55400 -0.69658143 1.49924362 91.25861382
55500 -0.69287308 1.47139781 101.15317428
55600 -0.68322531 1.52817008 87.11885503
55700 -0.67993282 1.48892528 99.60524140
55800 -0.70459460 1.51499802 84.24524027
55900 -0.71100311 1.48793677 90.45133032
56000 -0.72355877 1.51142968 79.84629111
56100 -0.65736487 1.50543141 102.08474276
56200 -0.64331865 1.54615504 95.82942624
56300 -0.66309413 1.52239475 95.28512145
56400 -0.68216235 1.49540667 96.89893556
56500 -0.68935680 1.53504656 83.34976069
56600 -0.71425207 1.50618708 83.98895739
56700 -0.66594243 1.50527125 99.22974864
56800 -0.70738033 1.49927886 88.02973757
56900 -0.67006792 1.47296000 107.90516865
57000 -0.69525384 1.48819340 95.04678670
57100 -0.67628030 1.53645270 87.12581214
57200 -0.68897571 1.46488143 104.52028392
57300 -0.61267877 1.52027010 114.13327612
57400 -0.70237900 1.49515359 90.75479683
57500 -0.71359477 1.50059625 85.83528228
57600 -0.68226375 1.53063631 86.75656335
57700 -0.70750650 1.52254602 81.26657868
57800 -0.67305117 1.53700704 88.03041863
57900 -0.67234983 1.53184917 89.62975110
58000 -0.75415394 1.49075604 78.03605603
58100 -0.67707964 1.52590368 89.70317366
58200 -0.63004455 1.55003790 99.67404358
58300 -0.70837763 1.52845896 79.38907167
58400 -0.68534772 1.49786949 95.14445355
58500 -0.66881007 1.54056967 88.49543278
58600 -0.70995764 1.48685289 91.09284048
58700 -0.68083365 1.57321363 76.64960731
58800 -0.68800578 1.51067631 90.52429366
58900 -0.65937107 1.50234114 102.31443479
59000 -0.71554685 1.48591187 89.78247335
59100 -0.71275593 1.54407488 74.00341252
59200 -0.67729633 1.51629377 92.31344194
59300 -0.65410885 1.47889713 111.37387020
59400 -0.68415040 1.51726675 89.84952974
59500 -0.74843989 1.45714371 90.41646219
59600 -0.67027080 1.50311972 98.42962495
59700 -0.71584567 1.49543729 86.75106280
59800 -0.69215016 1.46906989 102.14313032
59900 -0.68025831 1.49863341 96.52828676
60000 -0.69104960 1.50092998 92.44661370
60100 -0.66208718 1.51518384 97.65265898
60200 -0.65097531 1.53437139 96.18839676
60300 -0.70679293 1.44269623 106.81818572
60400 -0.69013752 1.52511374 85.78860800
60500 -0.66790575 1.49462139 101.77134449
60600 -0.68655465 1.54736581 81.03600940
60700 -0.66497993 1.50421554 99.86344882
60800 -0.67752820 1.50749943 94.77232285
60900 -0.70746076 1.48072446 93.75803616
61000 -0.70974626 1.49024951 90.09629988
61100 -0.68026402 1.50747844 93.89998279
61200 -0.72318101 1.52897995 75.04031104
61300 -0.65885929 1.48592372 107.51044671
61400 -0.71561332 1.50484869 83.99503849
61500 -0.68320821 1.46456593 106.43652690
61600 -0.70717109 1.53029742 79.24412665
61700 -0.66205050 1.51872994 96.66135594
61800 -0.65583260 1.54120754 92.71236633
61900 -0.65511369 1.51656716 99.64036950
62000 -0.67952600 1.47462851 104.28509651
62100 -0.69026624 1.48527502 97.49340730
62200 -0.73277025 1.45149894 96.43236579
62300 -0.71553461 1.44128084 104.79999678
62400 -0.69548388 1.45161542 107.05094172
62500 -0.71655678 1.49221922 87.53453370
62600 -0.66728318 1.47000980 109.79700510
62700 -0.64641214 1.53672822 97.16820137
62800 -0.69599439 1.52821368 83.14360836
62900 -0.71776336 1.50116799 84.47904495
63000 -0.69957112 1.49218887 92.50259970
63100 -0.64764943 1.50770343 104.79410639
63200 -0.69626887 1.54394194 78.90916546
63300 -0.72945873 1.46686623 92.08534396
63400 -0.70716749 1.48602060 92.16697240
63500 -0.73326598 1.46068778 93.13990964
63600 -0.68321735 1.50507243 93.66675940
63700 -0.66928310 1.52889848 91.43485259
63800 -0.69641467 1.52920733 82.74636113
63900 -0.70187831 1.49310104 91.53175720
64000 -0.67811536 1.50539424 95.20113546
64100 -0.71547951 1.47419917 93.54904588
64200 -0.68812257 1.51361281 89.64257620
64300 -0.67564127 1.51568787 93.02098654
64400 -0.73843646 1.44280358 98.00238418
64500 -0.71559924 1.46447524 96.73032950
64600 -0.71982654 1.47869194 90.86801840
64700 -0.69129378 1.50119663 92.29149221
64800 -0.73574459 1.44594531 97.59282242
64900 -0.68687454 1.48235202 99.47389637
65000 -0.65655318 1.49935958 104.17019171
65100 -0.67279577 1.51785723 93.33357560
65200 -0.67922053 1.52892538 88.19045695
65300 -0.66715760 1.49400785 102.20762902
65400 -0.70181167 1.51688005 84.53659488
65500 -0.67459437 1.48484989 102.60420786
65600 -0.66383884 1.52894897 93.23649325
65700 -0.69291589 1.52427791 85.16166084
65800 -0.67681611 1.48332804 102.36447668
65900 -0.68637132 1.48191045 99.77195660
66000 -0.72111371 1.46647489 94.50828208
66100 -0.66653553 1.50144055 100.16815006
66200 -0.64043279 1.52476866 102.52043236
66300 -0.67148374 1.50402098 97.76325887
66400 -0.70317875 1.46781373 99.22528437
66500 -0.70891804 1.46871477 97.23930778
66600 -0.68244392 1.48447396 100.19927182
66700 -0.66341327 1.51083025 98.45488665
66800 -0.71992322 1.49213481 86.61198906
66900 -0.65657641 1.50366083 102.87833305
67000 -0.73234271 1.50632306 78.94328583
67100 -0.70415969 1.48226578 94.23826251
67200 -0.71767154 1.53137249 75.93504841
67300 -0.72097545 1.50437706 82.62381138
67400 -0.69523192 1.49542176 92.82574210
67500 -0.72127600 1.50874450 81.25841536
67600 -0.66942639 1.54013007 88.40564712
67700 -0.71103172 1.47698268 93.92142824
67800 -0.67456511 1.49294367 100.09572833
67900 -0.71450903 1.47964632 92.06578604
68000 -0.67168512 1.53508009 88.98661094
68100 -0.69302189 1.51398615 88.01973891
68200 -0.68278830 1.50153203 94.85319372
68300 -0.66409569 1.50384902 100.26855446
68400 -0.65888723 1.48060493 109.18556677
68500 -0.70610447 1.51580700 83.57012117
68600 -0.66471220 1.51429309 97.02317371
68700 -0.67761801 1.47020296 106.34811639
68800 -0.68949915 1.49599092 94.41614840
68900 -0.69936876 1.50633882 88.30801454
69000 -0.72734063 1.49200080 84.60332049
69100 -0.69234762 1.49663736 93.33943752
69200 -0.67680588 1.50277302 96.39915739
69300 -0.67147527 1.49322188 101.02065553
69400 -0.67509060 1.50451870 96.43765813
69500 -0.66278593 1.48567357 106.25721801
69600 -0.66372194 1.50644204 99.62960612
69700 -0.67776281 1.51962469 91.22355984
69800 -0.70507502 1.51210013 84.93353782
69900 -0.70951185 1.47021610 96.57039269
70000 -0.64421998 1.54028229 97.01635592
70100 -0.69380588 1.50699692 89.80282195
70200 -0.69261832 1.54523737 79.69374853
70300 -0.68298537 1.47390461 103.41824221
70400 -0.67764727 1.52042051 91.03798644
70500 -0.69572532 1.49482398 92.85774237
70600 -0.68203838 1.48333425 100.68839504
70700 -0.66616776 1.50108512 100.39703325
70800 -0.69584564 1.52421703 84.28305879
70900 -0.66543535 1.52548142 93.64697795
71000 -0.68844989 1.47508217 101.31753415
71100 -0.69402703 1.49188708 94.27651427
71200 -0.72574067 1.47238465 91.27499822
71300 -0.65572726 1.47742792 111.28823300
71400 -0.66469428 1.49798853 101.82042586
71500 -0.67319443 1.50247422 97.66173414
71600 -0.69153149 1.47895231 99.11222084
71700 -0.70347142 1.47222909 97.68148258
71800 -0.66297545 1.54555203 89.16466084
71900 -0.70819754 1.48489119 92.22111979
72000 -0.67703071 1.53302892 87.79136000
72100 -0.64426411 1.55344758 93.66805884
72200 -0.73866865 1.46521935 90.18607908
72300 -0.66287257 1.50736255 99.64579243
72400 -0.71283415 1.51541857 81.72540643
72500 -0.74389213 1.49044519 80.70771107
72600 -0.65382957 1.52133359 98.74446649
72700 -0.70202716 1.47696623 96.56931567
72800 -0.71550919 1.50777148 83.16626258
72900 -0.67230546 1.47695666 105.87035588
73000 -0.69166599 1.48898717 95.89942333
73100 -0.67806229 1.53380116 87.25285575
73200 -0.68199469 1.50155293 95.09901399
73300 -0.72962241 1.52009659 75.72498052
73400 -0.74747194 1.49000837 79.93261481
73500 -0.71376558 1.48779129 89.70221064
73600 -0.68823835 1.52705473 85.84722391
73700 -0.70318912 1.50290474 88.18114576
73800 -0.70648625 1.48983281 91.17700202
73900 -0.65839168 1.48697108 107.34167512
74000 -0.67763047 1.52032816 91.06922506
74100 -0.68030421 1.48642414 100.26760767
74200 -0.64148902 1.49735136 110.06315876
74300 -0.64937692 1.53515436 96.53988105
74400 -0.67755316 1.53088004 88.19875753
74500 -0.63453596 1.50798819 109.41742943
74600 -0.65731238 1.52744159 95.86144465
74700 -0.65952877 1.50762402 100.70218843
74800 -0.70831322 1.49025863 90.51044561
74900 -0.69456763 1.48647496 95.79344239
75000 -0.68613723 1.52349941 87.48120777
75100 -0.68298633 1.50010707 95.21671807
75200 -0.70055656 1.47951855 96.18736664
75300 -0.70505304 1.47937054 94.89848187
75400 -0.65727223 1.51469476 99.43070079
75500 -0.69045704 1.52360840 86.10458132
75600 -0.65345785 1.53408878 95.40011879
75700 -0.67805529 1.54109200 85.34087550
75800 -0.73808900 1.45787547 92.82328414
75900 -0.69416779 1.45449460 106.45366149
76000 -0.69439060 1.53008691 83.12509022
76100 -0.67629032 1.49589147 98.63497691
76200 -0.65941554 1.52397093 96.09490949
76300 -0.70149791 1.46500013 100.66420639
76400 -0.68037936 1.49053500 98.96296962
76500 -0.70096605 1.52321734 83.01497287
76600 -0.68153694 1.50662131 93.74488798
76700 -0.67411122 1.49650937 99.15502955
76800 -0.67857910 1.50075085 96.43072256
76900 -0.66655560 1.51095935 97.36483295
77000 -0.67702334 1.50430200 95.87561596
77100 -0.66440805 1.52902259 93.02535554
77200 -0.70410585 1.53126634 79.88556586
77300 -0.66461082 1.53529247 91.27798982
77400 -0.71435725 1.51726652 80.76500075
77500 -0.69137179 1.52396401 85.72362107
77600 -0.68832473 1.47878811 100.15927472
77700 -0.66313183 1.54098075 90.28556957
77800 -0.67590822 1.51881000 92.05164928
77900 -0.68657113 1.46617812 104.83735114
78000 -0.76057958 1.46795304 83.78866103
78100 -0.73964830 1.45250668 94.26730861
78200 -0.68405736 1.50118277 94.55574459
78300 -0.65217983 1.49413811 107.26518304
78400 -0.64634256 1.52470778 100.42969598
78500 -0.67501203 1.49814937 98.36549315
78600 -0.63612221 1.53033873 102.56212173
78700 -0.68965818 1.50322986 92.19228230
78800 -0.73054324 1.48630793 85.50482729
78900 -0.63756049 1.53662274 100.36499012
79000 -0.63518537 1.52170615 105.26858956
79100 -0.70105009 1.47273013 98.23830986
79200 -0.75955110 1.47815973 80.69841521
79300 -0.68900569 1.48474495 98.05160394
79400 -0.69745130 1.53708360 80.33037352
79500 -0.64784645 1.51935703 101.38629838
79600 -0.67290990 1.46358042 110.08303334
79700 -0.69709201 1.50956255 88.05358186
79800 -0.68571741 1.52560205 87.03389080
79900 -0.68359149 1.48910908 98.38375339
80000 -0.69492838 1.44616888 109.13257779
80100 -0.64428621 1.50484125 106.82549394
80200 -0.67397218 1.49329602 100.18073736
80300 -0.72018692 1.47814462 90.94312239
80400 -0.70865324 1.48169204 93.10144681
80500 -0.68348540 1.54308267 83.09400386
80600 -0.69973262 1.54657545 77.19225092
80700 -0.68507815 1.46517121 105.64304735
80800 -0.68780601 1.50621876 91.88625333
80900 -0.71146803 1.49912885 86.88707450
81000 -0.67415146 1.46859520 108.00320733
81100 -0.69490895 1.49672322 92.52867765
81200 -0.68072290 1.52034170 90.07331626
81300 -0.71198277 1.50022767 86.40868808
81400 -0.70813160 1.50086120 87.33559476
81500 -0.67096301 1.51163156 95.71085008
81600 -0.70380336 1.50709210 86.76374338
81700 -0.67039747 1.49999848 99.31936834
81800 -0.69074351 1.48674495 96.88415287
81900 -0.67529620 1.50840762 95.22933580
82000 -0.67102583 1.49821320 99.64963762
82100 -0.69636224 1.49476884 92.68097467
82200 -0.69554421 1.48680966 95.39075756
82300 -0.65642643 1.50848983 101.51049086
82400 -0.70932782 1.48221581 92.73855112
82500 -0.69615960 1.49955744 91.29235946
82600 -0.68926117 1.53043878 84.61093728
82700 -0.67408094 1.49192165 100.56775409
82800 -0.69390793 1.47844327 98.54554244
82900 -0.65559749 1.51751226 99.20620621
83000 -0.70081911 1.48440719 94.55401240
83100 -0.72611990 1.51429472 78.31890618
83200 -0.69667204 1.51299529 87.18977540
83300 -0.67869320 1.47601453 104.10232224
83400 -0.72110846 1.50910233 81.20097442
83500 -0.69698202 1.48824994 94.50399803
83600 -0.69563863 1.48478984 95.99664257
83700 -0.70853845 1.50444628 86.15091875
83800 -0.66893052 1.50181091 99.26186807
83900 -0.70602627 1.47232139 96.89691472
84000 -0.70017308 1.46751112 100.22252031
84100 -0.72415264 1.48315963 88.23979389
84200 -0.68942158 1.55043158 79.37167663
84300 -0.70933580 1.48175650 92.88230100
84400 -0.70338456 1.50100198 88.69026506
84500 -0.64620776 1.50284648 106.73458095
84600 -0.69940886 1.48253805 95.56856227
84700 -0.69127491 1.50992761 89.72658665
84800 -0.68770925 1.44799853 110.71527205
84900 -0.68316218 1.53916701 84.21002652
85000 -0.67650993 1.54957358 83.67960986
85100 -0.66393382 1.50475659 100.05457423
85200 -0.66017085 1.51816325 97.45790210
85300 -0.68590406 1.48266234 99.67972556
85400 -0.64969463 1.47881453 112.93697907
85500 -0.67665196 1.52332194 90.55235271
85600 -0.67113297 1.49934070 99.27476822
85700 -0.70062519 1.53862353 78.97146670
85800 -0.66832913 1.48476983 104.68781310
85900 -0.71189600 1.48660496 90.61018224
86000 -0.69374589 1.51374549 87.86661299
86100 -0.67000323 1.52615915 91.94333819
86200 -0.71044652 1.45485047 101.48470805
86300 -0.67536954 1.51888438 92.20546206
86400 -0.70724892 1.49411926 89.63311014
86500 -0.66818013 1.50006390 100.03304553
86600 -0.64144854 1.50604009 107.48578971
86700 -0.69855718 1.49298221 92.56384807
86800 -0.67316477 1.53574772 88.32526536
86900 -0.71663452 1.50159775 84.66994922
87000 -0.74746546 1.49137918 79.51025030
87100 -0.66270034 1.54462347 89.49411607
87200 -0.69647109 1.49709112 91.94179373
87300 -0.66867598 1.49754381 100.62767689
87400 -0.68435495 1.48150741 100.53466259
87500 -0.68020768 1.50686038 94.09898294
87600 -0.71661044 1.48167747 90.81943785
87700 -0.73824135 1.50363519 78.17484790
87800 -0.66028758 1.51238970 99.06210784
87900 -0.70476833 1.50380873 87.44550330
88000 -0.70332614 1.53534663 79.02839307
88100 -0.66674942 1.49523213 101.96970386
88200 -0.71896519 1.44779903 101.51304262
88300 -0.69517829 1.50036198 91.34960901
88400 -0.70765075 1.51356445 83.75670652
88500 -0.66154973 1.55422915 87.47594852
88600 -0.68330453 1.54507364 82.64173742
88700 -0.66577301 1.54372271 88.69286745
88800 -0.71278247 1.53678301 75.88854552
88900 -0.67967217 1.49642346 97.38431689
89000 -0.66353406 1.51623799 96.86510452
89100 -0.69863537 1.53912284 79.43876494
89200 -0.68336246 1.49453268 96.78480867
89300 -0.68819809 1.51499692 89.22359226
89400 -0.69363274 1.45630501 105.99357130
89500 -0.69867125 1.49793869 91.02002487
89600 -0.62710300 1.51419085 110.36952307
89700 -0.69668419 1.48274993 96.32404211
89800 -0.69083339 1.51235030 89.16317001
89900 -0.69756032 1.51632216 85.97143854
90000 -0.69079713 1.47893136 99.34574545
90100 -0.69739497 1.49536771 92.18531881
90200 -0.65174653 1.50026628 105.56038858
90300 -0.67467905 1.53460982 88.13283368
90400 -0.68927529 1.52944644 84.87453667
90500 -0.67205869 1.51220721 95.18509511
90600 -0.66355353 1.53238808 92.40618295
90700 -0.67304730 1.47737170 105.49354574
90800 -0.69932718 1.47091200 99.35152925
90900 -0.72334866 1.47109604 92.35689088
91000 -0.63854412 1.50258944 109.55169931
91100 -0.68881952 1.49604379 94.61133464
91200 -0.65888648 1.53177708 94.15098562
91300 -0.66307087 1.48927430 105.03584748
91400 -0.69472282 1.52975676 83.11278063
91500 -0.71099544 1.52013089 80.92517640
91600 -0.70801320 1.47997970 93.83464120
91700 -0.67124800 1.49102269 101.77242922
91800 -0.72593912 1.45612612 96.67930587
91900 -0.70151246 1.47930998 95.96845082
92000 -0.68797430 1.49060281 96.54332870
92100 -0.71647526 1.49748039 85.95219614
92200 -0.67181547 1.53409606 89.20499761
92300 -0.66365140 1.50558304 99.90586208
92400 -0.69092245 1.51647681 87.95716509
92500 -0.65977093 1.54664722 89.97172656
92600 -0.72218140 1.52537053 76.30225994
92700 -0.71054178 1.49698880 87.80092260
92800 -0.69671515 1.48684817 95.02288438
92900 -0.67601976 1.53297908 88.13168453
93000 -0.70331514 1.52418617 82.04758863
93100 -0.69551274 1.50234558 90.65532471
93200 -0.68460141 1.52440040 87.71570590
93300 -0.68944294 1.47935805 99.62847266
93400 -0.70888343 1.49688829 88.31278146
93500 -0.66551771 1.52822586 92.86979085
93600 -0.68153627 1.51934320 90.09369509
93700 -0.69509017 1.51783527 86.29347019
93800 -0.66282359 1.49950741 101.99186158
93900 -0.68316887 1.54456172 82.81534037
94000 -0.68600891 1.49856121 94.72787574
94100 -0.71931924 1.51194294 80.87928018
94200 -0.67793831 1.48732500 100.74469465
94300 -0.67754443 1.47534320 104.68981762
94400 -0.72249075 1.45058726 99.55032357
94500 -0.66588038 1.49539351 102.21051634
94600 -0.67773295 1.47561008 104.54243763
94700 -0.71551882 1.49986696 85.50469149
94800 -0.68374218 1.50698023 92.93979500
94900 -0.70897091 1.53227346 78.18771563
95000 -0.72783691 1.46723136 92.40385745
95100 -0.69797574 1.50299408 89.71558503
95200 -0.70781540 1.48257575 93.06499810
95300 -0.69040163 1.51237472 89.28972560
95400 -0.72747150 1.51191675 78.63187086
95500 -0.70430427 1.53915990 77.73676188
95600 -0.68991936 1.48217175 98.58240086
95700 -0.69346038 1.48961117 95.15388159
95800 -0.70341873 1.51481833 84.64451641
95900 -0.69326806 1.48899348 95.40476789
96000 -0.70914944 1.49626787 88.42362874
96100 -0.67122007 1.52442829 92.01800523
96200 -0.72920089 1.48129554 87.45234282
96300 -0.64136078 1.52831207 101.21821175
96400 -0.68918922 1.49230760 95.63897416
96500 -0.69532181 1.46235858 103.41526538
96600 -0.66489634 1.48588660 105.48084403
96700 -0.70233111 1.45470778 103.91674379
96800 -0.64842267 1.50838938 104.32168708
96900 -0.70578339 1.47546439 95.94338787
97000 -0.68736331 1.48504986 98.46764536
97100 -0.64193689 1.52552164 101.77377990
97200 -0.71458480 1.48779776 89.46603712
97300 -0.71731830 1.47570801 92.53711883
97400 -0.67399401 1.52483120 90.99888579
97500 -0.66283842 1.50569780 100.14585805
97600 -0.68885520 1.50825069 90.96437264
97700 -0.71701109 1.47802707 91.87464699
97800 -0.66127389 1.55418170 87.58100625
97900 -0.68175364 1.51446453 91.40562474
98000 -0.70835898 1.55540100 72.44157764
98100 -0.68123748 1.52035239 89.90616360
98200 -0.67955411 1.47375411 104.56097193
98300 -0.68007849 1.50193235 95.59704798
98400 -0.67391395 1.46400764 109.61148806
98500 -0.65534442 1.49658723 105.42338767
98600 -0.69958964 1.48538313 94.61507913
98700 -0.69889736 1.51739599 85.26391357
98800 -0.68541596 1.50084249 94.22916772
98900 -0.73270816 1.48364111 85.76393736
99000 -0.65533312 1.48110757 110.24382073
99100 -0.69443564 1.53751375 81.13430615
99200 -0.69634167 1.49142611 93.71311253
99300 -0.69824012 1.53256003 81.29158057
99400 -0.68869996 1.52684574 85.76048169
99500 -0.69005765 1.50016115 92.98379742
99600 -0.67852793 1.51364934 92.67049472
99700 -0.63873996 1.50546564 108.62965198
99800 -0.65767300 1.57621324 83.63414358
99900 -0.69282551 1.50377287 91.05334224
100000 -0.67839018 1.49343530 98.70739371
100100 -0.71861206 1.47550260 92.23886647
100200 -0.68822542 1.51566346 89.02532937
100300 -0.71959840 1.47594370 91.81877228
100400 -0.69439416 1.50838192 89.21801649
100500 -0.69618052 1.48422239 96.01088480
100600 -0.73805632 1.50674699 77.30590861
100700 -0.69155382 1.52911104 84.25993665
100800 -0.69079739 1.47643432 100.15050257
100900 -0.67755292 1.50274470 96.16641593
101000 -0.63793943 1.52454869 103.48064320
101100 -0.70894862 1.53543464 77.35286717
101200 -0.73027157 1.47199871 90.16913451
101300 -0.72574202 1.45771724 96.18746347
101400 -0.66869223 1.50996582 96.94233079
101500 -0.65475877 1.51465147 100.30764273
101600 -0.67202672 1.45525533 113.20767952
101700 -0.67820239 1.51527599 92.31073297
101800 -0.66867475 1.52792769 91.89988254
101900 -0.71066253 1.43219771 109.49734561
102000 -0.67393276 1.48340201 103.27706591
102100 -0.73145861 1.46942803 90.69615267
102200 -0.70124656 1.50845930 87.12479896
102300 -0.71133168 1.45493357 101.20011979
102400 -0.70203023 1.47783002 96.28973840
102500 -0.68556558 1.49941391 94.61050105
102600 -0.71524652 1.50508062 84.03099466
102700 -0.68953880 1.51480893 88.86005293
102800 -0.66288814 1.52303663 95.17655487
102900 -0.68540282 1.52115198 88.36380073
103000 -0.71499857 1.52649766 78.01467460
103100 -0.71927361 1.51253918 80.72051492
103200 -0.70907936 1.48364895 92.35640321
103300 -0.70015368 1.49537439 91.35228912
103400 -0.65097154 1.50249626 105.16467097
103500 -0.69810221 1.48669633 94.65073359
103600 -0.68097760 1.52082774 89.85622037
103700 -0.69075790 1.51899610 87.29693631
103800 -0.66275688 1.52767478 93.94697475
103900 -0.67558419 1.54838577 84.27766923
104000 -0.68488798 1.50211648 94.01508815
104100 -0.68344056 1.52007069 89.28514995
104200 -0.67699702 1.46970118 106.71411888
104300 -0.68608868 1.47482440 102.13974296
104400 -0.72167204 1.47801417 90.57066128
104500 -0.66927021 1.56022122 83.43803009
104600 -0.62269411 1.52394672 109.28257460
104700 -0.66928297 1.48878136 103.11539842
104800 -0.67037254 1.50333712 98.33156216
104900 -0.71093342 1.49423311 88.52644011
105000 -0.72896673 1.47709671 88.86278329
105100 -0.65186167 1.46085667 118.10924863
105200 -0.70342671 1.49611031 90.15233093
105300 -0.65745829 1.48477798 108.34987257
105400 -0.67066640 1.50736491 97.04795828
105500 -0.64996476 1.49979074 106.32513498
105600 -0.67889749 1.52767141 88.63484074
105700 -0.65457043 1.51041926 101.58929500
105800 -0.66090398 1.55404525 87.73992427
105900 -0.67647829 1.48173934 102.97807327
106000 -0.69931475 1.52665055 82.56577119
106100 -0.73469795 1.47773775 87.11906744
106200 -0.69386048 1.50659697 89.90337398
106300 -0.71152028 1.51271012 82.87801261
106400 -0.69807905 1.48381253 95.56539041
106500 -0.70503675 1.47276637 97.04258448
106600 -0.68737297 1.53902385 82.92210582
106700 -0.68163445 1.55246083 81.31613266
106800 -0.66566396 1.50903576 98.22038681
106900 -0.71022715 1.53281126 77.67906430
107000 -0.66654863 1.50404828 99.38861925
107100 -0.70017382 1.48354450 95.01991101
107200 -0.70863180 1.47739920 94.48335209
107300 -0.66802272 1.53794898 89.43982598
107400 -0.71720153 1.50792935 82.64011948
107500 -0.69233244 1.51438501 88.11762485
107600 -0.70825130 1.49157631 90.12124015
107700 -0.72168723 1.52539085 76.43409055
107800 -0.66199839 1.53180679 93.08634420
107900 -0.68057409 1.47773478 102.94389027
108000 -0.65181806 1.48334742 110.74975965
108100 -0.67981856 1.49306841 98.36157732
108200 -0.67235175 1.48924090 101.96229439
108300 -0.68772066 1.53100163 84.93925558
108400 -0.66710114 1.52639662 92.84023203
108500 -0.69272532 1.51570616 87.62035837
108600 -0.66348936 1.50347702 100.58264278
108700 -0.69364126 1.48425740 96.77453457
108800 -0.67196198 1.50162078 98.31955215
108900 -0.72637244 1.50066555 82.23657742
109000 -0.68037264 1.48759008 99.88080315
109100 -0.70726967 1.49292966 89.99161758
109200 -0.67787678 1.51543880 92.36922249
109300 -0.69807375 1.48597959 94.88413932
109400 -0.69630147 1.53413648 81.45810360
109500 -0.66156081 1.50991863 99.34414326
109600 -0.67501166 1.50255582 97.04523206
109700 -0.66081423 1.49748282 103.28181457
109800 -0.71305830 1.46856633 96.09190692
109900 -0.74249617 1.48897388 81.52273451
110000 -0.64219896 1.52074245 103.00318188
110100 -0.65755513 1.52486391 96.48417836
110200 -0.64739208 1.48166913 112.83344510
110300 -0.70248703 1.49429302 90.98536021
110400 -0.67357511 1.50571534 96.57833472
110500 -0.67352349 1.51769335 93.14197914
110600 -0.70010416 1.50064240 89.77624248
110700 -0.71997022 1.53854747 73.38705089
110800 -0.70362704 1.46759753 99.16416664
110900 -0.71700794 1.51767817 79.89506061
111000 -0.63699469 1.52203285 104.51929469
111100 -0.71121720 1.47536259 94.39247607
111200 -0.67855712 1.47976904 102.93669525
111300 -0.68887543 1.49413470 95.17603877
111400 -0.67681794 1.51980782 91.47715134
111500 -0.67306573 1.47043188 107.75058002
111600 -0.69264046 1.50142750 91.80771044
111700 -0.67510428 1.53165867 88.78214781
111800 -0.68114469 1.52777112 87.88863635
111900 -0.69997650 1.44890948 106.63932535
112000 -0.64867324 1.49495228 108.24230220
112100 -0.66599216 1.51840875 95.42743602
112200 -0.70826132 1.48038826 93.63156119
112300 -0.70238651 1.52944296 80.88745042
112400 -0.67067035 1.53549623 89.21013071
112500 -0.74540667 1.54782738 64.20439701
112600 -0.64801826 1.55935553 90.90045082
112700 -0.67956147 1.48300093 101.58463196
112800 -0.69174205 1.49255007 94.77421032
112900 -0.71520256 1.47552963 93.19530268
113000 -0.67876675 1.47705431 103.74236027
113100 -0.64925730 1.53699642 96.09566291
113200 -0.67157723 1.49247898 101.21534869
113300 -0.67256480 1.48915677 101.91866361
113400 -0.66834871 1.49223810 102.35497970
113500 -0.66608435 1.52394698 93.85246370
113600 -0.68157915 1.53426540 86.00335939
113700 -0.67288343 1.52984565 89.99430956
113800 -0.67672408 1.52427287 90.26638327
113900 -0.71681520 1.47615603 92.53427425
114000 -0.68326674 1.50772846 92.87130397
114100 -0.70667606 1.52204127 81.64999596
114200 -0.67386137 1.54533355 85.61070551
114300 -0.71286584 1.47738772 93.26235718
114400 -0.66641108 1.50610992 98.82647435
114500 -0.65424489 1.52552488 97.44159515
114600 -0.70224557 1.52938336 80.94553171
114700 -0.69124366 1.48578441 97.03095663
114800 -0.69912662 1.45712611 104.04365044
114900 -0.68678260 1.48904836 97.39803216
115000 -0.65947649 1.51004576 100.01486066
115100 -0.70449258 1.49874196 89.04051923
115200 -0.67106022 1.53328365 89.66949637
115300 -0.69272944 1.51553398 87.66805595
115400 -0.73124565 1.48140893 86.86458351
115500 -0.71658802 1.49412661 86.94043977
115600 -0.67578936 1.49961411 97.67210937
115700 -0.68148697 1.50811041 93.32504199
115800 -0.66825935 1.52849321 91.88389746
115900 -0.69357529 1.52652914 84.34120537
116000 -0.70256066 1.47904892 95.73987544
116100 -0.69014480 1.47054144 102.27659637
116200 -0.67971179 1.49258734 98.54353861
116300 -0.73032033 1.44236837 100.31375506
116400 -0.71554185 1.48405604 90.36851309
116500 -0.71375084 1.47478313 93.85229709
116600 -0.70373832 1.44092189 108.35403525
116700 -0.66124942 1.48644007 106.53589079
116800 -0.66182341 1.53629228 91.95258444
116900 -0.64191223 1.49397541 110.93895005
117000 -0.70651076 1.46910775 97.81280468
117100 -0.66077078 1.49472988 104.13315568
117200 -0.64501365 1.53285503 98.69087113
117300 -0.70567334 1.52077817 82.29650584
117400 -0.66546853 1.52457538 93.88501051
117500 -0.72507630 1.44848344 99.57346534
117600 -0.66978378 1.49769867 100.21442422
117700 -0.65361757 1.49148415 107.58140838
117800 -0.65589041 1.54274430 92.29595389
117900 -0.70214121 1.48536106 93.85875866
118000 -0.68382555 1.47734585 102.03599334
118100 -0.71013115 1.51841146 81.65802936
118200 -0.72953554 1.48175568 87.21523574
118300 -0.71492971 1.50194921 85.04967218
118400 -0.69233666 1.49477504 93.90950477
118500 -0.70341383 1.46229597 101.00368522
118600 -0.69932695 1.51048242 87.11235476
118700 -0.68695623 1.48476396 98.68508130
118800 -0.68917992 1.47792275 100.17143852
118900 -0.70177976 1.51515520 85.03593580
119000 -0.70552485 1.49991939 88.38199451
119100 -0.70777279 1.53206873 78.59195524
119200 -0.67475978 1.53170176 88.88257350
119300 -0.65798792 1.53540741 93.49075158
119400 -0.72201616 1.48306830 88.86035913
119500 -0.68166280 1.50874812 93.08311483
119600 -0.75873752 1.48294528 79.36563838
119700 -0.69343500 1.48405760 96.90084993
119800 -0.71795212 1.52036415 78.87360969
119900 -0.67908523 1.51197034 92.97368895
120000 -0.67580115 1.50297085 96.66560664
120100 -0.71688020 1.52338214 78.33712977
120200 -0.68240124 1.50842836 92.94149484
120300 -0.64826133 1.51731262 101.81612385
120400 -0.69499187 1.47877712 98.10705058
120500 -0.65907255 1.51998921 97.31878509
120600 -0.68854877 1.54114388 82.00418119
120700 -0.64566403 1.51979319 102.03491726
120800 -0.68053761 1.53741041 85.50475381
120900 -0.64533081 1.52382503 101.03142673
121000 -0.67980826 1.52265866 89.72048452
121100 -0.64015169 1.53169551 100.73905315
121200 -0.68780886 1.50645183 91.81691822
121300 -0.66717838 1.49608767 101.56647008
121400 -0.66499030 1.55446544 86.25935992
121500 -0.65020866 1.49227275 108.52502069
121600 -0.65761742 1.49724372 104.44359667
121700 -0.68929513 1.53565779 83.20716053
121800 -0.70404811 1.56880310 70.51976481
121900 -0.70842196 1.51680132 82.60962315
122000 -0.69904191 1.48828261 93.87175385
122100 -0.72647140 1.50136601 82.00007639
122200 -0.67550506 1.47932542 104.06457656
122300 -0.71376045 1.50204316 85.35568007
122400 -0.66707135 1.51637719 95.64169324
122500 -0.63229490 1.50237249 111.89458533
122600 -0.69336326 1.48710037 95.96613477
122700 -0.66171203 1.49965049 102.32428907
122800 -0.64448493 1.51570950 103.60602523
122900 -0.65272334 1.49036660 108.23695986
123000 -0.69284372 1.51357261 88.19281377
123100 -0.69732600 1.48000822 97.00314588
123200 -0.71023998 1.52364598 80.16620519
123300 -0.70849715 1.50067362 87.28509799
123400 -0.69844403 1.51823239 85.16449299
123500 -0.68169134 1.50532004 94.07833944
123600 -0.65768409 1.50560874 101.92320052
123700 -0.71935588 1.44959548 100.77222391
123800 -0.68909489 1.51812716 88.05714124
123900 -0.70587631 1.53656814 77.95254540
124000 -0.70741275 1.47985749 94.04926262
124100 -0.63130152 1.54567076 100.31096526
124200 -0.69848151 1.46126084 102.82880768
124300 -0.71405188 1.48165062 91.55632693
124400 -0.66027707 1.52666572 95.06164825
124500 -0.67337482 1.44395528 116.72592457
124600 -0.70439820 1.52503945 81.49186513
124700 -0.68324458 1.52117872 89.03765184
124800 -0.70053353 1.49328826 91.87612791
124900 -0.71119371 1.49489074 88.25036610
125000 -0.67217116 1.54304563 86.74864953
125100 -0.73964421 1.52875602 70.67921766
125200 -0.67337773 1.49586198 99.59102063
125300 -0.68286519 1.50392573 94.11722853
125400 -0.70304137 1.47011797 98.50329122
125500 -0.69814782 1.44947678 106.99063488
125600 -0.69830956 1.50798946 88.14363894
125700 -0.71558699 1.48386651 90.41557203
125800 -0.69936367 1.52006791 84.37208778
125900 -0.71405999 1.55847764 70.04737052
126000 -0.67255000 1.49014235 101.61763458
126100 -0.68150157 1.52807678 87.69174155
126200 -0.71320712 1.49899190 86.42801349
126300 -0.66767295 1.51391391 96.14326033
126400 -0.65655926 1.53538860 93.98536729
126500 -0.64564810 1.47966731 114.08914912
126600 -0.66700731 1.49859657 100.86407669
126700 -0.68219185 1.52811149 87.46269191
126800 -0.67089887 1.52548133 91.83402658
126900 -0.61379652 1.50463677 118.19628256
127000 -0.63694133 1.52567565 103.53272191
127100 -0.69742782 1.47759639 97.74700572
127200 -0.66166456 1.52630675 94.68942969
127300 -0.66754409 1.54685401 87.30491043
127400 -0.69455679 1.52257951 85.12884246
127500 -0.66951465 1.49365001 101.53544162
127600 -0.69006519 1.47384135 101.21952638
127700 -0.70436410 1.50572095 87.00037107
127800 -0.70446955 1.49674193 89.65185143
127900 -0.70339032 1.51930082 83.38466484
128000 -0.63964462 1.53498948 100.04328613
128100 -0.69550029 1.48977608 94.47947592
128200 -0.74725237 1.50929659 74.19491847
128300 -0.67474581 1.49692416 98.82262873
128400 -0.69632019 1.49176391 93.61545457
128500 -0.69206580 1.50229276 91.72653483
128600 -0.70824674 1.51090390 84.34825939
128700 -0.63980683 1.48000123 116.06916430
128800 -0.72598853 1.50083517 82.29093909
128900 -0.67963899 1.47229117 105.01212710
129000 -0.67152838 1.52049324 93.00881941
129100 -0.70767705 1.51025731 84.70176733
129200 -0.65377015 1.52763425 97.02910519
129300 -0.69769895 1.50650874 88.76152398
129400 -0.68941700 1.51269919 89.50177603
129500 -0.69392290 1.50800157 89.47313711
129600 -0.63981407 1.54204824 98.13650617
129700 -0.71653096 1.49282879 87.35442390
129800 -0.74167017 1.51514759 73.93759909
129900 -0.64952283 1.53920653 95.42374194
130000 -0.62630989 1.51883560 109.34885949
130100 -0.64133085 1.48599220 113.62222732
130200 -0.67317408 1.50654349 96.46595368
130300 -0.69591633 1.51046283 88.14932640
130400 -0.67152758 1.51170073 95.50529915
130500 -0.68679382 1.48330417 99.19718030
130600 -0.67471898 1.50046426 97.76469817
130700 -0.69582095 1.51615941 86.54518869
130800 -0.62007634 1.53170316 108.16259013
130900 -0.70645938 1.50030610 87.99126564
131000 -0.71792975 1.50594401 83.01627515
131100 -0.71269468 1.51235232 82.64276949
131200 -0.66960416 1.48266270 104.93218547
131300 -0.69925290 1.49765790 90.92978404
131400 -0.70485901 1.54916647 75.01282919
131500 -0.67207281 1.46827644 108.78838295
131600 -0.69696285 1.48881196 94.33475537
131700 -0.63288558 1.54594187 99.65926550
131800 -0.68762099 1.46843283 103.75871765
131900 -0.69579479 1.49169218 93.79726086
132000 -0.71298475 1.53887765 75.28131603
132100 -0.71893443 1.54921270 70.94606241
132200 -0.72463662 1.49575554 84.19484234
132300 -0.67609083 1.52049279 91.52071462
132400 -0.74329863 1.48366081 82.98303859
132500 -0.68597765 1.50943893 91.51788596
132600 -0.66973159 1.48294609 104.80020039
132700 -0.69471712 1.48114467 97.43317841
132800 -0.66302330 1.52534387 94.49464300
132900 -0.67737424 1.49119407 99.72424120
133000 -0.69989206 1.54659294 77.13995846
133100 -0.71127940 1.48354085 91.75299114
133200 -0.68694900 1.49902870 94.29232711
133300 -0.75804208 1.53289587 64.94412570
133400 -0.65334124 1.56467408 87.77529000
133500 -0.65105235 1.50350068 104.83815234
133600 -0.68643910 1.50071865 93.94488205
133700 -0.65771378 1.48785155 107.29825672
133800 -0.71989239 1.46366049 95.79226715
133900 -0.69679565 1.48310167 96.17871389
134000 -0.66163438 1.48978829 105.36129993
134100 -0.66532830 1.51104711 97.74946200
134200 -0.65849258 1.50403048 102.11263686
134300 -0.67170063 1.47292265 107.38003525
134400 -0.69337242 1.48329596 97.16095946
134500 -0.69663411 1.51843775 85.65408267
134600 -0.67365041 1.51227554 94.64470929
134700 -0.66717133 1.48530880 104.90273815
134800 -0.67732692 1.51343279 93.11933886
134900 -0.72238498 1.53354805 74.03336978
135000 -0.66195379 1.52749976 94.26580804
135100 -0.69460872 1.50356143 90.56983081
135200 -0.68051206 1.52743754 88.18141837
135300 -0.69468313 1.56063960 75.25589614
135400 -0.63767177 1.54339619 98.56363250
135500 -0.69651864 1.46955671 100.64685211
135600 -0.67625882 1.50092377 97.12746963
135700 -0.67449426 1.51783603 92.78524558
135800 -0.71945353 1.46640618 94.99557862
135900 -0.69574460 1.47751041 98.28543978
136000 -0.66628454 1.52750760 92.80905926
136100 -0.67955916 1.51935682 90.72146242
136200 -0.64310671 1.54314197 96.67443553
136300 -0.71182220 1.47723385 93.61221381
136400 -0.67345844 1.47952909 104.66549797
136500 -0.62361348 1.53535248 105.85256284
136600 -0.71585790 1.50356723 84.30456102
136700 -0.70950095 1.49100200 89.93473128
136800 -0.69616701 1.49348022 93.13442958
136900 -0.70510243 1.47666599 95.75472796
137000 -0.69291805 1.47959368 98.47976641
137100 -0.66242261 1.52421800 95.00710497
137200 -0.74934476 1.45760110 90.03252840
137300 -0.65211029 1.49038691 108.44375937
137400 -0.69563297 1.47977036 97.59315428
137500 -0.71717738 1.51288587 81.21157832
137600 -0.67339841 1.49573937 99.62156384
137700 -0.69051438 1.50827476 90.44248456
137800 -0.69653490 1.50846667 88.54137513
137900 -0.70088212 1.51264679 86.02168602
138000 -0.64002290 1.51449085 105.54949396
138100 -0.67911344 1.54631246 83.66277486
138200 -0.72023622 1.47971786 90.42421136
138300 -0.67734241 1.51077232 93.88028549
138400 -0.66894691 1.49073514 102.62045081
138500 -0.65522646 1.54474914 92.01089782
138600 -0.69751489 1.51764980 85.60943840
138700 -0.69181914 1.52139843 86.29713644
138800 -0.73051546 1.47144335 90.28569531
138900 -0.69051980 1.50241875 92.16629587
139000 -0.69006432 1.46575268 103.89069713
139100 -0.75199880 1.53626207 65.53114587
139200 -0.66629022 1.50265220 99.88896405
139300 -0.70226910 1.51374330 85.29329209
139400 -0.64804224 1.52079437 100.91502601
139500 -0.71285842 1.50795299 83.87087087
139600 -0.65077170 1.52829612 97.89170216
139700 -0.67573173 1.50407369 96.36114532
139800 -0.70406371 1.57493170 69.11701308
139900 -0.63726948 1.50774705 108.49260894
140000 -0.69712153 1.46680558 101.37694267
140100 -0.62846815 1.50210944 113.38735028
140200 -0.68028357 1.50916432 93.40199511
140300 -0.71094276 1.52402081 79.85930048
140400 -0.65247999 1.50846835 102.88043057
140500 -0.67426966 1.48230517 103.51513017
140600 -0.71255440 1.52103143 80.22421752
140700 -0.71595304 1.50231190 84.65043980
140800 -0.66603132 1.45579065 115.00757822
140900 -0.70488030 1.48424048 93.39985667
141000 -0.66430784 1.49064191 104.19582615
141100 -0.65039049 1.50856347 103.58102826
141200 -0.67919337 1.49233619 98.78695703
141300 -0.67859158 1.50347909 95.61401179
141400 -0.72073728 1.48103330 89.86370989
141500 -0.67459705 1.50398247 96.75672671
141600 -0.64418102 1.51108654 105.03906675
141700 -0.63664209 1.51302264 107.19248627
141800 -0.66265112 1.47849781 108.58396338
141900 -0.66392128 1.51915526 95.91133735
142000 -0.71879388 1.51408164 80.41309529
142100 -0.73008066 1.51669954 76.55780094
142200 -0.73431362 1.49797399 80.90448111
142300 -0.69410704 1.53757586 81.21846527
142400 -0.66695600 1.50186738 99.90068354
142500 -0.66116225 1.48992957 105.47734714
142600 -0.71446174 1.49957122 85.89477760
142700 -0.68947961 1.51851081 87.82953891
142800 -0.69755443 1.51643464 85.94131579
142900 -0.68835088 1.48512372 98.13612288
143000 -0.67493005 1.51195005 94.32162144
143100 -0.67441612 1.52344687 91.24325008
143200 -0.72130653 1.55871276 67.94478938
143300 -0.68830211 1.51377623 89.53981010
143400 -0.67435055 1.52654638 90.41222471
143500 -0.68266906 1.50448105 94.01518898
143600 -0.74627210 1.47538833 84.87529048
143700 -0.68586200 1.49408884 96.13216080
143800 -0.68510565 1.48630552 98.78133800
143900 -0.70977347 1.49834909 87.61235575
144000 -0.69086617 1.50621375 90.93704297
144100 -0.71521679 1.54245139 73.71638303
144200 -0.70889544 1.45836054 100.72969216
144300 -0.72926150 1.52626104 74.11617831
144400 -0.69116147 1.49111647 95.39513825
144500 -0.65451325 1.50271033 103.87112092
144600 -0.67094126 1.51307613 95.30248036
144700 -0.71634764 1.50980454 82.33603358
144800 -0.69481542 1.50500392 90.08015949
144900 -0.70590125 1.50001379 88.24290001
145000 -0.66358105 1.53481680 91.74992104
145100 -0.67477957 1.50762906 95.62454675
145200 -0.66259803 1.57129086 83.07397876
145300 -0.72787417 1.52990278 73.50248969
145400 -0.65905613 1.48533361 107.62883056
145500 -0.69702208 1.52871755 82.69489404
145600 -0.71257898 1.45645632 100.31654943
145700 -0.73391047 1.46454392 91.66720851
145800 -0.71430127 1.53204714 76.71124858
145900 -0.72712752 1.49367335 84.14770057
146000 -0.72021886 1.46791479 94.27903553
146100 -0.71603126 1.49655238 86.35935163
146200 -0.63679460 1.51219812 107.37404236
146300 -0.67240720 1.51977454 92.92167307
146400 -0.72166209 1.50604813 81.93984642
146500 -0.68261233 1.49858060 95.79429572
146600 -0.65419460 1.49560950 106.11747621
146700 -0.71352819 1.52213325 79.63801483
146800 -0.72692566 1.49533485 83.69522411
146900 -0.68854215 1.49427527 95.23680085
147000 -0.66824403 1.50245372 99.29790491
147100 -0.70083019 1.52846953 81.61568408
147200 -0.69073466 1.50441607 91.50745345
147300 -0.69735101 1.54285985 78.85873485
147400 -0.69695139 1.50041411 90.79508185
147500 -0.64974756 1.49672339 107.32673749
147600 -0.66169115 1.52404332 95.30248124
147700 -0.69581153 1.48807349 94.91438582
147800 -0.66621552 1.49850253 101.15640171
147900 -0.70841656 1.48824058 91.10741963
148000 -0.70557198 1.47221634 97.06499249
148100 -0.73189484 1.53833767 70.17377558
148200 -0.74087441 1.47727266 85.64950559
148300 -0.68394557 1.52522458 87.69596779
148400 -0.72619689 1.53508756 72.57337122
148500 -0.67388039 1.53822564 87.43990623
148600 -0.71719165 1.48142292 90.73595899
148700 -0.67233871 1.50698025 96.61124857
148800 -0.72775284 1.45494147 96.59195391
148900 -0.70882888 1.45653442 101.37461325
149000 -0.70739254 1.46608679 98.55857614
149100 -0.67107244 1.49846012 99.55982081
149200 -0.67928517 1.49803003 97.02193139
149300 -0.67728152 1.46715803 107.46549571
149400 -0.71216247 1.50568270 84.73655739
149500 -0.67109755 1.47262689 107.67498819
149600 -0.67194554 1.50323566 97.84440247
149700 -0.70095488 1.53459065 79.93505291
149800 -0.67897064 1.51765486 91.38931411
149900 -0.67411438 1.49524413 99.53878778
150000 -0.65512584 1.51193708 100.95921482
150100 -0.68897834 1.50851507 90.84896823
150200 -0.73408790 1.50596089 78.58412152
150300 -0.67698766 1.49722372 98.00522414
150400 -0.67886571 1.53446014 86.81932672
150500 -0.67810138 1.50251839 96.05701467
150600 -0.70950211 1.52243636 80.71529815
150700 -0.65865391 1.51011292 100.27583831
150800 -0.67717793 1.50447697 95.77397464
150900 -0.68417127 1.50353289 93.82026668
151000 -0.69830138 1.49492662 92.04591437
151100 -0.65268776 1.52712378 97.54361360
151200 -0.66917215 1.53373758 90.17137239
151300 -0.69422593 1.53476249 81.92436051
151400 -0.68526845 1.47666020 101.80228757
151500 -0.72513367 1.49910340 83.04513271
151600 -0.64052174 1.51730332 104.57101777
151700 -0.67541599 1.53895730 86.74903602
151800 -0.69527977 1.47864316 98.06231624
151900 -0.72537443 1.50123496 82.33987515
152000 -0.69400887 1.50761136 89.56084539
152100 -0.70422586 1.45884325 101.93513326
152200 -0.68533602 1.51184940 91.02209572
152300 -0.64406591 1.52535583 101.05924917
152400 -0.71338463 1.50335005 85.07478266
152500 -0.68461816 1.48029538 100.83837566
152600 -0.68193461 1.49660768 96.60624812
152700 -0.70278154 1.48698772 93.15775048
152800 -0.65267156 1.51455141 101.05897021
152900 -0.64694457 1.47051897 116.60294395
153000 -0.67724903 1.50477064 95.66428430
153100 -0.70770951 1.53456538 77.94463475
153200 -0.69854441 1.49698100 91.34799291
153300 -0.68300640 1.51006573 92.27341154
153400 -0.67176074 1.46714301 109.26739342
153500 -0.71581642 1.47736379 92.42721386
153600 -0.66679499 1.54243035 88.68385096
153700 -0.70358172 1.46818480 98.98256113
153800 -0.69822540 1.46881331 100.37626790
153900 -0.69455516 1.47764452 98.60480525
154000 -0.70332246 1.47306096 97.45335157
154100 -0.69066252 1.53144642 83.90535304
154200 -0.60657152 1.54093789 110.94957351
154300 -0.66429681 1.49957972 101.47448854
154400 -0.69775254 1.47998737 96.88080314
154500 -0.64684335 1.49913720 107.61902304
154600 -0.66697824 1.46758484 110.70166772
154700 -0.67498987 1.49074048 100.63651711
154800 -0.70426779 1.51276303 84.98130909
154900 -0.72305178 1.50555163 81.70007889
155000 -0.70281913 1.51754632 84.04827625
155100 -0.64148517 1.47206717 118.03641484
155200 -0.65825355 1.50939987 100.61953479
155300 -0.70003807 1.51352332 86.02302489
155400 -0.69526832 1.50607172 89.62761342
155500 -0.67416793 1.49148140 100.67513301
155600 -0.73225545 1.45390901 95.73305931
155700 -0.68263602 1.49026550 98.32767689
155800 -0.70933298 1.48519035 91.79621868
155900 -0.66061806 1.51738645 97.52526052
156000 -0.76947374 1.48192692 77.15642230
156100 -0.71421949 1.49360358 87.77463289
156200 -0.70656485 1.46571936 98.92386812
156300 -0.71549626 1.46880531 95.31615040
156400 -0.70918673 1.49442031 88.97565442
156500 -0.67755915 1.54305449 84.99454796
156600 -0.67485454 1.54041698 86.55145792
156700 -0.70702553 1.51977671 82.17956584
156800 -0.69900601 1.51949945 84.63896997
156900 -0.66332572 1.49980847 101.73226515
157000 -0.67167314 1.52795117 90.90454584
157100 -0.68045449 1.49228825 98.39792597
157200 -0.66412547 1.52245752 94.92076611
157300 -0.70984740 1.49765517 87.80046302
157400 -0.62809998 1.55077950 100.21024191
157500 -0.68668448 1.50639383 92.18559929
157600 -0.67007435 1.51861601 94.01394092
157700 -0.70691980 1.50866119 85.38715303
157800 -0.74116758 1.48568348 82.89454795
157900 -0.67630062 1.49938767 97.57453184
158000 -0.67009081 1.52067229 93.43201892
158100 -0.69337900 1.50039256 91.89052960
158200 -0.70711487 1.53242049 78.69024785
158300 -0.67561884 1.48831073 101.18666686
158400 -0.71269536 1.49215569 88.65603895
158500 -0.67909650 1.49532106 97.90415645
158600 -0.71931978 1.49456462 86.03607818
158700 -0.70800294 1.48201208 93.18930039
158800 -0.66877619 1.48026360 105.97028953
158900 -0.67090483 1.49918434 99.39684788
159000 -0.66857903 1.50756392 97.67935889
159100 -0.68183661 1.54921468 82.06060912
159200 -0.71525200 1.52479664 78.40915596
159300 -0.68525074 1.47135220 103.53823520
159400 -0.68936228 1.48148093 98.97509455
159500 -0.68665076 1.48947601 97.30644823
159600 -0.67214204 1.51509652 94.33041556
159700 -0.67675775 1.55391601 82.52144116
159800 -0.69266165 1.49878886 92.59250820
159900 -0.70141785 1.47856564 96.23567245
160000 -0.63296929 1.53479164 102.52350739
160100 -0.68786496 1.47325648 102.09480430
160200 -0.66323309 1.47318286 110.11069780
160300 -0.67281993 1.52416311 91.56639415
160400 -0.65772246 1.52948217 95.16690478
160500 -0.63844037 1.49928212 110.57830584
160600 -0.67630516 1.49808239 97.96629716
160700 -0.65141330 1.48963528 108.91947097
160800 -0.68948103 1.50855281 90.68174900
160900 -0.71525435 1.47916823 92.00655635
161000 -0.69813911 1.49779435 91.22412706
161100 -0.69121857 1.49470563 94.27531108
161200 -0.71351568 1.50760279 83.78469700
161300 -0.74431797 1.48204686 83.23374966
161400 -0.69835643 1.50656618 88.54612693
161500 -0.67559479 1.53620897 87.41222388
161600 -0.65269977 1.49934440 105.50561676
161700 -0.67333018 1.52756889 90.46594080
161800 -0.69903878 1.50214464 89.64773687
161900 -0.70259312 1.47141504 98.20946513
162000 -0.70889033 1.50294840 86.49224885
162100 -0.69638191 1.48417368 95.96510345
162200 -0.70507542 1.49099396 91.23262090
162300 -0.69922501 1.48405924 95.14207946
162400 -0.71661696 1.50276091 84.32851245
162500 -0.65081049 1.48153184 111.67764313
162600 -0.66766040 1.50816710 97.80802533
162700 -0.67410127 1.44631565 115.65129772
162800 -0.69658928 1.50133134 90.63051701
162900 -0.71536820 1.48679334 89.55683790
163000 -0.67599684 1.52099154 91.41188387
163100 -0.70071105 1.46624784 100.48218932
163200 -0.71087517 1.51017443 83.79601494
163300 -0.73434468 1.48759611 84.08446948
163400 -0.69837665 1.48865672 93.95564098
163500 -0.66167454 1.52320854 95.53881372
163600 -0.68060151 1.49505136 97.50453462
163700 -0.70669864 1.47209476 96.77376854
163800 -0.66967136 1.50313279 98.62357568
163900 -0.70121922 1.49388902 91.48694136
164000 -0.66869163 1.50973620 97.00915319
164100 -0.64603941 1.49585986 108.89466407
164200 -0.72422302 1.46187749 95.18988895
164300 -0.68384887 1.47365938 103.22486646
164400 -0.71031774 1.47043917 96.26307522
164500 -0.68297755 1.49061466 98.11126297
164600 -0.66078227 1.52641102 94.95979651
164700 -0.68885980 1.47871981 100.01459377
164800 -0.70138874 1.48672900 93.65370204
164900 -0.65167690 1.50430816 104.38132343
165000 -0.70414331 1.51374679 84.73604137
165100 -0.67189275 1.50024715 98.75306893
165200 -0.68096747 1.49965547 95.99429639
165300 -0.68957071 1.48409991 98.07960519
165400 -0.67818358 1.49356414 98.73437046
165500 -0.70956092 1.45319547 102.31412070
165600 -0.71549147 1.47073505 94.68025592
165700 -0.70536123 1.51388364 84.33729001
165800 -0.69879875 1.48358293 95.42097784
165900 -0.68716437 1.48725010 97.83931725
166000 -0.66480625 1.49347354 103.15665842
166100 -0.69718173 1.51348464 86.89497717
166200 -0.70159566 1.50662850 87.55599329
166300 -0.68470938 1.53321818 85.29035467
166400 -0.70509536 1.55220536 74.18546510
166500 -0.71324362 1.51490671 81.75370179
166600 -0.67084386 1.52499285 91.98634759
166700 -0.66230880 1.50714920 99.89847131
166800 -0.66558883 1.50758864 98.66761806
166900 -0.71568327 1.49303018 87.53323716
167000 -0.64198332 1.54829468 95.76575582
167100 -0.65653890 1.48444275 108.77095466
167200 -0.73972648 1.50853139 76.34812934
167300 -0.68355319 1.47465441 102.99416780
167400 -0.66765783 1.53657689 89.92152657
167500 -0.64881902 1.49720155 107.50749067
167600 -0.70181855 1.52310828 82.79059963
167700 -0.63444224 1.52885871 103.57503801
167800 -0.71810008 1.49574259 86.02006844
167900 -0.69669181 1.49638812 92.08801622
168000 -0.66387321 1.50197839 100.89904955
168100 -0.68693573 1.51312014 90.15464692
168200 -0.68163576 1.48331741 100.82182504
168300 -0.71142162 1.52028818 80.75809366
168400 -0.71303749 1.51028899 83.13997523
168500 -0.70635623 1.49124340 90.77865069
168600 -0.68911146 1.53767361 82.73340862
168700 -0.67487235 1.53090345 89.06046873
168800 -0.68053332 1.49304096 98.14140492
168900 -0.68267634 1.49754622 96.08629675
169000 -0.70007509 1.54340708 77.89744147
169100 -0.67625583 1.51311945 93.55536976
169200 -0.70901396 1.47305645 95.78248122
169300 -0.70068827 1.45547622 104.14207246
169400 -0.73099532 1.52211172 74.79270717
169500 -0.67288763 1.45460525 113.15001736
169600 -0.67923521 1.53105315 87.61122755
169700 -0.67826253 1.46940771 106.40313026
169800 -0.70201618 1.50665946 87.42151463
169900 -0.68142050 1.51870380 90.31022508
170000 -0.66683229 1.51039055 97.43717717
170100 -0.65174976 1.51949454 99.98077048
170200 -0.69505854 1.53988034 80.32576753
170300 -0.69897096 1.54829219 76.98765252
170400 -0.67266306 1.50364540 97.48776292
170500 -0.67333318 1.54168378 86.71923973
170600 -0.68438164 1.49730058 95.62094287
170700 -0.66973420 1.50181990 98.99343702
170800 -0.68427061 1.51075315 91.67439433
170900 -0.72623539 1.49823245 83.00535921
171000 -0.66429825 1.51276264 97.60048119
171100 -0.66178616 1.48931436 105.45708526
171200 -0.68619463 1.51789338 89.02897958
171300 -0.72916163 1.49979570 81.73802334
171400 -0.69998095 1.48211303 95.53177830
171500 -0.73948165 1.53770404 68.33449075
171600 -0.64765463 1.54474511 94.65115860
171700 -0.67707400 1.48239113 102.57829806
171800 -0.69348127 1.50385007 90.82925768
171900 -0.66124591 1.48619310 106.61455104
172000 -0.70543782 1.47284433 96.89885726
172100 -0.68548010 1.51046294 91.37723729
172200 -0.69573857 1.48961839 94.45588052
172300 -0.73164544 1.48988332 84.09326172
172400 -0.67073161 1.49450349 100.87289589
172500 -0.64636196 1.50266716 106.73333993
172600 -0.70119466 1.50980691 86.74833244
172700 -0.68545301 1.48018286 100.61140618
172800 -0.71951413 1.48700231 88.31993776
172900 -0.67644414 1.52139627 91.15421825
173000 -0.68586910 1.47818135 101.12273136
173100 -0.68798125 1.50571180 91.98062394
173200 -0.69808671 1.49086775 93.35719204
173300 -0.70649804 1.53448429 78.32099666
173400 -0.66124788 1.50551280 100.73785455
173500 -0.64514137 1.50754751 105.72655436
173600 -0.68782848 1.51051470 90.62639819
173700 -0.69931141 1.54419166 77.92576628
173800 -0.67779429 1.52208790 90.52582647
173900 -0.72503510 1.48086552 88.72625790
174000 -0.69307188 1.53967128 80.98795846
174100 -0.67683117 1.50879386 94.61955512
174200 -0.64078877 1.47947838 115.88341120
174300 -0.71687021 1.48447967 89.85777787
174400 -0.69027260 1.47357800 101.24119034
174500 -0.70075908 1.46731725 100.11146903
174600 -0.65341497 1.50122367 104.69423930
174700 -0.67844802 1.51463435 92.41461398
174800 -0.69951390 1.45445416 104.84690989
174900 -0.68967349 1.55597702 77.92487892
175000 -0.66095961 1.50681937 100.45163534
175100 -0.65754583 1.51999779 97.83804935
175200 -0.72355115 1.46484727 94.37565981
175300 -0.72992049 1.54252153 69.61905208
175400 -0.66712530 1.47942489 106.78698372
175500 -0.67557939 1.46548393 108.57486563
175600 -0.68751769 1.50230686 93.13319931
175700 -0.65196681 1.49654602 106.60570842
175800 -0.66351151 1.48615125 105.86276948
175900 -0.64904059 1.52501086 99.39576727
176000 -0.64856120 1.49561327 108.08025504
176100 -0.64563094 1.52563501 100.42679071
176200 -0.69656904 1.48302433 96.27196393
176300 -0.65493797 1.50497155 103.05479344
176400 -0.64308506 1.51922303 103.11199044
176500 -0.69100764 1.48135445 98.50563156
176600 -0.69770233 1.52051149 84.74885395
176700 -0.76769071 1.45466426 86.61219003
176800 -0.72003887 1.52353111 77.40664172
176900 -0.69500669 1.49926114 91.73239201
177000 -0.72775541 1.45445101 96.76060969
177100 -0.67769610 1.48860094 100.42459066
177200 -0.70534908 1.51357823 84.42829841
177300 -0.69708138 1.48469467 95.58856952
177400 -0.66364072 1.51764368 96.43132823
177500 -0.69008216 1.52116023 86.90034084
177600 -0.66454523 1.50803221 98.88754498
177700 -0.64272558 1.53605964 98.65475984
177800 -0.68345209 1.48329330 100.25285675
177900 -0.70270661 1.51338031 85.26710105
178000 -0.69932176 1.51814548 84.92468585
178100 -0.71949037 1.53604705 74.17840769
178200 -0.72420591 1.52701700 75.29104810
178300 -0.66197366 1.52829935 94.04152416
178400 -0.71151396 1.47672120 93.86668789
178500 -0.66956761 1.48542064 104.07286967
178600 -0.69860912 1.51211964 86.85578359
178700 -0.71157506 1.43223689 109.21932517
178800 -0.74187476 1.53065750 69.58701133
178900 -0.64244496 1.49708336 109.80204621
179000 -0.71245273 1.52748804 78.47310222
179100 -0.71708464 1.45867372 98.27236434
179200 -0.65515356 1.49242023 106.76219042
179300 -0.68007723 1.49322613 98.23039299
179400 -0.71263447 1.50839984 83.80480182
179500 -0.68763867 1.49034537 96.72779541
179600 -0.70807492 1.53979918 76.46236169
179700 -0.67383965 1.53227705 89.02807743
179800 -0.67729093 1.52075862 91.05844536
179900 -0.71305398 1.50242646 85.44401371
180000 -0.71918672 1.50274856 83.60725914
180100 -0.70297929 1.57417288 69.60959568
180200 -0.65329754 1.51863220 99.68521764
180300 -0.71688938 1.46942061 94.71717703
180400 -0.73865339 1.52446437 72.11096702
180500 -0.75224243 1.47730958 82.75646267
180600 -0.71518803 1.48139015 91.31504769
180700 -0.67177339 1.49246257 101.15598888
180800 -0.65542602 1.51603197 99.68453758
180900 -0.69961980 1.48369926 95.13721117
181000 -0.65909260 1.52862499 94.93112521
181100 -0.63186946 1.55283062 98.30639968
181200 -0.71084204 1.49933555 87.00572036
181300 -0.66902285 1.51384495 95.71529173
181400 -0.69894251 1.48738968 94.18041047
181500 -0.71143667 1.48243254 92.05894258
181600 -0.68308278 1.52747549 87.35306546
181700 -0.69527069 1.49868816 91.82438756
181800 -0.68982797 1.45983863 105.95822322
181900 -0.69114445 1.48671818 96.76862553
182000 -0.66588100 1.49313870 102.89968249
182100 -0.68283880 1.50875830 92.70647736
182200 -0.69774364 1.54600395 77.93644904
182300 -0.69146162 1.46810026 102.67668699
182400 -0.65021097 1.50397979 104.99016655
182500 -0.67262918 1.50598289 96.80885907
182600 -0.67751354 1.49430865 98.72235881
182700 -0.67818375 1.48375695 101.78768434
182800 -0.65852793 1.53253214 94.07111339
182900 -0.66423160 1.47786377 108.25608478
183000 -0.69136206 1.46666350 103.18530018
183100 -0.70512750 1.48527832 92.99976336
183200 -0.67600436 1.45326708 112.59844442
183300 -0.69916354 1.48485122 94.91066508
183400 -0.68881818 1.47173355 102.29649434
183500 -0.68464617 1.47445577 102.71354085
183600 -0.66954645 1.55460786 84.70842483
183700 -0.69318293 1.50850095 89.55420454
183800 -0.70648410 1.51985039 82.31769567
183900 -0.68243734 1.47414362 103.51421057
184000 -0.68265887 1.53166881 86.35351035
184100 -0.71092102 1.47526931 94.50834112
184200 -0.69304091 1.48126962 97.90646958
184300 -0.70143089 1.51077939 86.39603841
184400 -0.66362159 1.52283616 94.98511267
184500 -0.67167585 1.48240167 104.33272203
184600 -0.66516570 1.49947162 101.21565734
184700 -0.69457533 1.51003553 88.68180991
184800 -0.70368165 1.51118348 85.60977264
184900 -0.67929730 1.50837234 93.94845471
185000 -0.75154352 1.51624551 71.12361655
185100 -0.63405415 1.49917496 112.20603366
185200 -0.64377024 1.49259224 110.69958858
185300 -0.66507585 1.48254366 106.47635632
185400 -0.69695961 1.50518267 89.37536948
185500 -0.70363461 1.48209221 94.44890365
185600 -0.73492328 1.49390606 81.97958323
185700 -0.67847237 1.52953128 88.26667103
185800 -0.60037683 1.55030165 111.02397146
185900 -0.64114174 1.50290853 108.52129880
186000 -0.68091304 1.51383068 91.85468609
186100 -0.69197545 1.51984038 86.68426795
186200 -0.66399108 1.51926924 95.85587797
186300 -0.67932952 1.48331704 101.55882846
186400 -0.71062085 1.45393905 101.74923705
186500 -0.71168173 1.51118796 83.26990941
186600 -0.71397107 1.49717550 86.75761468
186700 -0.72322174 1.45749659 96.95739430
186800 -0.68169249 1.50618534 93.82336321
186900 -0.67212670 1.51933893 93.13576850
187000 -0.70860385 1.49648832 88.51552776
187100 -0.75294182 1.51771176 70.36219787
187200 -0.67156088 1.48044300 104.99446648
187300 -0.69695981 1.47194373 99.72713788
187400 -0.73568907 1.47308527 88.36675501
187500 -0.74827203 1.46398558 88.13633125
187600 -0.71076922 1.49067596 89.66790359
187700 -0.65499404 1.51400532 100.41103700
187800 -0.70707507 1.49411426 89.68555187
187900 -0.71782230 1.51411921 80.67604087
188000 -0.74029868 1.47775353 85.64378269
188100 -0.70844270 1.51574804 82.90241861
188200 -0.70302968 1.54701371 76.09671564
188300 -0.67293432 1.53486327 88.63472334
188400 -0.66446312 1.53266098 92.02757301
188500 -0.65465112 1.49095806 107.38638499
188600 -0.66806083 1.47837997 106.81152757
188700 -0.72704986 1.50257354 81.48214144
188800 -0.69949288 1.52147567 83.94016340
188900 -0.73058227 1.51953422 75.62348255
189000 -0.70398326 1.49469942 90.41717920
189100 -0.70102866 1.51802481 84.44693598
189200 -0.66544562 1.53271739 91.68331451
189300 -0.70538756 1.49826253 88.92099516
189400 -0.68915038 1.48952827 96.51008901
189500 -0.67657096 1.51314803 93.44519675
189600 -0.66790559 1.49905995 100.42580383
189700 -0.68656137 1.50578485 92.40316552
189800 -0.66725002 1.46579172 111.20886431
189900 -0.67252713 1.47478123 106.50286446
190000 -0.69882395 1.50398522 89.16587956
190100 -0.67982114 1.45900140 109.39727156
190200 -0.66879526 1.50034032 99.74624959
190300 -0.72419490 1.50688115 80.99355484
190400 -0.66524512 1.46641138 111.67109724
190500 -0.69848678 1.47934949 96.86348417
190600 -0.68840584 1.52689132 85.83963467
190700 -0.70931246 1.50084597 86.99618861
190800 -0.71986461 1.47039350 93.55813956
190900 -0.72081255 1.50814096 81.56366580
191000 -0.71578102 1.45721700 99.14030759
191100 -0.74410728 1.49704050 78.63277120
191200 -0.65966316 1.48592424 107.23637469
191300 -0.67417618 1.52155415 91.84662569
191400 -0.70503545 1.49248884 90.78359797
191500 -0.73998777 1.53783772 68.16771130
191600 -0.70123143 1.50156701 89.16245281
191700 -0.71684141 1.50167785 84.58744652
191800 -0.67381884 1.47730225 105.26399420
191900 -0.70579811 1.49789394 88.91141365
192000 -0.66417014 1.49622907 102.52923563
192100 -0.68678402 1.48421563 98.91200778
192200 -0.68501265 1.52940344 86.21976486
192300 -0.68430994 1.49526822 96.26083760
192400 -0.72059384 1.46668582 94.58307421
192500 -0.69133578 1.54324473 80.59843680
192600 -0.68019982 1.50600399 94.35290332
192700 -0.69092433 1.49383293 94.63302426
192800 -0.63597383 1.52613092 103.75966522
192900 -0.68824364 1.46825072 103.62480683
193000 -0.68219883 1.53803742 84.81098864
193100 -0.73054579 1.46608789 92.05143216
193200 -0.66656088 1.52627265 93.05415730
193300 -0.70524623 1.50295539 87.55764315
193400 -0.66045705 1.50018516 102.58917722
193500 -0.75367927 1.50303608 74.43073431
193600 -0.68112867 1.48355266 100.90892139
193700 -0.70493031 1.52374216 81.69225802
193800 -0.70077590 1.48053122 95.79768052
193900 -0.63802116 1.49962424 110.62714048
194000 -0.69819024 1.51847703 85.17215781
194100 -0.69025973 1.47885066 99.53796656
194200 -0.63755531 1.53570233 100.60970806
194300 -0.68151935 1.49390681 97.56148384
194400 -0.69285095 1.50872510 89.59080162
194500 -0.67512472 1.46271445 109.65274720
194600 -0.69033829 1.48138686 98.70235571
194700 -0.70809790 1.50260867 86.82421936
194800 -0.68227813 1.50491298 94.01176877
194900 -0.69064291 1.50420944 91.59693227
195000 -0.70463997 1.47720696 95.71644775
195100 -0.67607248 1.48007244 103.64134192
195200 -0.66199202 1.52714764 94.34890097
195300 -0.68767789 1.48824154 97.36921962
195400 -0.74658016 1.46691581 87.58334656
195500 -0.70805587 1.48150769 93.33436330
195600 -0.69393465 1.48860737 95.32068371
195700 -0.69034613 1.46567564 103.82914769
195800 -0.63150413 1.50579136 111.17396396
195900 -0.69651539 1.51524194 86.59502969
196000 -0.69789138 1.53249307 81.41478713
196100 -0.65959106 1.46870827 112.81622784
196200 -0.70141198 1.49750361 90.32943575
196300 -0.65914386 1.52643944 95.50914531
196400 -0.66365228 1.46427661 112.91999288
196500 -0.67394890 1.53489373 88.29532705
196600 -0.63500041 1.50301502 110.71238996
196700 -0.70681237 1.47112626 97.05846294
196800 -0.66692672 1.49492837 102.00325708
196900 -0.70463464 1.49240129 90.92883044
197000 -0.66472293 1.48352329 106.28410823
197100 -0.66950661 1.50927158 96.87444689
197200 -0.65967202 1.46674729 113.44025071
197300 -0.71896400 1.53099454 75.67258670
197400 -0.62506573 1.53435146 105.57242460
197500 -0.69768163 1.47480212 98.57502929
197600 -0.68664843 1.52719017 86.30720548
197700 -0.68063269 1.48939548 99.23532336
197800 -0.67705985 1.50711094 95.03716901
197900 -0.72175596 1.47234308 92.38940342
198000 -0.67366082 1.50797716 95.88729878
198100 -0.69933812 1.45820014 103.61235402
198200 -0.69815663 1.51815812 85.27213457
198300 -0.62113279 1.54472502 104.35284011
198400 -0.70463631 1.48899522 91.98183871
198500 -0.71850113 1.48127279 90.41432588
198600 -0.66825097 1.50601991 98.24085720
198700 -0.65476128 1.55054070 90.70985840
198800 -0.69020075 1.44706107 110.27073431
198900 -0.69017431 1.51806136 87.74067654
199000 -0.67066214 1.49255245 101.49371013
199100 -0.66119141 1.50841368 99.90691920
199200 -0.70224726 1.51287712 85.54812156
199300 -0.68850915 1.49334109 95.53312076
199400 -0.69337009 1.51897480 86.49853382
199500 -0.67596848 1.51095931 94.27047253
199600 -0.71263472 1.54365966 74.14458810
199700 -0.71073092 1.48633487 91.03120720
199800 -0.68718358 1.53896289 82.99724123
199900 -0.69621661 1.46841853 101.11531225
