0 0.95146227 0.00890817 1.21763310
100 0.83295144 -0.00132301 13.95348589
200 0.83664124 -0.00076738 13.34333650
300 0.89632633 -0.01222740 5.44886949
400 0.86699629 0.00601423 8.86307848
500 0.83922884 0.01835051 13.09205285
600 0.85514284 0.00450605 10.50195096
700 0.86926515 0.00729290 8.57239378
800 0.85482286 0.03532044 11.16196745
900 0.83785959 0.01777822 13.30278954
1000 0.86862084 0.01697734 8.77435658
1100 0.84074737 -0.01299213 12.76509758
1200 0.83986388 0.01197307 12.89346603
1300 0.82278524 0.02430010 15.99778397
1400 0.89190667 -0.00985426 5.89063752
1500 0.83460748 0.01452602 13.78284592
1600 0.85763091 -0.00496811 10.14681937
1700 0.82714806 0.02308179 15.20528025
1800 0.81563362 0.02049960 17.20559769
1900 0.82002437 0.01776563 16.35342265
2000 0.85657530 0.02062972 10.49811526
2100 0.82472531 0.05344452 16.78876680
2200 0.88451818 0.02624943 7.01254105
2300 0.85260236 0.01797188 11.02452710
2400 0.85348094 -0.00210613 10.73613515
2500 0.79412422 0.02766090 21.57498030
2600 0.80894926 0.00229039 18.25281507
2700 0.81625991 -0.01668280 17.01936799
2800 0.83428956 -0.00252730 13.73316793
2900 0.88041115 -0.00134303 7.15164781
3000 0.85092520 0.02643899 11.46115882
3100 0.82034182 0.00348449 16.14460133
3200 0.82789033 0.01595810 14.93819969
3300 0.87212574 0.01690949 8.31887816
3400 0.82906262 0.04117737 15.45758217
3500 0.80972079 -0.02297662 18.36705135
3600 0.88698524 0.03049594 6.85116947
3700 0.84192353 -0.00253263 12.49729224
3800 0.84796315 0.00903485 11.59841565
3900 0.81789244 0.04939860 17.80169242
4000 0.86335583 0.02597431 9.67314703
4100 0.84378977 0.01183635 12.27086702
4200 0.82365714 0.01812778 15.71271059
4300 0.85313697 0.01595882 10.91171748
4400 0.85359174 0.03372071 11.28623288
4500 0.85654462 0.01447853 10.39453734
4600 0.87129166 0.03022317 8.73963860
4700 0.81914715 -0.00376253 16.36095493
4800 0.82486040 0.01587904 15.46301180
4900 0.84669555 0.00008613 11.75113161
5000 0.85406661 0.02194927 10.88916230
5100 0.84769084 0.02568427 11.92888109
5200 0.86522459 -0.00166029 9.08358359
5300 0.82220436 0.02742327 16.18166225
5400 0.78124560 0.02120417 24.15155334
5500 0.87394698 0.00751341 7.97290803
5600 0.84276535 -0.01185059 12.43158532
5700 0.84706693 0.01048273 11.74920546
5800 0.83720883 0.03119804 13.73714140
5900 0.83249204 0.01895012 14.20901165
6000 0.89486562 0.00484959 5.53837836
6100 0.79609933 -0.00632204 20.80772635
6200 0.81867276 0.01605486 16.56866244
6300 0.82129566 0.00851707 16.00389122
6400 0.81135549 0.02180028 18.03100218
6500 0.84957170 0.04202808 12.19751590
6600 0.85790763 0.04325298 11.03053145
6700 0.81306810 0.01753794 17.62555694
6800 0.87916324 0.02460897 7.60356254
6900 0.83546107 0.03507061 14.15150318
7000 0.86914058 0.00337954 8.56780455
7100 0.86310662 0.02752109 9.74860336
7200 0.82660385 0.04225335 15.92578606
7300 0.82820141 0.04091391 15.59435141
7400 0.85842830 -0.00727359 10.04772591
7500 0.87122384 0.05178625 9.63255770
7600 0.86568666 0.01290123 9.10325703
7700 0.81955261 0.02555398 16.60713337
7800 0.85194830 -0.00037285 10.95972260
7900 0.87369443 -0.00545846 7.99144607
8000 0.86020503 0.03163894 10.27182742
8100 0.83677039 0.02516504 13.63859265
8200 0.83529640 0.01761081 13.71870879
8300 0.84868800 0.04209320 12.33357967
8400 0.83045569 0.02792327 14.76249028
8500 0.82895026 0.02481872 14.93699158
8600 0.81977491 0.01177295 16.30984249
8700 0.86082187 -0.00468918 9.69627078
8800 0.84182882 0.01445062 12.61347172
8900 0.82686122 0.02024088 15.19336567
9000 0.83452612 0.01244177 13.76820180
9100 0.86135214 0.02687811 9.97283052
9200 0.87830152 0.00558470 7.42085471
9300 0.81884561 0.01164895 16.47630594
9400 0.80194568 0.01201285 19.68491042
9500 0.83189013 -0.00284762 14.13451851
9600 0.85031045 0.00172252 11.20496452
9700 0.84031675 0.00506231 12.76218443
9800 0.81889337 0.02537226 16.72168142
9900 0.87238082 0.00940788 8.18758152
10000 0.86369049 0.01388729 9.38656907
10100 0.85414111 -0.02411394 10.92814911
10200 0.87122051 0.02736266 8.66643628
10300 0.86701733 -0.01252899 8.92068285
10400 0.82858091 0.00950269 14.73740345
10500 0.83110527 0.01783473 14.42175358
10600 0.82561709 0.00336937 15.21037629
10700 0.84391265 0.00804716 12.21400891
10800 0.79139164 0.02880288 22.17352702
10900 0.82933473 0.02235148 14.81311180
11000 0.80038550 0.03503637 20.53674840
11100 0.82235261 0.01414618 15.87935568
11200 0.80932415 0.02383941 18.46279840
11300 0.80722924 0.03362610 19.14563956
11400 0.82506402 0.03138774 15.79389336
11500 0.85923370 0.00845008 9.94327693
11600 0.85245311 0.00196716 10.88697697
11700 0.84220451 0.01593321 12.57664205
11800 0.83046906 0.00906679 14.41147331
11900 0.82019006 0.02675642 16.52376104
12000 0.81421869 0.02383590 17.54142340
12100 0.86964797 -0.00212014 8.49807388
12200 0.82774779 0.01890387 15.01409008
12300 0.80831926 -0.01780506 18.52926399
12400 0.85088058 0.00831668 11.15288467
12500 0.83376573 0.02571476 14.14754006
12600 0.84841505 0.00567009 11.50507421
12700 0.83595828 -0.00374703 13.46186273
12800 0.85563355 0.01965580 10.61401189
12900 0.83550200 0.04151107 14.39138021
13000 0.81067628 0.01417899 18.02225664
13100 0.83908489 0.02290150 13.20907598
13200 0.87378802 0.00599877 7.98272463
13300 0.79468040 0.01621476 21.20952830
13400 0.78270809 0.00913746 23.64963376
13500 0.82728122 0.02337854 15.18916672
13600 0.83595021 0.01102153 13.51690409
13700 0.84083415 -0.02291991 12.92954579
13800 0.84545671 0.02799580 12.33369745
13900 0.79498136 0.01104211 21.07728525
14000 0.81148452 0.05786557 19.44325510
14100 0.85666740 -0.00271697 10.27580797
14200 0.84926422 -0.01442969 11.46474493
14300 0.81537070 0.03669031 17.71707890
14400 0.84080977 0.02855755 13.07853073
14500 0.85716912 0.04442808 11.18725790
14600 0.83368056 0.01103100 13.89191928
14700 0.87195570 0.01067047 8.25460045
14800 0.84992920 0.02597591 11.59799637
14900 0.82058992 0.03778161 16.80771393
15000 0.84001929 0.03705290 13.48337320
15100 0.86470484 0.00590919 9.16984930
15200 0.82567539 0.00428549 15.20371833
15300 0.77013922 -0.01590420 26.54445992
15400 0.84065538 0.00048337 12.69547002
15500 0.85549321 0.01177578 10.51044004
15600 0.85885641 0.02954997 10.39735650
15700 0.84276696 0.02207333 12.60473018
15800 0.85124241 0.02030813 11.27062049
15900 0.85325975 -0.00251209 10.76950517
16000 0.86135207 0.03088265 10.08849282
16100 0.84145784 -0.01597050 12.69533688
16200 0.83501074 0.05086343 14.90427238
16300 0.81932766 0.00644810 16.34203566
16400 0.75502623 0.00460261 30.01666643
16500 0.84592539 0.01561040 11.99133537
16600 0.87014380 0.03539294 9.05764590
16700 0.84972896 0.01304859 11.37582483
16800 0.88668189 0.01087116 6.47958802
16900 0.82731151 0.04075996 15.74134414
17000 0.88036734 0.01754146 7.30983767
17100 0.84129470 -0.02116374 12.81763893
17200 0.84012076 -0.00138406 12.78164338
17300 0.80305705 -0.00652445 19.41454756
17400 0.86926365 0.00499567 8.55847438
17500 0.80461793 0.00333128 19.09262519
17600 0.90279320 0.02806803 5.11848841
17700 0.86736022 -0.00361149 8.80317654
17800 0.81882592 0.02825588 16.81122143
17900 0.85577855 0.01643841 10.53502419
18000 0.81956516 0.01396251 16.37584170
18100 0.85279438 0.01069116 10.89189751
18200 0.89724761 0.01434787 5.38195696
18300 0.88116185 0.01695634 7.20501219
18400 0.85092845 0.01346720 11.20184685
18500 0.85071303 0.04162321 12.00954492
18600 0.84795399 0.02308900 11.82554532
18700 0.82245141 0.02400820 16.04994756
18800 0.83604499 -0.00624570 13.46012679
18900 0.89188300 0.01207244 5.91751533
19000 0.82129868 0.02246785 16.21948258
19100 0.83827568 0.02373928 13.35915484
19200 0.79078585 0.00069239 21.88551986
19300 0.83949883 0.03213505 13.39664315
19400 0.86881919 0.01563207 8.72638262
19500 0.84237977 0.03339505 12.97968334
19600 0.85623256 0.01325098 10.42233325
19700 0.86679446 0.00663714 8.89388402
19800 0.85123881 -0.00211235 11.06717640
19900 0.86873549 -0.00049964 8.61531011
20000 0.80605921 0.01434501 18.90940453
20100 0.84339892 -0.01431341 12.36438621
20200 0.87643048 -0.01293516 7.71837217
20300 0.81982742 0.05176151 17.57070553
20400 0.88828589 -0.01457117 6.34618115
20500 0.87221754 0.00562223 8.17998329
20600 0.80508615 0.02388804 19.28102423
20700 0.82871160 0.02133330 14.89741342
20800 0.81154477 0.00414065 17.76625929
20900 0.84171788 0.02778252 12.91254850
21000 0.84553958 0.02409058 12.21918832
21100 0.84069525 -0.00347747 12.69504808
21200 0.85301586 0.02144994 11.03221892
21300 0.80965162 0.00212427 18.11850906
21400 0.88044240 0.02059114 7.35900716
21500 0.87546056 -0.00437248 7.76459494
21600 0.84835305 0.02066291 11.71187717
21700 0.83386132 -0.00366949 13.80776238
21800 0.80724209 0.03377384 19.14814268
21900 0.85195610 0.02103029 11.17963524
22000 0.83904666 0.00126770 12.95379172
22100 0.83615462 -0.00683170 13.44598981
22200 0.83736045 0.02774452 13.61069084
22300 0.82712395 -0.00429667 14.95229542
22400 0.83405692 0.00753461 13.79693808
22500 0.85716080 0.03683785 10.88003195
22600 0.84884771 0.03058456 11.89121524
22700 0.83939218 0.02321640 13.16693722
22800 0.80431834 0.02331814 19.41752277
22900 0.81712969 0.03180677 17.22660988
23000 0.82442121 0.00520677 15.42751082
23100 0.85251318 0.02272720 11.13444414
23200 0.88776818 -0.00308458 6.30274810
23300 0.83131766 0.01742394 14.37866228
23400 0.81779696 0.01085813 16.65792265
23500 0.82093851 0.02884433 16.44750564
23600 0.81462887 -0.01559420 17.30281807
23700 0.82179400 0.01603105 16.00718672
23800 0.83763048 -0.00552754 13.19720694
23900 0.90071275 0.01450831 5.03422498
24000 0.82129766 0.01118063 16.02976593
24100 0.85016847 0.00815942 11.25803193
24200 0.86639165 0.01206841 8.99841890
24300 0.83043264 0.01941455 14.56500765
24400 0.85620021 0.00895542 10.37929030
24500 0.82131391 0.01310740 16.05026181
24600 0.86770241 0.04608306 9.81315092
24700 0.86250282 0.00289171 9.45691864
24800 0.82968866 -0.01029537 14.55597304
24900 0.82981588 0.00168092 14.48272951
25000 0.86843459 0.00283717 8.65875273
25100 0.84623754 0.02063770 12.03440466
25200 0.83532226 0.00062915 13.55957776
25300 0.90075274 0.04997468 6.17374386
25400 0.81642056 0.01179914 16.92031519
25500 0.81538765 0.01158577 17.10797540
25600 0.84055573 -0.00163342 12.71257193
25700 0.83090775 -0.00785806 14.32696858
25800 0.86926604 0.00345215 8.55164253
25900 0.82590976 0.02471627 15.45915234
26000 0.83730132 0.00858119 13.27224934
26100 0.81405545 0.01908706 17.46984571
26200 0.82317268 -0.00410209 15.64236358
26300 0.87163710 -0.03454762 8.83528654
26400 0.82253991 0.02950830 16.18141224
26500 0.88792550 0.04112899 7.12614417
26600 0.83947802 -0.00640089 12.90413936
26700 0.81621247 -0.01522895 17.00488861
26800 0.81944705 0.01920554 16.48410955
26900 0.83945617 0.00230553 12.88981801
27000 0.84050672 0.04622228 13.78730319
27100 0.84978190 -0.00847917 11.31868658
27200 0.80815672 -0.01428146 18.50390253
27300 0.83223386 -0.01751586 14.22614113
27400 0.85023000 0.01570938 11.33891907
27500 0.82269968 0.00831719 15.75228968
27600 0.79340927 0.05689079 22.95814645
27700 0.87735211 0.03636697 8.18253043
27800 0.82989426 0.00960598 14.51411860
27900 0.81075651 0.04956880 19.13508249
28000 0.85201678 0.01095510 11.00952403
28100 0.81185715 0.00522995 17.71254154
28200 0.83683389 -0.00074599 13.31186864
28300 0.82096619 0.02120939 16.25147097
28400 0.80496843 -0.00225705 19.02120332
28500 0.84486728 -0.00339527 12.03884423
28600 0.83058673 -0.00640103 14.37091505
28700 0.89040390 0.00807302 6.03823900
28800 0.83583369 0.02345232 13.75029477
28900 0.81579567 -0.01559877 17.08727877
29000 0.82857803 -0.00777186 14.72294734
29100 0.86343351 0.03491510 9.93473564
29200 0.88315556 0.01773026 6.98349249
29300 0.78849710 0.01253749 22.44533364
29400 0.82808418 0.02231606 15.02652749
29500 0.84296667 0.00929863 12.37296500
29600 0.82485469 0.02222211 15.58485110
29700 0.84503565 0.02018334 12.21065914
29800 0.83134638 0.05477270 15.72204501
29900 0.83865435 0.01960345 13.20835691
30000 0.83007813 0.00777752 14.46696543
30100 0.87182717 -0.00889006 8.25365357
30200 0.89722385 -0.01147521 5.34730859
30300 0.85961669 0.03377360 10.42406539
30400 0.86681261 -0.01530257 8.98652545
30500 0.89372169 0.02236991 5.89774595
30600 0.83477144 0.02457542 13.95221428
30700 0.81151893 0.02590887 18.09819186
30800 0.88215070 0.00745509 6.97201782
30900 0.85675022 -0.00046352 10.26035773
31000 0.85395930 0.00306523 10.66864065
31100 0.83666974 0.00320995 13.34353929
31200 0.89905529 0.01213421 5.16853715
31300 0.85316388 0.02660795 11.13441479
31400 0.82362142 0.02118721 15.77915135
31500 0.84193897 0.00474149 12.50288534
31600 0.86308298 0.01334331 9.46215763
31700 0.84932920 0.00406382 11.35910207
31800 0.84303668 0.02322398 12.58841914
31900 0.84475993 0.01068685 12.10684442
32000 0.86909010 0.00557515 8.58424150
32100 0.87245900 0.03472476 8.73625781
32200 0.84942346 0.02378941 11.61961527
32300 0.81804214 0.04266677 17.46455902
32400 0.85072355 -0.00450520 11.15187732
32500 0.82206457 0.03362376 16.39578678
32600 0.87603651 0.01358145 7.77570079
32700 0.85652982 -0.00537782 10.30630659
32800 0.84812435 0.04322939 12.46749689
32900 0.83491387 0.01159474 13.69393382
33000 0.85570976 -0.00857877 10.44663474
33100 0.81193261 -0.00726591 17.71106827
33200 0.85461422 0.01018876 10.62041762
33300 0.83501404 0.01980194 13.80624224
33400 0.81021573 0.02724725 18.38024154
33500 0.82937016 -0.00347204 14.56329814
33600 0.84891781 0.01039034 11.46689297
33700 0.83644685 0.02186368 13.61382599
33800 0.84923631 0.02261184 11.62049255
33900 0.87261347 0.02904066 8.53534437
34000 0.80991773 0.02903990 18.48729249
34100 0.85871699 -0.00542434 9.99515570
34200 0.81528778 0.00974533 17.10678783
34300 0.84994020 0.00988020 11.30778152
34400 0.84716766 0.00671052 11.70137817
34500 0.86408996 0.01513678 9.35033075
34600 0.83694086 0.03873674 14.04440967
34700 0.85208108 -0.01031197 10.99317140
34800 0.83514356 0.01851481 13.76022267
34900 0.81354988 0.02357333 17.65967438
35000 0.81604937 0.03577367 17.55879478
35100 0.82725942 -0.01084981 14.97851386
35200 0.82456798 0.00758238 15.41694265
35300 0.84335174 -0.00224687 12.27186310
35400 0.83787965 0.01298785 13.22584677
35500 0.83914263 -0.00335021 12.94315872
35600 0.84509085 0.03250876 12.52683151
35700 0.83967978 0.02228195 13.09952843
35800 0.84996848 0.02264232 11.51106643
35900 0.85656602 0.00353031 10.29288463
36000 0.85697729 -0.00655907 10.24925830
36100 0.81181730 0.00749946 17.73448513
36200 0.83537839 -0.00354630 13.55642485
36300 0.86043082 0.00968513 9.78667871
36400 0.87228478 0.03438253 8.74666814
36500 0.85962745 0.01281493 9.93433780
36600 0.83796265 0.00518575 13.14149776
36700 0.87570614 0.02770792 8.10834625
36800 0.82411656 0.02504057 15.78100681
36900 0.80980807 0.02358135 18.36452538
37000 0.83732112 0.00164383 13.23355969
37100 0.88753700 0.00878832 6.36258097
37200 0.86679979 -0.01780798 9.02970982
37300 0.86254993 -0.00810978 9.47914518
37400 0.84099728 0.01037786 12.69478210
37500 0.79928436 0.02453045 20.44425473
37600 0.80595690 0.02175553 19.06301486
37700 0.78862245 0.00805910 22.37270809
37800 0.84148085 0.00243301 12.56712091
37900 0.85712835 0.02594144 10.54263383
38000 0.81259503 0.02557223 17.88728062
38100 0.81541568 0.04339505 17.97725120
38200 0.85042218 0.03684684 11.86560663
38300 0.87156073 0.01734358 8.39872324
38400 0.85133508 0.03856273 11.79417155
38500 0.86540199 0.01867004 9.23259719
38600 0.85312775 -0.00340833 10.79153683
38700 0.80803662 0.02439023 18.72241109
38800 0.85927030 -0.00744586 9.93014530
38900 0.85337431 -0.00350040 10.75567282
39000 0.82690537 0.00191289 14.98270502
39100 0.84781566 0.03794317 12.29987808
39200 0.83919489 0.01258117 13.00828490
39300 0.84722462 0.01329843 11.75858253
39400 0.80979015 0.02483042 18.39816931
39500 0.83057065 0.04684915 15.45057396
39600 0.83412256 -0.00847750 13.79359716
39700 0.86845632 0.00685945 8.67539580
39800 0.83290656 0.00168914 13.96153513
39900 0.83788128 0.02578998 13.47380112
40000 0.85181713 -0.00555751 10.99452473
40100 0.86086396 -0.00108212 9.68000425
40200 0.85758523 -0.02310482 10.40790009
40300 0.85750999 0.02005910 10.35288568
40400 0.88600159 0.02639380 6.84613505
40500 0.84039534 0.00555590 12.75225773
40600 0.86523562 0.01204024 9.15320211
40700 0.79249979 -0.01902890 21.70921730
40800 0.84949530 0.02527841 11.64533176
40900 0.81772583 0.05329920 18.03233975
41000 0.81624839 0.04553587 17.91908393
41100 0.82647944 0.03119164 15.54115209
41200 0.81703888 -0.00416691 16.74606740
41300 0.85073801 -0.00197105 11.14151394
41400 0.80743310 -0.00876951 18.57945810
41500 0.83795521 0.02433052 13.42524405
41600 0.85363132 0.00360546 10.71839427
41700 0.80226851 -0.00054543 19.54902062
41800 0.85119119 0.00666934 11.09427061
41900 0.83273395 0.02238193 14.23944064
42000 0.83205035 0.01021296 14.15569400
42100 0.86792319 0.02320303 8.99133208
42200 0.86841714 0.02519056 8.97430717
42300 0.85150211 -0.03722916 11.71881654
42400 0.82009249 0.01359581 16.27577893
42500 0.86032786 0.00083983 9.75450541
42600 0.82360997 0.01729431 15.70626844
42700 0.85129411 0.00304837 11.06136780
42800 0.84024367 -0.02080509 12.97746813
42900 0.89363300 0.03726780 6.35141353
43000 0.82062650 0.00160643 16.08871689
43100 0.86487429 0.00808478 9.16216098
43200 0.86200411 0.01459575 9.62795071
43300 0.85720548 0.01733014 10.34530459
43400 0.83330168 -0.00134092 13.89506384
43500 0.87283798 0.02298171 8.34916876
43600 0.86426891 0.03086720 9.68785587
43700 0.82405448 0.03281585 16.01685332
43800 0.84176149 0.02969690 12.96066620
43900 0.83120211 0.01516491 14.36135111
44000 0.82086426 0.01648886 16.18074872
44100 0.83952271 0.06254363 14.83233360
44200 0.87287016 -0.00439587 8.09066026
44300 0.87244742 0.00238377 8.13767128
44400 0.83554047 -0.00339834 13.52924295
44500 0.84762335 0.02888944 12.02662219
44600 0.78786080 -0.01182834 22.57147561
44700 0.86047307 0.01678947 9.87482558
44800 0.84759877 -0.01858065 11.78568828
44900 0.84953665 -0.00295567 11.32397738
45000 0.83548765 0.00569626 13.54838065
45100 0.80416350 0.00947183 19.22082519
45200 0.85293474 0.01507099 10.92766341
45300 0.81526602 0.02659228 17.41689607
45400 0.82079277 0.00741577 16.08511229
45500 0.83645558 0.00869069 13.41115255
45600 0.85585051 0.00438049 10.39913226
45700 0.84274834 0.02507739 12.67848044
45800 0.82684056 0.03144176 15.48638789
45900 0.84442015 -0.01391222 12.19931980
46000 0.80851779 0.01991647 18.53105145
46100 0.81720872 0.04284382 17.62412268
46200 0.81641357 0.00475525 16.86329464
46300 0.80714658 0.01488818 18.70705057
46400 0.83084949 0.02742109 14.68190490
46500 0.82869430 0.01515841 14.78771047
46600 0.85861944 0.01978311 10.18991659
46700 0.85038777 0.04946642 12.41537301
46800 0.84566239 0.02667045 12.26570504
46900 0.86604840 0.04899150 10.17159934
47000 0.85445577 -0.00168977 10.59298872
47100 0.85644158 0.01816173 10.46943402
47200 0.80822569 0.01668708 18.52792264
47300 0.88663914 0.00382538 6.43265928
47400 0.80686666 0.01404350 18.74885286
47500 0.83829816 0.04434056 14.05678440
47600 0.85776504 -0.00209451 10.11758561
47700 0.84165758 0.02692592 12.89866297
47800 0.82689870 0.00663588 15.00404683
47900 0.85617848 0.02548150 10.66696762
48000 0.85096082 0.01799440 11.26823743
48100 0.87108665 0.03200533 8.82149708
48200 0.83652250 0.01751704 13.51586988
48300 0.86948949 0.01661713 8.65456071
48400 0.87796159 0.05475090 8.94551736
48500 0.86594891 -0.00054301 8.98499511
48600 0.86501612 0.02460425 9.41300873
48700 0.87358777 -0.00296651 7.99442610
48800 0.79818627 0.02958703 20.80208638
48900 0.88062246 0.02416227 7.41740611
49000 0.88183835 -0.00580211 6.99792034
49100 0.85927433 0.00573461 9.91830058
49200 0.86803628 -0.00241957 8.71013922
49300 0.84636601 0.00625138 11.82124110
49400 0.83754102 0.00499350 13.20892832
49500 0.87343964 0.01885261 8.18647270
49600 0.83925613 0.01410016 13.01870333
49700 0.81921458 0.02879827 16.75635494
49800 0.80077569 0.03085655 20.32122644
49900 0.84879583 0.02109305 11.65380846
50000 0.84534231 0.00240192 11.96238468
50100 0.84284220 0.01707921 12.49513592
50200 0.83775889 -0.00128696 13.16191766
50300 0.85322003 0.05197113 12.12267943
50400 0.87176100 0.01248371 8.30054268
50500 0.88036807 0.01653424 7.29258936
50600 0.84418657 0.01959383 12.33087104
50700 0.83102698 0.00401860 14.28401509
50800 0.84585117 0.00388125 11.88846264
50900 0.81885258 0.01594805 16.53436320
51000 0.85058594 0.00366275 11.16898802
51100 0.82252072 0.01970309 15.94355371
51200 0.90544123 0.02229480 4.71920989
51300 0.79523253 0.00707695 20.98989965
51400 0.87479880 0.00891631 7.87742053
51500 0.82872743 0.03178513 15.17229418
51600 0.83762028 0.00853567 13.22001530
51700 0.84088850 0.02058449 12.87009539
51800 0.82150545 0.02827418 16.32986632
51900 0.85605338 0.00713535 10.38577070
52000 0.84467130 0.00247001 12.06655285
52100 0.81996595 0.00191229 16.20795851
52200 0.83056103 0.04513752 15.37348058
52300 0.85347571 0.01980546 10.93081132
52400 0.85416224 0.02926588 11.06257183
52500 0.84222941 0.03012854 12.89964331
52600 0.79103987 -0.01283320 21.91451401
52700 0.84454051 0.05644771 13.67699856
52800 0.79700396 0.03363845 21.16946978
52900 0.85384967 0.04892013 11.87654854
53000 0.82300136 0.00652847 15.68557018
53100 0.85619678 -0.01118169 10.40219761
53200 0.83817986 -0.00500752 13.10541591
53300 0.82038192 -0.01508692 16.24513476
53400 0.87858678 0.03499481 7.98290292
53500 0.83644643 0.02582503 13.70835131
53600 0.83892782 0.04079832 13.80437528
53700 0.83925533 0.03059032 13.38730915
53800 0.88171257 -0.00423168 7.00491136
53900 0.78214868 -0.01454509 23.83537849
54000 0.81092003 0.01851027 18.04693279
54100 0.81735672 0.04563572 17.72059288
54200 0.81478798 0.00151459 17.15289343
54300 0.82131327 0.03716101 16.65494314
54400 0.86337453 0.00744555 9.36097834
54500 0.84376171 0.01121250 12.26806169
54600 0.86615683 0.00804136 8.98932818
54700 0.84736066 0.02908283 12.07229024
54800 0.87453140 0.00923699 7.91384594
54900 0.84254486 0.00466733 12.40695206
55000 0.85427420 0.01676326 10.75850782
55100 0.84519247 0.01606041 12.11165376
55200 0.82910494 0.01469572 14.71054244
55300 0.82155366 0.00642239 15.94217167
55400 0.83645183 0.03222040 13.89307929
55500 0.80581849 0.01212036 18.92668096
55600 0.86797131 0.02602527 9.05444501
55700 0.84244859 0.03841600 13.14911812
55800 0.81283755 0.02072129 17.72957663
55900 0.85196170 0.02084693 11.17496573
56000 0.84969079 0.03366110 11.86296405
56100 0.83362742 0.02927112 14.26831689
56200 0.83453186 0.03737087 14.38814381
56300 0.78949928 0.02171656 22.39108027
56400 0.84398823 0.00073426 12.17010603
56500 0.83914892 0.02489911 13.24651805
56600 0.83637566 0.04301167 14.31146444
56700 0.88128961 0.02021183 7.25033704
56800 0.82083204 0.01189381 16.12131048
56900 0.82317133 0.01510397 15.74825341
57000 0.85522048 0.01733483 10.63080244
57100 0.80123656 0.03646157 20.41817531
57200 0.85658829 0.02821473 10.68149518
57300 0.84022330 0.00597846 12.78216755
57400 0.81477932 0.02023906 17.35815916
57500 0.85414938 0.02248747 10.88904457
57600 0.82271209 0.03723080 16.40856875
57700 0.83385925 0.01710608 13.94768268
57800 0.85482539 0.03034399 10.99821301
57900 0.89629381 0.04950334 6.60277669
58000 0.83595425 0.01237876 13.53212065
58100 0.85848092 0.00371821 10.02073747
58200 0.83206423 0.01218358 14.17543076
58300 0.84014346 0.00586000 12.79422710
58400 0.81925565 0.02515633 16.65068014
58500 0.86037716 0.00587424 9.76452179
58600 0.84336029 0.02079780 12.48427372
58700 0.80357801 0.00592205 19.30833408
58800 0.82943223 -0.00149485 14.54779957
58900 0.88285547 0.02302677 7.12653671
59000 0.81896429 0.03223376 16.90647202
59100 0.81257544 0.03180649 18.06981011
59200 0.83223161 0.02098151 14.29322870
59300 0.82594571 0.00117399 15.14813635
59400 0.85440480 0.01449289 10.70400249
59500 0.85311798 0.01907102 10.96901565
59600 0.84910424 0.02680443 11.74400429
59700 0.82924502 -0.01911588 14.76134078
59800 0.85531957 -0.01937730 10.65395395
59900 0.85222373 0.00366914 10.92564378
60000 0.82720964 0.01981052 15.12448245
60100 0.80160856 0.00722604 19.70568977
60200 0.85802257 0.01598254 10.20651650
60300 0.86538906 -0.00422283 9.06896922
60400 0.87476603 0.02700931 8.20652499
60500 0.88874230 0.02418264 6.48153839
60600 0.84512505 0.00886480 12.03241813
60700 0.87015144 -0.00188717 8.43210463
60800 0.87863939 0.03015746 7.81893549
60900 0.82476022 0.02228255 15.60274623
61000 0.83031125 0.01481755 14.50691621
61100 0.85006938 0.03005446 11.69122996
61200 0.81456785 0.04009195 17.99622367
61300 0.81459006 0.00133458 17.18931258
61400 0.85295815 0.00798005 10.84249326
61500 0.88099044 -0.00103742 7.08217609
61600 0.87640092 0.03191960 8.14779629
61700 0.80936052 -0.01861091 18.34488886
61800 0.83954116 0.02718180 13.24294462
61900 0.87060818 -0.00504139 8.38382907
62000 0.87414644 -0.02067589 8.13330527
62100 0.82210217 0.02064580 16.03694312
62200 0.81642863 0.04286132 17.76777063
62300 0.79865203 0.01699291 20.41488275
62400 0.82223431 0.03130969 16.29046948
62500 0.84391487 0.00586040 12.19845633
62600 0.83818404 0.00571206 13.10851640
62700 0.81557462 0.01054566 17.06196643
62800 0.82720224 0.00912135 14.97113254
62900 0.84131477 0.02834482 12.99221510
63000 0.88553092 0.01373782 6.64594930
63100 0.87300977 0.01118523 8.12581332
63200 0.87033387 0.00513659 8.41984431
63300 0.85037581 0.02353862 11.47073261
63400 0.83571053 0.00924517 13.53825128
63500 0.84667251 0.01894610 11.93413686
63600 0.86824811 0.02001087 8.87949755
63700 0.85421649 0.02145348 10.85654122
63800 0.81766802 0.01704791 16.76779022
63900 0.83301695 0.03230147 14.46336142
64000 0.90646368 0.01499086 4.48688472
64100 0.80684563 0.05819556 20.34766710
64200 0.86720465 0.05014110 10.07436690
64300 0.87039554 0.02616194 8.74088228
64400 0.80889724 0.03384236 18.83278581
64500 0.86309095 0.00649507 9.39313643
64600 0.85496026 0.03439974 11.10993493
64700 0.85163657 -0.00917721 11.04796414
64800 0.83508237 0.01161553 13.66637327
64900 0.86183615 -0.02382819 9.82851562
65000 0.80570477 0.03551595 19.50600986
65100 0.86141418 0.00996037 9.65261904
65200 0.81857566 0.01640185 16.59190514
65300 0.83928605 -0.00075914 12.91477581
65400 0.86006478 -0.01337090 9.88032267
65500 0.81428838 -0.01515257 17.35920334
65600 0.84211785 -0.02633505 12.81015423
65700 0.80617822 -0.00040110 18.78352076
65800 0.81576984 0.01981849 17.16676234
65900 0.80827768 0.02327466 18.64957879
66000 0.80969814 -0.01224995 18.18242911
66100 0.81374761 0.01666802 17.48388698
66200 0.89160378 -0.00261231 5.87828243
66300 0.84049443 -0.00020083 12.72103350
66400 0.85963428 0.02340692 10.12520958
66500 0.83128911 0.01956390 14.42305474
66600 0.84150381 0.01281199 12.64259538
66700 0.79326757 -0.00127065 21.36995695
66800 0.83141795 -0.01906638 14.39171799
66900 0.86145715 0.00339103 9.60281010
67000 0.87595426 0.00911974 7.73525800
67100 0.83024063 0.02313058 14.67663455
67200 0.84124039 0.00966202 12.64898460
67300 0.84936571 0.02810003 11.74015014
67400 0.87623940 -0.00981265 7.70648671
67500 0.81220756 0.02266688 17.88989395
67600 0.85522823 -0.00397394 10.48732849
67700 0.84028973 0.01965948 12.94693322
67800 0.85249498 0.01376624 10.97362009
67900 0.81642977 0.02706886 17.21537662
68000 0.81087733 -0.00569103 17.89988580
68100 0.84521130 0.04086591 12.81478244
68200 0.87124972 0.01402782 8.38670767
68300 0.87793717 0.01568062 7.57260843
68400 0.84996914 0.02709622 11.62173252
68500 0.82162907 0.02236223 16.15812970
68600 0.86147756 0.00380773 9.60148299
68700 0.83294251 0.01722263 14.10241144
68800 0.83964400 0.01214035 12.93071773
68900 0.80506956 0.02201109 19.24118243
69000 0.79020485 0.00952956 22.05240777
69100 0.80849101 0.01601836 18.46613999
69200 0.86112492 0.05920462 11.39573729
69300 0.83559863 0.00935044 13.55761995
69400 0.85781663 0.01979472 10.30397029
69500 0.79862673 0.02175239 20.51217999
69600 0.79519615 0.01772142 21.12933309
69700 0.86599550 0.02338126 9.25194415
69800 0.83475861 -0.00092530 13.65278668
69900 0.86398385 0.01760099 9.40509357
70000 0.82365756 -0.00349832 15.55444773
70100 0.82888072 0.00475748 14.65222091
70200 0.85251768 0.03316328 11.42541950
70300 0.89276695 0.01143782 5.81487540
70400 0.83203943 -0.00199366 14.10736394
70500 0.83110175 -0.01190225 14.33414127
70600 0.85375128 0.03499317 11.30660583
70700 0.87941988 0.01177525 7.33911038
70800 0.85769761 0.00046744 10.12509389
70900 0.84903119 -0.00317478 11.40083108
71000 0.86825245 0.02125585 8.90461414
71100 0.83383462 0.03468688 14.40705588
71200 0.86621895 0.01335156 9.03781697
71300 0.80458510 0.02347725 19.36908184
71400 0.86867394 0.02222109 8.87015501
71500 0.83662637 -0.00995090 13.39498087
71600 0.84092273 0.01431781 12.75528914
71700 0.81361352 0.01508312 17.48370979
71800 0.81308011 -0.00475442 17.48082483
71900 0.86104360 -0.00000559 9.65444009
72000 0.86593554 0.04066130 9.81330977
72100 0.82797143 0.01866751 14.97115316
72200 0.82891719 0.01461178 14.74141685
72300 0.88078591 0.00504522 7.11872729
72400 0.83369910 0.00940276 13.87220106
72500 0.84499435 0.04822364 13.17613521
72600 0.85445163 -0.00822582 10.62599627
72700 0.87612158 0.00392068 7.68061761
72800 0.82813959 0.03009963 15.22099504
72900 0.83404077 0.00600483 13.78926222
73000 0.87787335 0.01380699 7.55277636
73100 0.83610435 0.01298505 13.51519759
73200 0.83742957 0.00320376 13.21970512
73300 0.79792869 0.03997792 21.21552372
73400 0.83427920 0.00714912 13.75724623
73500 0.86451868 0.03085129 9.65349440
73600 0.84236438 0.01365362 12.51770550
73700 0.84432714 0.03752102 12.82093404
73800 0.84282507 0.04945927 13.57508839
73900 0.84029788 0.00545032 12.76723688
74000 0.86019528 0.04574640 10.81904570
74100 0.87151765 0.03705190 8.94027797
74200 0.81434768 0.00776210 17.26351700
74300 0.83119496 0.00584720 14.26466556
74400 0.86314060 0.01014393 9.41669769
74500 0.86354477 0.01060178 9.36621427
74600 0.86059999 0.00160584 9.71747043
74700 0.84559824 0.01439144 12.02350853
74800 0.85428966 0.00226918 10.61832644
74900 0.85353219 -0.00117415 10.72709877
75000 0.88427512 0.01929575 6.88228756
75100 0.81100064 0.00254801 17.86362593
75200 0.81156839 0.02364658 18.03281567
75300 0.86467594 0.05357543 10.59146362
75400 0.83961170 0.03597127 13.50917015
75500 0.81312867 0.00882703 17.49940457
75600 0.87716816 0.00500974 7.55637940
75700 0.84771498 -0.02225200 11.84293874
75800 0.86330128 0.00483669 9.35496685
75900 0.81530557 0.01932611 17.24276533
76000 0.84538253 -0.02421557 12.24647763
76100 0.87176836 0.02007672 8.42321414
76200 0.83047843 0.02703240 14.73415657
76300 0.83588509 -0.00140398 13.46783718
76400 0.81821776 0.00495204 16.53465189
76500 0.83249880 0.00895263 14.06840002
76600 0.83556763 0.01225698 13.59411903
76700 0.85830842 0.02119023 10.26276524
76800 0.84965415 0.02756396 11.68182348
76900 0.78373176 0.02476807 23.69270412
77000 0.89005803 0.00453327 6.05389352
77100 0.83784859 0.01252641 13.22499538
77200 0.86726012 -0.00590374 8.82736435
77300 0.84515805 0.02092403 12.20692255
77400 0.77107049 0.02353012 26.48119387
77500 0.85443530 0.03614562 11.24779359
77600 0.81575652 0.01466783 17.08040229
77700 0.84626591 0.00115385 11.81775135
77800 0.84220596 0.00089389 12.44987868
77900 0.82988683 0.02113840 14.69266056
78000 0.82392088 0.03832720 16.23641592
78100 0.83950195 0.02143790 13.10960448
78200 0.81285194 0.00865641 17.54966399
78300 0.85913898 0.01170188 9.98938054
78400 0.82409162 0.01543873 15.59105573
78500 0.88677659 0.01698087 6.55394553
78600 0.82889579 0.02907035 15.06086749
78700 0.82393503 0.03720197 16.19142956
78800 0.81361187 0.03057527 17.83769119
78900 0.89660899 0.00450851 5.35501333
79000 0.87269181 -0.00341785 8.10952897
79100 0.82642133 0.01818536 15.23013056
79200 0.85650387 -0.01226498 10.37078465
79300 0.81448298 0.01634805 17.34191258
79400 0.81210728 0.03735634 18.34958610
79500 0.85035912 0.02320692 11.46547645
79600 0.81046170 0.03842020 18.70043996
79700 0.86780681 0.01777161 8.89543537
79800 0.81809302 0.00196607 16.54700726
79900 0.83276526 -0.00680477 14.00688185
80000 0.88433756 0.01592985 6.81578049
80100 0.83566688 -0.00288673 13.50685314
80200 0.87097850 0.00433045 8.33265072
80300 0.84480940 0.04318322 12.97445671
80400 0.81703414 0.01668497 16.87744777
80500 0.84661337 0.01822452 11.92979547
80600 0.87658976 0.01195009 7.68644587
80700 0.78749655 0.03002060 23.02947677
80800 0.84430227 0.04071114 12.94959080
80900 0.80519201 0.03568404 19.61175090
81000 0.82164737 0.03366296 16.47142775
81100 0.79558733 0.02636341 21.23978496
81200 0.83813341 0.00413823 13.10895850
81300 0.86035467 0.04754572 10.88070632
81400 0.87019512 -0.00086872 8.42503139
81500 0.88420427 -0.00439695 6.71399177
81600 0.89774946 -0.01078750 5.28577126
81700 0.81123486 0.00774202 17.84610914
81800 0.80160247 0.00331416 19.68628243
81900 0.81234029 0.01047240 17.66291856
82000 0.87079507 -0.03094541 8.82576621
82100 0.84430609 0.03724589 12.81392556
82200 0.88607938 -0.01605728 6.61787179
82300 0.82161533 0.01237812 15.98715458
82400 0.83149199 -0.00892246 14.23728071
82500 0.82919928 0.01254526 14.66513462
82600 0.86986069 -0.01523075 8.58410753
82700 0.80155966 0.03022529 20.14606831
82800 0.84772809 0.00844122 11.62899505
82900 0.82911204 -0.00728914 14.62791400
83000 0.82460389 -0.01136244 15.44645057
83100 0.85267567 0.00006755 10.85223212
83200 0.83577579 0.03268801 14.01904838
83300 0.88598411 0.01479990 6.60933000
83400 0.88359327 -0.00588541 6.79258196
83500 0.84249828 0.03193073 12.91318168
83600 0.83016228 0.04027876 15.23361457
83700 0.86589486 0.03842108 9.73018422
83800 0.81791741 0.02699210 16.94132199
83900 0.85647613 0.04300462 11.22424943
84000 0.82610465 0.01629977 15.25263831
84100 0.84687004 -0.00855954 11.76102574
84200 0.79623241 0.00500634 20.77314751
84300 0.81119546 0.00035640 17.82364090
84400 0.86397581 0.03091250 9.72908201
84500 0.83189576 0.00031995 14.12956908
84600 0.81288589 -0.01562194 17.62786744
84700 0.85286921 0.02948094 11.25829820
84800 0.84181590 0.02131590 12.73828858
84900 0.81218870 0.02924954 18.06430976
85000 0.83784762 0.00109984 13.14730242
85100 0.82968173 0.02254226 14.75823354
85200 0.84156049 0.02014616 12.75447291
85300 0.82157912 -0.00692135 15.94095787
85400 0.83047105 0.02576908 14.70205527
85500 0.89155253 0.03296429 6.42374953
85600 0.80244110 0.02240771 19.76581132
85700 0.82068297 0.02216367 16.32291269
85800 0.84197588 -0.01173180 12.55462911
85900 0.85138280 0.02437605 11.34063245
86000 0.86176877 0.00487443 9.56581682
86100 0.84327600 0.00745155 12.30896930
86200 0.89477519 0.00490000 5.54813525
86300 0.83559347 0.01688854 13.65736553
86400 0.86029749 0.02101603 9.97923204
86500 0.81454269 0.04594260 18.25256878
86600 0.84859300 0.01621802 11.59355168
86700 0.82958721 0.01855279 14.69236329
86800 0.82395845 0.03011502 15.94877050
86900 0.87895068 0.03337374 7.88337248
87000 0.90543844 0.01605848 4.59988140
87100 0.78141770 0.03129086 24.37866898
87200 0.86456326 -0.00166717 9.17294496
87300 0.85832738 -0.00812897 10.06860629
87400 0.85614335 0.02104903 10.56889888
87500 0.85081147 0.02079684 11.34486329
87600 0.84506423 0.02017642 12.20608995
87700 0.81621589 0.01119698 16.95098576
87800 0.85310334 0.03017899 11.24470050
87900 0.81969708 0.00561802 16.27035237
88000 0.86783060 -0.00134752 8.73528251
88100 0.81661877 0.01217410 16.88844277
88200 0.83047939 0.04713471 15.47945921
88300 0.86318129 0.03183102 9.86628675
88400 0.82789288 0.01637283 14.94446498
88500 0.84087058 0.01859716 12.83401395
88600 0.85133039 -0.00428744 11.06051759
88700 0.82786063 0.04926738 16.02961868
88800 0.84769925 0.02821256 11.99573367
88900 0.84055753 0.01291450 12.79434342
89000 0.79705830 0.00051665 20.59280034
89100 0.83082770 -0.00428151 14.31879876
89200 0.84195227 0.02748002 12.86711806
89300 0.84067777 0.03359661 13.25615195
89400 0.82525233 0.01364475 15.36146352
89500 0.86480387 0.01675134 9.27930005
89600 0.82369538 0.03952274 16.32268263
89700 0.82290450 0.01683119 15.82305333
89800 0.87157145 0.00031722 8.24699689
89900 0.85423875 0.00182850 10.62484330
90000 0.81223257 -0.01241502 17.70536967
90100 0.83161630 0.02007304 14.37799920
90200 0.83519521 0.01333915 13.66927632
90300 0.84274511 -0.00287526 12.36868435
90400 0.83070298 0.00593549 14.34835579
90500 0.87452240 0.01878762 8.04880153
90600 0.83347636 0.02974177 14.30734718
90700 0.85007174 -0.00065473 11.23945624
90800 0.87320702 0.03118873 8.52459855
90900 0.87092598 0.03051587 8.79566004
91000 0.81153889 0.03600574 18.40700144
91100 0.81680951 0.02869480 17.19107438
91200 0.85362661 0.01922985 10.89747743
91300 0.85931837 0.00192649 9.89751648
91400 0.81315396 0.02069657 17.66989490
91500 0.81217649 0.00554835 17.65422832
91600 0.82945596 -0.01769081 14.69911741
91700 0.85261500 0.01662013 10.99928309
91800 0.85140562 0.02624334 11.38450113
91900 0.82945927 0.01099342 14.60249857
92000 0.80317231 0.02332839 19.64267725
92100 0.84342095 0.03605086 12.90833230
92200 0.85002024 0.01892410 11.42602450
92300 0.82832384 0.04806371 15.89141242
92400 0.81934998 0.03905095 17.07970391
92500 0.84751524 0.02394377 11.91245368
92600 0.85267856 0.01928764 11.03781062
92700 0.85736470 0.00051494 10.17254747
92800 0.87046018 0.02059131 8.60228325
92900 0.84313211 0.04763399 13.43826510
93000 0.82495647 0.02158305 15.55303296
93100 0.85092045 0.04774167 12.25198923
93200 0.82104719 0.02042913 16.22072815
93300 0.82003307 0.02477190 16.50087209
93400 0.83988757 0.03433599 13.40747559
93500 0.85091561 0.00766737 11.14247230
93600 0.80542841 -0.00902607 18.96978721
93700 0.87078836 0.00427425 8.35695905
93800 0.81451125 0.02521710 17.52098905
93900 0.85202419 -0.01236825 11.02490705
94000 0.85427380 0.01517598 10.73321819
94100 0.83713182 0.02215737 13.50849591
94200 0.83878341 0.02229168 13.24385398
94300 0.81427564 0.01493611 17.35831197
94400 0.87030887 0.02749013 8.78774776
94500 0.85947087 0.01665889 10.01297720
94600 0.84398111 -0.02856745 12.57899684
94700 0.87309044 -0.01553397 8.17367050
94800 0.86219299 0.01605004 9.62418852
94900 0.87715851 0.00798946 7.57693143
95000 0.84271589 0.04828833 13.53502722
95100 0.83083150 0.03123078 14.79667068
95200 0.84437936 0.02421688 12.40212038
95300 0.81175691 0.00245213 17.72073743
95400 0.80457576 0.00477016 19.10669442
95500 0.82272704 0.01601695 15.84112303
95600 0.81197112 0.02382621 17.96127366
95700 0.85273726 -0.00309095 10.84793485
95800 0.85583492 0.01809180 10.55544140
95900 0.84782982 0.03751606 12.28160949
96000 0.85579525 -0.00954373 10.44304565
96100 0.81590724 0.00797758 16.97689274
96200 0.85639022 -0.01068179 10.36893528
96300 0.84333415 0.01435560 12.37513566
96400 0.86024762 0.02650294 10.11656682
96500 0.84101584 0.00171930 12.63945999
96600 0.85296285 0.01807190 10.97325868
96700 0.85627685 -0.00234046 10.33091062
96800 0.84750598 0.01285925 11.70989402
96900 0.84993711 0.00376671 11.26653011
97000 0.86860172 0.01142870 8.69806202
97100 0.83676038 0.02372479 13.60501942
97200 0.80388560 0.04687930 20.32926283
97300 0.87506318 -0.00561562 7.82037211
97400 0.85591286 0.00391564 10.38821817
97500 0.83722552 0.02951164 13.68323499
97600 0.82397343 0.00499099 15.50513244
97700 0.85979594 0.02398083 10.11612882
97800 0.86566529 0.02692318 9.38533554
97900 0.86815056 0.03594455 9.33814290
98000 0.84666891 -0.00684226 11.77862054
98100 0.80680770 -0.03127975 19.15084428
98200 0.86370809 0.00229401 9.29037370
98300 0.85507439 0.01156323 10.56857039
98400 0.84478296 0.02154487 12.27825484
98500 0.84968813 0.03267783 11.83075005
98600 0.84550797 0.04460264 12.92859165
98700 0.81528074 0.00720929 17.08658883
98800 0.85254297 -0.00977605 10.91957282
98900 0.85208153 -0.01066136 10.99676863
99000 0.81395843 -0.00206626 17.30786687
99100 0.85995017 0.02016358 10.01026202
99200 0.86352299 -0.00602478 9.33113636
99300 0.91520860 0.00194363 3.59667994
99400 0.84079438 0.02686385 13.03404837
99500 0.88495373 0.00939911 6.66199383
99600 0.82305137 0.05060879 16.93603311
99700 0.86935287 0.04906093 9.73782377
99800 0.82011869 0.02208201 16.42245038
99900 0.86370971 0.01193695 9.35876754
100000 0.82830967 0.01171145 14.80736326
100100 0.87796882 -0.00630694 7.46569280
100200 0.85701352 0.02318271 10.49128581
100300 0.87125003 0.01934550 8.47540200
100400 0.83249668 0.00597228 14.04651524
100500 0.81327786 -0.00697514 17.45690480
100600 0.84915018 0.01095484 11.43783765
100700 0.87327048 0.00381963 8.03748005
100800 0.82744379 -0.01032454 14.94112136
100900 0.84758190 0.03085414 12.09162722
101000 0.81573960 -0.00709096 17.00108823
101100 0.88907585 -0.01042205 6.20639347
101200 0.81691931 -0.00618399 16.77838977
101300 0.82433406 0.02236504 15.67935812
101400 0.81109036 0.00330453 17.84888684
101500 0.83518523 0.01824374 13.74837162
101600 0.86653846 0.03696981 9.58937496
101700 0.84369131 -0.00236971 12.21901049
101800 0.83399591 0.00757106 13.80734019
101900 0.82762978 0.03501635 15.46881896
102000 0.88917703 0.02132784 6.36830423
102100 0.84914295 0.02800935 11.77118698
102200 0.85977746 0.00671931 9.85375431
102300 0.86301733 0.00928260 9.42520891
102400 0.83527099 -0.01013497 13.61918282
102500 0.85922897 0.01107740 9.96959525
102600 0.86752929 0.01655208 8.91122953
102700 0.86341717 0.01076298 9.38535518
102800 0.83177579 0.03515880 14.76776362
102900 0.79640820 0.02873510 21.13766360
103000 0.82761335 0.02451903 15.15916930
103100 0.83946743 -0.02191885 13.12557102
103200 0.82220136 0.00817470 15.83959161
103300 0.84045693 0.02838615 13.12988293
103400 0.87029710 0.01903430 8.59257305
103500 0.89018388 0.02891785 6.44791136
103600 0.78112954 0.01109985 24.01374322
103700 0.86567324 0.00225910 9.02439053
103800 0.85698568 0.02289900 10.48872953
103900 0.80373697 0.02803861 19.65266950
104000 0.85706452 0.00535141 10.22959385
104100 0.84154623 0.01564936 12.67624902
104200 0.82850590 0.01479880 14.81461548
104300 0.80848218 0.04667158 19.42865553
104400 0.77388597 0.03653030 26.23100792
104500 0.84696556 -0.00914761 11.75160893
104600 0.84410170 0.03231507 12.67427222
104700 0.83879409 0.04545185 14.02660838
104800 0.84295374 -0.00232836 12.33447391
104900 0.83543561 -0.01249828 13.61882295
105000 0.84356417 0.01754947 12.39007614
105100 0.83245027 -0.00872952 14.07455757
105200 0.83092196 -0.00512628 14.30683085
105300 0.78810545 0.00386914 22.45713557
105400 0.83612080 0.02286348 13.68956464
105500 0.83433561 0.03022165 14.17901951
105600 0.85512134 0.00370204 10.50176539
105700 0.84224613 0.03434837 13.03304653
105800 0.83191391 -0.00813997 14.15959591
105900 0.82207467 0.01174792 15.89771838
106000 0.83496112 0.02390144 13.90455510
106100 0.82435095 0.01837802 15.59517003
106200 0.87333666 0.03077501 8.49535154
106300 0.83801436 0.02593839 13.45607321
106400 0.81371231 0.02191407 17.59166584
106500 0.83621867 0.04425179 14.39127303
106600 0.79309801 0.02354915 21.68149799
106700 0.88065252 0.07206160 9.71834780
106800 0.88555056 0.03610599 7.20115911
106900 0.80147585 -0.00230311 19.70857039
107000 0.87676726 0.01117750 7.65562238
107100 0.84552681 -0.00409169 11.93935476
107200 0.83624965 0.00149588 13.40820674
107300 0.81442279 0.01762802 17.37482476
107400 0.81671492 0.00392974 16.80443129
107500 0.85076269 0.01118252 11.19841118
107600 0.81435306 0.04860682 18.41370505
107700 0.81989527 0.03130675 16.70891232
107800 0.84086269 0.04180236 13.53606047
107900 0.85989255 -0.00231561 9.81773029
108000 0.83013381 0.00401544 14.43532374
108100 0.83817093 0.02487461 13.40369743
108200 0.82900193 0.03150056 15.11631236
108300 0.85359509 0.01492396 10.82856046
108400 0.81697963 0.01533395 16.86579263
108500 0.85019871 0.01030817 11.27334173
108600 0.86386193 0.02073379 9.48173250
108700 0.85312089 0.00595439 10.80446401
108800 0.82808216 -0.00729656 14.80449246
108900 0.79850281 0.02204355 20.54351705
109000 0.83976913 0.03211582 13.35267825
109100 0.86202554 0.00731944 9.54526344
109200 0.84470773 0.00273910 12.06159647
109300 0.80663210 0.03915139 19.46198746
109400 0.82631719 0.00223562 15.08535804
109500 0.83370708 0.01907649 14.00862406
109600 0.85493469 0.04003191 11.32324891
109700 0.83839900 0.01629685 13.19023554
109800 0.84414126 0.01976017 12.34120598
109900 0.82552981 0.02388901 15.50526682
110000 0.87372406 0.03753012 8.67706171
110100 0.84728366 0.04179059 12.53436618
110200 0.83077518 0.00078313 14.31882603
110300 0.85707895 -0.01119478 10.27587521
110400 0.85438405 0.03478729 11.20708072
110500 0.81528701 0.02835199 17.46136217
110600 0.83349200 0.02512884 14.17818586
110700 0.86274936 0.02140267 9.64790599
110800 0.81797430 0.00808572 16.59936644
110900 0.82241055 0.02688297 16.13035335
111000 0.85848129 0.02714551 10.38221212
111100 0.87965228 0.02155001 7.47398846
111200 0.86204526 0.00835357 9.55064614
111300 0.84716647 0.02025242 11.88412473
111400 0.86228196 0.00814136 9.51627055
111500 0.83370241 0.02066195 14.04090173
111600 0.85928455 0.02172920 10.13649843
111700 0.85723853 0.00964811 10.23696141
111800 0.84198490 0.01724837 12.63313942
111900 0.88137313 -0.00599596 7.05414283
112000 0.83922184 0.00037715 12.92487899
112100 0.86395483 0.02940045 9.68633705
112200 0.83966417 0.02663774 13.20857418
112300 0.82795627 0.01195150 14.87094234
112400 0.85562529 0.04902849 11.62392524
112500 0.82244412 0.02391428 16.04899109
112600 0.84492928 0.03862781 12.76951748
112700 0.86690633 0.00587347 8.87421193
112800 0.83371345 0.01646514 13.96115889
112900 0.84056288 0.01162473 12.77766470
113000 0.86915459 0.01055078 8.61591963
113100 0.85802653 0.00623891 10.09769499
113200 0.84734314 -0.02710031 12.01927204
113300 0.85422145 0.00538326 10.64018244
113400 0.78412846 0.04389947 24.26384359
113500 0.83795583 0.01778946 13.28738940
113600 0.82780461 0.04790035 15.97284788
113700 0.85429121 -0.00828098 10.64981258
113800 0.79650355 0.01309285 20.79111495
113900 0.85700346 0.01245042 10.30151146
114000 0.84885123 0.01323411 11.51054564
114100 0.81987291 0.02589311 16.55811047
114200 0.81362276 -0.00238127 17.37107360
114300 0.83280550 -0.00048344 13.97711682
114400 0.83227568 0.03494463 14.67628675
114500 0.86372313 0.00477215 9.29707941
114600 0.85850157 0.00530244 10.02496047
114700 0.85363605 0.02963834 11.15041789
114800 0.83299806 0.02424091 14.23863525
114900 0.83938202 0.02402442 13.18765440
115000 0.85781358 -0.01290893 10.19180902
115100 0.86164304 0.01802726 9.73381511
115200 0.83586953 0.02405116 13.75863508
115300 0.83755921 0.02246941 13.44594189
115400 0.81406785 -0.00863366 17.32265212
115500 0.82870744 -0.00092130 14.67099533
115600 0.83994188 0.00119310 12.81001311
115700 0.85921277 0.01328761 9.99880265
115800 0.84231780 0.04866014 13.61574356
115900 0.83828431 0.00649028 13.09704454
116000 0.85262953 0.01956871 11.05049556
116100 0.84433158 -0.00987051 12.16504150
116200 0.81228561 0.01900346 17.79891198
116300 0.86558876 -0.03803509 9.75652554
116400 0.84662176 -0.01140789 11.82751292
116500 0.86191716 0.02408581 9.82349913
116600 0.87505126 0.01264740 7.88607240
116700 0.86382439 0.02083031 9.48884899
116800 0.84816448 0.02142084 11.75643855
116900 0.77150853 0.02874243 26.51723901
117000 0.86424368 -0.01478084 9.32412541
117100 0.81313765 0.03259471 17.98997672
117200 0.80186455 0.05375229 21.07348187
117300 0.82122722 0.01393594 16.07695866
117400 0.81177799 0.04750873 18.84230260
117500 0.80960393 0.03180021 18.63095813
117600 0.81194651 0.02921452 18.10880082
117700 0.83484252 0.03184601 14.14558013
117800 0.81610108 0.01214549 16.98316235
117900 0.86785410 -0.01625368 8.86336088
118000 0.82656959 0.01139728 15.10400241
118100 0.81427681 0.02301649 17.51143024
118200 0.81416238 0.02386375 17.55254925
118300 0.84309067 -0.01982196 12.50672394
118400 0.84399393 0.01983698 12.36569989
118500 0.82778448 0.04635477 15.90347587
118600 0.84238462 0.00136593 12.42223657
118700 0.79471543 -0.00385414 21.07830351
118800 0.84539794 0.00507292 11.96376637
118900 0.85130561 0.01701056 11.19969008
119000 0.84430918 0.00513716 12.13301052
119100 0.83557226 0.01299483 13.60267295
119200 0.84111163 0.00695543 12.64694601
119300 0.85683622 0.02265149 10.50447875
119400 0.84188170 0.03800075 13.22272733
119500 0.81753588 0.01599024 16.77442210
119600 0.84808541 0.02295307 11.80244227
119700 0.85019881 0.00244535 11.22318878
119800 0.80430238 -0.00231670 19.15146270
119900 0.79947760 0.00403044 20.11273796
120000 0.83640181 0.03280101 13.92013631
120100 0.83953555 0.00716170 12.90006546
120200 0.83520282 -0.02181251 13.81694883
120300 0.82878819 0.00922942 14.69933387
120400 0.86239458 0.02522620 9.78580577
120500 0.82687680 0.02239118 15.23650271
120600 0.78919010 -0.00906578 22.26150064
120700 0.81886862 -0.00108702 16.40487848
120800 0.82143272 -0.00852877 15.97950656
120900 0.82942050 -0.01029600 14.60168603
121000 0.85086376 0.02578257 11.45317959
121100 0.84177469 0.03260132 13.04904820
121200 0.80075016 0.01803311 20.01284578
121300 0.88268170 0.00982686 6.93007594
121400 0.87261541 0.01880563 8.29024333
121500 0.86683126 -0.00407561 8.87526197
121600 0.88383548 0.02986443 7.19304015
121700 0.84364799 0.02474131 12.52904130
121800 0.80447223 0.00460001 19.12613406
121900 0.85119767 0.05886166 12.80341372
122000 0.84749690 0.01288235 11.71157531
122100 0.84667773 -0.00837919 11.78896425
122200 0.83421023 0.02916646 14.16846498
122300 0.80903065 0.02431271 18.53019996
122400 0.83455203 -0.00659234 13.70824412
122500 0.83966260 0.03377292 13.42434628
122600 0.81785188 0.02331967 16.86087310
122700 0.80876920 0.01644000 18.41974657
122800 0.85654117 0.02254077 10.54426118
122900 0.82961691 0.00917035 14.55724705
123000 0.81899522 -0.00188231 16.38313677
123100 0.80765643 -0.00371150 18.50491241
123200 0.85669243 0.02385933 10.55316423
123300 0.88227889 0.02283615 7.18987481
123400 0.84447012 -0.00614154 12.11363136
123500 0.80345211 0.03263704 19.84812533
123600 0.84457117 0.02789681 12.46817586
123700 0.86383009 0.01461427 9.37791052
123800 0.84723970 0.00934200 11.71149140
123900 0.87079775 -0.01910805 8.52916907
124000 0.80825977 0.02892587 18.80051121
124100 0.84554429 0.01736391 12.07903580
124200 0.79655124 0.00968150 20.74256548
124300 0.86342204 0.00855167 9.36333543
124400 0.86034902 -0.01319227 9.83821640
124500 0.85074213 0.03635235 11.79970219
124600 0.85899021 0.02248087 10.19457585
124700 0.83268366 0.03590193 14.64185214
124800 0.86431588 -0.00559249 9.22072823
124900 0.86341766 0.03241734 9.85280968
125000 0.86965216 -0.01226641 8.57051211
125100 0.84839225 0.02008823 11.69422310
125200 0.89694457 0.00124480 5.31098517
125300 0.83593765 0.03657773 14.12719239
125400 0.86926240 0.00158336 8.54741415
125500 0.87925183 0.01955349 7.48122915
125600 0.77465204 0.02671110 25.74759341
125700 0.86323830 0.03036828 9.81299694
125800 0.83920946 0.02227534 13.17489411
125900 0.82884832 0.00609431 14.66501829
126000 0.84726128 0.01605789 11.79348677
126100 0.82251450 0.04089921 16.58692397
126200 0.84732484 0.02804260 12.04804555
126300 0.84642861 0.03177320 12.29685471
126400 0.86257956 0.00054429 9.44233612
126500 0.84757672 -0.00790051 11.64763766
126600 0.82744636 0.01793854 15.04827428
126700 0.90178867 0.00967944 4.86957881
126800 0.83128427 0.04057924 15.05583669
126900 0.80988973 0.04622703 19.13942621
127000 0.85044579 0.05444946 12.66560269
127100 0.85147834 0.01403359 11.12781331
127200 0.86501191 0.03784714 9.82709522
127300 0.82801760 0.00550134 14.80410452
127400 0.83456651 0.03961265 14.46870093
127500 0.84880347 -0.00593401 11.44780090
127600 0.81571947 0.00453622 16.98994613
127700 0.87050928 0.02856882 8.79201156
127800 0.85741330 0.04403098 11.13484659
127900 0.88346242 0.03048816 7.25526781
128000 0.81834508 0.01962201 16.69176708
128100 0.84310985 0.00078035 12.30756484
128200 0.90076324 -0.02827654 5.32374811
128300 0.88964263 0.03786868 6.80639337
128400 0.79380931 0.00286721 21.26141048
128500 0.80878890 -0.02481111 18.58863753
128600 0.84214086 -0.00529720 12.47378375
128700 0.88589636 -0.00563498 6.52569712
128800 0.84276753 -0.01155167 12.42774610
128900 0.83015003 0.00835738 14.45942899
129000 0.85535132 0.04289310 11.38152927
129100 0.83326752 0.03677692 14.57613009
129200 0.86195996 0.03246971 10.05466744
129300 0.83285357 0.02953507 14.40512434
129400 0.83225775 0.00783815 14.09944974
129500 0.89211405 0.00132922 5.82057230
129600 0.85991715 -0.00208150 9.81376811
129700 0.82536896 0.05510131 16.76607690
129800 0.88056971 0.00687518 7.15543142
129900 0.88685665 0.02691246 6.76284871
130000 0.84160044 0.03898836 13.30525610
130100 0.87173703 0.00376699 8.23279045
130200 0.80651940 -0.00462919 18.72808574
130300 0.83651583 0.04752366 14.49278664
130400 0.80900968 0.01589829 18.36502916
130500 0.83561454 0.01934122 13.69833085
130600 0.86069389 0.00925061 9.74588244
130700 0.85124786 0.02541164 11.38647553
130800 0.80985790 0.04720666 19.19124268
130900 0.84472039 0.04094043 12.89393811
131000 0.84110645 0.04404235 13.59344412
131100 0.83016275 0.02369931 14.70317483
131200 0.84889207 -0.01067272 11.47375647
131300 0.84106290 -0.01271918 12.71139025
131400 0.83754813 -0.00053615 13.19544911
131500 0.83668010 0.04311820 14.26628504
131600 0.85580972 -0.00272543 10.39913244
131700 0.87735168 0.02664833 7.87637138
131800 0.87247651 0.01444340 8.23542552
131900 0.82149962 -0.00190975 15.93301702
132000 0.81038447 0.01820335 18.14270493
132100 0.83642652 -0.00510617 13.39117852
132200 0.84957250 0.02401065 11.60247203
132300 0.82642125 0.01322576 15.15225215
132400 0.82785391 0.04271028 15.72922190
132500 0.85603210 0.01226868 10.43863905
132600 0.87990827 0.02739083 7.58614099
132700 0.86255806 0.00512461 9.45827492
132800 0.79649308 -0.00027052 20.70756921
132900 0.84098543 0.02498318 12.95489669
133000 0.86853515 -0.00995557 8.69105969
133100 0.82540869 0.00425682 15.25012337
133200 0.85001769 0.00438549 11.25696317
133300 0.82690873 0.02911800 15.40422367
133400 0.84029476 0.01769428 12.90942592
133500 0.82962636 0.05365828 15.95319328
133600 0.86322884 0.00703553 9.37792490
133700 0.86424989 0.02287725 9.47573041
133800 0.84568760 0.02272575 12.16438842
133900 0.83459349 0.01525854 13.79606791
134000 0.79123154 0.03438833 22.38341292
134100 0.83834738 0.00451094 13.07595956
134200 0.82487912 -0.00291988 15.33792488
134300 0.84635465 -0.00489216 11.81541342
134400 0.85955983 0.01054676 9.91733766
134500 0.81713716 0.02767037 17.10223318
134600 0.86721969 -0.00002266 8.81530544
134700 0.83641085 0.00887047 13.42004709
134800 0.81869074 0.01152661 16.50295585
134900 0.85681500 0.02209618 10.49509346
135000 0.87722474 0.00678888 7.55992724
135100 0.86768668 -0.01014768 8.80489513
135200 0.80402966 -0.00020861 19.20220908
135300 0.88244356 0.00845146 6.94547193
135400 0.84798985 0.01641322 11.68823974
135500 0.83741156 0.01398372 13.31527188
135600 0.81970572 0.02268477 16.51031351
135700 0.83311467 0.00274125 13.92911461
135800 0.84763917 0.01487079 11.71748103
135900 0.81594425 0.03315285 17.48781454
136000 0.85109936 0.01214370 11.15943562
136100 0.83420010 0.01224387 13.81976014
136200 0.86061915 0.02283548 9.97423963
136300 0.89212733 0.01902082 5.99915281
136400 0.82433573 0.02701850 15.79396774
136500 0.83756420 0.00775679 13.22277878
136600 0.86669235 0.01116831 8.94782998
136700 0.80165001 0.02618625 20.01421886
136800 0.80251795 0.03163948 20.00010922
136900 0.81905089 0.01058159 16.42727587
137000 0.89152717 0.01195510 5.95463968
137100 0.82714364 -0.00502828 14.95230326
137200 0.81513879 0.01322896 17.17433570
137300 0.83445578 0.02245265 13.95450550
137400 0.84681211 0.00790648 11.76452084
137500 0.82490302 -0.00673012 15.35212357
137600 0.85326525 0.02210899 11.00994678
137700 0.85212030 0.01487419 11.04482355
137800 0.81164545 0.02519980 18.05623236
137900 0.85414508 0.01067061 10.69375908
138000 0.82979408 0.01687089 14.62734100
138100 0.85125492 0.02810705 11.45755302
138200 0.81853380 0.01299737 16.54945585
138300 0.85225703 0.01424754 11.01548815
138400 0.81413817 0.01724723 17.42104315
138500 0.85119583 0.01842401 11.24106267
138600 0.84506321 0.00796905 12.03445714
138700 0.82020076 0.00586474 16.18108092
138800 0.85347596 0.00906972 10.77577770
138900 0.79920492 0.03103990 20.64107033
139000 0.86974452 0.01772063 8.64025528
139100 0.87277305 0.02093197 8.31242205
139200 0.84850159 -0.01672914 11.61581611
139300 0.86880700 -0.00015153 8.60581353
139400 0.85529827 0.03787985 11.18673705
139500 0.82554577 0.04295098 16.13953346
139600 0.82452202 0.01355679 15.48815487
139700 0.86088376 -0.00307707 9.68139791
139800 0.79443344 0.01394317 21.22601210
139900 0.88464913 -0.01451661 6.75827804
140000 0.87956497 0.01511656 7.36655374
140100 0.86630054 0.00085998 8.93814222
140200 0.81313383 0.01520966 17.57515057
140300 0.83906390 0.02584681 13.28424216
140400 0.84084139 0.00205964 12.66785330
140500 0.82904443 0.02141669 14.84224136
140600 0.85714309 0.03407092 10.78446208
140700 0.79437048 0.01874229 21.31738558
140800 0.83297924 0.00100119 13.94846776
140900 0.82928924 0.00375391 14.57812732
141000 0.86262554 0.01619277 9.56697438
141100 0.85335329 0.03057561 11.22006243
141200 0.88615265 0.02655725 6.83325334
141300 0.82288358 0.01876907 15.86125150
141400 0.83995735 0.02925213 13.23466806
141500 0.82901976 -0.00037388 14.61719030
141600 0.83749528 0.03742240 13.90410938
141700 0.82407511 -0.01504671 15.58798450
141800 0.83707635 0.01770772 13.42883934
141900 0.87105645 0.01037756 8.36706671
142000 0.82393395 0.02868666 15.91108871
142100 0.84050167 0.01889687 12.89840515
142200 0.86136482 0.03382632 10.18196632
142300 0.86097366 0.04087046 10.49935871
142400 0.84143897 0.00384711 12.57819949
142500 0.81154552 -0.00557076 17.77306202
142600 0.83436540 0.02435496 14.01399259
142700 0.81891478 0.05390092 17.84858250
142800 0.84624877 0.02470085 12.12478625
142900 0.85897597 0.01177781 10.01324667
143000 0.88519596 0.00905880 6.63101507
143100 0.85205232 -0.00426416 10.95334961
143200 0.79385611 0.00023777 21.24767930
143300 0.80922500 0.03362033 18.76271370
143400 0.85800270 0.03076624 10.55489816
143500 0.82103372 0.00854194 16.05094724
143600 0.83153065 0.01986907 14.38835063
143700 0.81667307 0.00016114 16.80439477
143800 0.86767945 0.01239842 8.83122454
143900 0.81323552 0.03205683 17.95430544
144000 0.84735909 0.02312670 11.91704549
144100 0.86879077 0.00759052 8.63673933
144200 0.82366259 0.03186602 16.05516335
144300 0.82759474 -0.00510972 14.87484142
144400 0.83120464 -0.00156164 14.24715620
144500 0.81575578 0.01423666 17.07430783
144600 0.86529552 0.03399581 9.65050557
144700 0.84406243 0.00132428 12.15914046
144800 0.83466727 -0.00202456 13.66950529
144900 0.83229129 -0.00948468 14.10808602
145000 0.85408639 0.01553336 10.76603384
145100 0.76506961 0.00760851 27.62508966
145200 0.85614870 -0.02587006 10.68122863
145300 0.81673497 0.04194221 17.67260974
145400 0.85156716 -0.00110231 11.01676136
145500 0.86970472 0.00874732 8.52668799
145600 0.79568114 0.02804546 21.26637158
145700 0.81555661 0.02749949 17.38779347
145800 0.84735095 -0.00099615 11.65136277
145900 0.79900204 0.01293213 20.28370991
146000 0.91460147 0.00802821 3.67868093
146100 0.85587770 0.01724055 10.53423687
146200 0.80853146 -0.00622453 18.34947307
146300 0.85350937 0.00375524 10.73680262
146400 0.84806064 0.02731271 11.91577695
146500 0.84931829 0.04753565 12.48230848
146600 0.85667563 0.03738190 10.96964156
146700 0.84330637 0.02184881 12.51513234
146800 0.85640330 0.01819783 10.47558649
146900 0.83310309 -0.00122968 13.92804587
147000 0.85983614 0.01522241 9.93881456
147100 0.85666887 0.00374771 10.27892916
147200 0.89726396 0.00816097 5.31064721
147300 0.75021384 0.02970449 31.63774051
147400 0.83389371 0.00008652 13.79565387
147500 0.85585603 -0.01567370 10.51157422
147600 0.87822401 0.00603327 7.43289585
147700 0.81757311 -0.00384984 16.64719632
147800 0.88344508 0.01775852 6.95020679
147900 0.80504101 0.03441437 19.59667765
148000 0.87274868 0.03841729 8.83439385
148100 0.86864269 0.02776718 9.01287916
148200 0.86295190 0.00246849 9.39413802
148300 0.82297470 0.04445432 16.65707163
148400 0.84617998 0.02155845 12.06268209
148500 0.90301956 0.01238206 4.77926066
148600 0.81008124 0.00692795 18.05856602
148700 0.88524117 0.01025567 6.63738437
148800 0.82254085 0.03342201 16.30439114
148900 0.81945690 0.02962402 16.73669643
149000 0.80758210 0.02319861 18.78141149
149100 0.83492818 -0.00162796 13.62567835
149200 0.84212845 0.00336600 12.46737875
149300 0.81813855 0.00247209 16.53984857
149400 0.87809498 0.04702251 8.53597570
149500 0.84953428 0.00869154 11.35773859
149600 0.86523953 0.00697233 9.10449839
149700 0.89185871 0.02339562 6.12094662
149800 0.86343195 0.01625681 9.45755764
149900 0.82862878 0.00938335 14.72807044
150000 0.85339698 0.03747286 11.44833059
150100 0.81075816 -0.02064115 18.11926473
150200 0.79974929 0.05871786 21.77406699
150300 0.83989824 0.03854761 13.55924579
150400 0.86662891 0.01581109 9.01891968
150500 0.86417564 0.04257503 10.13044490
150600 0.79997335 -0.00140688 20.00631965
150700 0.86501384 0.02101993 9.33154993
150800 0.86504029 0.00505417 9.11983334
150900 0.82064139 0.02422394 16.37815530
151000 0.82840014 -0.00141462 14.72425638
151100 0.83408596 0.02114453 13.98728001
151200 0.82685815 0.02817032 15.38583418
151300 0.84985305 0.02409092 11.56223960
151400 0.86186619 0.01562333 9.66251904
151500 0.84124776 0.01244129 12.67852954
151600 0.84735268 0.02410125 11.94103784
151700 0.87869758 0.01543547 7.47626585
151800 0.86214123 0.04259285 10.40959544
151900 0.87317795 0.01428273 8.14391496
152000 0.79952789 0.00351103 20.10069624
152100 0.80125084 0.00273234 19.75434634
152200 0.86169138 -0.02985885 10.01041289
152300 0.80994199 0.01706355 18.20660546
152400 0.82222699 0.02108135 16.02383266
152500 0.86387310 -0.00080541 9.26559096
152600 0.84416346 0.01348104 12.23338284
152700 0.86159911 -0.02223947 9.82470069
152800 0.83367625 0.01046124 13.88651328
152900 0.81619580 0.04686299 17.99006224
153000 0.90270426 0.01623091 4.86495153
153100 0.83522087 0.00573374 13.59251794
153200 0.86016406 0.03289201 10.31798763
153300 0.87685644 -0.00744239 7.60986270
153400 0.85746489 0.02436576 10.45497338
153500 0.82449484 0.00330810 15.40650301
153600 0.86638630 -0.00525135 8.94009853
153700 0.81011102 0.04145621 18.88822135
153800 0.85894128 0.02186314 10.18778033
153900 0.83941685 0.01767588 13.04969288
154000 0.83727632 -0.00049357 13.23962027
154100 0.84533846 0.02114315 12.18361307
154200 0.83595528 -0.00084292 13.45569098
154300 0.83298954 0.00400092 13.95425101
154400 0.81362576 0.00293302 17.37197955
154500 0.87745660 -0.01587369 7.63442981
154600 0.80658513 0.00695571 18.72884641
154700 0.81576785 0.01142132 17.03596553
154800 0.83612352 0.02026934 13.63317256
154900 0.83936635 0.02836794 13.30395415
155000 0.80868437 0.00932022 18.34426801
155100 0.84811540 0.03527874 12.15676043
155200 0.82295311 0.02346290 15.94805371
155300 0.84816253 0.01251863 11.60566666
155400 0.85538515 0.04273017 11.36966054
155500 0.82898676 -0.00630426 14.64263560
155600 0.84408313 0.03847029 12.89501745
155700 0.80078141 0.02133488 20.07161126
155800 0.82068353 0.01326992 16.16524313
155900 0.88281973 0.00572938 6.88202018
156000 0.80684766 0.03011231 19.10728979
156100 0.81502339 0.03381251 17.67981674
156200 0.83346492 -0.01533579 13.98455968
156300 0.85619039 0.00495566 10.35288138
156400 0.85144254 0.00734692 11.06164745
156500 0.84374821 0.02397153 12.49462729
156600 0.84648649 0.03430020 12.37145145
156700 0.83923032 0.01777839 13.08148136
156800 0.85567424 -0.00437968 10.42455330
156900 0.86349053 0.02123587 9.54289825
157000 0.84118524 0.00165866 12.61243883
157100 0.84516703 0.02126221 12.21266428
157200 0.80627603 0.02259910 19.01984772
157300 0.84806319 -0.00079906 11.54271603
157400 0.80852729 0.01482427 18.44077843
157500 0.82245785 -0.00943707 15.80513719
157600 0.84555680 0.02011011 12.12855869
157700 0.88514569 0.06101964 8.45745406
157800 0.80237643 0.03473222 20.13070044
157900 0.81680674 0.01383288 16.87555960
158000 0.79900425 0.03069795 20.67082717
158100 0.85667555 0.02583455 10.60466084
158200 0.86173392 0.06704217 11.80608057
158300 0.85467918 -0.01670373 10.69857755
158400 0.82484336 0.00282864 15.34392412
158500 0.87403253 0.02172767 8.16994691
158600 0.83762215 0.00700516 13.20781939
158700 0.85932714 0.05112159 11.20113482
158800 0.82130699 0.01006033 16.01620149
158900 0.84594482 0.01207239 11.93937003
159000 0.85226352 0.01216758 10.98705874
159100 0.83051712 0.01287875 14.44515494
159200 0.85597217 0.03053796 10.83829089
159300 0.84416352 0.03649516 12.80845336
159400 0.77965347 0.00633239 24.29634655
159500 0.89415366 0.00025671 5.60175725
159600 0.85770519 0.02145433 10.35405000
159700 0.86513059 0.01592368 9.22166128
159800 0.83148596 -0.00307237 14.20321102
159900 0.83736317 0.04055421 14.04769067
160000 0.85026047 0.02822611 11.60931954
160100 0.84185757 0.00338628 12.51024782
160200 0.80718115 0.01971028 18.78380122
160300 0.86338862 0.01235051 9.40760216
160400 0.83750885 0.02970679 13.64293372
160500 0.83203827 -0.00006432 14.10557289
160600 0.82919532 0.01192922 14.65827288
160700 0.83254974 0.02152892 14.25154135
160800 0.87746566 0.01341261 7.59728164
160900 0.85543990 0.00697830 10.47316017
161000 0.80481450 -0.00939691 19.09284147
161100 0.84436528 -0.00023716 12.11111147
161200 0.81096496 0.01300069 17.95163244
161300 0.85736145 0.00249233 10.17598440
161400 0.82930902 0.01950407 14.75791024
161500 0.84482920 -0.00833470 12.07372257
161600 0.84185833 0.02675511 12.86231185
161700 0.82362496 -0.01683093 15.69571800
161800 0.90236212 0.03396681 5.34344989
161900 0.84367205 0.00841590 12.25462737
162000 0.81255743 0.00196805 17.56929531
162100 0.80567162 0.00779679 18.91215545
162200 0.89259260 0.02186456 6.00720456
162300 0.84624844 0.02185798 12.05865683
162400 0.81272760 0.02597680 17.87287361
162500 0.84068290 0.02896348 13.11041080
162600 0.82478618 0.00865297 15.38737890
162700 0.84995206 0.03718245 11.94845902
162800 0.82661703 0.02212148 15.27550773
162900 0.82770492 0.02581552 15.17601725
163000 0.80788680 0.03391800 19.02895723
163100 0.83738895 0.01147974 13.28706905
163200 0.88983868 0.01233897 6.14388358
163300 0.85072789 0.00206724 11.14321835
163400 0.83708136 0.00561697 13.28701747
163500 0.85493032 0.03740296 11.22209644
163600 0.86754305 -0.00713198 8.79785477
163700 0.79334647 0.04002358 22.15378517
163800 0.83004846 -0.02383159 14.72573444
163900 0.86085845 0.01751849 9.83363371
164000 0.88544754 0.02266145 6.81790427
164100 0.83010521 0.02432757 14.72803561
164200 0.83782038 0.00542406 13.16582464
164300 0.85066334 0.01137744 11.21544252
164400 0.81940969 0.03731849 17.00276452
164500 0.86171449 0.00410166 9.56985296
164600 0.80261297 0.03191066 19.98996569
164700 0.81877292 0.01964615 16.61461245
164800 0.85341746 0.00746786 10.77110483
164900 0.84058662 0.00609614 12.72489497
165000 0.86707636 0.00394170 8.84211534
165100 0.88972983 -0.02609630 6.42026426
165200 0.83836620 0.02189999 13.30254752
165300 0.82799067 0.02692803 15.15616358
165400 0.85959318 0.01971606 10.05139857
165500 0.83189901 0.05401440 15.58774885
165600 0.85003833 0.00644407 11.26501378
165700 0.83263121 0.00691410 14.03005769
165800 0.88760637 0.02170685 6.55175779
165900 0.85327871 0.03138896 11.25620229
166000 0.81799169 0.03053427 17.02968428
166100 0.86327179 0.02785751 9.73532188
166200 0.83161098 0.05894510 15.91469282
166300 0.82584261 0.02659648 15.51908391
166400 0.84775814 -0.00412741 11.59730978
166500 0.82391437 0.01906109 15.68473645
166600 0.88225471 0.00505194 6.94473806
166700 0.87409736 0.01141967 7.99094225
166800 0.81315955 0.03023330 17.91170299
166900 0.83943135 0.03458493 13.48920487
167000 0.85198656 0.04890863 12.15001623
167100 0.80477937 -0.01090630 19.11502044
167200 0.84498176 0.01762241 12.17060217
167300 0.85394481 -0.00214979 10.66837007
167400 0.84711993 0.00456770 11.69658958
167500 0.81112047 0.00107430 17.83831591
167600 0.87530636 0.05717164 9.40855063
167700 0.77158595 -0.00290048 26.09069515
167800 0.81731963 0.02266706 16.94295637
167900 0.80631326 0.02113802 18.98068472
168000 0.84375715 -0.00886157 12.24517775
168100 0.87970348 0.01299502 7.32006133
168200 0.85965979 0.01485054 9.95795685
168300 0.83318743 0.02719497 14.28299963
168400 0.83564256 0.00502145 13.51929138
168500 0.81849605 -0.00596265 16.48961791
168600 0.89052629 0.01272958 6.07326720
168700 0.85555462 0.00765233 10.46151354
168800 0.84193139 0.00494163 12.50505247
168900 0.82283320 0.00637764 15.71437538
169000 0.80218123 0.00649554 19.58722962
169100 0.85328596 0.02614216 11.10421073
169200 0.82527653 0.00561664 15.27991900
169300 0.82484479 0.01487606 15.45032263
169400 0.83467290 0.00326947 13.67187004
169500 0.88406130 0.01809789 6.88465739
169600 0.83027187 -0.00547579 14.41881060
169700 0.85727270 0.00793642 10.21703395
169800 0.80189531 0.02142803 19.85231379
169900 0.86373302 0.01554281 9.40513439
170000 0.86049537 -0.00518882 9.74423218
170100 0.81284472 0.02261912 17.76936223
170200 0.84433968 0.00375091 12.12210224
170300 0.84035525 0.02191940 12.98345303
170400 0.85889303 0.02995796 10.40432872
170500 0.89901161 0.03554455 5.73103521
170600 0.84097801 0.04574861 13.69046469
170700 0.82419336 0.03474960 16.05775395
170800 0.80185756 0.05109689 20.93566020
170900 0.82908807 0.03628244 15.26365155
171000 0.87428961 0.01613039 8.03164561
171100 0.84791551 0.02207422 11.80848227
171200 0.87702006 0.01768904 7.71848432
171300 0.82128760 -0.00509869 15.98206015
171400 0.85846880 -0.00790848 10.04681237
171500 0.84264707 0.01345541 12.47049664
171600 0.86847985 0.02552822 8.97462054
171700 0.83852280 -0.00102585 13.03796869
171800 0.83815080 0.02632637 13.44412059
171900 0.85403342 0.03398491 11.23060792
172000 0.83957759 0.03710602 13.55610297
172100 0.84484700 0.00907830 12.07743455
172200 0.86827479 0.03179152 9.18111627
172300 0.84397850 -0.00098949 12.17184381
172400 0.87626272 0.00790160 7.68667516
172500 0.82219802 0.02582361 16.14020173
172600 0.83356726 0.02160544 14.08332669
172700 0.81031576 0.01054369 18.04564003
172800 0.84553970 0.01752232 12.08250736
172900 0.84872730 0.01545750 11.56118228
173000 0.82720805 0.01167713 14.99670581
173100 0.86980917 0.01260884 8.55431717
173200 0.87845378 -0.00000709 7.38674134
173300 0.88609753 0.02559011 6.81431339
173400 0.83487201 0.02375044 13.91566837
173500 0.84293223 0.05763281 13.99591311
173600 0.82710678 -0.00483169 14.95770520
173700 0.83743029 -0.00104672 13.21500359
173800 0.82123454 0.03028575 16.43715779
173900 0.87419441 0.00395879 7.92135938
174000 0.82762914 0.01484387 14.96602758
174100 0.86457566 -0.00793183 9.20133240
174200 0.83328497 0.01021638 13.94913739
174300 0.83107358 0.00552884 14.28335168
174400 0.83067408 0.01289599 14.41878736
174500 0.84176952 -0.01189319 12.58916660
174600 0.83609646 -0.00091745 13.43260620
174700 0.87272714 0.02723228 8.46998939
174800 0.85637240 0.00104220 10.31498666
174900 0.82286988 0.02715814 16.05632232
175000 0.85866500 0.01166365 10.05581156
175100 0.85472334 0.01069134 10.60980571
175200 0.81373050 0.00396276 17.35601510
175300 0.83155939 0.02204087 14.42901935
175400 0.81498466 0.02970510 17.55653432
175500 0.84064536 -0.03063126 13.16608803
175600 0.87964435 0.02476780 7.54946308
175700 0.84381623 0.01123246 12.25976836
175800 0.78890452 0.02894276 22.69949272
175900 0.83265173 0.03843543 14.74136297
176000 0.84043296 0.01725174 12.87963154
176100 0.83279513 -0.01100884 14.03933121
176200 0.86882998 0.01138673 8.66761615
176300 0.83788149 0.00613521 13.16002651
176400 0.85145162 0.02146441 11.26367086
176500 0.84663422 0.00230810 11.76319435
176600 0.83529011 0.02430519 13.86004465
176700 0.83827664 0.01530031 13.19427234
176800 0.83887799 0.01205714 13.05283775
176900 0.89002953 0.00196939 6.04869086
177000 0.85007265 0.04503528 12.25319308
177100 0.80879667 0.01570464 18.40267495
177200 0.84680044 0.03557645 12.36789508
177300 0.86283877 0.02174932 9.64311822
177400 0.83622131 0.01055849 13.46747014
177500 0.86619117 0.01869140 9.12708591
177600 0.85456832 0.02135371 10.80317696
177700 0.84668212 0.03145412 12.24786643
177800 0.84732930 0.03644010 12.31811122
177900 0.85003457 0.01376627 11.33957094
178000 0.80152234 0.00390881 19.70433003
178100 0.78236194 0.00038321 23.68323633
178200 0.83253181 0.00344111 14.02871783
178300 0.83425440 0.02531019 14.05610469
178400 0.82430435 0.01957612 15.62609344
178500 0.82594438 0.02617035 15.49012275
178600 0.83414694 0.02677460 14.11205912
178700 0.82441516 0.01504290 15.52816319
178800 0.85153040 0.03649466 11.68754093
178900 0.83652880 0.00834764 13.39625767
179000 0.83803918 0.02722852 13.48635037
179100 0.87668880 0.01039931 7.65689901
179200 0.82146280 0.00687396 15.96139104
179300 0.82656763 0.00449266 15.04948504
179400 0.86107169 0.02370079 9.93140190
179500 0.82482152 0.02194338 15.58450542
179600 0.78508497 0.05317484 24.50801712
179700 0.81470083 0.03094309 17.64662784
179800 0.86906450 -0.00928786 8.61518424
179900 0.81027290 0.03167391 18.49980397
180000 0.85897667 0.00083498 9.94413801
180100 0.81360732 0.00834279 17.40591613
180200 0.85283432 -0.00190644 10.83068618
180300 0.79518460 0.04543542 22.00686376
180400 0.86736188 0.01611238 8.92623978
180500 0.81249949 0.01672048 17.71800744
180600 0.81411735 -0.01158514 17.34328690
180700 0.85750694 0.03371837 10.72060117
180800 0.85643057 0.02279680 10.56593728
180900 0.86343036 0.00922340 9.36816939
181000 0.84432862 0.02489852 12.42675703
181100 0.85540645 -0.00465124 10.46446402
181200 0.83818162 0.01640575 13.22716821
181300 0.87440358 0.03216513 8.40452814
181400 0.83255550 0.02253970 14.27284914
181500 0.85187550 0.01376452 11.06516481
181600 0.86560983 0.01191156 9.10130123
181700 0.86160485 0.00946496 9.62140206
181800 0.85648506 0.00157468 10.29950935
181900 0.83839866 0.02261786 13.31328031
182000 0.83537438 0.04532629 14.57803439
182100 0.88756236 0.01530960 6.43830330
182200 0.80373607 0.01301645 19.34447901
182300 0.84937606 0.00732143 11.37058725
182400 0.80626370 0.00742843 18.79446835
182500 0.83802716 0.04393942 14.08293678
182600 0.82090530 0.02995269 16.48603702
182700 0.84665616 0.01504019 11.87027077
182800 0.85382879 0.03009520 11.13587224
182900 0.83915681 -0.00819180 12.96881925
183000 0.79969314 0.02498612 20.37357308
183100 0.84733756 0.02042625 11.86152544
183200 0.82195466 -0.01304518 15.93515958
183300 0.88505561 0.03048072 7.07064363
183400 0.82796382 0.00899730 14.83869885
183500 0.86131599 0.01681770 9.75804523
183600 0.79231017 0.02853425 21.97463377
183700 0.82047257 0.04049915 16.93513931
183800 0.85373747 0.01991755 10.89471777
183900 0.84253238 0.01147470 12.46386015
184000 0.81738618 0.00188536 16.67568026
184100 0.85014760 0.03069372 11.69892303
184200 0.86142643 0.00560431 9.61702091
184300 0.88414220 0.02924769 7.13922870
184400 0.86251522 -0.00307250 9.45575231
184500 0.84551736 -0.00376361 11.93952564
184600 0.84690676 0.00295116 11.72312459
184700 0.81285953 0.01374592 17.60525201
184800 0.83804811 0.02311551 13.38137020
184900 0.88929330 -0.00911097 6.16949196
185000 0.86408407 0.02070148 9.45084533
185100 0.78104312 -0.03021813 24.42762472
185200 0.84836106 0.00132137 11.49805651
185300 0.81949717 0.03175597 16.79485614
185400 0.82573064 0.02317802 15.45351506
185500 0.75468192 0.04335438 31.03028040
185600 0.87894316 0.00063100 7.32757812
185700 0.82684288 0.01859513 15.16458388
185800 0.83419793 0.04635809 14.81969993
185900 0.83349261 0.00433751 13.87176237
186000 0.86288498 -0.01246313 9.47792974
186100 0.82599063 0.01933983 15.32664417
186200 0.85692014 0.02277260 10.49521918
186300 0.88413522 0.00182268 6.71398422
186400 0.81324625 0.01141376 17.50361762
186500 0.82449365 -0.00158952 15.40250222
186600 0.84573888 0.01584888 12.02384077
186700 0.85758539 0.03707800 10.82834946
186800 0.85013537 0.02824604 11.62862336
186900 0.85029034 0.01027055 11.25923296
187000 0.86086730 0.02886363 10.09550821
187100 0.89880740 0.00981700 5.16815793
187200 0.84533792 0.02907270 12.38278979
187300 0.83782234 0.03377165 13.72105848
187400 0.83509552 0.02515140 13.91304038
187500 0.87176624 0.01427411 8.32382436
187600 0.86493941 0.01109228 9.18220106
187700 0.85777860 0.01697141 10.25747817
187800 0.81280455 0.04191242 18.39939483
187900 0.87035402 0.03313813 8.95310783
188000 0.84138130 0.02570870 12.91041389
188100 0.84949808 0.02753504 11.70450352
188200 0.85465948 0.02039865 10.76998582
188300 0.80951325 0.04072842 18.97200298
188400 0.89326640 0.00444508 5.70591026
188500 0.86036801 0.01019938 9.80056058
188600 0.85285782 -0.01902992 11.00647961
188700 0.85660976 -0.01513097 10.39485328
188800 0.82532692 0.02265158 15.51188908
188900 0.83541189 0.03710218 14.23290853
189000 0.82779757 0.02637926 15.17477033
189100 0.87371638 0.00815135 8.00699810
189200 0.83069239 0.02931208 14.76213208
189300 0.83085099 0.00972549 14.35298649
189400 0.86516262 0.02169844 9.32597067
189500 0.86363543 -0.00164418 9.29900022
189600 0.85396325 0.04975844 11.90131736
189700 0.84465287 0.02230651 12.31515509
189800 0.80726764 0.01298730 18.65721639
189900 0.78656357 -0.00414987 22.78616526
190000 0.89574465 -0.01957629 5.62620449
190100 0.84078499 0.03572061 13.31269080
190200 0.86038715 0.00780285 9.77631607
190300 0.86603302 0.03878640 9.72576833
190400 0.83343844 0.01627297 14.00378186
190500 0.83209163 0.02814685 14.49273311
190600 0.83834603 0.02333811 13.33833593
190700 0.80999875 -0.01170401 18.11872887
190800 0.85101877 0.02656371 11.45051880
190900 0.86727016 0.01612872 8.93867257
191000 0.84962204 0.00533114 11.32097596
191100 0.82976890 0.03707000 15.17640654
191200 0.84712281 -0.00058975 11.68589145
191300 0.83079359 0.03000116 14.76543860
191400 0.81075064 0.00862308 17.94483891
191500 0.88531938 0.00498355 6.58824064
191600 0.85393756 0.03674134 11.34208095
191700 0.84081906 0.01140985 12.73437874
191800 0.87716758 0.02281713 7.80421257
191900 0.83773519 0.02843098 13.56909456
192000 0.82437566 0.01779317 15.58025372
192100 0.83257035 0.01966318 14.20966397
192200 0.87333163 0.04602695 9.08167833
192300 0.80022922 0.04193973 20.83365288
192400 0.82851825 0.05424687 16.17435589
192500 0.80524271 -0.00699670 18.98967716
192600 0.83184368 0.01045302 14.19290683
192700 0.82531109 0.02249149 15.51104115
192800 0.85282852 0.04159081 11.69462059
192900 0.90191545 0.02764440 5.19239557
193000 0.85199484 0.00640572 10.97328050
193100 0.82599228 0.02545784 15.46339411
193200 0.82015369 -0.01072892 16.22990333
193300 0.86618042 0.01321779 9.04119441
193400 0.85853121 0.00905959 10.04774669
193500 0.84027303 0.02929905 13.18556975
193600 0.83839155 -0.00265389 13.06216651
193700 0.83530572 0.00719279 13.58797033
193800 0.87204083 -0.00774311 8.21675299
193900 0.83293141 0.03689043 14.63640871
194000 0.81925398 0.01763148 16.48999679
194100 0.85252197 0.00923035 10.91748390
194200 0.81368540 0.03137612 17.84879548
194300 0.85652905 0.03878926 11.04426046
194400 0.83236539 0.01801922 14.21302808
194500 0.86281289 0.02301807 9.67506663
194600 0.83419636 0.02207145 13.98899864
194700 0.87769930 0.01722194 7.62702871
194800 0.83226318 -0.00557076 14.08333714
194900 0.84624117 0.04567281 12.86389158
195000 0.84402690 0.02880924 12.57879056
195100 0.83578394 0.00849734 13.51955920
195200 0.84659137 -0.00482203 11.77873017
195300 0.82658788 0.02533052 15.35669916
195400 0.86505949 0.01459080 9.21091608
195500 0.87078978 -0.00440378 8.35733684
195600 0.82732624 0.03294741 15.45087955
195700 0.86810626 0.03011919 9.15156239
195800 0.86881180 0.02492915 8.91590337
195900 0.82634303 0.00849122 15.11442276
196000 0.84745570 0.00434958 11.64434085
196100 0.79687830 -0.00277260 20.63305571
196200 0.87543604 0.00504556 7.77081849
196300 0.80868441 0.02655774 18.65348344
196400 0.86021613 0.01280320 9.85172601
196500 0.86256820 0.01082557 9.50234590
196600 0.84426333 0.01267476 12.20727947
196700 0.86367904 -0.01958924 9.48357076
196800 0.84727102 -0.00008917 11.66307453
196900 0.86523242 0.00708842 9.10627313
197000 0.85694279 0.00197167 10.23462617
197100 0.89937238 0.01993027 5.26156715
197200 0.84095407 0.01255842 12.72666121
197300 0.88992486 0.01778786 6.21647240
197400 0.83425254 0.03279980 14.27402296
197500 0.86745560 0.00755501 8.81254834
197600 0.87529935 0.03734436 8.47242677
197700 0.86969350 0.02110149 8.71252780
197800 0.85630817 -0.01654348 10.46051394
197900 0.87382864 0.00631560 7.97954895
198000 0.81693276 -0.00531740 16.77094455
198100 0.83236802 0.02321690 14.31975341
198200 0.80622679 0.00415511 18.78266052
198300 0.86584809 -0.01415197 9.09850702
198400 0.84244862 0.01346900 12.50192529
198500 0.81081831 0.03204813 18.40839727
198600 0.83273406 0.01826891 14.15582466
198700 0.85902576 0.00553880 9.95220702
198800 0.79070873 0.02862525 22.31112036
198900 0.80546145 0.00816371 18.95594615
199000 0.82455701 0.01092238 15.44977106
199100 0.83676751 0.02221348 13.56914248
199200 0.81770151 0.03094422 17.09514263
199300 0.82130365 0.00476131 15.97752741
199400 0.82792843 0.01973111 14.99897120
199500 0.84531736 -0.00341679 11.96919624
199600 0.83971653 0.00440881 12.85511470
199700 0.84181305 0.02835392 12.91352834
199800 0.84235939 -0.01954735 12.61632988
199900 0.83840272 -0.00629975 13.07668404
