0 -1.29407149 0.20512504 0.79549959
100 -1.04520014 1.19831603 66.03748552
200 -0.80351702 0.95690985 51.27479448
300 -0.99534972 0.84973000 34.57445367
400 -0.83699785 0.89541105 44.43131126
500 -0.90302496 0.84483216 37.52984576
600 -1.01292977 0.87895618 36.32908532
700 -0.89905249 1.23033524 74.60745175
800 -0.77526293 0.93065555 50.47793035
900 -0.98409822 1.13200965 60.64681342
1000 -0.77043335 0.96260789 53.50644276
1100 -0.93507631 1.15527762 64.83948636
1200 -1.04623081 0.92211496 38.93658924
1300 -0.73745446 1.08282276 66.67309365
1400 -0.55537473 1.00117607 70.90123311
1500 -0.70026521 0.90693305 52.77973924
1600 -1.00887423 0.94238409 41.71915213
1700 -0.92630300 1.08551487 57.91417734
1800 -0.97381237 0.84913284 35.22937219
1900 -1.00152143 1.12084382 58.92574464
2000 -1.10004468 0.97201689 41.98876835
2100 -1.04679182 1.11370075 56.89078983
2200 -1.01820293 1.15521375 62.06150698
2300 -0.74931960 0.96949662 55.27833801
2400 -0.61810029 1.05777973 71.73892023
2500 -0.80780510 1.09240067 63.85774113
2600 -0.82945169 0.94615118 49.05722733
2700 -0.65637352 1.06647545 70.01806964
2800 -0.61779511 0.97643739 64.13738009
2900 -0.94738267 0.85763914 36.81069799
3000 -0.95712802 0.93072839 42.41287115
3100 -1.04175726 0.90865579 37.93122945
3200 -1.04736946 0.92166070 38.86837681
3300 -1.04458872 1.13995654 59.69755071
3400 -0.82324491 0.87622501 43.54523933
3500 -0.88988595 0.93351581 45.24925266
3600 -0.71824094 0.94371135 54.80880455
3700 -0.77993478 0.88145138 46.16467288
3800 -1.02057184 1.01267905 47.68294344
3900 -0.79184644 0.95443013 51.65555820
4000 -0.88418360 0.99705048 51.11505927
4100 -0.91749445 1.08661903 58.36712439
4200 -0.97114713 1.09504237 57.25661427
4300 -0.96244406 1.12719981 60.87112834
4400 -1.03415344 1.00130005 46.24425587
4500 -0.96128393 1.09076018 57.16195172
4600 -0.77883661 1.05237851 61.38272538
4700 -0.99936129 1.18443813 65.81399948
4800 -1.08439609 1.01025950 45.81399305
4900 -1.03363261 1.11573596 57.45639545
5000 -0.81048718 0.95397037 50.66686283
5100 -0.97123294 1.10479882 58.24878769
5200 -0.98898966 1.34624687 85.32143843
5300 -1.01634367 1.00153568 46.77310275
5400 -0.76691818 0.93473988 51.27590600
5500 -0.72277329 1.00572050 60.08968241
5600 -0.77392542 0.99945177 56.63837573
5700 -0.71829660 0.83719492 46.17285285
5800 -0.99104201 0.88636700 37.59809690
5900 -0.93379764 1.14794540 64.10177983
6000 -0.98734775 1.17894326 65.58903795
6100 -0.94059016 0.96358549 45.85934701
6200 -0.87006843 0.90266463 43.51584444
6300 -0.87276376 0.97270609 49.40498486
6400 -1.00937825 1.10974030 57.53692574
6500 -0.86014164 0.86686545 41.07648928
6600 -0.98664051 1.03072977 50.42242231
6700 -0.96879939 1.06161561 53.99935271
6800 -0.91355171 1.19596131 70.12704496
6900 -0.63062413 0.94699393 60.66150267
7000 -0.78574993 0.89744673 47.15286506
7100 -0.74873934 0.94923535 53.52918108
7200 -1.04523229 1.08405954 53.91187511
7300 -1.12098567 1.03221642 47.12212672
7400 -0.89454423 1.21088773 72.57552840
7500 -0.94546025 0.90144672 40.38319683
7600 -1.03977884 1.09261963 54.92089986
7700 -0.91581769 1.22089542 72.85110252
7800 -1.12735571 1.18294309 62.49211970
7900 -0.98057914 0.91282783 40.10601479
8000 -0.97851575 1.03703407 51.28980076
8100 -0.65425463 0.91795900 56.60886372
8200 -0.76165889 0.94928564 52.81677441
8300 -0.75398704 0.88362835 47.74844686
8400 -0.89569006 1.17297001 68.31180855
8500 -0.74817637 0.97178722 55.54651183
8600 -1.06755093 1.05673710 50.63984578
8700 -0.86034367 1.06761189 58.87840331
8800 -0.82942514 0.93962551 48.49541064
8900 -0.81504789 0.98451940 53.15664718
9000 -0.92714390 1.00480377 50.09204035
9100 -0.88588565 1.09845903 60.85658942
9200 -0.96970271 1.08615447 56.40745360
9300 -1.01681251 1.19175928 66.09838030
9400 -0.69954553 0.86227025 49.23007005
9500 -0.77852316 0.84048351 43.04013967
9600 -0.81428979 0.84050840 41.20508223
9700 -0.93537810 1.22831248 72.94815635
9800 -0.77803399 0.90505869 48.18548410
9900 -1.06638032 1.14640613 59.82862907
10000 -0.95540366 1.11752530 60.10986503
10100 -0.87239871 0.96660386 48.87806490
10200 -0.90683702 1.23673910 75.02928684
10300 -0.94822246 0.83399624 34.96966563
10400 -0.91200931 0.94819401 45.60787116
10500 -0.78566869 0.85902513 44.09017350
10600 -0.92442565 1.28334541 79.83538722
10700 -1.02342535 1.09789863 55.91213233
10800 -0.82602303 0.92957000 47.80014453
10900 -1.00209792 1.08956354 55.70111180
11000 -0.95913000 0.98807333 47.38534656
11100 -0.89893304 1.06459198 56.91987018
11200 -0.96408233 0.98737352 47.14928661
11300 -0.83648815 0.82570101 39.01417341
11400 -0.93082349 1.04900330 54.13711074
11500 -1.05215514 0.85734745 33.53765151
11600 -0.96664342 1.12936181 60.95269763
11700 -0.87289435 0.99922386 51.80169296
11800 -0.88789842 0.98620800 49.96913393
11900 -0.83798770 0.92067078 46.47614834
12000 -0.76247956 1.00081391 57.38384426
12100 -1.08644893 0.95273504 40.58207652
12200 -0.92599823 1.04572622 54.00422437
12300 -0.98734764 1.06165625 53.38767679
12400 -1.04127575 1.06196205 51.82310973
12500 -0.95316140 1.08100244 56.46698393
12600 -0.93342567 0.98445406 47.99226856
12700 -0.72302683 0.98090434 57.80830700
12800 -1.04771597 1.13417883 59.00429575
12900 -0.87697055 0.88257246 41.58185273
13000 -0.83363740 0.83942107 40.18208451
13100 -1.06568682 0.80404616 29.19658858
13200 -0.93539306 1.23568722 73.79716551
13300 -0.94879151 1.20029739 69.27689077
13400 -0.98894017 1.16564288 64.08499381
13500 -0.83260175 0.81779881 38.61280901
13600 -0.78446946 0.95884119 52.42720959
13700 -1.13765911 0.80720377 27.92633540
13800 -0.59319603 0.94275578 62.90777319
13900 -0.92978838 0.97717651 47.47432861
14000 -0.99511068 0.94544640 42.40763753
14100 -0.94563395 1.18013431 67.15290645
14200 -0.75975538 0.94376178 52.44267790
14300 -0.97922802 0.86585358 36.34879743
14400 -0.89359548 1.10952223 61.66543741
14500 -0.93368190 0.87074416 38.34458195
14600 -0.85941098 0.90607924 44.27186890
14700 -0.99491157 0.98633867 46.03652572
14800 -0.68845406 0.94096097 56.37865725
14900 -1.03836839 1.22068009 68.74674032
15000 -0.77190924 0.99987164 56.78527474
15100 -0.69466397 1.01442032 62.58898856
15200 -0.91176050 0.83953493 36.77440048
15300 -0.92114815 1.09414725 58.98502027
15400 -0.94471644 1.04914714 53.63391291
15500 -0.85868365 1.06960279 59.15000588
15600 -0.87115168 0.87464037 41.20205846
15700 -0.81393719 0.91941961 47.53517937
15800 -0.99907660 1.14756200 61.81809916
15900 -1.01905424 1.16359584 62.94146935
16000 -1.06415159 0.78160847 27.63479403
16100 -1.05792990 1.07273863 52.45346596
16200 -1.08304634 1.19470448 64.70370186
16300 -0.67686070 0.99770103 62.15202812
16400 -1.06433335 0.84562851 32.32695579
16500 -0.78802355 0.89292601 46.66540609
16600 -0.90993000 0.98745019 49.17609242
16700 -0.94949346 1.10766202 59.30271002
16800 -0.75730124 0.89522909 48.50371977
16900 -0.75494432 0.99834702 57.57240291
17000 -0.75630439 0.86278918 45.96688625
17100 -0.78574469 1.01143827 57.12104394
17200 -1.09190464 0.98773836 43.57772574
17300 -0.66919485 0.94876346 58.26905928
17400 -0.97205201 0.95622504 44.09895821
17500 -0.99585626 1.11776649 58.78227860
17600 -1.11857652 1.07240492 51.07552410
17700 -1.00851190 1.07171848 53.72003070
17800 -0.98603654 1.21570993 69.73946867
17900 -0.91464536 1.08113051 57.92837975
18000 -1.07919985 1.01849804 46.70236439
18100 -1.00110330 1.09436056 56.21722624
18200 -0.98104538 0.93624035 42.06793408
18300 -0.96608791 0.99968703 48.20498855
18400 -0.99821208 1.10345382 57.23347141
18500 -0.99754087 1.00339818 47.51474512
18600 -1.00279241 1.02657409 49.51895027
18700 -0.81073193 1.17757394 72.69685833
18800 -1.01766289 1.06491651 52.77607633
18900 -0.97441640 1.11271982 58.95632945
19000 -0.87088487 0.95224625 47.68178090
19100 -1.00465390 1.11346541 58.06434978
19200 -0.85772014 1.00767109 53.25653662
19300 -0.65461743 1.00273268 64.04809561
19400 -1.03361597 0.84335546 32.95498419
19500 -0.95892251 1.01444082 49.82175216
19600 -1.04959300 0.99002869 44.79820151
19700 -0.97669378 1.19329365 67.52578932
19800 -0.97257314 1.02914315 50.73647973
19900 -0.93311663 1.03815148 53.00476652
20000 -0.92986003 0.92046779 42.54462485
20100 -0.99742512 1.30758000 80.23278528
20200 -0.95797268 1.28262045 78.51095882
20300 -0.99847325 0.94313720 42.10273699
20400 -0.85173917 1.12345834 64.94041445
20500 -0.94516381 1.10406428 59.09065493
20600 -1.00215252 0.84938486 34.33615643
20700 -0.99277731 0.95861605 43.62982008
20800 -0.87937181 1.20163804 72.17562595
20900 -0.79633277 0.92825222 49.16929248
21000 -1.00432607 0.86496309 35.48017999
21100 -0.94467082 0.98696231 47.80230254
21200 -1.01709305 0.88870234 36.98969790
21300 -0.76482108 0.91862143 50.02529779
21400 -0.88090552 1.04032344 55.31715917
21500 -0.80490881 1.01914090 56.85513692
21600 -0.96777385 0.97854116 46.22474751
21700 -0.80215636 0.96423165 51.98853886
21800 -1.07620272 0.89852215 36.23198374
21900 -0.97986038 1.09356004 56.81480601
22000 -0.85998682 0.93834763 46.96362536
22100 -0.91909896 1.03962976 53.68464541
22200 -1.00837439 1.24178686 72.03633632
22300 -0.85632359 1.04353843 56.71142996
22400 -0.97484150 1.20041073 68.38257145
22500 -1.00215448 1.17291853 64.46198885
22600 -0.85528063 0.86928661 41.48715274
22700 -0.80398808 0.92666715 48.64466659
22800 -0.97257063 0.99192613 47.27339172
22900 -1.03489737 1.09313639 55.10633999
23000 -0.81324157 0.89859802 45.84358262
23100 -0.94996125 1.06294860 54.79079198
23200 -0.97505822 1.07884165 55.49353168
23300 -0.94840657 1.08310345 56.84831672
23400 -0.80050161 1.02106104 57.25922445
23500 -0.70396836 0.94327262 55.62569820
23600 -0.68099436 0.90233861 53.59444415
23700 -1.01551439 1.06306971 52.65739168
23800 -0.70813858 0.94091586 55.17066484
23900 -0.96540699 1.10780800 58.75668173
24000 -0.81418319 1.00634356 55.19733508
24100 -0.64525193 0.83457162 50.56341618
24200 -0.77686444 1.02278304 58.65366905
24300 -0.93809184 0.84122021 35.88859470
24400 -0.92692608 0.96553818 46.54617471
24500 -0.99396290 0.93864018 41.85712066
24600 -1.02078135 1.03115767 49.41741693
24700 -0.86318990 0.99805045 52.12279485
24800 -0.97413122 1.02419055 50.21518180
24900 -1.02571339 1.20838298 67.70335179
25000 -1.05573579 1.12953582 58.30878634
25100 -0.78926385 0.89303569 46.60965870
25200 -0.88433728 1.12284058 63.43526065
25300 -0.79931877 0.99439839 54.84598686
25400 -0.98252844 1.09600060 56.97474216
25500 -0.78716348 0.85973304 44.06708218
25600 -0.96624299 0.95533564 44.21906839
25700 -1.08424085 0.87166917 33.88536328
25800 -0.91732373 1.04724354 54.48773567
25900 -0.97384460 0.85959646 36.03855446
26000 -0.99520150 0.95631032 43.35089398
26100 -0.94281884 1.05102729 53.88580000
26200 -0.92523010 1.12694441 62.20702409
26300 -0.85169042 1.00743330 53.50901012
26400 -1.11131561 0.83960021 30.82339803
26500 -0.90114673 0.88778902 40.98420446
26600 -0.97749066 0.95901920 44.16186082
26700 -0.80968081 1.07170269 61.68967627
26800 -0.94769973 1.07299141 55.86467177
26900 -0.79221104 0.97651891 53.59257799
27000 -0.87963318 1.06124949 57.40330820
27100 -0.97756201 1.29501177 79.33843156
27200 -0.93534683 0.88042240 39.05205078
27300 -0.83082270 1.00883315 54.61709580
27400 -0.78381633 0.92694236 49.70903073
27500 -0.99284783 1.19822952 67.55113794
27600 -1.05375826 1.04566487 49.90842305
27700 -0.78907548 0.95835628 52.14360552
27800 -0.99141878 1.09178560 56.26020504
27900 -0.74327914 0.94917810 53.83215517
28000 -0.77600232 1.07964589 64.22227121
28100 -0.84265116 0.88077906 42.98310188
28200 -0.87423215 0.87155261 40.82245769
28300 -0.68834071 0.99976693 61.62157450
28400 -0.82019315 1.15003124 69.24388003
28500 -0.88032284 1.12125125 63.44133142
28600 -0.75564249 0.93857343 52.22302872
28700 -1.07902279 0.97888208 43.06697272
28800 -1.04233417 1.06030418 51.63206458
28900 -0.86394894 0.90402281 43.89875728
29000 -0.63663682 1.01711773 66.58038034
29100 -0.91303605 0.90150815 41.62280145
29200 -0.76930472 0.86126549 45.13635725
29300 -0.55821612 0.98467040 69.18037644
29400 -0.94837124 1.18508153 67.59902767
29500 -0.99560059 1.06061316 53.02245790
29600 -0.99692433 1.00130774 47.34121579
29700 -0.88862754 0.97097074 48.56918055
29800 -1.03642275 1.08033855 53.77608598
29900 -0.88597472 1.05984270 56.99445777
30000 -1.01970823 1.03226687 49.55407481
30100 -0.89037741 1.26050599 78.48387506
30200 -0.96540878 0.94426727 43.28505071
30300 -0.84299139 1.12810062 65.83059739
30400 -0.90260424 1.00542649 51.11927481
30500 -0.97486551 1.20149205 68.50297701
30600 -0.92604738 1.05302946 54.71029723
30700 -0.78539850 0.94451399 51.12955907
30800 -0.83798663 0.91422648 45.93652256
30900 -1.08690931 1.09848506 54.35406385
31000 -0.96887827 1.18563511 66.93965095
31100 -1.01231316 1.27264536 75.55102012
31200 -0.78267879 0.99533443 55.79523899
31300 -0.81690690 1.11374490 65.58846590
31400 -1.04822556 1.01420382 47.06313178
31500 -0.91953746 0.98716448 48.77041967
31600 -1.00986704 0.99102080 46.00193439
31700 -0.84189853 0.99012122 52.37198136
31800 -0.83965294 0.98612225 52.11419457
31900 -1.00688634 1.11664855 58.32590531
32000 -0.95745743 1.03331906 51.65517454
32100 -1.08449364 1.08774770 53.32042751
32200 -0.86960969 1.07314757 59.01428602
32300 -0.84148472 0.93169433 47.24449021
32400 -1.00149006 0.90021898 38.39687810
32500 -0.93338145 0.90380075 41.02445991
32600 -0.98191080 1.10862734 58.28583635
32700 -1.03370442 0.83567994 32.36957142
32800 -1.02448740 0.91466949 38.90953062
32900 -0.97967962 1.05165921 52.66165885
33000 -0.95553109 1.04467402 52.81220846
33100 -0.99290808 1.11914529 59.01851149
33200 -0.90481280 1.07919255 58.12812098
33300 -0.95711013 1.08825087 57.05505350
33400 -0.84600332 0.98214834 51.45822681
33500 -0.94783770 0.94984044 44.38919582
33600 -0.88823976 0.89365150 41.99552297
33700 -0.98523879 1.17406909 65.12285089
33800 -1.01975200 0.98173990 44.86893786
33900 -0.75236670 0.97842465 55.90608718
34000 -0.97437040 1.29891789 79.92040210
34100 -0.94003832 1.18907486 68.34593379
34200 -0.81142202 0.91774465 47.51980474
34300 -0.79623473 1.02407968 57.76205998
34400 -0.76685167 0.88134370 46.85809184
34500 -0.88672654 0.97307321 48.83700924
34600 -0.82960997 0.93924895 48.45416743
34700 -1.06998976 0.92781741 38.81996413
34800 -1.02077829 1.04444374 50.69004607
34900 -0.86257727 0.97936826 50.45251776
35000 -0.92997237 1.07270682 56.49439130
35100 -0.98704747 1.01162576 48.61124425
35200 -1.02588933 0.99085580 45.51885803
35300 -0.93874546 0.99306259 48.57566129
35400 -0.76272612 0.86594473 45.86089152
35500 -0.77270177 1.11969950 68.48322208
35600 -0.72867973 0.95327781 55.02736968
35700 -0.93077310 0.88016351 39.20373396
35800 -1.02009874 1.07368044 53.57217815
35900 -0.98989175 1.31431440 81.30006677
36000 -0.93588648 1.07987432 56.98547928
36100 -1.03129486 0.91913770 39.09143183
36200 -0.88080749 1.01901376 53.29765248
36300 -0.89382356 1.07533471 58.19470052
36400 -0.93465967 1.11474125 60.57849057
36500 -0.98384053 1.11013522 58.37792826
36600 -0.76051448 0.99825323 57.25616676
36700 -0.80093008 1.08293764 63.25180493
36800 -0.97045637 0.88290910 37.99764511
36900 -1.04958937 1.11647714 57.10492793
37000 -1.00875797 0.99500638 46.39917185
37100 -0.94682455 1.03484860 52.18161294
37200 -0.99298227 1.04869991 51.94398811
37300 -1.07810332 1.01575536 46.47070808
37400 -0.97528715 1.10837180 58.47906255
37500 -0.97974943 0.92639932 41.27286265
37600 -1.03958663 0.87241663 35.05237499
37700 -0.68424438 0.90242332 53.39751028
37800 -1.02886412 0.87615810 35.64525514
37900 -0.88891834 1.04113631 55.05463895
38000 -0.95178963 1.08660639 57.07855461
38100 -0.93255238 0.98647418 48.20810722
38200 -0.97671435 1.13152934 60.83966406
38300 -0.99513289 0.89980423 38.56101311
38400 -1.01056407 1.15496434 62.26051061
38500 -0.76993116 0.99138545 56.11488989
38600 -0.84727754 0.98265562 51.44496219
38700 -0.90831801 1.14642213 64.93022911
38800 -1.02242633 1.21785667 68.87082046
38900 -0.95349407 1.19692101 68.73045087
39000 -1.02065635 1.14604661 61.00875557
39100 -0.89434895 0.92422610 44.27417528
39200 -0.90682012 0.97230269 47.93790576
39300 -0.63273480 1.14103517 79.22418863
39400 -0.94383556 0.97032417 46.33767622
39500 -0.95999651 1.01569614 49.90148520
39600 -0.85954034 0.97048238 49.79363878
39700 -0.87399848 1.09467246 60.98287645
39800 -0.87515718 1.17504561 69.41065868
39900 -1.00685346 0.99988461 46.90427599
40000 -1.05008053 1.04857308 50.28459705
40100 -0.93283541 1.07409654 56.52405264
40200 -0.87318506 0.98539247 50.52714044
40300 -0.89319889 0.83071089 36.86449992
40400 -1.02862337 0.88007677 35.96478202
40500 -0.87129021 1.21048056 73.52262910
40600 -0.81884706 0.83683867 40.70179879
40700 -0.71521253 0.39497428 22.64904663
40800 -0.43577274 0.42954250 44.32266311
40900 -0.57535047 0.53601699 37.38307115
41000 -0.66460866 0.50976108 30.06122867
41100 -0.80996056 0.88522412 44.92126604
41200 -0.96517011 0.96530035 45.13321820
41300 -0.74199613 0.90766245 50.38267653
41400 -1.09113087 1.02574460 47.11682727
41500 -0.86249652 0.98653652 51.10339141
41600 -0.88167285 1.12939723 64.23493518
41700 -0.93419120 1.04577461 53.69764287
41800 -0.84833960 0.90160253 44.40805222
41900 -0.93669565 1.01264256 50.45891393
42000 -0.90462684 0.99684429 50.24654236
42100 -0.98695086 1.01296315 48.73904966
42200 -0.96729206 1.02326109 50.35951091
42300 -0.98913754 1.31249915 81.10034393
42400 -0.68270289 0.99764731 61.77891241
42500 -0.73378123 0.95958027 55.28447662
42600 -0.56154510 1.03069787 73.20055890
42700 -0.93531265 0.94987660 44.85379501
42800 -0.71219515 0.87325854 49.33148733
42900 -0.97409892 1.05726750 53.39406472
43000 -0.97334632 1.08984643 56.65627550
43100 -0.81519296 0.89626177 45.55586465
43200 -0.98431571 1.07545762 54.85030653
43300 -0.96168246 0.87373399 37.56693820
43400 -0.71632063 0.96052683 56.38913424
43500 -0.72369880 0.90244853 51.00853380
43600 -0.76514511 0.95415183 53.05041339
43700 -0.99430713 0.91915671 40.19229847
43800 -1.06356556 1.08759487 53.79886829
43900 -0.67283332 0.99554170 62.20989891
44000 -0.79312358 0.99712331 55.41382007
44100 -0.89001318 1.06812119 57.63862064
44200 -0.94604092 0.85232490 36.44759853
44300 -0.77103256 0.99429493 56.32105610
44400 -0.80527071 0.91217931 47.36370354
44500 -0.79068450 0.89807830 46.94703472
44600 -1.05129278 1.10138159 55.50748841
44700 -0.86804625 0.86986655 40.96061451
44800 -1.08343793 1.22293714 67.88178423
44900 -0.87775444 0.98367014 50.17279749
45000 -1.04256597 0.91474696 38.41617213
45100 -0.92576546 0.91441136 42.19392505
45200 -0.87543930 0.83665765 38.06868999
45300 -0.84551985 0.86474142 41.57804506
45400 -0.99104120 0.90792497 39.35972376
45500 -1.08680302 1.10828882 55.35973978
45600 -1.03112900 1.01268828 47.38382328
45700 -0.91207557 1.23138659 74.20174614
45800 -0.81315369 0.99979064 54.64355347
45900 -1.04477951 1.08800728 54.32102910
46000 -1.00733227 0.98653096 45.67030678
46100 -0.76956869 0.83729174 43.27783925
46200 -0.92817003 1.00965297 50.50243846
46300 -1.01720216 1.05765734 52.07722247
46400 -0.97873163 1.09410371 56.90725298
46500 -0.77224280 0.92666716 50.30140432
46600 -0.93036265 0.94673548 44.76774578
46700 -0.88211966 0.93430552 45.64597547
46800 -0.85152055 0.89593286 43.79749222
46900 -0.96968351 0.89926360 39.35040750
47000 -1.02998639 1.15587870 61.79612985
47100 -0.94219984 0.89625388 40.07736765
47200 -0.80938652 0.96175134 51.40496392
47300 -0.69008574 0.90229872 53.02344405
47400 -1.05392793 1.18011388 63.79117221
47500 -0.77279012 1.04489924 60.98124996
47600 -0.97189579 1.20500395 68.99741700
47700 -1.00918336 0.87092415 35.80258329
47800 -1.13296651 1.10160480 53.75086156
47900 -0.98899881 1.15773349 63.22756152
48000 -0.95072902 1.01552907 50.21451386
48100 -1.05733902 0.96415152 42.27807424
48200 -0.79716366 1.07588225 62.73912822
48300 -0.95716276 0.98984414 47.61552368
48400 -0.81307560 0.90806648 46.63139805
48500 -1.05555709 0.99766162 45.34220180
48600 -0.72373145 0.97862802 57.56215627
48700 -0.74842531 0.99845669 57.94644191
48800 -1.08605596 1.15057584 59.81417781
48900 -0.86830028 0.92946988 45.83488543
49000 -0.98909711 1.05489558 52.67000314
49100 -0.87550042 0.94186802 46.58031811
49200 -0.81208861 0.90460326 46.39431488
49300 -1.06015700 1.16599382 62.09020473
49400 -0.82903504 1.02793852 56.49573648
49500 -0.96279248 1.06126143 54.17135267
49600 -0.75101570 0.96940713 55.17542432
49700 -0.96199085 1.04070944 52.20365030
49800 -1.03480732 0.92823553 39.76172636
49900 -0.85075304 1.12900018 65.56545775
50000 -1.03578135 1.17810412 64.05142624
50100 -0.69974940 0.91053485 53.10969676
50200 -0.78964418 0.92985587 49.65125938
50300 -0.97443279 0.86109797 36.13596920
50400 -0.96832420 1.15595831 63.72143150
50500 -0.81655815 0.84546789 41.47129717
50600 -1.07338264 0.95394377 40.98827422
50700 -1.03383878 0.99006908 45.22453721
50800 -1.01791332 1.10049854 56.33659547
50900 -0.69542515 1.08750364 69.63829151
51000 -0.96395641 1.13664264 61.81199154
51100 -0.97995741 1.03737176 51.27444026
51200 -0.69107321 1.07675051 68.82909764
51300 -0.75172516 0.96064511 54.36033009
51400 -1.01769272 1.10348390 56.64814237
51500 -0.84229183 0.85346224 40.84973801
51600 -0.80873796 0.96309701 51.55619759
51700 -1.00454409 0.89797695 38.11948047
51800 -0.95758287 0.88563734 38.66246785
51900 -0.98589960 1.08306524 55.55904694
52000 -0.84801741 1.11540299 64.27436273
52100 -0.97436571 1.16713135 64.72524756
52200 -1.06590806 1.04726822 49.75943389
52300 -1.10358490 1.22943847 68.19079960
52400 -0.91410848 1.21414252 72.15046726
52500 -0.98386033 0.99171114 46.87921467
52600 -0.96102762 1.05272117 53.39841011
52700 -0.92843514 1.02783182 52.19884549
52800 -0.87712939 1.07180874 58.55307758
52900 -0.93187957 1.18153597 67.81782773
53000 -0.73820916 0.99050062 57.79780718
53100 -0.92566471 0.98136194 48.00834772
53200 -1.00273120 1.18238478 65.48331643
53300 -0.91261584 1.00674012 50.83807098
53400 -0.88710757 1.02081142 53.19820697
53500 -0.79239257 0.97931171 53.83395000
53600 -0.72090123 0.87614422 49.04414898
53700 -0.90612650 1.00813342 51.22727207
53800 -1.10163485 1.00125727 44.60654967
53900 -0.95453206 1.11282038 59.65376941
54000 -0.92910339 1.04465055 53.78164548
54100 -0.76307302 0.95248610 53.01805571
54200 -1.00849014 1.00587538 47.40767122
54300 -0.73971180 0.93290907 52.63412597
54400 -1.01496404 1.01942346 48.47813253
54500 -1.03285611 1.09876116 55.73415148
54600 -1.01266626 1.12094925 58.59913491
54700 -0.70705770 0.96073210 56.96142219
54800 -1.06065081 1.19037628 64.75552497
54900 -0.96471968 1.04032778 52.07239716
55000 -0.93222236 1.09031331 58.17244707
55100 -1.05320925 1.00140842 45.74674848
55200 -0.99862061 0.95552817 43.17533512
55300 -0.60445653 1.01557760 68.65485148
55400 -0.79340126 0.96002440 52.06585978
55500 -0.93571326 0.99326121 48.70682985
55600 -1.01129003 0.96203682 43.36083010
55700 -0.84684154 0.92881697 46.75030036
55800 -0.98657717 0.94025748 42.23226310
55900 -0.73349577 0.87943980 48.57305636
56000 -1.03914245 0.86466894 34.45345802
56100 -0.84359348 1.00826588 53.96062898
56200 -0.93409534 0.99485052 48.91278934
56300 -0.76797213 0.84713425 44.11445818
56400 -0.97686738 1.05254219 52.84078278
56500 -0.90583401 0.94756391 45.80086454
56600 -0.78128291 0.84142015 42.96512035
56700 -0.97187959 0.91363434 40.46358141
56800 -0.78514251 1.04610333 60.44155153
56900 -0.93370092 0.89103093 39.96860854
57000 -0.99802091 1.03165202 50.14862596
57100 -0.86534738 1.08033923 59.91972633
57200 -1.00151467 1.05861677 52.64269931
57300 -0.94042158 1.03359055 52.29615705
57400 -0.94990410 0.98039916 47.01938536
57500 -1.02285273 0.98145159 44.75342648
57600 -0.88710718 1.04543127 55.54479321
57700 -0.69871638 0.97676813 58.89303697
57800 -0.84365054 0.98516925 51.84065917
57900 -0.88308342 1.07739193 58.85242128
58000 -0.98187723 0.92944620 41.46116985
58100 -1.04783119 0.85162981 33.20725226
58200 -1.05332977 0.94935458 41.08284943
58300 -0.96704505 1.12763521 60.75788101
58400 -0.88902010 0.87592836 40.53630188
58500 -0.97370145 0.99686979 47.68734646
58600 -1.09007426 1.13325899 57.88609197
58700 -0.85332053 1.24967787 78.83512282
58800 -1.08471145 1.15662920 60.49426876
58900 -1.01897716 1.07786167 54.02111047
59000 -0.97094628 1.12056927 59.88709092
59100 -1.05883479 1.06599516 51.76352094
59200 -1.01928055 1.12247937 58.56405160
59300 -0.99855231 1.02406107 49.41254817
59400 -0.76474203 1.06728312 63.60171036
59500 -1.00697312 0.95896343 43.22010016
59600 -1.06779181 1.07608459 52.54246619
59700 -0.96447891 0.98126963 46.58358858
59800 -0.81841498 0.86059831 42.54947752
59900 -0.82988604 0.99821364 53.68128550
60000 -0.88555475 1.07012215 58.02478238
60100 -0.95252508 1.03342764 51.84062931
60200 -0.96345180 0.86447847 36.77510608
60300 -1.04982669 0.97743852 43.65430264
60400 -0.96236636 0.95654827 44.45930134
60500 -0.88387514 1.11197302 62.32753612
60600 -0.92541369 1.02547770 52.09173534
60700 -0.85245974 0.88382939 42.77423839
60800 -1.01434063 0.94710441 41.96422622
60900 -0.96383897 1.05119897 53.15274464
61000 -1.01281460 1.01856418 48.46109416
61100 -0.76152913 0.98036356 55.57374180
61200 -1.01269483 0.97922154 44.84948755
61300 -0.72834864 0.97337922 56.82223652
61400 -1.04820171 0.96794322 42.84907542
61500 -0.99629209 1.23603968 71.74201976
61600 -0.98951020 0.97747321 45.40859342
61700 -0.97670115 1.27409560 76.84762172
61800 -1.02148818 1.03006430 49.29306235
61900 -1.06547834 0.94531148 40.42773955
62000 -1.02363897 1.17067227 63.57843174
62100 -0.75563985 0.88371708 47.66381578
62200 -1.02056183 1.02053675 48.41919161
62300 -0.93211231 1.26900550 77.82665849
62400 -0.85648761 1.02387339 54.82852329
62500 -0.89489256 0.90041119 42.26943552
62600 -1.07226006 0.90218939 36.62578384
62700 -0.88769649 0.86473968 39.70783113
62800 -1.05643936 0.96312354 42.21000899
62900 -0.86631811 0.87054010 41.09036305
63000 -0.98941142 1.24281833 72.74617469
63100 -0.93430847 1.08952146 58.01388537
63200 -0.90768514 1.07958745 58.05161558
63300 -1.01173123 1.23848252 71.55230059
63400 -0.83187601 0.89787166 44.87583010
63500 -0.95571026 0.79250656 31.65934103
63600 -0.97522978 1.08915024 56.52276533
63700 -0.95005229 1.04200520 52.75081831
63800 -1.09882430 0.87434242 33.77875247
63900 -0.85786954 0.94009102 47.20892624
64000 -1.10200930 0.89525607 35.39512987
64100 -0.82580191 0.93887075 48.60533800
64200 -1.03339050 1.02996231 48.94706062
64300 -0.98767275 0.96906947 44.71696848
64400 -0.74885406 1.23687211 82.66189262
64500 -0.71269613 1.01646623 61.68704516
64600 -0.74213513 0.91949818 51.36138541
64700 -0.91226530 1.08221708 58.13159895
64800 -0.81147522 1.00406304 55.12097247
64900 -0.91801982 0.92743027 43.58932601
65000 -0.93665781 1.01297121 50.49098332
65100 -1.03067841 1.04729546 50.68405232
65200 -0.94831038 1.09801586 58.35878367
65300 -0.97461071 0.99199232 47.21079857
65400 -0.95379665 0.99914567 48.58547932
65500 -1.07690084 1.12731093 57.55976982
65600 -0.89837587 1.00449500 51.20627154
65700 -0.94219000 1.13651048 62.57492923
65800 -0.91333837 1.03864556 53.81708821
65900 -0.97908295 1.07411837 54.88887121
66000 -0.89305930 0.95597616 47.05868909
66100 -1.00897747 0.98623175 45.59352736
66200 -0.67567001 0.96084311 58.91295590
66300 -0.98521432 0.95969189 43.96717811
66400 -0.95503550 1.23917666 73.48451588
66500 -0.85793031 0.86187914 40.78509948
66600 -0.96978919 1.06451340 54.25050128
66700 -0.73167426 0.93084448 52.91984944
66800 -0.93440739 1.14860463 64.14928275
66900 -0.91528856 0.83754802 36.48380589
67000 -0.80271134 1.02229559 57.26313804
67100 -1.04579748 1.10337602 55.85507214
67200 -0.78244278 0.98637031 54.99118807
67300 -1.00546373 0.83482788 33.12537323
67400 -0.83132324 1.06352536 59.82267887
67500 -0.95699547 1.31837816 82.90963365
67600 -0.99077089 1.03625767 50.81679772
67700 -0.80807011 1.01903588 56.68610020
67800 -1.01047606 1.06323259 52.82304587
67900 -0.91061520 1.08145616 58.12113310
68000 -0.84742725 0.89287564 43.73701741
68100 -0.98020455 0.90443967 39.42329031
68200 -0.94489511 1.09183909 57.85599623
68300 -0.79206908 0.92884582 49.43958347
68400 -0.74048753 0.92712043 52.09787368
68500 -0.67561850 0.96633654 59.40161752
68600 -0.68592320 0.99723614 61.53969964
68700 -0.84202198 0.97767209 51.24093045
68800 -0.84285942 1.07436529 60.34913284
68900 -0.85342602 1.21372533 74.68964571
69000 -0.77477733 0.95977135 53.02304681
69100 -0.88481569 1.15124378 66.41724715
69200 -1.03707273 1.17495180 63.67043730
69300 -0.99614427 1.05204937 52.16927000
69400 -0.86911214 0.85272701 39.57445676
69500 -1.01681895 1.03727164 50.11620648
69600 -0.93904906 0.97116244 46.58875467
69700 -1.06965417 0.97687704 43.10772690
69800 -0.87762610 1.04436633 55.84747984
69900 -0.70116690 0.89275103 51.56209871
70000 -1.00546148 1.02711160 49.48820430
70100 -1.00954319 1.08641394 55.15716553
70200 -0.79521153 0.96034960 52.00112924
70300 -0.73352316 1.15728771 74.64371806
70400 -0.85608444 0.92438093 45.95092478
70500 -0.78110150 1.01723769 57.90740549
70600 -0.90940824 1.10064279 60.10927368
70700 -1.01326488 1.04505124 50.96878104
70800 -1.08013269 1.24175312 70.12546481
70900 -0.89565632 1.01392654 52.19497350
71000 -0.94612568 1.03180121 51.91650311
71100 -0.89116765 1.02776606 53.68405210
71200 -1.07644208 0.96365680 41.76993191
71300 -0.88361007 0.98553771 50.09034558
71400 -0.70173060 0.92288119 54.02201837
71500 -0.84088755 0.98707056 52.14217472
71600 -0.89781166 1.25398367 77.40684402
71700 -0.85313213 0.86825868 41.50399997
71800 -1.01710293 1.23995090 71.56373892
71900 -0.99651260 1.17143886 64.47565701
72000 -0.94293165 0.95730867 45.22048359
72100 -0.82922459 0.92536019 47.28894189
72200 -0.87267478 0.91895586 44.75501446
72300 -0.83765915 1.02730485 56.02461841
72400 -0.84908566 0.93947272 47.55676936
72500 -0.75161643 0.87389939 47.10342268
72600 -0.91815028 0.87316852 39.13312550
72700 -0.99892787 1.18256042 65.62026703
72800 -0.75155728 0.99484458 57.43994398
72900 -0.98149616 0.94028592 42.40033188
73000 -1.08033455 1.04775838 49.46512523
73100 -0.99130096 1.16016687 63.41647678
73200 -0.88984292 1.10767831 61.63273422
73300 -1.01983384 1.04340579 50.61735541
73400 -1.08082677 1.06891994 51.52415138
73500 -0.67917609 0.89174623 52.84353712
73600 -0.75163906 0.96191529 54.47707632
73700 -0.85957064 1.20481768 73.40507087
73800 -1.04307445 1.01523722 47.29589505
73900 -0.96395721 1.16404285 64.74472553
74000 -1.00281474 1.03736033 50.54507933
74100 -0.97277537 1.00347509 48.32633521
74200 -0.96810602 1.17013330 65.26410529
74300 -0.86871892 1.09146532 60.88955384
74400 -0.88986208 1.00898064 51.97604498
74500 -1.01253218 0.87123353 35.72688024
74600 -0.93008450 0.95222855 45.25592127
74700 -0.94461185 1.10356731 59.05992681
74800 -0.85563690 0.95355015 48.47678482
74900 -0.91191206 1.02654053 52.72064886
75000 -1.05293303 0.90835324 37.61262567
75100 -0.74092779 1.00649950 59.11222468
75200 -0.93469637 1.19488010 69.19052286
75300 -0.65134524 1.00695854 64.65391086
75400 -0.93119609 1.13400767 62.72122849
75500 -1.03541630 0.96753329 43.15557715
75600 -0.83975648 0.92095953 46.41709518
75700 -0.94524740 1.22348576 72.03020708
75800 -0.99884995 1.26021083 74.48559779
75900 -0.89477823 0.79715362 34.33592208
76000 -1.09682169 1.13461572 57.88296570
76100 -1.04436955 1.01300997 47.05335731
76200 -1.06569536 1.08476807 53.46218124
76300 -1.09360044 0.86446692 33.11085607
76400 -1.07430700 0.98416958 43.65369130
76500 -0.94687554 1.06314491 54.92166488
76600 -0.89145477 1.00010036 51.08823894
76700 -0.94654692 1.20551061 69.94361339
76800 -1.01878056 1.02681516 49.06338557
76900 -0.84624858 0.92991889 46.87137495
77000 -0.92670102 0.82533253 35.12193476
77100 -0.79569427 1.01088694 56.55304375
77200 -0.83657746 1.10854535 64.10172156
77300 -0.83920097 0.89756990 44.50361345
77400 -0.70030379 0.92401275 54.20434928
77500 -0.99277252 1.19281452 66.94947153
77600 -0.92747635 1.22777080 73.18510760
77700 -0.92158076 0.97733849 47.80429389
77800 -0.74606650 0.90875897 50.24312106
77900 -0.92568694 1.00978246 50.60959733
78000 -1.13475313 0.96208352 40.43914013
78100 -1.00668757 1.00420876 47.30801275
78200 -0.90181977 1.08946149 59.28117970
78300 -0.71389280 0.90971096 52.18820373
78400 -0.97686365 1.18005404 66.05493640
78500 -0.73372740 0.87988763 48.59551621
78600 -0.99008761 1.09999283 57.13646582
78700 -0.82227985 0.93399588 48.35899510
78800 -0.98606522 1.21555217 69.72062299
78900 -0.98951200 1.16880478 64.41042073
79000 -0.96532557 0.91800441 41.05259293
79100 -1.03053525 1.02408434 48.46978956
79200 -0.78783416 1.03104164 58.85686808
79300 -0.95950072 1.10301492 58.47046341
79400 -0.97111871 0.99590025 47.68568980
79500 -1.00661745 0.87892934 36.51645259
79600 -0.78990306 0.91937157 48.75227284
79700 -0.82104845 0.89252256 44.96332669
79800 -0.80231830 0.91769766 47.97390351
79900 -0.92032682 0.89008053 40.40378238
80000 -0.96947185 0.89121270 38.70127298
80100 -0.87555044 0.98686576 50.55759578
80200 -0.98278610 0.91753443 40.42664252
80300 -0.83248453 0.93373323 47.84407290
80400 -0.97025923 1.29111875 79.11162120
80500 -0.93077133 1.20586076 70.56884218
80600 -0.97277091 1.25061366 74.20299032
80700 -1.02892816 1.12075732 58.10885881
80800 -0.63455567 0.83423139 51.25450160
80900 -1.05385644 0.95799880 41.82457080
81000 -0.77141483 0.89226535 47.49244923
81100 -0.85701185 0.86565934 41.12294306
81200 -1.00404922 1.15222124 62.16321376
81300 -1.07197515 1.00279087 45.40994091
81400 -1.03011621 1.04088922 50.08215139
81500 -0.94223753 1.00147517 49.21828641
81600 -0.81092777 0.93726569 49.19887792
81700 -1.03966162 1.07915210 53.56938808
81800 -0.68910637 0.92172447 54.70044920
81900 -0.82427368 1.08430745 62.22817585
82000 -0.99655923 0.96338285 43.93051917
82100 -0.95620205 1.16488511 65.10743478
82200 -0.94009646 1.05639251 54.50854849
82300 -1.06150881 1.01347707 46.65636515
82400 -0.76471367 0.89590981 48.15230016
82500 -0.79299802 0.92646792 49.18994922
82600 -0.73539320 1.02834316 61.47638562
82700 -0.78268681 0.96218480 52.81546131
82800 -0.95104991 1.06932937 55.38088872
82900 -0.73581441 0.93801226 53.29370608
83000 -1.02837225 1.04173079 50.21201494
83100 -1.05422545 1.06299970 51.58545117
83200 -0.93195895 1.07095574 56.24541591
83300 -0.79963682 1.02673110 57.83851738
83400 -0.94226983 0.90057248 40.42823353
83500 -0.87737685 1.01087543 52.68459284
83600 -1.03746961 1.13909459 59.79770813
83700 -0.78461736 0.84077218 42.74006137
83800 -0.86263563 0.97935046 50.44830612
83900 -0.69048048 0.93559919 55.79272028
84000 -0.98400354 0.93342097 41.73005247
84100 -0.98827349 1.12386019 59.65760162
84200 -0.77681226 0.93058641 50.38932019
84300 -0.77665412 1.16083521 72.63312955
84400 -0.97465233 1.06497265 54.13145937
84500 -0.87615579 1.07044768 58.46037050
84600 -1.05786439 1.18252848 63.95707047
84700 -1.00403489 0.72101994 25.22606073
84800 -0.80951425 0.94880066 50.26502893
84900 -0.64570099 0.99506788 63.93212030
85000 -1.03121789 1.02373688 48.41793766
85100 -1.03910302 1.01788642 47.65080502
85200 -0.80690128 1.00271635 55.22568898
85300 -0.66980947 0.48403884 28.65456519
85400 -0.67474347 0.46971794 27.77154688
85500 -0.50003017 0.45121252 39.69249338
85600 -0.57260101 0.49091851 35.63056509
85700 -0.89493474 0.86963980 39.79050952
85800 -0.81031480 1.01310181 56.01821403
85900 -0.79196925 0.92767860 49.34574276
86000 -1.03362597 0.92844989 39.81249112
86100 -0.90036080 0.91712441 43.42907753
86200 -0.97692823 0.97886622 45.94486447
86300 -1.01401021 0.99624869 46.35608075
86400 -0.92104737 0.91539217 42.45821126
86500 -0.91504807 0.99080298 49.27745493
86600 -0.78776982 0.91856749 48.79598963
86700 -0.87585737 0.92276739 44.93683459
86800 -0.92378524 0.99127435 48.97913885
86900 -0.99202583 1.06740024 53.80334034
87000 -0.75198445 1.05797627 63.39094693
87100 -0.90177387 1.08079876 58.41233695
87200 -0.70742929 0.96688626 57.48293481
87300 -0.94996565 0.89166247 39.42103497
87400 -1.08621929 0.68692888 20.92202393
87500 -0.82949995 0.99854092 53.72988611
87600 -0.90913372 0.82385642 35.70080736
87700 -1.04257367 0.95273868 41.65948219
87800 -0.80517365 0.87263799 44.15623128
87900 -0.94310981 1.18400315 67.67156832
88000 -0.83299257 0.87004400 42.58528015
88100 -0.84557809 1.02212094 55.16397864
88200 -0.87968151 1.10526229 61.81683801
88300 -0.74629759 1.01856647 59.93337152
88400 -0.92162978 1.02409663 52.10749351
88500 -1.07562168 0.94175576 39.87780913
88600 -0.95912943 1.09420527 57.58612419
88700 -0.73388823 0.97121358 56.30832033
88800 -1.03500004 1.05917594 51.72052475
88900 -0.87478435 0.86427937 40.22533916
89000 -1.00205544 0.88210968 36.91048955
89100 -0.94877316 1.18345310 67.40467874
89200 -0.89977387 0.93308880 44.80229897
89300 -1.00534556 1.07570379 54.21201797
89400 -0.99950315 0.80568513 31.15136018
89500 -0.80929092 0.87064036 43.79108828
89600 -1.01003686 0.95963748 43.18699901
89700 -0.96875690 1.01934308 49.94061342
89800 -1.00468215 1.04541164 51.26193128
89900 -0.98669454 0.85657292 35.37959590
90000 -0.89159781 1.17289938 68.47447233
90100 -0.82902072 1.10965506 64.57653077
90200 -1.01459578 1.04550168 50.97285715
90300 -1.10693531 1.03785427 47.93600324
90400 -1.04842908 1.06976174 52.40238199
90500 -1.02605355 1.11474402 57.56603822
90600 -0.65637591 1.01267175 64.85505262
90700 -0.84476299 1.04441773 57.32735163
90800 -0.64984597 0.84084954 50.73476779
90900 -0.84488977 1.28597267 83.53488072
91000 -0.87773059 1.15617448 67.25041728
91100 -1.08501662 0.92437081 38.17897897
91200 -0.82093690 0.81712950 39.12713102
91300 -0.76626332 0.85094536 44.50031611
91400 -1.04111027 1.10017045 55.65247132
91500 -0.69892438 1.01484529 62.36745645
91600 -0.84491277 0.86828665 41.88509871
91700 -1.10288558 0.85838406 32.43890619
91800 -0.91525227 0.97810424 48.12084942
91900 -1.04582223 1.08249839 53.73964608
92000 -0.73598424 1.04062178 62.61441471
92100 -0.83298394 0.89497757 44.58663819
92200 -0.98619068 1.21999227 70.22174299
92300 -0.77617664 1.04218566 60.53843115
92400 -0.64439207 1.00398840 64.83942405
92500 -0.97252880 1.17812803 65.98859933
92600 -0.81189364 1.04139070 58.61910132
92700 -1.04727514 1.00734804 46.44993705
92800 -0.68577546 0.98415893 60.35798272
92900 -0.84659312 1.11089445 63.87446461
93000 -1.07337715 0.96743155 42.17625670
93100 -0.90876614 0.91355744 42.79033093
93200 -0.79523551 0.97409854 53.21973369
93300 -1.01946136 1.15169803 61.64746845
93400 -0.77752705 0.99794010 56.30707388
93500 -0.84990768 0.99100310 52.08057943
93600 -0.87245906 0.96525809 48.75619795
93700 -0.98045532 1.04754264 52.23692279
93800 -0.92309394 1.29428023 81.20863819
93900 -0.86268725 0.95827760 48.57301200
94000 -0.81529108 0.85543485 42.30180627
94100 -1.02224102 1.05857480 52.02069320
94200 -1.01992505 1.20340388 67.30898817
94300 -0.79379587 0.97071007 52.99155648
94400 -1.01082431 1.12171815 58.73413956
94500 -1.01585321 0.99821623 46.48216867
94600 -0.98020571 1.04033975 51.55083561
94700 -0.89020175 1.00671343 51.75141752
94800 -0.97897347 0.94884408 43.22343018
94900 -0.89249928 0.97633997 48.88660951
95000 -0.96294288 1.01325952 49.57109881
95100 -0.78730914 0.94644584 51.19670678
95200 -1.01037708 1.05110570 51.64100860
95300 -0.62834448 0.94982764 61.06271816
95400 -0.97461334 1.06343056 53.98099418
95500 -1.01206247 0.91400885 39.21687651
95600 -0.72628957 0.94273916 54.25183623
95700 -0.71929292 0.89824071 50.92263528
95800 -0.90630665 0.88724702 40.73080314
95900 -0.96451053 0.95953591 44.64731933
96000 -0.84716493 1.04189306 56.97272825
96100 -0.79700924 1.05245456 60.44136940
96200 -0.93040676 0.96910513 46.72994829
96300 -1.12705531 0.95613887 40.05440418
96400 -1.05185719 1.16711474 62.42280874
96500 -0.93993343 1.03917943 52.84872236
96600 -0.90765158 0.99139007 49.62580505
96700 -1.04168031 0.91723026 38.64749827
96800 -0.90917884 0.91212634 42.65459205
96900 -1.03223650 1.06125193 52.00039537
97000 -0.80953469 1.14886185 69.64655971
97100 -1.15333811 0.83386263 29.64259066
97200 -0.85098448 0.99930962 52.79127127
97300 -1.02817898 1.12950963 59.04467729
97400 -0.86579687 0.97610544 50.01606872
97500 -0.93679374 0.98993914 48.36360797
97600 -0.80919078 1.16205605 71.08275837
97700 -0.65304391 1.05547962 69.15758956
97800 -0.69001737 0.87925735 51.15953831
97900 -0.80297004 1.02095673 57.12394710
98000 -0.97263995 0.94291521 42.92172338
98100 -0.80422102 0.89457692 45.96739684
98200 -0.97538410 1.03729865 51.41942525
98300 -1.04769211 1.00813850 46.51232500
98400 -0.89794127 0.84755416 37.94658908
98500 -0.93296287 1.14256356 63.55991573
98600 -0.77533139 0.99008028 55.70583168
98700 -0.95635123 1.01398612 49.86987655
98800 -0.71750750 0.83729675 46.22728695
98900 -0.75943230 0.87720723 46.93320799
99000 -0.77034008 0.99005290 55.97145515
99100 -1.05865872 1.02349617 47.66787285
99200 -0.99250002 1.00497256 47.81902375
99300 -0.77036370 0.89158152 47.49359516
99400 -0.80803230 0.95721768 51.07412186
99500 -0.85475385 0.88579616 42.82782562
99600 -0.72462198 0.94342309 54.40834286
99700 -0.68490241 1.00802875 62.59921831
99800 -0.95574249 1.26077098 75.98592395
99900 -0.97681695 1.08398030 55.94936970
100000 -0.93423604 1.14814438 64.10654855
100100 -0.90179693 1.14685426 65.24038820
100200 -0.80745000 0.89911820 46.17555595
100300 -0.90044380 1.07302740 57.69198500
100400 -0.97649714 0.98220773 46.26014716
100500 -0.91815783 1.02870203 52.67879159
100600 -0.66918023 1.02731732 65.40300385
100700 -0.68340007 0.94031486 56.63845633
100800 -0.71919060 0.97339278 57.36031991
100900 -1.00321222 1.08257973 54.96424304
101000 -0.83181353 0.96591301 50.67520821
101100 -0.81603878 0.85229796 42.02209098
101200 -1.11161753 0.84803453 31.46163184
101300 -0.96209148 1.08822383 56.87778169
101400 -0.60957823 1.05382605 71.94639106
101500 -1.08222747 1.03532827 48.22662148
101600 -0.91515009 1.24840294 76.05359342
101700 -0.98601918 1.10652852 57.93621846
101800 -0.95138729 1.04065427 52.57298512
101900 -1.06134264 0.81961212 30.44282893
102000 -0.85901908 0.95903276 48.80411910
102100 -0.89238305 1.04261935 55.05199631
102200 -1.01764753 1.05863668 52.15998622
102300 -0.82169261 0.99487812 53.77230396
102400 -1.05845462 1.15306537 60.73721876
102500 -1.01738033 0.94251857 41.47822806
102600 -1.01545303 1.14923339 61.50089841
102700 -0.88353228 1.03741120 54.92554652
102800 -0.95615961 1.34464801 86.22688075
102900 -0.95213640 1.06826014 55.23622345
103000 -0.87328374 0.90369960 43.46010589
103100 -0.64539139 0.96721035 61.44234031
103200 -0.98740088 1.15106060 62.56204986
103300 -0.86620265 1.02574071 54.56907864
103400 -1.06485987 1.11264504 56.32247322
103500 -0.94851791 0.98931469 47.87612543
103600 -0.99499279 1.12363798 59.42048909
103700 -0.91927886 0.95223427 45.67278163
103800 -0.71932892 0.90831391 51.74981303
103900 -0.96279040 1.21606592 70.56001452
104000 -0.68497109 1.06152429 67.70255410
104100 -0.78733511 0.98767184 54.85233807
104200 -0.89714232 1.12675929 63.30782381
104300 -0.77217027 0.95823100 53.02752526
104400 -0.80351800 0.99417104 54.61163501
104500 -0.93312363 1.00765478 50.12895967
104600 -0.91073967 1.10615275 60.61991426
104700 -0.97011788 1.24079484 73.14822556
104800 -0.58216103 0.99585553 68.42704625
104900 -0.93934855 1.06026247 54.91485044
105000 -0.74247969 0.92828210 52.08309084
105100 -0.98512183 1.07028559 54.31056904
105200 -1.02766632 0.87580231 35.65068159
105300 -1.05107093 1.09380229 54.74196701
105400 -0.70484783 0.97894174 58.71526975
105500 -0.99556480 0.94809573 42.62298434
105600 -1.08222827 1.02958188 47.67928524
105700 -0.83730851 0.86485056 41.97138226
105800 -1.01186139 1.09844321 56.30566038
105900 -0.99391615 1.11961959 59.03589470
106000 -0.90003472 1.13680093 64.24498694
106100 -0.70770588 0.89071455 51.00081427
106200 -1.00580623 1.01004329 47.87571870
106300 -0.80094385 1.13241121 68.33537643
106400 -0.99086429 0.88222458 37.27059354
106500 -0.94406770 1.05180896 53.91595566
106600 -0.93108137 1.02244602 51.58919187
106700 -1.02922404 1.05379972 51.35605169
106800 -0.78574296 1.07094622 62.84099252
106900 -0.96800700 0.92402577 41.46693510
107000 -0.97125322 1.06733722 54.47920855
107100 -0.71310742 0.88609519 50.30351054
107200 -0.84128346 1.06701233 59.69442607
107300 -0.94323003 0.99359947 48.45921025
107400 -0.76860009 1.00265812 57.22059373
107500 -0.89455614 0.90198885 42.41296296
107600 -0.99364777 1.10988940 58.03754502
107700 -0.85710323 1.00443701 52.98496295
107800 -0.97899845 1.01097084 48.81343683
107900 -0.84307084 1.06619481 59.53015189
108000 -1.08334640 1.16731348 61.68112237
108100 -0.76862656 0.95093016 52.58022751
108200 -0.74311895 0.91815141 51.19259561
108300 -0.91707671 0.97113677 47.42567264
108400 -0.90099364 1.01150909 51.74976890
108500 -1.00189378 1.07420133 54.16828620
108600 -1.00761317 0.86482715 35.36957259
108700 -0.97718244 1.13113089 60.78218406
108800 -0.73167458 0.99087039 58.20725780
108900 -0.93167207 0.56108517 18.72874841
109000 -0.89399972 1.02841450 53.62731512
109100 -0.64427695 0.94401389 59.48535855
109200 -0.93253763 1.01340723 50.68634514
109300 -0.91397257 1.01504375 51.55722643
109400 -0.88960565 1.23246346 75.24517182
109500 -1.01534065 0.93949691 41.27795348
109600 -0.87332218 0.81735238 36.71880243
109700 -0.76425772 0.85729006 45.10072343
109800 -0.93954495 1.16931080 66.19174842
109900 -0.84452811 0.87932332 42.77909222
110000 -0.76085763 1.02874037 60.08328212
110100 -0.83246023 0.93653386 48.08472411
110200 -0.95627666 1.18840239 67.68380264
110300 -0.72299192 1.01478119 60.91971779
110400 -0.85229439 0.97492453 50.51921684
110500 -0.96651086 1.14200890 62.29238427
110600 -0.80363175 0.92187036 48.25772593
110700 -0.84717741 1.06212204 58.93842205
110800 -0.85507068 1.22965359 76.43320309
110900 -0.87425029 0.91485682 44.34318597
111000 -0.68784737 1.00089749 61.75630434
111100 -1.09494906 1.00133009 44.75480229
111200 -0.65205826 0.96935817 61.19226419
111300 -0.83114200 0.92989417 47.58125471
111400 -0.97629579 0.97028618 45.19839928
111500 -0.96586409 1.18624232 67.11007938
111600 -0.90099868 0.91513516 43.23664058
111700 -0.95715699 1.00057007 48.59737265
111800 -0.99609940 0.96387041 43.98802389
111900 -0.98197111 0.87242110 36.77670748
112000 -0.97961229 0.92417586 41.08944582
112100 -0.98457427 1.04650998 52.00217268
112200 -0.91437677 0.97373134 47.76367236
112300 -0.80185313 0.99862870 55.10459652
112400 -0.95796030 0.96437963 45.30296377
112500 -0.87179803 0.87123023 40.90331198
112600 -0.82265387 0.97534287 51.95725532
112700 -0.77941991 0.92124656 49.46055080
112800 -1.05510481 1.15269511 60.78231756
112900 -0.87363677 1.08309768 59.83089136
113000 -1.09702340 0.78987778 27.46427479
113100 -0.98259814 1.11983575 59.42251833
113200 -1.03322370 1.00550957 46.65865384
113300 -0.70202499 1.00319634 61.09625505
113400 -1.03678352 0.93146381 39.98189284
113500 -0.89811590 1.11183644 61.71674809
113600 -1.02905421 0.89910387 37.49308468
113700 -0.95009403 0.94328792 43.73991687
113800 -0.76859125 0.91265485 49.32187662
113900 -1.02458300 1.21097954 68.02887914
114000 -0.89745395 1.07334591 57.84651703
114100 -0.93144366 1.07955295 57.12054952
114200 -0.83232892 0.92392441 47.01890344
114300 -0.78002744 1.03166983 59.32731922
114400 -0.97671336 0.97874357 45.94099986
114500 -1.05453239 1.03942038 49.28755810
114600 -0.83161099 1.04358008 57.86713118
114700 -0.77627229 0.95398194 52.43548512
114800 -0.88665207 0.92631559 44.77367755
114900 -0.77804437 0.97767420 54.43978843
115000 -0.91158386 1.01730979 51.86425312
115100 -1.03132750 0.92551903 39.62803992
115200 -1.08876261 1.16848450 61.68722401
115300 -0.90181221 1.04983809 55.36016010
115400 -0.98970281 1.02514780 49.79473233
115500 -0.85244379 0.87830588 42.33249807
115600 -0.72074620 0.94740950 54.98096451
115700 -1.06542449 1.01288397 46.50448379
115800 -0.90796720 1.13872128 64.12605585
115900 -0.93652371 0.95268137 45.05286540
116000 -1.00630679 1.02555664 49.31534580
116100 -1.11069820 0.86700586 32.95497161
116200 -1.01424769 0.91334239 39.09644877
116300 -0.81075585 0.89914889 46.01248150
116400 -0.99300648 0.97009879 44.63803704
116500 -0.90412904 1.23191110 74.58152148
116600 -0.98957922 1.06803018 53.94365549
116700 -0.93795840 1.12004277 61.00519601
116800 -0.98016713 0.97193068 45.21650284
116900 -0.99323984 1.08488210 55.50625132
117000 -0.76268888 1.03164552 60.25893312
117100 -1.03576509 0.90830099 38.06436529
117200 -1.05999143 0.94396538 40.44702361
117300 -0.96481454 1.04015644 52.05266942
117400 -0.94374908 0.90674359 40.88223479
117500 -1.00057922 1.18599487 65.94829392
117600 -0.87291983 0.91260514 44.21351937
117700 -0.90996778 1.12999993 63.12628197
117800 -0.92008867 1.07703048 57.30503134
117900 -0.97096094 1.12345445 60.18723387
118000 -0.97157072 1.19663001 68.06984816
118100 -0.70908413 0.96674065 57.37044324
118200 -0.94193238 1.17354478 66.56569795
118300 -0.76334137 1.14129113 71.25872558
118400 -0.91365951 1.14155904 64.19966954
118500 -0.87526714 1.15919158 67.68235653
118600 -1.01612692 1.05703127 52.04757501
118700 -0.78549530 0.92303205 49.29041068
118800 -1.02052347 1.19573919 66.43352985
118900 -0.94245226 1.03208026 52.07740802
119000 -0.85197969 0.91962798 45.73788728
119100 -0.98169020 1.08231842 55.62147718
119200 -0.97209498 1.03292799 51.11257760
119300 -0.86728893 1.01893920 53.87999547
119400 -0.90573937 1.04938744 55.15693348
119500 -1.05051048 1.00908651 46.52682743
119600 -1.00209265 1.04067127 50.88481134
119700 -0.78899623 1.00437529 56.29572980
119800 -0.93317033 1.22031468 72.11590829
119900 -0.98678787 1.04699891 51.97764842
120000 -0.82170037 0.96086184 50.71770558
120100 -1.00328598 0.93467301 41.22697230
120200 -0.85030167 0.93772739 47.35094203
120300 -0.93270826 1.09138876 58.26281393
120400 -1.04647349 0.94422789 40.81680313
120500 -1.00342344 1.01275148 48.20072555
120600 -0.72567562 1.06461458 65.54504218
120700 -0.95312707 1.03785292 52.24202475
120800 -0.92938613 1.00601218 50.11827341
120900 -0.86368839 1.09354414 61.32328922
121000 -1.09834567 0.91314549 36.94644852
121100 -0.83973492 0.93549554 47.65109373
121200 -0.98081295 0.99176163 46.98366948
121300 -1.03276399 0.91107044 38.37689421
121400 -0.83541116 1.24002089 78.54415136
121500 -0.82206944 1.00547168 54.72870304
121600 -0.95903419 1.22348401 71.53663357
121700 -0.85604038 0.90972746 44.72634987
121800 -0.96688122 1.00094454 48.29346695
121900 -0.83826343 0.98920845 52.45976963
122000 -0.86937514 1.22685876 75.47176390
122100 -0.84102500 1.01585815 54.78840139
122200 -0.95159839 1.13705339 62.29067887
122300 -1.05088074 1.04534441 49.95163096
122400 -0.98309506 1.05542356 52.91589839
122500 -0.87802434 0.88628542 41.83495768
122600 -0.96578633 1.15748576 63.97293072
122700 -0.72357909 1.04745293 63.99273276
122800 -0.95455993 0.84342210 35.45754773
122900 -0.87908437 1.06823716 58.11504818
123000 -0.98535695 1.24422692 73.04087196
123100 -1.03463335 0.96181419 42.67115297
123200 -0.96487881 1.00712644 48.93360321
123300 -0.86081761 0.98645017 51.17083601
123400 -0.77721233 0.88885567 46.90551004
123500 -1.02345344 1.04069632 50.25231790
123600 -0.81637780 0.97918312 52.60965777
123700 -0.85276971 1.00066792 52.83444820
123800 -1.03721933 1.08587015 54.30920277
123900 -0.89367920 0.87740772 40.45910419
124000 -0.73414153 1.00097496 58.99039260
124100 -1.10401109 0.95366335 40.28595395
124200 -0.75436671 1.11068804 68.55230926
124300 -0.77681324 0.84762748 43.67700330
124400 -0.79765333 0.97885381 53.52186366
124500 -0.74136440 0.90998636 50.61119060
124600 -0.73150928 0.94324778 53.99241194
124700 -0.96463106 1.13379551 61.48823471
124800 -0.75560813 0.89926873 48.92758018
124900 -0.89054574 0.89301197 41.84651649
125000 -1.01572440 1.24834486 72.58139146
125100 -0.70187386 0.92189563 53.93028250
125200 -0.90742824 1.09981873 60.10471309
125300 -1.06905363 0.98462348 43.81993983
125400 -0.96850305 1.15092503 63.17502965
125500 -0.82060838 1.07902825 61.87808002
125600 -0.64548621 0.96100101 60.88706760
125700 -0.73879536 1.01775056 60.28254287
125800 -1.10758798 1.11001940 55.09552953
125900 -0.97394094 1.13561260 61.36268249
126000 -0.99944464 1.17052819 64.28481867
126100 -0.63649786 1.00121655 65.11225328
126200 -0.99134163 1.12756224 59.94648992
126300 -0.79388173 1.14851626 70.40525308
126400 -1.06264770 0.94589514 40.54787766
126500 -0.83001385 1.24724062 79.64186899
126600 -0.70696202 0.91670515 53.18651527
126700 -0.72964034 0.88409046 49.16893996
126800 -0.82872469 0.90425789 45.55134937
126900 -0.99986085 1.04555745 51.42437418
127000 -1.00755345 1.25029825 73.05359599
127100 -1.07956145 1.00157812 45.12040743
127200 -0.82167155 0.92588077 47.69894761
127300 -0.98929197 1.10331880 57.50174977
127400 -0.99113498 0.92564067 40.83915212
127500 -0.85852711 0.91807329 45.30973099
127600 -0.92839938 1.11023257 60.34990887
127700 -0.91614527 1.05941810 55.71906807
127800 -1.00407815 1.14694284 61.59776036
127900 -0.93925382 1.10054551 58.94829352
128000 -1.04297023 1.00159237 46.03186952
128100 -1.01904735 1.15797020 62.33366037
128200 -1.08273869 1.02972566 47.68132653
128300 -0.79139530 0.91932373 48.67075771
128400 -0.88310575 1.05501041 56.64420022
128500 -0.92422674 1.22015847 72.43911781
128600 -1.00173262 1.09336885 56.09726058
128700 -0.82413442 0.91139983 46.36455159
128800 -0.92214326 0.96072167 46.30517542
128900 -0.82190536 0.89178708 44.86173201
129000 -0.98327292 0.96930481 44.88068176
129100 -0.87667466 0.97696427 49.61578762
129200 -1.02602317 1.12723400 58.86709499
129300 -1.03776256 1.10564531 56.30307586
129400 -0.79013429 0.94329836 50.77722070
129500 -0.83043837 1.06520183 60.03010011
129600 -0.92828010 0.98711482 48.42836868
129700 -0.84251648 0.93540564 47.51298255
129800 -0.92388697 1.15771411 65.52754879
129900 -0.87433220 1.13153248 64.77634925
130000 -0.83573500 0.99745498 53.33254649
130100 -1.06394256 1.11009658 56.08216157
130200 -0.95775097 0.85632884 36.33829246
130300 -1.04402729 1.09818926 55.37254257
130400 -0.96894708 1.11699566 59.58385478
130500 -1.02064984 1.10154991 56.36438620
130600 -0.99553563 1.23439932 71.57628158
130700 -0.78985226 0.95982850 52.23259273
130800 -1.00901938 1.03418599 50.05301177
130900 -1.06435198 1.23122218 69.28277247
131000 -0.95573365 1.05613308 53.91702190
131100 -0.85706727 0.97944546 50.70750990
131200 -0.89189364 1.08456847 59.19853678
131300 -0.91956013 0.93964032 44.57123900
131400 -0.80555795 1.14014890 68.91887386
131500 -0.86535575 0.88697945 42.44621705
131600 -0.94411154 1.08789229 57.48606165
131700 -0.96985309 0.99425621 47.57821706
131800 -0.90478497 1.01806985 52.20871348
131900 -0.82995528 1.06158970 59.69806399
132000 -1.00783538 1.02154455 48.89047966
132100 -0.81806123 0.95964172 50.78866546
132200 -0.93392644 0.75709937 29.99474423
132300 -0.67993680 0.95537741 58.16326191
132400 -0.84074853 0.96005687 49.73485179
132500 -1.01025411 1.02116816 48.78225499
132600 -0.77556413 1.07699582 63.98111885
132700 -1.03283453 1.12138843 58.06552784
132800 -0.90020451 1.13176368 63.70695883
132900 -0.71793598 0.93468651 54.05144130
133000 -0.91096868 1.00776301 50.99850976
133100 -1.06498913 0.99407588 44.77825181
133200 -0.78238885 1.01675583 57.79425065
133300 -1.04563236 1.11034702 56.57526205
133400 -0.82053997 0.89747858 45.39211733
133500 -0.96110611 1.20329477 69.17590496
133600 -1.05040994 0.95685757 41.81330962
133700 -0.84457915 1.12343911 65.26908671
133800 -1.02939391 0.97715275 44.18114162
133900 -0.99694339 1.13564902 60.61996483
134000 -0.97077757 1.03890361 51.72839913
134100 -0.88623056 1.02325643 53.46566141
134200 -0.98884786 0.99677522 47.18077550
134300 -0.94622750 1.01649177 50.46736315
134400 -0.78162688 1.03527550 59.58647148
134500 -1.05042973 0.93091806 39.57191342
134600 -0.60508475 0.94729151 62.45500379
134700 -0.88692947 1.00789022 51.99844726
134800 -0.96602491 1.08303645 56.22004893
134900 -0.93441828 1.04706322 53.81364503
135000 -0.94893120 1.05812267 54.35473172
135100 -1.03982858 0.87361699 35.14102622
135200 -1.00386721 1.05657427 52.37072958
135300 -0.99643047 0.94801363 42.58867532
135400 -0.96254154 1.17110840 65.56224663
135500 -0.94277426 0.86058066 37.20804531
135600 -0.98412900 1.02515833 49.97580863
135700 -0.84822116 1.08817954 61.48328370
135800 -1.09422463 1.09134277 53.46866062
135900 -0.91661184 0.98645088 48.82037244
136000 -1.03821299 0.95680200 42.13249582
136100 -1.06018693 0.86626296 34.03080021
136200 -0.75854547 1.01198133 58.63456511
136300 -1.02981702 1.10167759 56.11638022
136400 -0.65778505 0.90928674 55.65504191
136500 -1.03500885 1.06788625 52.57696886
136600 -0.80274330 0.95135989 50.82887106
136700 -0.86972594 1.02341104 54.19328187
136800 -0.95795875 1.03566432 51.86136716
136900 -0.84435665 1.04526075 57.42760262
137000 -1.00810480 0.98655274 45.64892930
137100 -0.83565503 1.03318550 56.67828764
137200 -0.99260662 0.97873171 45.42286239
137300 -0.96308720 1.02087962 50.28014756
137400 -1.08097874 1.13992276 58.79435012
137500 -0.80629143 0.87122951 43.98832311
137600 -0.75997635 1.04572213 61.75726297
137700 -0.94029802 0.97325471 46.72917680
137800 -1.07416744 0.97063904 42.44274453
137900 -0.96045421 0.97115339 45.81683144
138000 -0.81817071 0.90242343 45.91381744
138100 -0.78137998 0.88480247 46.35730682
138200 -1.06276100 1.06905116 51.96746597
138300 -0.98576079 0.98280555 46.00944617
138400 -1.03688791 1.01274894 47.23054028
138500 -0.90697125 1.01910298 52.21732869
138600 -0.99889150 1.22230426 70.08237646
138700 -0.88431745 1.28683348 81.88263355
138800 -0.93196046 1.24057458 74.49236249
138900 -0.73023941 1.05355496 64.19657970
139000 -0.70550006 0.93945594 55.20423487
139100 -1.10935023 1.05373662 49.42116663
139200 -0.89874275 0.97277016 48.30855418
139300 -0.97593242 0.88164078 37.71145441
139400 -0.91116501 1.04142761 54.17062027
139500 -1.02512203 0.86909181 35.19106711
139600 -0.84174804 1.01482849 54.65821007
139700 -0.88448862 0.93684838 45.76245377
139800 -0.96487379 0.85811458 36.22872039
139900 -0.82950996 1.08529453 62.07438823
140000 -1.04931377 1.09093584 54.49742873
140100 -0.78319641 0.90062206 47.54712980
140200 -0.94600672 1.15265119 64.15358401
140300 -0.89264200 1.14271566 65.17761390
140400 -0.97353661 0.93118230 41.88594607
140500 -0.67673165 0.89716774 53.43959586
140600 -0.73398302 0.96846267 56.05807396
140700 -0.85364996 1.14149177 66.75100650
140800 -1.01895909 0.87523395 35.85509274
140900 -0.88056894 1.14695444 66.14014063
141000 -1.04417912 1.12003080 57.61624014
141100 -0.93131462 0.98659474 48.26583186
141200 -0.73983159 0.92951668 52.33852992
141300 -0.87526658 1.03618483 55.16412927
141400 -1.04416995 1.12031285 57.64582246
141500 -0.95493968 1.13705177 62.17131373
141600 -0.99993357 1.01819846 48.81787658
141700 -0.94201512 1.11807336 60.65045874
141800 -1.07525813 1.00284531 45.33736076
141900 -0.96345835 0.96552471 45.21225610
142000 -1.00479785 1.11927411 58.66195179
142100 -0.76670613 0.84902192 44.32814749
142200 -0.79957147 0.97384217 52.97455540
142300 -0.99220804 0.92504156 40.75434839
142400 -0.97507760 1.14866558 62.71095691
142500 -0.79263298 0.93847808 50.23266195
142600 -0.94759645 1.32340001 83.86899584
142700 -0.97247197 1.05621816 53.34635308
142800 -0.70288097 1.09413004 69.85266322
142900 -1.06959703 1.03989565 48.95966250
143000 -0.84212059 0.94707217 48.53626452
143100 -0.79601592 0.49048092 21.63371103
143200 -0.53466963 0.53288116 40.31192642
143300 -0.57215348 0.47788950 35.13667712
143400 -0.59518518 0.50279991 34.48599960
143500 -0.45888621 0.40119291 41.37797863
143600 -1.02903053 0.80986553 30.58237666
143700 -0.97948440 1.27320677 76.64914796
143800 -0.83998546 0.91715762 46.08732761
143900 -1.04538456 1.05169067 50.71020434
144000 -0.61862458 1.05951682 71.87265907
144100 -0.89519115 0.86862936 39.70013234
144200 -1.05599584 1.20749772 66.78846167
144300 -0.96768634 0.94312269 43.10797116
144400 -0.95290083 1.06797823 55.18104037
144500 -1.06254138 1.18149674 63.72654236
144600 -0.88482607 0.95896500 47.66761711
144700 -1.00441493 0.94254334 41.86816205
144800 -0.82697129 0.95616168 50.04880108
144900 -1.03749108 1.12098575 57.89562244
145000 -1.02968818 1.15684062 61.90802186
145100 -0.76449565 0.97274112 54.72808469
145200 -0.99802183 1.15167364 62.29073817
145300 -1.01149859 0.98962075 45.82564997
145400 -0.76836645 0.94241970 51.85673210
145500 -0.66874266 0.96292506 59.53838180
145600 -0.97362369 0.84304222 34.76912243
145700 -1.00809852 1.10608862 57.20011793
145800 -0.74981472 1.03495977 61.28778552
145900 -0.87295930 0.98611587 50.60252683
146000 -0.86006611 1.12235324 64.44703944
146100 -0.89324091 1.00998896 51.92838013
146200 -0.84616546 0.95440574 48.98639401
146300 -0.72609422 0.94833115 54.74724721
146400 -0.69184772 1.01908843 63.19996558
146500 -0.96163827 1.05699540 53.79379547
146600 -1.01544413 0.89887583 37.86603973
146700 -0.95258230 1.12513689 61.00292618
146800 -1.01568093 0.99127087 45.85191604
146900 -0.87831140 0.98174720 49.97515365
147000 -1.02293855 1.21893258 68.97858436
147100 -0.85211760 0.95564679 48.82067991
147200 -0.98273100 0.96616312 44.61950358
147300 -1.01231417 1.04829540 51.31064200
147400 -0.83161604 1.07799829 61.24259064
147500 -0.86748618 1.03016933 54.93201131
147600 -0.99752843 0.91706690 39.91597388
147700 -0.94016359 1.12111785 61.03526766
147800 -0.94713016 1.07563459 56.14813820
147900 -0.93558239 1.00009163 49.33785792
148000 -0.89560873 0.90537382 42.64810359
148100 -0.79101355 0.92692994 49.33186359
148200 -0.96797842 0.95584867 44.20448224
148300 -0.98414951 1.06175612 53.50118111
148400 -0.87594210 0.85191673 39.21308512
148500 -0.62529644 1.05609342 71.07886600
148600 -0.98724134 1.15445980 62.93185112
148700 -0.96771566 1.01257727 49.34294672
148800 -0.98144201 1.25002418 73.84534709
148900 -0.97576008 1.10501747 58.11885714
149000 -0.84975291 0.84014186 39.48215200
149100 -1.04865513 0.92088228 38.76920787
149200 -0.86132479 1.16550749 68.98179748
149300 -0.90221622 1.02058949 52.54980989
149400 -1.09251994 0.81805085 29.60083157
149500 -1.04201841 1.16246743 62.17749362
149600 -0.85584528 1.05969050 58.30249909
149700 -0.98957643 1.07682439 54.81650605
149800 -1.03104285 1.18604529 65.05766325
149900 -0.94566792 1.08489563 57.12765465
150000 -0.98573115 1.24093173 72.64563875
150100 -0.76450649 0.97524590 54.95141981
150200 -1.05007521 0.97703513 43.61164569
150300 -0.69795157 1.03222162 64.06646460
150400 -1.11768160 1.01939921 45.97286218
150500 -0.97225245 1.05143540 52.88800721
150600 -0.89075894 1.18651097 70.00647979
150700 -0.79461210 1.03840504 59.20824533
150800 -0.95356334 1.09578149 57.94295611
150900 -0.99769409 1.12697252 59.68432238
151000 -1.03092938 1.08381190 54.27593680
151100 -1.00012341 0.97704825 45.03595363
151200 -0.89598270 0.99533694 50.46260209
151300 -0.97888780 1.03155690 50.75479140
151400 -0.69707405 1.03976307 64.84116919
151500 -0.86320515 1.07333675 59.31717659
151600 -0.86140423 1.09542111 61.61590924
151700 -1.03116483 1.05582922 51.49958581
151800 -0.88774364 1.00704456 51.88560223
151900 -0.84456605 1.11323821 64.21049800
152000 -0.76463276 1.07263068 64.13705503
152100 -0.66215532 0.98728148 62.14312061
152200 -0.87296419 0.96841368 49.01395812
152300 -1.02874968 1.09346543 55.31069610
152400 -0.92272097 1.02515090 52.16476327
152500 -1.02791636 1.15417363 61.67100798
152600 -1.03963626 1.07723463 53.37867274
152700 -0.80620750 0.90630994 46.82975048
152800 -0.85165014 0.99968779 52.79551158
152900 -1.03316994 1.13284493 59.25586639
153000 -0.93508420 1.04881055 53.95778700
153100 -0.98702122 0.86268493 35.84554925
153200 -0.91560025 0.92924308 43.83824833
153300 -0.84181725 0.91385265 45.72526656
153400 -1.01871527 1.13100130 59.47252604
153500 -0.98578522 1.06643301 53.90826539
153600 -0.79746934 0.92547851 48.87607984
153700 -1.01006696 0.84103563 33.45675314
153800 -0.86449353 0.81606224 37.01318168
153900 -0.67606991 1.01823266 64.10739401
154000 -0.88658378 1.12544086 63.61139437
154100 -0.76963972 1.04696411 61.35044154
154200 -0.76237219 1.12172143 69.25398765
154300 -0.83475827 1.15107237 68.65253592
154400 -0.98175194 1.05390160 52.81155586
154500 -1.04725935 1.11583734 57.09958258
154600 -0.97274587 0.99469739 47.52058311
154700 -1.00200226 0.99510222 46.61373362
154800 -0.98739735 1.18896864 66.69419554
154900 -0.94869826 1.06251108 54.79334817
155000 -0.68017656 0.89632294 53.15303535
155100 -0.93947006 1.08923400 57.79228575
155200 -0.93477017 0.88128768 39.14296824
155300 -0.92509788 1.02886579 52.42479595
155400 -0.66877686 0.93420162 57.04137639
155500 -0.83430708 1.03028885 56.46663276
155600 -0.93101592 0.98662275 48.27968688
155700 -1.04584599 1.04859709 50.39788353
155800 -0.95769420 0.97084214 45.88595431
155900 -0.99990346 1.18547686 65.91194746
156000 -0.85621402 0.95303578 48.40565997
156100 -0.95023880 0.91710034 41.50825474
156200 -1.02278240 1.02452322 48.73090369
156300 -0.94886552 1.02181315 50.87150619
156400 -0.69922623 0.85452081 48.64635425
156500 -0.97983564 1.06197804 53.66446911
156600 -1.06442099 0.97784638 43.32185816
156700 -0.96529836 1.06230196 54.18681827
156800 -0.79679605 0.87616472 44.86282793
156900 -0.71378758 0.81102948 44.49366744
157000 -0.83467059 1.20935290 75.06880153
157100 -0.72952391 0.95633249 55.24555652
157200 -0.82992787 0.89451942 44.69555643
157300 -0.75894306 0.89732620 48.58429349
157400 -0.65613013 0.90784141 55.64335995
157500 -0.86504225 1.06873465 58.77918023
157600 -0.83476300 1.05398736 58.72507915
157700 -1.03799621 0.99549790 45.60612334
157800 -0.99171471 0.95765239 43.57896215
157900 -0.90204431 0.98913598 49.64780324
158000 -0.91564854 0.86089305 38.26535180
158100 -0.97194263 0.92878775 41.73617165
158200 -0.90936077 1.04090122 54.19214712
158300 -0.98200505 0.91228558 40.01399849
158400 -0.94003156 1.03952724 52.87845842
158500 -1.01643450 0.90958330 38.71945770
158600 -0.77598809 0.94425267 51.60506971
158700 -1.03392658 1.11352768 57.21980031
158800 -0.99827587 1.00142839 47.31011094
158900 -0.98753606 1.00302795 47.79817905
159000 -0.91420622 1.10185219 60.04173062
159100 -0.94286214 1.11221664 60.01307002
159200 -1.03966548 1.13075277 58.85810680
159300 -0.87084535 1.01741651 53.58032614
159400 -0.97176379 1.10533209 58.28548081
159500 -0.91030228 1.29539215 81.84681755
159600 -1.09204192 1.00723835 45.36383413
159700 -0.96166573 0.90887787 40.41876455
159800 -0.82364026 1.06024786 59.87158287
159900 -0.83199454 1.07042189 60.47123690
160000 -0.72284847 0.97253071 57.06789943
160100 -1.05183721 1.03393769 48.83225682
160200 -0.96939964 1.16886674 65.08196941
160300 -0.95313994 1.07303390 55.67327112
160400 -0.97609419 1.09638592 57.22667094
160500 -0.75133355 1.00931835 58.78704000
160600 -1.07025483 0.97591883 43.00741477
160700 -0.78072583 0.98869100 55.29252416
160800 -0.97057297 1.00548535 48.58669189
160900 -0.90518602 1.04529412 54.78335464
161000 -1.02389878 1.13532007 59.77771814
161100 -0.68073867 0.85350686 49.71413413
161200 -0.91419912 1.06540576 56.38414226
161300 -0.74797603 0.99164448 57.34833061
161400 -1.01718497 1.00038644 46.64259202
161500 -0.90363655 0.84163907 37.26126674
161600 -1.05302931 1.00650558 46.22232578
161700 -0.90364047 0.95786217 46.78850295
161800 -0.94395911 1.10740102 59.47693994
161900 -0.70049773 0.89701716 51.95050235
162000 -1.04467641 1.11801713 57.39380865
162100 -1.03999225 1.08870734 54.51973393
162200 -0.83867198 0.97838844 51.46259481
162300 -1.01891203 1.02756627 49.13070193
162400 -1.01817382 1.19514043 66.43503507
162500 -1.04151632 1.04416511 50.08489192
162600 -0.74805192 0.92205514 51.24212491
162700 -0.79941887 1.04607506 59.69970527
162800 -0.82275415 1.11076031 64.99376673
162900 -0.80662879 0.97244265 52.49182293
163000 -0.97463307 1.20437907 68.83496344
163100 -0.95196019 0.81392897 33.34221211
163200 -0.65525320 1.06819982 70.26161270
163300 -0.94604989 0.90015019 40.25530104
163400 -0.97711190 1.08454797 55.99655528
163500 -1.01518334 1.09489496 55.84643215
163600 -1.00849882 1.05614719 52.18831530
163700 -0.82367575 1.10779354 64.64354156
163800 -0.93972099 1.29446610 80.60172262
163900 -0.99572777 1.09065332 56.00935837
164000 -0.82299501 0.95271828 49.94055311
164100 -0.97315612 1.11758353 59.50216870
164200 -1.03662428 0.86598558 34.62538087
164300 -1.06663307 0.97839470 43.31702474
164400 -0.96096071 0.97470856 46.11659148
164500 -0.84924592 0.97232607 50.42700744
164600 -0.98498841 1.06402686 53.69706932
164700 -0.70365781 1.09274611 69.66527657
164800 -1.01988877 0.85834178 34.49902219
164900 -0.96857169 1.02174028 50.17240268
165000 -1.02840005 0.97999639 44.46460187
165100 -1.06441406 0.82816570 31.00321834
165200 -1.06646685 1.11776311 56.81303375
165300 -0.80084371 0.99528516 54.84935250
165400 -0.93668716 0.87807838 38.81457910
165500 -0.84042589 1.10515175 63.57179748
165600 -1.01131760 1.12170700 58.71823284
165700 -0.80857291 0.93215156 48.87957037
165800 -0.92388498 0.98647097 48.53872126
165900 -0.82749088 0.82010589 39.02858879
166000 -1.04531143 1.04960084 50.50929099
166100 -0.96689618 1.13103298 61.11952763
166200 -0.76375480 0.88318032 47.17412244
166300 -0.98359210 1.22121654 70.44586491
166400 -1.01279018 1.01122128 47.77533783
166500 -0.80595542 0.95562255 51.03878937
166600 -0.80348594 1.02481236 57.46134404
166700 -0.94519560 1.31622253 83.06641946
166800 -1.05218197 0.96385760 42.38371959
166900 -0.95308649 1.12949424 61.44127049
167000 -0.98933998 0.93613794 41.78975050
167100 -0.85987929 0.94630565 47.65470628
167200 -1.00042139 1.17055241 64.25717420
167300 -0.92099860 1.09341091 58.91618753
167400 -0.80740185 1.06243826 60.88949230
167500 -0.91381670 0.87801919 39.68979145
167600 -0.93151947 1.18067978 67.73717396
167700 -0.84965822 0.89671952 43.94726677
167800 -0.84657797 0.98377240 51.57822624
167900 -0.90824559 1.14373606 64.64705019
168000 -1.04318855 1.02398087 48.11441192
168100 -0.82775709 1.22871884 77.60565966
168200 -0.83855349 1.01103185 54.45410544
168300 -0.86465880 1.01198324 53.34607748
168400 -1.08867529 0.96838592 41.91070826
168500 -0.96386584 0.80775780 32.47201403
168600 -0.97935169 0.95430855 43.68718718
168700 -0.64730269 0.91255919 56.61612673
168800 -0.81754432 0.96901097 51.64265559
168900 -0.97516882 0.99730781 47.67827688
169000 -1.02280305 1.13595672 59.87633412
169100 -1.00997823 1.04467090 51.03015017
169200 -0.90908747 1.21536704 72.48945873
169300 -0.87544841 1.20032151 72.19776881
169400 -0.88102348 1.10875437 62.11782058
169500 -0.93209244 1.12601193 61.84775417
169600 -0.81046989 0.89744532 45.88735860
169700 -0.88488608 1.07724290 58.76076284
169800 -1.08382886 1.00666427 45.49300279
169900 -0.97826503 1.23175620 71.82952205
170000 -0.81741076 0.93886453 49.01462178
170100 -0.72363226 0.93611245 53.83778320
170200 -0.98488768 1.19380453 67.31292750
170300 -1.01106082 1.10556842 57.05776113
170400 -0.74723783 0.91456674 50.66014487
170500 -0.98814441 1.05637113 52.84458051
170600 -0.80276503 0.95376372 51.03751760
170700 -0.98757964 1.06048766 53.26554705
170800 -0.99218768 1.13593464 60.80013165
170900 -0.98704247 1.08138186 55.35336002
171000 -0.96280621 1.03864253 51.97695110
171100 -0.91119097 1.01104366 51.29454659
171200 -0.89205480 0.90884342 43.08298002
171300 -0.88917204 1.10581580 61.46971091
171400 -0.83472308 0.98136065 51.91695871
171500 -0.97775057 1.27958250 77.46939329
171600 -1.02865668 1.01811526 47.96071493
171700 -0.86804527 0.81437777 36.73173456
171800 -0.82973548 0.88261666 43.74237608
171900 -0.95306860 1.03587497 52.05484903
172000 -0.99205795 1.11832353 58.96014481
172100 -0.73526437 0.97482019 56.55121098
172200 -1.11868440 1.04462626 48.35527373
172300 -0.76873180 0.98756195 55.83199764
172400 -0.71820628 1.00401487 60.20116438
172500 -1.06255957 1.07095525 52.16095392
172600 -0.81514252 1.13550680 67.94892644
172700 -0.86182034 0.91948855 45.28030186
172800 -0.87694151 0.98600627 50.41935096
172900 -0.80753598 0.91989892 47.89501457
173000 -0.74990385 0.93525016 52.25802699
173100 -1.07972137 1.10180999 54.85619481
173200 -0.98893889 1.10417883 57.60112525
173300 -0.97795272 1.08806273 56.32229274
173400 -1.07353409 0.98207743 43.48299128
173500 -1.09537636 1.08565399 52.87016317
173600 -0.99063382 0.99466805 46.93061973
173700 -1.02260287 0.88908794 36.86102039
173800 -0.88382849 0.99262570 50.72539083
173900 -0.82304968 0.92079925 47.20320012
174000 -1.07898065 0.93585319 39.29273107
174100 -1.02002914 1.13082776 59.41610458
174200 -0.89785081 0.78157640 33.10381979
174300 -0.87294121 0.95420832 47.76302840
174400 -0.81228672 0.90639978 46.53275508
174500 -0.72666016 0.94892762 54.76602907
174600 -0.96037885 1.08512732 56.62579417
174700 -0.84992756 0.86911225 41.71823951
174800 -1.04770514 1.06278098 51.73285281
174900 -0.82010959 0.97740675 52.26657422
175000 -0.97382124 1.08512414 56.16453478
175100 -0.67917813 0.87813766 51.74799793
175200 -0.84556648 1.01050778 54.07716170
175300 -0.87997435 0.95239820 47.30003378
175400 -0.98197720 1.07527695 54.90875846
175500 -1.02736817 1.09749800 55.75914653
175600 -0.87493933 0.97132149 49.18658919
175700 -0.82448466 1.02755554 56.67933263
175800 -0.95782945 0.97715585 46.44563577
175900 -0.82700418 1.04984891 58.69459330
176000 -1.04708959 1.24297811 71.08199862
176100 -1.06737091 1.21930123 67.84380816
176200 -0.60594638 0.92986213 60.89785690
176300 -0.95222283 1.18180711 67.09917040
176400 -0.82840419 0.91361244 46.34221129
176500 -1.02888666 1.03600068 49.64810011
176600 -0.94485041 0.83491510 35.16155121
176700 -0.88790133 1.09041577 59.95536542
176800 -0.95304444 1.02614035 51.12994168
176900 -0.74050664 0.88519859 48.63337308
177000 -1.06486011 0.90957925 37.41476519
177100 -0.90368240 1.13174004 63.56255498
177200 -0.88581363 1.06906435 57.90911871
177300 -0.82196085 0.89229654 44.90039420
177400 -0.72864296 1.05341098 64.27524678
177500 -1.04871005 1.04356804 49.83679080
177600 -1.06026173 0.94079789 40.16711011
177700 -0.96276984 1.10642276 58.70562301
177800 -0.97461054 1.03806334 51.51857283
177900 -0.79178824 1.11872277 67.37442130
178000 -0.80713607 1.09484801 64.13943082
178100 -0.66213416 0.92864629 56.99653307
178200 -1.08212833 0.95210957 40.62503040
178300 -1.00978844 1.20785601 68.10930804
178400 -0.89347341 1.01306009 52.20477649
178500 -0.95627291 0.98201438 46.93763991
178600 -0.92832048 1.02501538 51.93666674
178700 -0.99339368 1.11453376 58.52498296
178800 -0.79567159 0.93257783 49.57113292
178900 -0.79236778 0.95996539 52.11410998
179000 -0.73360336 1.14229984 73.03570188
179100 -0.92037057 0.96104558 46.40262017
179200 -0.84449585 0.80260865 36.94286902
179300 -0.76324666 0.89745553 48.35863806
179400 -0.82774038 0.93838797 48.47021284
179500 -1.01584948 1.05443295 51.80220557
179600 -0.94930625 0.85690472 36.68404609
179700 -0.78051248 0.93253556 50.35869534
179800 -1.04622281 0.92218866 38.94300746
179900 -0.98266582 0.91879677 40.53638460
180000 -0.87741145 1.02364118 53.87957636
180100 -1.06505816 1.11234997 56.28714815
180200 -0.82325755 0.95567077 50.18587602
180300 -0.87674695 1.04778453 56.21575557
180400 -0.72907614 0.93341538 53.28951642
180500 -0.76805600 1.00275665 57.25915648
180600 -0.98641051 0.81579454 32.30518806
180700 -0.68319918 0.96591129 58.88590436
180800 -1.14016767 0.97097753 41.13419893
180900 -0.94593668 0.87910747 38.55574301
181000 -0.76881828 0.94775881 52.29415029
181100 -1.02301231 1.03150224 49.38592227
181200 -1.00444140 1.08351561 55.02048178
181300 -1.10147327 0.95465965 40.42564503
181400 -0.81045500 0.88639813 44.99115802
181500 -1.03279048 0.92991365 39.95991632
181600 -1.04948290 0.94324858 40.65336354
181700 -0.75753978 0.95025135 53.12748504
181800 -0.86776358 0.93364329 46.21399610
181900 -0.77899553 1.04546508 60.70442867
182000 -0.72119739 0.93666697 54.02834032
182100 -0.92537672 1.02935984 52.46095827
182200 -1.13078366 0.90897769 35.96612499
182300 -1.06996241 1.11137910 56.06804463
182400 -0.80975563 1.00151142 54.97138668
182500 -0.99494149 1.05894659 52.87991498
182600 -1.01538590 1.11895406 58.31115035
182700 -0.97250499 0.91727398 40.74652954
182800 -1.01454549 1.02849683 49.34698040
182900 -0.76261307 0.97776563 55.28077861
183000 -0.66328750 0.89927823 54.47269392
183100 -1.06734168 1.01662007 46.80701056
183200 -1.05866697 0.86633553 34.07459259
183300 -1.02941625 0.92776793 39.87188517
183400 -0.88755983 0.84909852 38.49841148
183500 -1.07120973 1.19237547 64.71999901
183600 -0.93571011 1.04314813 53.38736250
183700 -0.96031766 0.90805322 40.39749398
183800 -1.04718534 1.10290162 55.76996300
183900 -0.89710367 1.00788459 51.57265969
184000 -0.85926425 0.88237695 42.34857439
184100 -0.93143133 0.85619728 37.28982253
184200 -0.89470613 1.09182173 59.81261016
184300 -0.82987228 1.11752547 65.34908638
184400 -1.07468517 1.09281145 54.05800481
184500 -1.04225040 0.88323615 35.84390760
184600 -1.02624846 1.08274120 54.30024282
184700 -0.84750304 1.09689987 62.39943937
184800 -0.80107258 0.95217321 50.98466111
184900 -0.97182998 1.12279625 60.08914924
185000 -0.80379385 1.12721922 67.64563770
185100 -0.96898723 0.93763143 42.59106882
185200 -0.86709057 0.97435376 49.80187029
185300 -0.99224246 1.01509260 48.76840071
185400 -1.00447343 0.97150216 44.40612894
185500 -0.96681578 1.25893036 75.38260975
185600 -0.90359344 1.01906612 52.35057362
185700 -1.00071347 0.96239292 43.71377107
185800 -1.01279590 0.94654401 41.96143984
185900 -0.95586327 0.83457831 34.74006290
186000 -1.01221989 1.19203090 66.26428551
186100 -0.73495036 0.99604186 58.49073931
186200 -0.95044636 0.91057905 40.95701863
186300 -0.74031398 1.05845864 64.09617382
186400 -1.04748201 1.14344878 59.99195049
186500 -0.66505589 1.13009281 75.93239082
186600 -0.84294866 1.14312468 67.41855252
186700 -0.91997606 0.93830575 44.44037179
186800 -1.03777837 0.94145637 40.81058496
186900 -0.99564854 1.10887349 57.86987501
187000 -0.79280599 0.90999894 47.81939405
187100 -1.00421927 1.27748075 76.37310013
187200 -1.03579317 1.20962817 67.56245919
187300 -0.98920233 1.04484866 51.69220434
187400 -1.00253099 1.05648908 52.40340573
187500 -0.89789097 0.86020343 38.92756189
187600 -0.83921510 1.01098195 54.41829047
187700 -0.89846397 0.93981442 45.43213680
187800 -0.70417945 1.05381991 65.76718729
187900 -1.12554926 1.13850445 57.72268777
188000 -0.88128854 1.22820237 75.10810974
188100 -0.62559881 0.96993083 63.01909367
188200 -0.92068436 1.07999092 57.57742494
188300 -1.04759579 1.21846232 68.24762066
188400 -0.92499308 0.82241919 34.97082932
188500 -0.96899795 0.85170433 35.59049840
188600 -1.04438595 1.21014756 67.38921679
188700 -0.71346907 1.03160329 63.06989848
188800 -0.99260805 1.18441530 66.02354016
188900 -0.75827132 1.04439320 61.72293890
189000 -1.03470875 1.12847781 58.75454936
189100 -0.74731685 1.12035106 69.94713266
189200 -0.94689803 1.09518717 58.12240205
189300 -0.99218930 1.20416871 68.23794710
189400 -0.98783105 0.94752489 42.81961288
189500 -1.03250627 1.02890077 48.87077246
189600 -1.02434743 0.83436409 32.53312810
189700 -1.04764978 1.16367335 62.15877866
189800 -0.75230189 1.03717208 61.36027904
189900 -0.94528846 0.99945579 48.92067293
190000 -1.04285351 0.99919245 45.81409990
190100 -0.90866138 1.01228402 51.51130899
190200 -0.80349356 1.00643951 55.74194727
190300 -0.97278932 1.20392486 68.84590688
190400 -1.02283392 1.03019461 49.26670717
190500 -0.78967217 0.95608272 51.91309882
190600 -0.87734673 0.99538732 51.25614006
190700 -1.02356212 0.97763030 44.38934090
190800 -0.80585815 1.01306315 56.23829247
190900 -0.98053001 1.13458137 61.03461742
191000 -1.09638118 1.27617943 73.82391119
191100 -0.88962311 0.93434473 45.33108225
191200 -0.98051637 1.11076386 58.55168016
191300 -0.68198580 0.91019658 54.18140986
191400 -0.92631070 0.93715464 44.09657790
191500 -0.78061402 0.86947440 45.17596689
191600 -0.99629999 1.04039645 51.03845148
191700 -0.96304724 1.17986210 66.50364256
191800 -1.01314694 1.04231740 50.70882566
191900 -0.77346336 0.80601072 40.74815634
192000 -0.96443590 0.88485561 38.36035538
192100 -0.91868043 0.95488015 45.92731423
192200 -0.78310614 0.83096073 42.07795834
192300 -0.66671059 1.09901961 72.61111190
192400 -0.96172161 1.02981025 51.17186748
192500 -1.05773944 0.95450223 41.41947716
192600 -0.80325363 0.89742917 46.24911685
192700 -1.18472777 0.96016060 39.51879026
192800 -1.03186609 1.11432905 57.35975259
192900 -0.96956791 1.03126493 51.03994890
193000 -1.05623655 1.17236551 62.88291519
193100 -1.04060929 1.00658141 46.55622328
193200 -0.93093958 0.93680588 43.89015550
193300 -0.84226124 0.87936629 42.88830104
193400 -0.96548923 1.05983873 53.93858060
193500 -0.77350291 1.15464470 72.13451748
193600 -1.02707425 1.05099971 51.14437031
193700 -0.92711863 1.13062715 62.52077753
193800 -1.02339578 1.20956223 67.90264099
193900 -0.95471985 1.16312684 64.96938652
194000 -0.99439885 1.08006208 54.98641277
194100 -0.71768470 1.11174904 70.76717498
194200 -1.03056691 1.14213717 60.31091118
194300 -0.72222145 0.87555184 48.91931778
194400 -1.07255852 1.03215365 48.14875110
194500 -0.97115669 1.23465764 72.40245315
194600 -1.00066319 1.25971503 74.37084020
194700 -0.75467433 0.99464835 57.24840984
194800 -1.03437055 0.99274746 45.45397653
194900 -0.95953545 1.20055084 68.92297905
195000 -1.01818696 0.99887188 46.47401945
195100 -1.02179828 1.08898908 55.05595954
195200 -0.83628620 0.88818390 43.87829924
195300 -0.95477251 1.21802047 71.06385821
195400 -0.85826317 0.93736015 46.95662970
195500 -0.84565334 1.03030592 55.93495835
195600 -0.94485434 1.03922328 52.67203262
195700 -1.01991355 0.95698643 42.66276776
195800 -0.91193406 1.06486826 56.42109897
195900 -0.71184730 0.89956289 51.47349890
196000 -0.89756707 1.23035547 74.67093125
196100 -0.76691013 0.90290886 48.60627975
196200 -1.06042471 0.85571062 33.20073957
196300 -1.01389143 1.01436572 48.03597877
196400 -0.86040296 0.98672325 51.21422754
196500 -0.98633616 1.12885749 60.24301610
196600 -0.96072859 1.07539080 55.63966821
196700 -0.94463695 0.81659575 33.80317297
196800 -0.84153972 0.97142146 50.70436315
196900 -1.03349238 1.06327794 52.16459851
197000 -0.81086041 1.02375206 56.99041402
197100 -1.01826446 1.11682127 58.00539900
197200 -1.01162336 0.83275274 32.78326522
197300 -0.80035225 0.97766820 53.27745110
197400 -0.68443999 0.98347097 60.37925569
197500 -1.03234400 0.95501112 42.13686587
197600 -1.03432367 0.99560841 45.71681039
197700 -0.80121759 0.88560897 45.39326769
197800 -1.00463080 0.91129593 39.21516364
197900 -0.80169296 0.99189347 54.49628759
198000 -1.01776524 0.83992646 33.14446904
198100 -0.92408641 1.00502486 50.23001484
198200 -1.03283942 1.07291479 53.13488851
198300 -0.99017245 1.25753544 74.44396837
198400 -0.99158570 0.98472033 45.99532673
198500 -0.98485153 0.99274530 46.94127574
198600 -0.79519104 0.93823194 50.07951654
198700 -0.94185894 0.95971057 45.47092684
198800 -0.96418806 1.11958362 60.01599982
198900 -0.95719675 1.11006793 59.27550350
199000 -0.89399113 1.30263124 83.39452639
199100 -1.04575945 1.06899180 52.39639197
199200 -1.08022588 1.11902947 56.61891978
199300 -0.99384535 1.17686911 65.15378049
199400 -1.00997642 1.09826057 56.34343722
199500 -0.92907095 1.28478596 79.83080769
199600 -0.84602184 1.07326881 60.09293292
199700 -0.78294424 1.03169188 59.17526068
199800 -0.96926888 1.02721364 50.66556885
199900 -1.04299149 1.21776890 68.29058081
