0 0.77271719 1.08557728 0.47618346
100 0.56703159 0.97059864 35.50949624
200 0.61817195 0.90786089 34.98943932
300 0.55203083 0.98287066 37.60399594
400 0.64454709 0.94018298 24.85354255
500 0.62099366 0.90677508 34.68956867
600 0.62764073 0.90002116 34.84962723
700 0.57645811 0.91474953 42.14435791
800 0.57695319 1.01443473 28.53564611
900 0.62389002 0.94393339 27.68575532
1000 0.60933820 0.89252231 39.69945762
1100 0.58710273 0.89997455 42.66771338
1200 0.59828682 0.95133273 31.39508127
1300 0.62228141 0.94995326 27.04895971
1400 0.56429046 0.97245330 35.91357475
1500 0.55790285 0.97763806 36.79173762
1600 0.60813949 0.98229221 25.33279019
1700 0.58056048 0.93796674 37.20424033
1800 0.59378211 0.94984956 32.53548571
1900 0.59012252 0.96092535 31.69515845
2000 0.60354026 1.01013074 23.33645629
2100 0.56454133 0.97483532 35.55349034
2200 0.59933857 0.91343014 37.53666075
2300 0.60438046 0.99438062 24.71122829
2400 0.62284256 0.98315492 22.51876462
2500 0.56096001 0.86946079 55.14422190
2600 0.62770439 0.94903758 26.23771501
2700 0.63701419 0.92812336 28.05297746
2800 0.63094872 0.94288087 26.63237861
2900 0.61721801 0.94711478 28.39157284
3000 0.58774824 0.90694603 41.16032274
3100 0.62005016 0.95375346 26.88499741
3200 0.61722429 0.89881098 36.94199114
3300 0.61542943 0.93879539 30.02661168
3400 0.61498731 0.95489255 27.64293410
3500 0.60927267 0.88781412 40.69988189
3600 0.61506113 0.93891399 30.07554475
3700 0.58802166 0.89903124 42.66163059
3800 0.53733086 1.02693345 37.16690019
3900 0.62540979 0.87034158 41.61236602
4000 0.63746121 0.93430305 26.93716886
4100 0.58750598 0.93617385 35.99635734
4200 0.69464303 0.93739120 18.77085760
4300 0.57968002 0.91817631 40.80037423
4400 0.62050276 0.96232271 25.58714885
4500 0.62971096 0.97655432 22.11859735
4600 0.59452632 0.99899517 26.21070468
4700 0.55769966 1.00538268 33.83094590
4800 0.61554843 0.92512460 32.30189392
4900 0.62222099 0.93595731 29.25768939
5000 0.59205103 0.97213153 29.79656043
5100 0.62660161 0.90020596 34.99232964
5200 0.59729596 0.86010640 49.31893407
5300 0.59702489 0.93854262 33.63369007
5400 0.60859763 0.92430425 33.75193158
5500 0.59243070 0.95806030 31.61594691
5600 0.54562036 0.90046136 52.26233671
5700 0.60682766 0.97492534 26.47961137
5800 0.59281511 0.91611627 38.36940241
5900 0.62785290 0.86720242 41.91466834
6000 0.57031816 0.92049958 42.48707549
6100 0.60205518 0.90258432 39.07755142
6200 0.64611584 0.89169242 33.53619088
6300 0.62521621 0.94190872 27.77111362
6400 0.64048739 0.89709174 33.30801794
6500 0.62152965 0.91500300 33.03777908
6600 0.58831852 0.92498869 37.71900301
6700 0.63099000 0.94754859 25.90290594
6800 0.57154496 0.85977784 54.94919554
6900 0.60216692 0.93115342 33.82354699
7000 0.62142318 0.96419500 25.16633823
7100 0.62618295 0.91883727 31.51614918
7200 0.62211963 1.01116378 19.76664999
7300 0.59034851 0.95846703 31.99266596
7400 0.57632851 0.96525407 34.09270083
7500 0.56780918 0.88105701 50.92430569
7600 0.61528425 0.99063185 23.04065116
7700 0.60758889 0.90826761 36.89167219
7800 0.60615210 0.92884762 33.43507351
7900 0.56987177 0.95166390 37.48129961
8000 0.62792135 0.96073892 24.50235547
8100 0.61506406 0.89951563 37.19764222
8200 0.56032777 0.96114020 38.36241187
8300 0.59395508 0.94343840 33.48302243
8400 0.60955238 0.98511386 24.73456030
8500 0.56702223 0.92989729 41.60678794
8600 0.58158496 0.94522956 35.82950941
8700 0.54725923 0.98162507 38.94526195
8800 0.57076235 0.95693603 36.50859969
8900 0.55793537 0.96533088 38.36552877
9000 0.62948087 1.00109378 19.42960706
9100 0.61523520 0.91973480 33.31678714
9200 0.58175437 0.98469330 30.46339411
9300 0.64415091 0.90793320 30.58929643
9400 0.60709004 0.93492464 32.23206374
9500 0.61994331 0.99919031 21.29150170
9600 0.58170113 0.84413667 56.56022120
9700 0.64844260 0.94268940 23.85813555
9800 0.63301995 0.90934203 32.11640062
9900 0.59989999 0.92698523 34.98706223
10000 0.64575157 0.97999645 19.09671511
10100 0.64854259 0.97318946 19.51012960
10200 0.59463751 0.86502915 48.69252635
10300 0.60099039 0.90197138 39.41007938
10400 0.55843385 0.92461793 44.55653861
10500 0.56876806 0.92031249 42.87790727
10600 0.62193535 0.88594466 38.76335503
10700 0.62474249 0.89590457 36.18506965
10800 0.62085898 0.94505179 28.05022607
10900 0.62438453 0.95569086 25.83296070
11000 0.59781323 0.91472764 37.60266839
11100 0.58681304 0.87275872 48.54363828
11200 0.57008325 0.94112086 39.05214537
11300 0.56527922 0.94541550 39.49510513
11400 0.61747546 0.98714537 23.02568746
11500 0.62786877 0.94084714 27.47939557
11600 0.60989639 0.92671465 33.08359847
11700 0.64640771 0.98109851 18.86407831
11800 0.57654627 0.92519089 40.24489771
11900 0.59878437 0.91052377 38.19448567
12000 0.59092968 0.94884966 33.27841276
12100 0.60380314 0.95562036 29.66934275
12200 0.58055920 0.88992008 46.14391723
12300 0.65423847 0.87418229 36.12003074
12400 0.59300435 1.03126185 23.78606683
12500 0.54168054 0.96612997 42.32506393
12600 0.60032691 0.94984972 31.20722382
12700 0.63198328 0.97670712 21.71537655
12800 0.61687290 0.95725572 26.95573214
12900 0.62173861 0.96194880 25.41762825
13000 0.58171140 0.87097841 50.05040142
13100 0.60295281 0.87112982 45.60457905
13200 0.58195930 0.92800464 38.56207450
13300 0.57643944 0.88915535 47.21739640
13400 0.61338386 0.94211321 29.87690972
13500 0.58035579 0.95791292 34.21615779
13600 0.60169668 0.89847585 39.96809470
13700 0.56191734 0.95974550 38.17733966
13800 0.58027490 0.93172199 38.29830385
13900 0.61507309 0.92903752 31.71306487
14000 0.55398612 0.89466719 51.34219511
14100 0.62601544 0.95592058 25.51475258
14200 0.56834158 0.92830969 41.57159321
14300 0.59624316 0.91824960 37.27502919
14400 0.55270833 0.84597131 62.84187234
14500 0.62145160 1.02717765 18.59131243
14600 0.57828785 0.91158815 42.32764992
14700 0.58629951 0.97716926 30.37764599
14800 0.58845159 0.92502723 37.68409829
14900 0.57456358 0.95171891 36.40442950
15000 0.57511964 0.98707849 31.66122113
15100 0.62700894 0.98512564 21.56101209
15200 0.60280112 0.86892717 46.14102552
15300 0.59147347 0.88447892 44.96632412
15400 0.59182564 0.93248333 35.69919905
15500 0.58336080 0.88214575 47.19650924
15600 0.62675731 0.89618296 35.77720836
15700 0.61298294 0.92934427 32.04937883
15800 0.56455886 0.99513970 33.21410695
15900 0.60087026 0.96639099 28.75201027
16000 0.60929248 0.98083034 25.28538374
16100 0.57960792 0.95699057 34.51218331
16200 0.58357286 0.89242944 44.96312307
16300 0.57080850 0.97968855 33.50179469
16400 0.60642312 1.00524268 23.22547859
16500 0.59350566 0.92188693 37.18208810
16600 0.60781363 0.89199032 40.10181338
16700 0.61004893 0.91489883 35.17192523
16800 0.60043211 0.96162345 29.48770558
16900 0.52274725 0.90041831 58.35096743
17000 0.64130093 0.93940884 25.48745763
17100 0.60197805 0.95405062 30.25695833
17200 0.63274400 0.91161674 31.73141123
17300 0.58466193 0.97009271 31.62319524
17400 0.55626850 0.89606061 50.49816053
17500 0.61985728 0.84431939 48.91198645
17600 0.62264383 0.94739586 27.37161771
17700 0.61760304 0.90146670 36.34206095
17800 0.62938615 0.98359722 21.32934633
17900 0.63234343 0.91524383 31.12178455
18000 0.54801886 0.99477945 37.28292848
18100 0.60497191 0.90240371 38.54012512
18200 0.66086654 0.96897024 18.26345828
18300 0.58761821 0.91849231 39.02553365
18400 0.57838930 0.96148927 34.14826216
18500 0.61920900 0.83356028 51.83775564
18600 0.53828522 0.92914016 48.84385543
18700 0.57981925 0.89644054 44.95800779
18800 0.61750380 0.96648467 25.56560358
18900 0.63248373 0.94841166 25.52036273
19000 0.58660130 0.97731051 30.29585773
19100 0.61857963 0.89244167 37.99690532
19200 0.64971438 0.93376489 25.10994002
19300 0.61696697 0.94081777 29.42003587
19400 0.62454284 0.99903834 20.48923656
19500 0.58234181 0.84832259 55.35830135
19600 0.57906779 0.95019759 35.62590245
19700 0.56998716 0.94525811 38.42547942
19800 0.59344984 0.89605247 42.12878174
19900 0.59982715 0.92782018 34.85752979
20000 0.59294320 0.91242155 39.02909509
20100 0.59858355 0.96064267 29.99452586
20200 0.59914295 0.91152134 37.93387915
20300 0.63855067 0.91852763 29.49905257
20400 0.59304401 0.88693521 44.11369150
20500 0.55038400 0.96955962 39.66142080
20600 0.62115972 0.94259590 28.37994797
20700 0.61863236 0.94544360 28.39095056
20800 0.59548803 0.92014938 37.08569622
20900 0.59360649 0.93580409 34.77928800
21000 0.59975511 0.94128740 32.64385263
21100 0.57791379 0.92923606 39.24130445
21200 0.61027121 0.85365299 48.34193007
21300 0.61721563 0.95840180 26.73008872
21400 0.60777669 0.89597711 39.28757208
21500 0.61113578 0.90367908 37.10579987
21600 0.60443672 0.92566552 34.31875306
21700 0.65324779 1.01105928 14.72333159
21800 0.62114312 0.89547961 36.90918619
21900 0.58837663 0.98581015 28.91188606
22000 0.59324220 0.91687355 38.14204114
22100 0.60783494 0.85934523 47.42106593
22200 0.65201635 0.92043694 27.07102770
22300 0.60852742 0.90235432 37.86278171
22400 0.60220476 0.95640866 29.87071566
22500 0.55589429 0.90505738 48.79511280
22600 0.60064021 0.94618050 31.70238131
22700 0.61817772 0.94682075 28.26161350
22800 0.64135612 0.92106677 28.59248990
22900 0.60736271 0.93376226 32.37205517
23000 0.60729601 0.95133920 29.61743101
23100 0.58826013 0.92911870 37.01709503
23200 0.58880130 0.92867127 36.97921292
23300 0.61107474 0.89852633 38.14219642
23400 0.63057671 0.79236518 61.67171523
23500 0.63723588 0.86369646 41.16576156
23600 0.61249993 0.88288920 41.14668792
23700 0.56603775 0.97717439 34.91223239
23800 0.62373804 0.92257868 31.27330214
23900 0.59888742 0.96152252 29.81114219
24000 0.57040856 0.89011290 48.38241211
24100 0.60033578 0.91949223 36.22442837
24200 0.59750924 0.87725215 45.30955610
24300 0.62194024 0.95088896 26.96969034
24400 0.57714556 0.84727079 56.76807697
24500 0.59058731 0.94976444 33.21219951
24600 0.61038560 1.03000304 20.42659737
24700 0.61529902 0.96712605 25.88496884
24800 0.60653651 0.89237251 40.26864894
24900 0.60614089 0.91680482 35.57091363
25000 0.58501524 0.94924309 34.47304576
25100 0.61695578 0.88788195 39.24962633
25200 0.62615760 0.96102113 24.76815315
25300 0.55112913 0.96608868 39.93447424
25400 0.57573280 0.91309237 42.61511927
25500 0.60514334 0.84723176 50.93044943
25600 0.59676212 0.91743089 37.31855805
25700 0.63611425 0.93853089 26.46540617
25800 0.58208210 0.99639433 29.11117372
25900 0.55795986 0.94376644 41.49617613
26000 0.60046459 0.89963657 39.97994338
26100 0.60364825 0.86423123 47.07046019
26200 0.61115816 0.86382388 45.72020153
26300 0.62854406 0.89137723 36.46029911
26400 0.59794056 0.97500352 28.22606874
26500 0.64791270 0.96277789 20.98022786
26600 0.60848474 0.90689973 36.98290453
26700 0.57892326 0.95012308 35.66900892
26800 0.66765470 0.97163393 16.99656289
26900 0.56641874 0.94394907 39.45604895
27000 0.56719866 0.92942690 41.64582397
27100 0.60294107 0.95664005 29.69214800
27200 0.65532301 0.89556658 31.36222794
27300 0.62149012 0.91731882 32.61909430
27400 0.61132442 0.99268882 23.55708176
27500 0.60018903 0.96638729 28.88839028
27600 0.60790361 0.95443305 29.04537954
27700 0.57798180 0.86784962 51.59294022
27800 0.61376918 0.93999832 30.14122771
27900 0.55868990 0.95564898 39.53389164
28000 0.56678962 0.90383841 46.43322532
28100 0.60919374 0.89189075 39.85824518
28200 0.62112895 0.89095032 37.84830995
28300 0.59910446 0.98273536 27.05500706
28400 0.62431724 0.91950430 31.72156470
28500 0.59576724 0.91499206 37.96948073
28600 0.57350205 0.98468675 32.29923316
28700 0.62630316 0.91836347 31.58121007
28800 0.56376784 0.97022604 36.32345742
28900 0.58710952 0.96471264 31.81251356
29000 0.61987034 0.96464340 25.38405132
29100 0.56934485 0.97202354 34.78988612
29200 0.59356629 0.90373331 40.56774393
29300 0.57995040 0.91231691 41.82338397
29400 0.65454280 0.89826580 30.92724249
29500 0.58201348 0.99557236 29.21162803
29600 0.60160091 0.90725745 38.25594485
29700 0.59167943 0.92604088 36.82961659
29800 0.57482256 0.92879026 40.00882629
29900 0.61797369 1.00708861 20.88305222
30000 0.59579338 0.90948410 38.99832647
30100 0.63855594 0.91463199 30.21274116
30200 0.63129092 0.96447953 23.41427604
30300 0.65612206 0.95609688 20.70448493
30400 0.61872922 0.85755889 45.81839321
30500 0.61264992 0.81306582 58.71563762
30600 0.53809695 0.96575604 43.30732371
30700 0.63134565 0.89657615 34.91277614
30800 0.61206069 0.88884633 39.95352891
30900 0.62884423 0.95353388 25.37331006
31000 0.60361755 0.90997213 37.33832954
31100 0.60710971 0.90413800 37.78429298
31200 0.58533224 0.95446683 33.63107480
31300 0.59266426 0.87898081 45.91879604
31400 0.62752802 0.92077022 30.93494813
31500 0.62839885 0.93207999 28.82204071
31600 0.61791437 0.91187933 34.27228206
31700 0.56050367 0.88920093 50.89736988
31800 0.59834692 0.93412002 34.09006470
31900 0.62592797 0.89769718 35.61375106
32000 0.61461753 0.95300507 27.98708618
32100 0.64629949 0.91930262 28.13769550
32200 0.64492539 0.90326710 31.37598404
32300 0.61153943 0.99852146 22.90764002
32400 0.64706109 0.85829332 40.90621391
32500 0.61840094 0.92193659 32.34239858
32600 0.61142182 0.99769331 23.01419490
32700 0.60402241 0.88212899 42.93749603
32800 0.53585857 1.04013409 36.67731218
32900 0.56657487 1.00607759 31.65435474
33000 0.59367699 0.90797382 39.72161935
33100 0.53374783 0.94207010 47.91603670
33200 0.63615802 0.91724527 30.12174334
33300 0.61251901 0.81630390 57.81630085
33400 0.61589050 0.92560958 32.15416257
33500 0.60945428 0.87069973 44.44314320
33600 0.58349880 0.92764907 38.28880600
33700 0.58751107 0.94772765 34.16920583
33800 0.61185375 0.90480435 36.75017635
33900 0.59548873 0.88521853 43.97796812
34000 0.54074168 0.90593736 52.43759034
34100 0.63128116 0.92026363 30.38560421
34200 0.58899788 0.95440565 32.85980629
34300 0.62159701 1.00073183 20.84089721
34400 0.59028477 0.91488828 39.12341346
34500 0.65541387 0.96699752 19.29740459
34600 0.62386161 0.91772142 32.12510681
34700 0.61953463 0.95537593 26.74193602
34800 0.60798787 0.93400132 32.21211041
34900 0.58598631 0.91763268 39.52984954
35000 0.58894865 1.02187670 25.32296157
35100 0.59244482 0.94411893 33.68903066
35200 0.54332284 0.93137894 47.15811264
35300 0.60098536 0.91374235 37.14937043
35400 0.62018125 0.88942293 38.33874229
35500 0.58794497 0.97084634 30.82400228
35600 0.58637639 0.90574845 41.68435476
35700 0.60400237 0.91734932 35.88817171
35800 0.60515953 0.98646702 25.42627419
35900 0.63021167 0.96015876 24.19182551
36000 0.60040681 0.89981078 39.95658238
36100 0.60975731 0.93440062 31.80771756
36200 0.60302277 0.93033692 33.79279423
36300 0.62626757 0.74610590 77.71199453
36400 0.63068284 0.85747066 43.74439063
36500 0.55957682 0.93276552 42.88533850
36600 0.61434016 0.97795313 24.68250664
36700 0.65058153 0.89546158 32.08092176
36800 0.60330996 0.86004394 48.13294149
36900 0.59590049 0.89385396 42.07640026
37000 0.66634426 0.96992252 17.39200280
37100 0.62832935 0.97165454 22.97168516
37200 0.62247542 0.90065911 35.62588462
37300 0.56810773 0.98973464 32.96623702
37400 0.59983833 0.90401522 39.23736554
37500 0.61282779 0.98143241 24.54585381
37600 0.59691799 0.94851671 32.09474472
37700 0.61581646 0.92088881 33.00219664
37800 0.59653520 0.88690425 43.40386147
37900 0.57771114 0.98833353 30.94086951
38000 0.60135087 0.89229129 41.30219279
38100 0.59727811 0.91406349 37.83427591
38200 0.55767370 0.91185360 47.06055167
38300 0.60810746 0.91928726 34.73992131
38400 0.59423194 0.95374570 31.86540665
38500 0.62836193 0.92646748 29.78658136
38600 0.55503779 0.98394233 36.73793443
38700 0.62457002 0.93259104 29.40071815
38800 0.60505966 0.92360067 34.55922989
38900 0.60478696 0.93896903 32.01955360
39000 0.58445363 0.98008727 30.41964897
39100 0.53663268 0.90143084 54.39602736
39200 0.58248903 0.96765126 32.41360629
39300 0.60810975 0.92984153 32.88788608
39400 0.60275002 0.91492938 36.57934437
39500 0.56536740 0.88388552 50.87896374
39600 0.62755544 0.92707016 29.82092780
39700 0.58925061 0.86226460 50.46671265
39800 0.64883858 0.90778406 29.89837059
39900 0.59451553 0.88658320 43.88529934
40000 0.59046186 0.97100661 30.27276348
40100 0.62617004 0.93796299 28.23642352
40200 0.59457401 0.91978526 37.33859467
40300 0.60200796 0.98571003 26.13152356
40400 0.66013469 0.97044705 18.17313524
40500 0.52966446 0.98846201 42.76101276
40600 0.62709007 0.99662065 20.29256664
40700 0.58498210 0.92222094 38.91904514
40800 0.59818613 0.92831531 35.10223458
40900 0.59071525 0.95691070 32.13732875
41000 0.67158034 0.92354775 23.81350329
41100 0.58343385 0.99591759 28.86702404
41200 0.55125674 0.96128317 40.55778321
41300 0.58430033 0.90363736 42.54231640
41400 0.65354918 0.91783677 27.31564195
41500 0.56844859 0.97716115 34.35271850
41600 0.56434682 0.95817321 37.82362839
41700 0.58149443 0.99116481 29.79489108
41800 0.59596919 0.92069694 36.88907985
41900 0.58796098 0.91502465 39.58821185
42000 0.62951424 1.00457962 19.08522114
42100 0.60799417 0.90938167 36.60079348
42200 0.64192434 1.02913321 15.00500812
42300 0.60201834 0.90716022 38.19195906
42400 0.62222362 0.95210613 26.73851910
42500 0.63490114 0.97848726 21.01149069
42600 0.60222353 0.99052237 25.55044163
42700 0.54714795 0.91166987 49.70119727
42800 0.58788130 0.97442082 30.38223556
42900 0.59241606 0.89557967 42.43938173
43000 0.60320128 0.95638234 29.67788435
43100 0.54254697 1.01130598 37.07434701
43200 0.56916828 1.01359337 30.37469390
43300 0.58877378 0.97582464 30.01801786
43400 0.60777192 0.97252339 26.60096007
43500 0.57919235 0.91446176 41.59022792
43600 0.62930201 0.91305880 32.04240830
43700 0.59607813 0.96855382 29.43111333
43800 0.57829604 0.88213498 48.30890609
43900 0.60088472 0.91895133 36.21275677
44000 0.60501779 0.95589709 29.39185439
44100 0.58627731 0.92912089 37.43852860
44200 0.68271773 0.95860064 16.87445372
44300 0.63220227 0.93824370 27.16059049
44400 0.59026233 0.92992940 36.45694999
44500 0.58573863 1.03527110 25.04888211
44600 0.56096384 0.96778930 37.30897818
44700 0.66273713 0.90071078 29.27864362
44800 0.54606473 1.01413299 35.92813284
44900 0.57136802 0.87399593 51.67521142
45000 0.63759501 0.88552859 36.18668322
45100 0.59314905 0.93477297 35.04364397
45200 0.64427155 0.93975980 24.96413567
45300 0.57441607 0.97582193 33.15415275
45400 0.62846736 0.91931051 31.03606835
45500 0.61314743 0.84212454 50.70681698
45600 0.61137960 0.93280914 31.76521856
45700 0.60471955 0.97973205 26.29941719
45800 0.60593073 0.93386572 32.63174046
45900 0.64745651 1.01451264 15.28880294
46000 0.56736556 0.94836157 38.55649927
46100 0.60850649 1.02216837 21.36376442
46200 0.59025626 0.96839186 30.65656991
46300 0.59339119 0.93985551 34.16672915
46400 0.63443456 0.96226526 23.19138647
46500 0.64034835 0.92288222 28.42967910
46600 0.62479506 0.90350619 34.65329323
46700 0.60039438 0.91399661 37.21983092
46800 0.58811190 0.84680370 54.50246618
46900 0.57320332 0.90425353 44.87670699
47000 0.53516075 0.94793794 46.63135007
47100 0.61147035 0.95436799 28.37605519
47200 0.60076431 0.93642910 33.22514932
47300 0.56622487 0.94965718 38.62688737
47400 0.61834872 0.91591058 33.44305237
47500 0.62380086 0.90137047 35.24991298
47600 0.57170596 0.99483628 31.58878841
47700 0.56859070 0.92960906 41.29166883
47800 0.61197472 0.99434553 23.25818562
47900 0.58577579 0.93225295 37.01554343
48000 0.60632542 0.86614167 46.09977966
48100 0.57816854 0.92271780 40.31908836
48200 0.53583543 0.94288545 47.23394906
48300 0.60324155 0.88609652 42.23429351
48400 0.64083151 0.99667365 18.00547219
48500 0.59270101 0.97927590 28.77358946
48600 0.65465710 0.88962251 32.69162354
48700 0.57873445 0.95524774 34.95582906
48800 0.55301338 0.88454933 53.71068999
48900 0.58134418 0.91531086 40.96022216
49000 0.62077925 0.87065151 42.36040233
49100 0.58740803 0.96617828 31.55179957
49200 0.60611550 0.95542985 29.24586435
49300 0.63138797 0.88820041 36.64454086
49400 0.60415727 0.95507619 29.67864212
49500 0.59265730 0.95446669 32.08546876
49600 0.55072171 0.87794451 55.72415109
49700 0.65496176 0.93338292 24.39866992
49800 0.64078523 0.88205406 36.42488832
49900 0.57040324 1.01307390 30.13540896
50000 0.60019435 0.96134141 29.57425105
50100 0.62157110 0.91021827 33.92698732
50200 0.58914407 0.88406421 45.54424469
50300 0.55695995 0.91165689 47.27079651
50400 0.59624275 0.91820118 37.28391412
50500 0.58741928 1.02910769 25.10814112
50600 0.63608059 0.88922958 35.64687093
50700 0.61005273 0.97217629 26.20943440
50800 0.59697447 0.94368664 32.82661716
50900 0.57001153 0.98372966 33.20674501
51000 0.57343262 0.97443049 33.55024020
51100 0.57816252 0.99698490 29.91198930
51200 0.58057916 0.92071315 40.14463939
51300 0.53103269 0.96273487 45.59256420
51400 0.59910510 0.93743274 33.39343768
51500 0.57363337 0.95051436 36.79390510
51600 0.60382782 0.96730919 28.04518781
51700 0.59418280 0.87133333 47.32458331
51800 0.58585948 0.96491102 32.05259776
51900 0.58340132 0.99173372 29.31828681
52000 0.59721108 0.94759277 32.17565545
52100 0.61841872 0.92323168 32.10939898
52200 0.58030124 0.94559651 36.05399106
52300 0.59627728 0.95917907 30.66674191
52400 0.61412556 0.89245919 38.81124785
52500 0.63682877 0.94133700 25.89939883
52600 0.56757440 0.93656659 40.36606867
52700 0.59183691 0.90778726 40.13880288
52800 0.58217458 0.93536999 37.27547719
52900 0.57944970 0.92863858 39.00358557
53000 0.56597331 0.97929906 34.66860334
53100 0.58156502 0.91216820 41.49731176
53200 0.57151276 0.91531746 43.15702900
53300 0.56014500 0.98304035 35.60499087
53400 0.60745472 0.94814737 30.06645274
53500 0.62988596 0.89293799 35.90673042
53600 0.61104568 0.93588254 31.31913947
53700 0.57765372 0.93999421 37.51986005
53800 0.58821227 1.00688466 26.76225425
53900 0.56567893 0.89791898 47.87155227
54000 0.59637627 1.02645410 23.43581065
54100 0.59209679 0.93668977 34.94698820
54200 0.59761830 0.89562140 41.36448115
54300 0.60560811 0.90229667 38.43740605
54400 0.64124791 0.91175609 30.31899732
54500 0.59747223 0.92590085 35.66400544
54600 0.62487708 1.02314851 18.28709480
54700 0.58447068 0.94265307 35.60547063
54800 0.62292172 0.90743017 34.21992867
54900 0.58445208 0.95834976 33.26284819
55000 0.63165341 0.85451947 44.30063236
55100 0.59164290 0.98677854 28.11589117
55200 0.62053696 0.81999983 55.30354089
55300 0.58506430 0.96154389 32.68372431
55400 0.55806668 0.94320824 41.55769289
55500 0.61287633 0.93873258 30.51122562
55600 0.60560209 0.98869639 25.08951924
55700 0.64110593 0.96486695 21.75413299
55800 0.55907249 0.99564414 34.46810388
55900 0.55330032 0.84396100 63.20835305
56000 0.60519543 0.92478399 34.32473406
56100 0.60869655 0.95776454 28.41396862
56200 0.57285801 0.90691760 44.43714921
56300 0.58385272 0.93216214 37.44459678
56400 0.66075526 0.92335666 25.29598399
56500 0.64882105 0.86314904 39.47672588
56600 0.60546800 0.93055800 33.27664515
56700 0.64073187 0.95127120 23.74329725
56800 0.57182619 0.98107946 33.10269064
56900 0.62952371 0.89525977 35.49036390
57000 0.60666950 0.94597903 30.54956995
57100 0.58188893 0.95432387 34.39698767
57200 0.57665758 0.88690351 47.64597420
57300 0.59776981 0.89963957 40.52067742
57400 0.64466802 1.01904136 15.34116195
57500 0.56524992 0.94491882 39.57888639
57600 0.60350864 0.90958453 37.43345326
57700 0.61186080 0.94611657 29.53823416
57800 0.58272050 0.93189279 37.73520805
57900 0.64368709 0.85017074 43.42419198
58000 0.61772906 0.92212004 32.43198812
58100 0.57277745 0.95540705 36.26860549
58200 0.61921660 0.95550826 26.78024963
58300 0.57607496 0.97336748 33.08910896
58400 0.60909462 0.91494592 35.34493877
58500 0.62761594 0.83117025 50.99284895
58600 0.59147651 0.84832083 53.41222494
58700 0.62323700 0.89804508 36.01547329
58800 0.62386015 0.93630834 28.91010326
58900 0.55420900 0.92059335 46.29998253
59000 0.60766108 0.91060924 36.43155999
59100 0.62460664 0.94663560 27.14173448
59200 0.59954467 0.90228656 39.63647214
59300 0.61282133 0.86573749 44.95738924
59400 0.58382537 0.96346299 32.68691152
59500 0.62093112 0.93928514 28.94746362
59600 0.58640310 0.93592524 36.27208068
59700 0.57270249 0.97621801 33.49307104
59800 0.59019089 0.95454294 32.58880947
59900 0.61717837 0.89749019 37.21698609
60000 0.56652261 0.95533623 37.71964837
60100 0.57524242 0.93343852 39.12934751
60200 0.56834725 0.88476024 49.99557617
60300 0.58393988 0.86980219 49.83650452
60400 0.60881942 0.97249365 26.40394178
60500 0.56977017 1.00410328 31.10097831
60600 0.61224952 0.93142528 31.83383971
60700 0.59067370 0.98552116 28.46145129
60800 0.58940640 0.91555562 39.18469562
60900 0.62882606 0.96640911 23.57352267
61000 0.61448569 0.99960963 22.24689359
61100 0.63193599 0.91324321 31.56180429
61200 0.59417634 1.01011195 25.22162007
61300 0.62092334 0.95914058 25.95491286
61400 0.63761547 0.90908259 31.40909694
61500 0.59778139 0.89885538 40.67576069
61600 0.55888612 0.95629552 39.39344133
61700 0.55699224 0.92792769 44.33082370
61800 0.60936574 0.97463844 26.02847090
61900 0.61165196 0.91206461 35.39734685
62000 0.55657503 0.94819563 41.15014100
62100 0.59075990 0.81371200 62.87111819
62200 0.58688998 0.93661647 36.05502795
62300 0.58614611 0.92637556 37.93946657
62400 0.62897545 0.97179133 22.84342966
62500 0.60180811 0.91568211 36.62655543
62600 0.60453627 0.95787133 29.20331383
62700 0.62615407 0.95717248 25.31105394
62800 0.59265784 0.91972476 37.74496623
62900 0.59123731 0.90318925 41.15816635
63000 0.58175149 0.93905040 36.76859349
63100 0.67159238 1.01972706 11.46613053
63200 0.61253859 0.99319624 23.27441149
63300 0.68006406 0.93479998 20.83783886
63400 0.61199354 0.96090475 27.34695866
63500 0.62337566 0.92918207 30.18746021
63600 0.62057876 0.92941279 30.64598997
63700 0.61232882 0.96881372 26.21515592
63800 0.59673611 0.88979919 42.75029531
63900 0.59361408 0.93818762 34.38919819
64000 0.64492301 0.99072533 17.99491283
64100 0.60464314 0.88892485 41.35851166
64200 0.58031359 0.97146634 32.39151053
64300 0.61467817 0.86467961 44.85993499
64400 0.59689216 0.90660747 39.32673370
64500 0.59097063 0.91443053 39.06465230
64600 0.56156603 0.94960102 39.73530471
64700 0.60853597 0.95092161 29.44142024
64800 0.59398557 0.95571391 31.63020996
64900 0.63851115 0.85146262 43.92473950
65000 0.62340734 0.90652562 34.30865117
65100 0.59775266 0.96211666 29.95790199
65200 0.59911207 0.89945499 40.28713071
65300 0.64043808 0.89767337 33.19803526
65400 0.59906008 0.89369421 41.46946367
65500 0.57592110 0.99201768 30.93576680
65600 0.58053278 0.89833869 44.41657031
65700 0.63626568 0.99665552 18.74450558
65800 0.65654551 0.88767668 32.83019118
65900 0.58495830 0.93578418 36.60488337
66000 0.56764649 0.90376102 46.24894549
66100 0.57590026 0.97934113 32.38962766
66200 0.61286519 0.99755971 22.75672384
66300 0.58160297 0.91880636 40.26419801
66400 0.56459677 0.96789836 36.43276184
66500 0.61584411 0.86042634 45.65446620
66600 0.56721328 0.93076305 41.41540117
66700 0.57833580 0.89421496 45.74124914
66800 0.59368679 0.89095710 43.13203631
66900 0.61046684 0.96250121 27.41436809
67000 0.63312346 0.91578648 30.89120132
67100 0.62745985 0.93367387 28.71724238
67200 0.62280480 0.89488589 36.73496889
67300 0.60134701 0.82973986 56.25177770
67400 0.58610278 0.87941651 47.20454857
67500 0.59399158 0.95514466 31.71126993
67600 0.67047043 0.87671701 33.31660060
67700 0.61811716 0.92111777 32.54010864
67800 0.58261962 1.01572123 27.17857072
67900 0.59869796 0.94142951 32.83355510
68000 0.58732023 0.97260297 30.73134257
68100 0.57278544 0.89471927 46.88331743
68200 0.56535840 1.00936270 31.63589894
68300 0.59789427 0.96710167 29.25434516
68400 0.63064946 0.91484835 31.48036924
68500 0.59469992 0.97576888 28.79074799
68600 0.58280061 1.00579334 28.02523474
68700 0.57787211 0.95106648 35.76099701
68800 0.53604832 0.97987619 42.05010828
68900 0.55509690 0.90076836 49.83538703
69000 0.53573754 0.96899293 43.49874925
69100 0.56502127 0.93444849 41.31115162
69200 0.62223744 0.93611650 29.22866440
69300 0.56803024 0.97829939 34.31050440
69400 0.57490380 0.97558335 33.07390099
69500 0.58820217 0.85258227 53.03692712
69600 0.62824492 1.02313736 17.70383584
69700 0.57566610 0.89961426 45.24007234
69800 0.59935308 0.91623025 37.01525342
69900 0.57060883 0.97237593 34.45410640
70000 0.56713782 0.90060881 46.99082059
70100 0.63216289 0.95175087 25.07354969
70200 0.59268753 0.96237131 30.96005828
70300 0.55645727 0.98386895 36.39974062
70400 0.58190146 0.95006061 35.02439772
70500 0.59670502 0.95149093 31.69189652
70600 0.61694084 1.01476974 20.38742696
70700 0.54452946 0.93558460 46.14881141
70800 0.60440878 0.94677936 30.86624482
70900 0.57512635 0.89898485 45.48762358
71000 0.58705367 0.92550798 37.89680127
71100 0.58629273 0.91846648 39.31260917
71200 0.60163463 0.88296242 43.22706389
71300 0.54821179 0.93736126 44.92433204
71400 0.60729103 0.89945367 38.67778959
71500 0.57296698 0.93648335 39.14084344
71600 0.60262609 0.97680519 27.06671136
71700 0.63252267 0.84468057 46.61833405
71800 0.58669049 0.98845468 28.97165242
71900 0.62766555 0.98567855 21.38427818
72000 0.60411262 1.00609038 23.59544219
72100 0.58734618 0.92015648 38.78266899
72200 0.56837050 0.81824341 66.51950302
72300 0.59391323 0.89536706 42.17319976
72400 0.56459844 0.92504578 43.01143699
72500 0.57997093 0.89001416 46.25342335
72600 0.56511887 0.92937856 42.14041083
72700 0.68225432 0.91304454 24.40819518
72800 0.58469018 0.89603017 43.98100375
72900 0.61683566 0.97644582 24.40740597
73000 0.60713389 0.94542757 30.54498500
73100 0.58246611 0.93925661 36.57971593
73200 0.61097604 0.93643503 31.24177920
73300 0.63400838 0.91124927 31.59002748
73400 0.59892755 0.93763901 33.39560982
73500 0.64424303 0.97270586 20.23201571
73600 0.54529244 0.94433756 44.55336855
73700 0.57630892 0.96487288 34.14851886
73800 0.62835884 0.87652273 39.70138992
73900 0.62237862 0.89937593 35.89968620
74000 0.60203287 0.92744159 34.48369452
74100 0.62495248 0.96908624 23.89002408
74200 0.57555473 0.92099534 41.20917338
74300 0.55668628 0.93119852 43.84775375
74400 0.63353337 0.95083177 24.98115100
74500 0.63947521 0.90570457 31.75946146
74600 0.60026527 0.94900952 31.34604253
74700 0.59416819 0.97079841 29.52989185
74800 0.59242355 0.93245601 35.57948533
74900 0.61737085 0.93443930 30.38187584
75000 0.60838790 0.89826754 38.70559052
75100 0.61762433 0.91340358 34.03955402
75200 0.60542704 0.94757844 30.54548483
75300 0.61857015 0.93185755 30.59433660
75400 0.58367483 0.98233580 30.32072135
75500 0.57716279 0.93460446 38.50605428
75600 0.62321768 0.87275902 41.44522559
75700 0.60781582 0.92192427 34.32286143
75800 0.61537903 0.92686805 32.02978658
75900 0.58369316 0.90822863 41.78245435
76000 0.59121012 0.88989507 43.86864712
76100 0.60319439 0.94396173 31.54019486
76200 0.58681999 0.93708051 35.99423886
76300 0.54627004 0.97794037 39.63872409
76400 0.58583737 0.96804652 31.63867702
76500 0.57821350 0.95993009 34.40441499
76600 0.67962360 0.96752133 16.02053830
76700 0.61503252 0.92904699 31.71895006
76800 0.61432464 0.87990193 41.45924978
76900 0.56864328 0.95773696 36.88235114
77000 0.60790093 0.93648516 31.81957809
77100 0.59415587 0.90328167 40.53495436
77200 0.61911961 0.97875266 23.70931616
77300 0.59183317 0.94847078 33.14726564
77400 0.57693174 0.91477782 42.03335175
77500 0.61544658 0.96213987 26.53269127
77600 0.62147254 0.86648622 43.20036977
77700 0.58611231 0.91673803 39.66644818
77800 0.63139498 0.95617072 24.55725642
77900 0.64346448 0.93576157 25.73881594
78000 0.60753276 0.91221366 36.15367379
78100 0.58573971 0.95701216 33.17649769
78200 0.55569303 0.93519172 43.42383200
78300 0.58721211 0.97946080 29.90419190
78400 0.61017949 0.97593503 25.71197180
78500 0.64137408 0.93560278 26.09431477
78600 0.59592908 0.92630398 35.90762418
78700 0.56835715 0.85920495 55.82033384
78800 0.61302781 1.00237570 22.24455183
78900 0.55489191 0.92549764 45.26452538
79000 0.58021827 0.92899290 38.77371840
79100 0.61528323 0.94382015 29.25621636
79200 0.59536816 0.88160942 44.78431801
79300 0.65458091 0.87158715 36.65957001
79400 0.58590274 0.85846658 52.08801377
79500 0.63178244 0.91923148 30.48720422
79600 0.58396948 0.84937061 54.74214034
79700 0.57427724 1.01994512 28.67977544
79800 0.57212274 0.96692835 34.81805448
79900 0.65392778 0.93496192 24.28733152
80000 0.65483419 0.83116258 46.67333549
80100 0.62376032 1.02387318 18.42785862
80200 0.59064247 0.93561828 35.42596172
80300 0.63807452 0.96126536 22.73358042
80400 0.56321784 0.98293422 34.88509457
80500 0.62196732 0.87944826 40.16935223
80600 0.62294965 0.93372265 29.49749277
80700 0.55827625 0.93090710 43.51139061
80800 0.62751152 0.94272459 27.24391562
80900 0.61192276 0.96041007 27.42919837
81000 0.49623584 0.90669225 64.82027635
81100 0.61809846 0.98336872 23.34551236
81200 0.57415859 0.87571588 50.65385372
81300 0.60354898 0.92203267 35.13268568
81400 0.58415274 0.99198671 29.12845501
81500 0.62918272 0.91342133 31.99507226
81600 0.63211183 0.85614286 43.82637055
81700 0.61034052 0.94897718 29.38930410
81800 0.60808373 0.91353415 35.80068365
81900 0.54178819 0.93122560 47.57906943
82000 0.60461413 0.93900897 32.04687481
82100 0.61226885 0.91178264 35.33437847
82200 0.57943014 0.86025260 53.06493921
82300 0.57798601 0.89770689 45.10635675
82400 0.58299292 0.93385428 37.34823575
82500 0.58387319 0.97909884 30.66394521
82600 0.59155447 0.93634598 35.11609003
82700 0.59105894 0.94233024 34.25805943
82800 0.60928947 0.94384745 30.37706321
82900 0.64027983 0.92439176 28.17439423
83000 0.55270739 0.95255183 41.44729820
83100 0.59742759 1.01843894 23.84389328
83200 0.56016326 0.95568460 39.17429770
83300 0.54995551 0.90612741 50.05441346
83400 0.55803074 0.98826425 35.51700032
83500 0.58372839 0.94642113 35.17993892
83600 0.60471299 0.87715516 43.89842079
83700 0.55716865 0.91017673 47.49996796
83800 0.65026503 0.91759647 27.84580336
83900 0.66362438 0.87677492 34.21387425
84000 0.61673501 0.93292042 30.75082198
84100 0.57284570 0.90662304 44.49686122
84200 0.60290144 0.91275485 36.95429344
84300 0.56599378 0.84115514 60.87978499
84400 0.58272999 0.93885841 36.58643599
84500 0.60045829 0.91820521 36.43312034
84600 0.59236380 0.94662689 33.31805041
84700 0.61395930 0.97909126 24.61503371
84800 0.62734720 0.99207531 20.72836454
84900 0.65474303 0.94500532 22.56146759
85000 0.57306490 0.92773235 40.58784150
85100 0.58395705 0.92860836 38.02482480
85200 0.61039623 0.92116051 33.96657609
85300 0.60107244 1.04753333 21.16246247
85400 0.63107669 0.89292941 35.70665630
85500 0.56498582 0.87759558 52.34769610
85600 0.60976484 0.98397936 24.82510206
85700 0.62116453 0.98264035 22.87770597
85800 0.59819417 0.84978523 51.66651134
85900 0.61627846 0.96643471 25.79664519
86000 0.60485851 0.90553613 37.94819867
86100 0.64343374 0.97053183 20.63750000
86200 0.60363831 0.91593724 36.21850679
86300 0.61547536 0.85602698 46.78608827
86400 0.60089835 0.93788357 32.96160159
86500 0.59166291 0.93851946 34.74015231
86600 0.57578184 1.00282206 29.85866822
86700 0.60049018 1.00213431 24.69093066
86800 0.59341388 0.88662152 44.10410080
86900 0.61628611 0.89409418 38.07400025
87000 0.60312377 0.91655388 36.20636406
87100 0.59545119 0.91524306 37.98767227
87200 0.57693756 0.93675639 38.20266354
87300 0.58938138 0.94538408 34.13314170
87400 0.59331601 0.89536726 42.29641681
87500 0.56681292 0.96843426 35.84287804
87600 0.60910174 0.89377056 39.48636329
87700 0.59203924 0.95418219 32.25525541
87800 0.67071392 0.91433630 25.59295000
87900 0.61689862 0.91917662 33.11160575
88000 0.59408573 0.94639500 32.99759100
88100 0.59777298 0.92756757 35.31435503
88200 0.59896453 0.93169829 34.37036351
88300 0.58686539 0.92086984 38.75698785
88400 0.67125742 0.89304532 29.70244507
88500 0.57506948 0.92632900 40.37767630
88600 0.59235495 0.93754425 34.75416874
88700 0.58565276 0.96134177 32.58542164
88800 0.59621924 0.99153912 26.64518131
88900 0.58134288 0.96614191 32.86446121
89000 0.62090745 0.90800709 34.46771048
89100 0.60853159 0.87831481 42.90223746
89200 0.60636567 0.93709911 32.01547664
89300 0.56349883 0.96814776 36.65890822
89400 0.59439612 0.96510143 30.23529025
89500 0.61866578 0.91535154 33.48857656
89600 0.57975042 0.94783110 35.83262640
89700 0.62463696 0.90843586 33.72450927
89800 0.57900436 0.95021794 35.63686881
89900 0.63410181 0.98378308 20.51429204
90000 0.64717549 0.97164228 19.91551752
90100 0.57419661 0.95777876 35.60702546
90200 0.59717830 0.89765609 41.03984970
90300 0.58871978 0.90800455 40.75079350
90400 0.55458591 0.88315233 53.62549383
90500 0.60972313 0.92729083 33.01687230
90600 0.60490358 0.96574506 28.04350066
90700 0.59543575 0.89349826 42.24474935
90800 0.56976752 0.93986722 39.32475268
90900 0.59616967 0.88898558 43.03694407
91000 0.60368088 0.95864023 29.26188997
91100 0.64803080 0.96341596 20.87491887
91200 0.63227490 0.93465574 27.73521685
91300 0.63677182 0.84929675 44.74777957
91400 0.61602142 0.97283446 25.00959663
91500 0.58657540 0.88716237 45.42495741
91600 0.61132436 1.03785655 19.73015302
91700 0.62835742 0.88516861 37.80684976
91800 0.59846681 1.02898511 22.82937165
91900 0.62828532 1.00358044 19.39133186
92000 0.60124412 0.97253734 27.87531511
92100 0.64340869 0.85308878 42.74299342
92200 0.60388584 0.93366698 33.06371785
92300 0.60800132 0.98649071 24.87392496
92400 0.56633957 0.89015844 49.31533743
92500 0.62836880 0.95458377 25.30157333
92600 0.61710538 0.96155971 26.30807845
92700 0.63640308 0.92836927 28.11053021
92800 0.57432022 0.95002226 36.71234180
92900 0.63497513 0.98563129 20.15670534
93000 0.63086192 0.87900903 38.72234970
93100 0.59285916 1.01397698 25.15364372
93200 0.58742202 0.91855659 39.05555369
93300 0.57500702 0.92308526 40.96033407
93400 0.52690442 0.94708824 48.98160259
93500 0.60642897 0.95859209 28.73296895
93600 0.60824556 0.91563063 35.38091502
93700 0.62723019 0.98638875 21.37846112
93800 0.58097538 0.92689127 38.96920872
93900 0.58794069 0.93953896 35.35844882
94000 0.62062767 0.92398701 31.57750270
94100 0.61633863 0.88612157 39.73774092
94200 0.60888252 0.94999148 29.51422362
94300 0.60431893 0.91436848 36.37507190
94400 0.59452461 0.91689483 37.87381873
94500 0.63191098 0.91881838 30.54034763
94600 0.52382211 0.91608653 55.04919583
94700 0.61162415 0.93774518 30.90604346
94800 0.57124308 1.03071839 28.56483487
94900 0.61931708 0.87971968 40.58486882
95000 0.60133757 0.95337191 30.48327923
95100 0.61460647 1.01066635 21.17563066
95200 0.58128911 0.97095655 32.24333302
95300 0.60761343 0.91114212 36.33994569
95400 0.62757895 0.87272487 40.69150078
95500 0.57639561 0.99172637 30.86105079
95600 0.62145188 0.89654690 36.63629748
95700 0.61238281 0.91703102 34.33892930
95800 0.58317676 0.96353853 32.81702438
95900 0.59956112 0.92485687 35.42543128
96000 0.58733909 0.84333386 55.55108511
96100 0.65617498 0.86126690 38.83956363
96200 0.64065576 0.96456019 21.86726511
96300 0.59605238 0.95934439 30.68931695
96400 0.59832073 0.93822723 33.42247760
96500 0.63988047 0.87644001 37.80866610
96600 0.54636033 0.91435870 49.39788633
96700 0.58088328 0.93692757 37.30237606
96800 0.59936144 0.90601879 38.94226916
96900 0.57820708 0.89105052 46.42599087
97000 0.60690577 0.94784137 30.21881503
97100 0.57542959 0.91910817 41.57686085
97200 0.57490398 0.94092226 37.98697339
97300 0.58378625 0.91667948 40.17739928
97400 0.56365378 0.89550873 48.83810754
97500 0.56763964 0.86912496 53.64731088
97600 0.61228334 0.98806005 23.88404952
97700 0.56843186 0.82142751 65.61321890
97800 0.62513577 0.88730256 37.90885126
97900 0.63546832 0.97158656 21.78034209
98000 0.59990924 0.96371452 29.30502273
98100 0.58041375 0.86426024 51.89567849
98200 0.61600484 0.87586208 42.04601292
98300 0.57611205 0.90970852 43.16833134
98400 0.61460323 0.95164112 28.19115838
98500 0.63296461 0.98528409 20.53028026
98600 0.59319407 0.96289378 30.78340488
98700 0.59466696 0.90838277 39.43941080
98800 0.56901944 0.96536499 35.73930308
98900 0.53946141 0.96983875 42.41115487
99000 0.58881691 0.98948835 28.40556029
99100 0.59963981 0.91917635 36.42069879
99200 0.57928644 0.90703458 42.97506436
99300 0.60482194 0.93198818 33.16122359
99400 0.61911399 1.00015136 21.34474842
99500 0.64443771 0.88938816 34.27848759
99600 0.61397659 0.92416126 32.76198539
99700 0.63676315 0.91500388 30.43491768
99800 0.59864758 0.93257710 34.28661330
99900 0.60364474 0.89910925 39.45624115
100000 0.56851934 0.95742969 36.95479583
100100 0.61723239 0.91313478 34.16130398
100200 0.54047318 0.96306259 43.05301187
100300 0.56685145 0.90343000 46.49900438
100400 0.63317164 0.91797995 30.48149932
100500 0.65958523 0.95236767 20.75580687
100600 0.66476486 0.92512414 24.43505439
100700 0.64164809 0.93317497 26.45295877
100800 0.61967812 0.90627471 35.02273377
100900 0.57143123 0.96347419 35.44148934
101000 0.62186601 0.93943296 28.75674677
101100 0.59102344 0.95388951 32.50973986
101200 0.59634225 0.85209021 51.46787232
101300 0.62600266 0.97535785 22.90536973
101400 0.58348944 0.91310766 40.90278344
101500 0.61416053 0.93941795 30.16145171
101600 0.54543028 0.83068457 68.66827147
101700 0.59012563 1.00520470 26.51669931
101800 0.61764464 0.99531555 22.10615596
101900 0.56170605 0.90589316 47.23073526
102000 0.58258321 0.94206104 36.10738891
102100 0.58934229 0.95993425 31.99754391
102200 0.61700431 0.88389493 40.09441180
102300 0.62499429 0.87453490 40.73075446
102400 0.58225592 0.91719166 40.41568525
102500 0.58419204 0.96633510 32.21969052
102600 0.56279236 0.85930250 57.10137444
102700 0.57617536 0.90982523 43.13195745
102800 0.60495999 0.89989985 39.04033729
102900 0.55172649 0.98733158 37.16695480
103000 0.63814428 0.93828999 26.17370000
103100 0.58943290 0.91926766 38.50134108
103200 0.59381072 0.96424817 30.47128959
103300 0.60343948 0.91947245 35.61311626
103400 0.55609806 0.91420183 47.00455938
103500 0.54593250 0.90499163 51.28927766
103600 0.60478119 1.01275202 22.86129614
103700 0.61130460 0.95116529 28.87886359
103800 0.60754810 0.98710130 24.89192469
103900 0.56980344 0.92319036 42.12605280
104000 0.59430687 1.00378174 25.78380862
104100 0.63536369 0.92152618 29.47900906
104200 0.58990313 0.95665049 32.34488714
104300 0.60364031 0.94202096 31.75725251
104400 0.59268868 0.92089767 37.52781310
104500 0.64638557 0.95269784 22.64766039
104600 0.59054540 0.99522859 27.42413872
104700 0.59095160 0.99429403 27.43749421
104800 0.60261569 0.87770233 44.18841026
104900 0.60487290 0.97337741 27.05393310
105000 0.61044926 0.89089199 39.82782074
105100 0.59959265 0.93211863 34.17362854
105200 0.61626747 0.97703685 24.43878914
105300 0.59416692 0.89519176 42.15683560
105400 0.55796440 1.03158941 31.63061954
105500 0.63708877 0.94408054 25.42547315
105600 0.58634761 0.96831862 31.49366400
105700 0.64077302 0.91944163 28.97727872
105800 0.63572290 1.00704366 17.81392322
105900 0.57938774 0.89745639 44.84684179
106000 0.56712605 0.89020203 49.12273166
106100 0.60339031 0.93489247 32.95793342
106200 0.59968824 0.99179928 25.91609919
106300 0.56451048 0.89149124 49.46560919
106400 0.58103507 0.91474284 41.13292768
106500 0.61995217 0.86339881 44.19867168
106600 0.58291064 0.93194532 37.68508290
106700 0.61454117 0.96354491 26.50748536
106800 0.61032249 0.89515130 38.97027285
106900 0.62212984 0.90545260 34.74324224
107000 0.62238294 0.89623141 36.53472822
107100 0.54810505 0.87678008 56.63909967
107200 0.59131433 0.85607138 51.52544024
107300 0.62035875 0.89291524 37.57753908
107400 0.60354711 0.93695566 32.58859765
107500 0.57437134 0.92683591 40.44704807
107600 0.56470665 0.90402713 46.88416299
107700 0.59754598 0.94282895 32.84518360
107800 0.62803327 0.92632473 29.86782846
107900 0.63382242 0.90828092 32.18559685
108000 0.55686059 1.00453752 34.11493020
108100 0.54570612 0.99549070 37.79378618
108200 0.56643358 1.01492917 30.89515874
108300 0.60058783 1.00298428 24.58863143
108400 0.52456556 1.00417841 42.52295497
108500 0.57248215 0.88238238 49.56089903
108600 0.57386357 0.98042268 32.71820944
108700 0.60493156 0.96288343 28.42632526
108800 0.59611829 0.91996179 36.99075438
108900 0.59361685 0.90513254 40.28366565
109000 0.59152712 0.94466912 33.79431252
109100 0.59905066 0.88875460 42.50262769
109200 0.59236430 0.91741760 38.22445767
109300 0.60184286 0.91824877 36.14988038
109400 0.57960394 0.96149034 33.87967360
109500 0.58063869 0.97717214 31.60303448
109600 0.62153819 0.94058294 28.63120824
109700 0.60554711 0.96837520 27.56850832
109800 0.57923427 0.87767648 49.08262832
109900 0.61889702 0.90766420 34.89567349
110000 0.59279309 0.89740909 41.98888967
110100 0.58593427 0.90196131 42.52172937
110200 0.59979338 1.01620397 23.55223323
110300 0.58382873 0.90263980 42.84053480
110400 0.63931127 1.00453293 17.46741442
110500 0.58461544 0.91764971 39.82106718
110600 0.57976987 0.92521774 39.52507287
110700 0.57690378 0.98792533 31.16632710
110800 0.63268051 0.94217546 26.45219880
110900 0.62376666 0.82144867 54.32451719
111000 0.56653318 0.92812844 42.02329552
111100 0.58772342 0.92880274 37.18492369
111200 0.56922564 0.96276852 36.04464157
111300 0.65209825 0.93361174 24.77999076
111400 0.55900825 0.98638881 35.49226377
111500 0.57179757 0.93804606 39.15271253
111600 0.61959466 0.92089846 32.31172461
111700 0.59942471 0.91529598 37.17300992
111800 0.60112058 1.02328307 22.71925510
111900 0.57036512 0.93181261 40.50958900
112000 0.55695216 0.97793089 36.98655987
112100 0.59765456 0.92864636 35.15287239
112200 0.57614942 0.97067383 33.41716981
112300 0.58143059 0.92228761 39.67714110
112400 0.63846411 0.90660860 31.74703951
112500 0.52398340 0.93619665 51.50834975
112600 0.58391767 0.94938287 34.68854553
112700 0.59869195 0.92897120 34.88788950
112800 0.59374603 0.97258944 29.38707608
112900 0.62099183 0.94826751 27.53333670
113000 0.59733286 0.90570226 39.41279043
113100 0.61045062 0.93978006 30.79969854
113200 0.57386644 0.99374905 31.21282642
113300 0.58977803 0.94721524 33.76822837
113400 0.64284841 0.86407125 40.17950030
113500 0.65884086 0.99799421 15.16554103
113600 0.56743172 0.89917480 47.20938247
113700 0.58742619 0.89225876 44.17202432
113800 0.56134790 0.90132828 48.21263776
113900 0.57155302 0.93834045 39.16091556
114000 0.56190615 0.88408467 51.65405639
114100 0.60724096 0.85715470 48.06494235
114200 0.59115741 1.00348290 26.46538924
114300 0.62341926 0.97835204 22.98949149
114400 0.60879612 0.96404383 27.52150261
114500 0.62305333 0.97203471 23.84261900
114600 0.63162984 0.94550414 26.10873998
114700 0.55825112 0.95033185 40.42153784
114800 0.57253044 0.92988637 40.34052406
114900 0.58174536 0.90590684 42.65362166
115000 0.63169282 0.98733946 20.50985142
115100 0.57961585 0.93119365 38.53237776
115200 0.63318823 0.95050625 25.08727478
115300 0.59580270 0.85953541 49.75987904
115400 0.59711762 0.95307498 31.37411123
115500 0.61576699 0.90926057 35.16166569
115600 0.57447019 0.91481035 42.57945099
115700 0.61322587 0.94315272 29.74282230
115800 0.60488309 0.89119696 40.83465841
115900 0.62334742 0.96438339 24.79899874
116000 0.58314042 0.89463900 44.60060775
116100 0.59459210 0.95125464 32.15879351
116200 0.61635472 0.92560184 32.07015223
116300 0.59424824 0.93664910 34.50865285
116400 0.58231917 1.00936657 27.79968042
116500 0.60491002 0.89553393 39.93323729
116600 0.57430371 0.95269552 36.31871294
116700 0.60197728 0.93018568 34.02495016
116800 0.61902459 0.92641708 31.44156394
116900 0.59101914 0.92340081 37.43013655
117000 0.62094432 0.91769341 32.64831541
117100 0.59046007 0.86807593 48.84787650
117200 0.56590411 0.98284573 34.26300296
117300 0.59736133 0.91871629 36.96310634
117400 0.57321338 0.99058881 31.70148939
117500 0.59334472 0.88997892 43.40762929
117600 0.61974784 0.93388894 30.04186251
117700 0.53480882 0.95030173 46.36796653
117800 0.58662770 0.94250382 35.16639312
117900 0.61689310 0.91311017 34.22797287
118000 0.60008061 0.89328719 41.34897427
118100 0.59052352 0.90320544 41.30424674
118200 0.58641352 0.98788583 29.09438647
118300 0.62779493 0.97080005 23.17360709
118400 0.60323054 0.91425548 36.60962225
118500 0.57609839 0.87760581 49.79555294
118600 0.58933579 0.87686082 47.08525040
118700 0.56459313 0.93883569 40.69516494
118800 0.60449034 0.86160180 47.52886429
118900 0.60764964 0.93373490 32.32137285
119000 0.66665113 0.95894262 18.83955194
119100 0.57110537 0.91311418 43.65952952
119200 0.60041539 0.91663414 36.72852921
119300 0.61189095 0.99820779 22.87333519
119400 0.62087052 0.86080529 44.65073969
119500 0.61937650 0.94288720 28.65464166
119600 0.56147323 0.94376477 40.65223388
119700 0.61834737 0.93227212 30.56515967
119800 0.59190828 0.91493137 38.77628018
119900 0.58763606 0.91844858 39.02967963
120000 0.61474876 0.99857837 22.30218450
120100 0.59883881 0.92325079 35.85305492
120200 0.61102066 0.85758932 47.23806279
120300 0.57812237 0.96433818 33.81690696
120400 0.61061521 0.90836052 36.29614371
120500 0.62130620 0.95002640 27.21177804
120600 0.56953425 0.91768631 43.17637234
120700 0.64967762 0.86106520 39.84332881
120800 0.54956325 0.96140128 40.96408546
120900 0.60742498 0.92832226 33.27919220
121000 0.63971766 0.96127048 22.46815364
121100 0.63373336 0.93416037 27.57368918
121200 0.60924084 0.92761009 33.05366887
121300 0.57774947 0.97373855 32.66862535
121400 0.59243415 0.97253244 29.66578107
121500 0.62116621 0.97682579 23.57670459
121600 0.61332258 0.92292254 33.10244316
121700 0.60372638 0.91566619 36.25114395
121800 0.57838697 0.96219188 34.05170694
121900 0.61247288 0.96926461 26.12908121
122000 0.60282717 0.95403870 30.09091351
122100 0.62045417 1.03156739 18.45986340
122200 0.63308261 0.96738587 22.72396135
122300 0.63852252 0.87424531 38.52007670
122400 0.66314609 0.88458411 32.56649952
122500 0.57893971 0.85521433 54.39383805
122600 0.64387834 0.93979576 25.01968509
122700 0.61281506 0.89795610 37.92996861
122800 0.60732141 0.87639552 43.56200194
122900 0.54530619 0.93966908 45.28746927
123000 0.59351777 0.94779646 32.90041569
123100 0.58482306 0.94152218 35.70816719
123200 0.62939655 0.94882497 25.97971391
123300 0.60612941 0.90701150 37.41518465
123400 0.64626442 1.00344921 16.47834134
123500 0.61407563 1.00265649 22.02181441
123600 0.59375600 0.85026163 52.45292120
123700 0.60946484 0.95996781 27.95633176
123800 0.59422682 0.91734087 37.85347821
123900 0.59768786 0.95094447 31.57387724
124000 0.60885877 0.95389229 28.94121679
124100 0.60363343 0.94126407 31.87846366
124200 0.62109120 0.88768170 38.54371014
124300 0.59328633 0.95194430 32.32551513
124400 0.60051439 0.92437155 35.31993027
124500 0.56278461 0.87737310 52.91693927
124600 0.60320871 0.85574732 49.19309240
124700 0.58168778 1.04038163 25.60728721
124800 0.61459240 0.94069762 29.87661232
124900 0.58542062 0.90001007 43.02014232
125000 0.65949734 0.92538991 25.11484006
125100 0.56406375 0.92427819 43.27203451
125200 0.64069679 0.96266429 22.11930417
125300 0.55855133 0.92201608 44.98786756
125400 0.54079903 0.90842156 51.94371984
125500 0.61072298 0.88602421 40.80571571
125600 0.62150532 0.91069003 33.84930690
125700 0.59020731 0.96047641 31.73990222
125800 0.61176777 0.87137140 43.85120449
125900 0.57275463 0.91308430 43.28896825
126000 0.59356471 0.89280889 42.77184177
126100 0.62107653 0.90976024 34.10238787
126200 0.61062803 0.92257674 33.67037651
126300 0.61097070 0.88206665 41.61351033
126400 0.60717168 0.88410906 41.89582938
126500 0.63967885 0.87702636 37.71005629
126600 0.53922984 0.93368322 47.83117203
126700 0.60416915 0.87965856 43.45003576
126800 0.57166929 1.01330628 29.82535707
126900 0.59219252 0.89275960 43.06626612
127000 0.56406425 0.90752773 46.35562685
127100 0.58578985 0.98161852 29.95008175
127200 0.59024954 0.87203701 47.98119191
127300 0.62338223 0.97269983 23.69958485
127400 0.59779158 0.89736271 40.97505745
127500 0.60502326 0.93505916 32.61070512
127600 0.63993925 0.95022485 24.02602049
127700 0.62660816 0.94153810 27.58745188
127800 0.56242909 0.93686820 41.52596066
127900 0.61337491 0.96425841 26.62735187
128000 0.61016451 0.96770782 26.76936639
128100 0.55656955 0.88939585 51.80624425
128200 0.56193538 0.91794872 44.90871521
128300 0.60436630 0.92168487 35.03441464
128400 0.58201301 0.91509335 40.85439897
128500 0.60489646 0.96669745 27.91748138
128600 0.60667346 0.92861884 33.37332690
128700 0.64450559 0.89771434 32.54899859
128800 0.60726555 0.97081350 26.91786016
128900 0.59511311 0.95244053 31.87621856
129000 0.59971173 0.91773785 36.66744270
129100 0.61573869 0.88881283 39.27612654
129200 0.62347286 0.95654262 25.87092640
129300 0.57807592 0.93200900 38.73563725
129400 0.63241148 0.94553204 25.97313058
129500 0.60210144 0.97614690 27.25171532
129600 0.57858330 0.98807606 30.77616192
129700 0.56554788 0.92019627 43.64858875
129800 0.59134013 1.01875155 25.07012611
129900 0.61190862 0.88720712 40.32958943
130000 0.65270195 0.93451359 24.54123340
130100 0.60660586 0.96702339 27.54203500
130200 0.61320694 0.89386533 38.69157535
130300 0.59122525 0.89910840 41.97216508
130400 0.59924418 0.88302730 43.69002412
130500 0.60521956 0.95742833 29.13305005
130600 0.59892507 0.92519098 35.49466076
130700 0.60028958 0.92897188 34.56743471
130800 0.62705518 0.94551425 26.88787896
130900 0.65039909 0.89551856 32.09654634
131000 0.57140015 0.93682069 39.44268973
131100 0.57567104 0.94072006 37.84679126
131200 0.56151822 0.96460476 37.60271447
131300 0.62196568 0.86150515 44.28800710
131400 0.63889175 0.88615065 35.84370715
131500 0.61329996 0.96923061 25.97877017
131600 0.59030221 0.97903071 29.30336630
131700 0.59805724 0.93693878 33.68491953
131800 0.61712942 0.92133758 32.68095450
131900 0.56300031 0.83359789 63.56946784
132000 0.60151373 0.93182546 33.83973749
132100 0.58860522 0.88804680 44.80595539
132200 0.60541128 0.93612039 32.36064709
132300 0.64756227 0.97214713 19.79180843
132400 0.63060820 0.88324405 37.83836239
132500 0.54932028 0.96339692 40.75036256
132600 0.58977795 0.92402469 37.58031013
132700 0.58526837 0.94987726 34.32325600
132800 0.60579013 0.90954511 36.99526912
132900 0.57057051 0.91797284 42.88588976
133000 0.57289079 0.92437880 41.21070032
133100 0.57639250 0.91493724 42.12426825
133200 0.52638809 0.91647796 54.27190764
133300 0.59130966 0.96408800 31.01186576
133400 0.57947154 0.94985005 35.58890502
133500 0.59087695 0.92791031 36.67365536
133600 0.57824641 0.94593030 36.45606309
133700 0.60733022 0.94840675 30.05107937
133800 0.62895429 0.94449191 26.71970072
133900 0.57721828 0.98757020 31.13607752
134000 0.58352488 0.98332688 30.23704773
134100 0.60275799 0.90655900 38.16191359
134200 0.57640072 0.94339692 37.26058145
134300 0.62648783 0.88465775 38.23937866
134400 0.65246385 0.94916883 22.25847750
134500 0.57921587 0.90377766 43.62441979
134600 0.65712822 0.97658388 17.82194218
134700 0.61761113 0.91954219 32.91536073
134800 0.58941528 0.96789752 30.89849482
134900 0.62845855 0.93035387 29.10313881
135000 0.65215965 0.84848838 42.55743135
135100 0.57793655 0.95967787 34.50123660
135200 0.59074489 0.94023594 34.65612636
135300 0.54068495 0.95988373 43.43843184
135400 0.60593341 0.94022529 31.59490117
135500 0.55531678 0.92364606 45.48529636
135600 0.63127828 0.95197654 25.18898255
135700 0.66551891 0.98162232 16.04921881
135800 0.57631240 0.90190527 44.63883212
135900 0.58952382 0.95049236 33.32637868
136000 0.64863456 1.00819181 15.67011968
136100 0.57145608 0.99874067 31.24288907
136200 0.63054618 0.84429726 47.04924335
136300 0.60514583 0.94976514 30.26933017
136400 0.57721767 0.93024785 39.22388126
136500 0.57487081 0.94606028 37.19029544
136600 0.58650633 0.89487514 43.82787876
136700 0.61699921 0.94323956 29.03156177
136800 0.57696737 0.90565603 43.75656594
136900 0.60998441 0.96837539 26.71548074
137000 0.63889278 0.96857831 21.61359842
137100 0.56959909 0.95495111 37.06188069
137200 0.59822268 0.92468824 35.72414976
137300 0.59902454 0.90352800 39.49619119
137400 0.56987700 0.90256478 45.96862910
137500 0.62226433 0.97709136 23.34825124
137600 0.60387837 0.92913118 33.82992502
137700 0.60578724 0.79031345 66.81217844
137800 0.54786522 0.96379671 41.06164112
137900 0.60295798 0.93492437 33.03776096
138000 0.57866544 0.86524671 52.04904832
138100 0.60555913 0.93872416 31.90857466
138200 0.58114493 0.93447725 37.64766290
138300 0.58735683 1.01299455 26.39353341
138400 0.57709591 1.00462011 29.39177809
138500 0.61175938 0.94792921 29.28002763
138600 0.61114887 0.94470330 29.89090748
138700 0.54216976 0.94361998 45.46557034
138800 0.59081566 0.95024005 33.09306575
138900 0.65707718 0.92713225 25.15509600
139000 0.56046363 0.99627386 34.06839339
139100 0.60746832 0.89668437 39.20284600
139200 0.60777078 0.98053517 25.61195954
139300 0.63354756 0.97403694 21.78655458
139400 0.59133512 0.94115077 34.38705402
139500 0.61565457 0.91288276 34.49805058
139600 0.63614020 0.95509300 23.92403609
139700 0.61133437 0.92000852 33.99582643
139800 0.59946668 0.88329017 43.58838232
139900 0.54303913 1.00360863 37.66009367
140000 0.60813482 0.91637974 35.26432357
140100 0.61450003 0.94983408 28.48002092
140200 0.58728500 0.89008122 44.65678147
140300 0.56490781 0.92832252 42.37074733
140400 0.56216765 0.93444357 41.98657919
140500 0.59642890 0.96584800 29.71897636
140600 0.60461072 0.97353787 27.08482144
140700 0.62767678 0.93944655 27.73635190
140800 0.56750140 0.88101441 51.00514317
140900 0.55628006 0.91831415 46.20457938
141000 0.59008354 0.97763442 29.51912854
141100 0.58226887 0.90106034 43.49191653
141200 0.59910163 0.96499550 29.29318389
141300 0.62336785 0.98924394 21.73291031
141400 0.59349538 0.92169496 37.21842215
141500 0.58933600 0.89734907 42.72336034
141600 0.59908324 0.90933224 38.36086961
141700 0.61984488 0.95586097 26.61596387
141800 0.57104141 0.91753485 42.85778439
141900 0.60574401 0.90521844 37.83762350
142000 0.58014515 0.89572449 45.03231832
142100 0.57721132 0.90810590 43.22907059
142200 0.59938639 0.92356432 35.68768391
142300 0.61066896 0.96787703 26.65136000
142400 0.64636828 0.92751749 26.67645974
142500 0.59201081 0.92985103 36.10508840
142600 0.56310608 0.94990084 39.32424206
142700 0.62097724 0.90794156 34.46779731
142800 0.60176735 0.95700837 29.87139502
142900 0.60349470 0.86806992 46.20294567
143000 0.60340728 1.02581837 22.07580637
143100 0.59592364 0.89865334 41.09381960
143200 0.62731204 1.01131636 18.84295915
143300 0.60105640 0.96762033 28.55146527
143400 0.59368567 0.84713713 53.25261538
143500 0.63908422 0.95932919 22.84108237
143600 0.63520858 0.87361222 39.20382053
143700 0.60618716 0.89236505 40.33784461
143800 0.58650041 0.94104193 35.42487125
143900 0.58839573 0.94529356 34.35522387
144000 0.63830786 0.95684003 23.31956201
144100 0.60765820 0.86286058 46.61523523
144200 0.65772929 0.94181483 22.63175209
144300 0.57327582 0.93711943 38.96696784
144400 0.59887554 0.98150968 27.24550298
144500 0.60807194 0.92616534 33.52743503
144600 0.54679283 0.90433893 51.19856275
144700 0.58597518 0.95400479 33.56061198
144800 0.57803605 0.91639890 41.48867923
144900 0.63352537 0.96262872 23.29233524
145000 0.62270870 1.01252299 19.54221639
145100 0.60727222 0.96128830 28.19246661
145200 0.60737531 0.90981832 36.63667010
145300 0.58991015 0.94086500 34.73084693
145400 0.62319329 1.00459558 20.18130788
145500 0.53828248 1.03601181 36.29527510
145600 0.58313822 0.95294399 34.32725010
145700 0.60846903 0.81931663 57.73363434
145800 0.62685090 0.90608645 33.79153828
145900 0.57624745 0.83206748 60.92651992
146000 0.61662850 0.97988140 24.02679304
146100 0.62000277 0.97578178 23.91458427
146200 0.63916300 1.03124697 15.29776051
146300 0.63854370 0.96522972 22.11558339
146400 0.56031601 0.88987213 50.80106788
146500 0.61779121 0.95789035 26.69759708
146600 0.59093604 0.99614101 27.24721358
146700 0.62187279 0.89821456 36.22333327
146800 0.58783308 0.94291525 34.84520949
146900 0.60711070 0.89201501 40.23202025
147000 0.59933157 0.98972274 26.21444543
147100 0.56657060 0.95715113 37.44754094
147200 0.60480704 0.98035386 26.20774575
147300 0.61168381 0.96679447 26.60334951
147400 0.61089926 0.93553287 31.40426204
147500 0.61798727 0.88255993 40.20440830
147600 0.58517771 1.01640498 26.56837163
147700 0.56101448 0.85822577 57.78442922
147800 0.64193662 0.91183859 30.19437485
147900 0.62395408 0.89699970 36.10064321
148000 0.59067755 0.95901247 31.84668541
148100 0.63232135 0.99901736 19.15681171
148200 0.65723162 0.88369731 33.58483226
148300 0.55366040 0.95305105 41.13859659
148400 0.59954887 0.92247666 35.84759423
148500 0.57862546 0.91433165 41.73971231
148600 0.61079834 0.94038062 30.63780781
148700 0.62579972 0.94333969 27.44409535
148800 0.63307375 0.94300786 26.25545223
148900 0.63812779 0.95283264 23.93042151
149000 0.61982300 0.99696742 21.53973205
149100 0.57588237 0.84301971 58.13379033
149200 0.63080144 0.85170905 45.13827473
149300 0.62556347 0.99848670 20.36652653
149400 0.59657754 0.91293627 38.18676892
149500 0.60280851 0.89629940 40.18921038
149600 0.57856113 0.95054211 35.68641567
149700 0.63031551 0.90331466 33.73897504
149800 0.57761881 0.89678634 45.37459333
149900 0.58254500 0.86285401 51.76244895
150000 0.59225879 0.92288014 37.26392872
150100 0.59858779 0.92382516 35.80222637
150200 0.58468290 0.90390614 42.40712731
150300 0.57628628 1.03398452 27.20293660
150400 0.63793322 0.95942566 23.01339399
150500 0.62994645 0.89665875 35.13293612
150600 0.59947362 0.97085399 28.44475944
150700 0.64673592 0.91543023 28.77793825
150800 0.61133719 0.89157253 39.51783199
150900 0.60198306 0.89944497 39.71651572
151000 0.60161659 0.93934302 32.58332205
151100 0.58940407 0.91108743 40.01930331
151200 0.60532620 1.01141950 22.87219680
151300 0.61161412 0.87434015 43.20580489
151400 0.61567797 0.98288008 23.84584202
151500 0.57364982 0.88410855 48.92176034
151600 0.55512105 0.92779623 44.80991909
151700 0.59491327 0.92375049 36.56222910
151800 0.60770679 1.00683893 22.82783245
151900 0.55045426 0.88833083 53.53845745
152000 0.59826624 0.95048101 31.52621888
152100 0.54993795 0.94106434 43.89578803
152200 0.61517760 0.97995013 24.28564595
152300 0.63332876 0.91512543 30.97895383
152400 0.57471162 1.00290766 30.09088850
152500 0.61865134 0.94308176 28.75533518
152600 0.59731362 0.90792569 38.98715419
152700 0.54552719 0.90276629 51.82877231
152800 0.59285529 0.91968484 37.71124322
152900 0.60039183 0.99600951 25.32872056
153000 0.64193394 0.83694675 47.09094661
153100 0.58488829 0.90065754 43.00523280
153200 0.57847055 0.90083485 44.37102729
153300 0.61473266 0.94425712 29.28991559
153400 0.55990568 1.01414549 32.50813949
153500 0.55070051 0.91390387 48.39100371
153600 0.55106314 0.96618419 39.93811592
153700 0.61468372 0.95589147 27.55469496
153800 0.57139557 1.01200698 30.00137981
153900 0.56621924 0.92740009 42.22208607
154000 0.60091538 0.92206555 35.64767856
154100 0.66180044 0.87679500 34.45979546
154200 0.61445303 0.90427839 36.36731400
154300 0.59833760 0.96559930 29.36563639
154400 0.58071614 0.92875365 38.70536183
154500 0.63373122 0.93238605 27.86987328
154600 0.58109857 0.92819086 38.71810784
154700 0.61369435 0.87598103 42.44714616
154800 0.59962327 0.94980976 31.35397158
154900 0.60100138 0.96794059 28.52007023
155000 0.63512266 0.97705411 21.15011371
155100 0.59279916 0.95763437 31.60008051
155200 0.60083869 0.99845817 24.98798586
155300 0.61037729 0.83819857 52.24837854
155400 0.63768294 0.88696802 35.86472680
155500 0.56543446 0.96976634 35.99090059
155600 0.58024602 0.93891761 37.11967370
155700 0.61445686 0.94378688 29.41439707
155800 0.60062736 0.81814861 59.59482971
155900 0.57874443 0.94692934 36.19232699
156000 0.60699044 0.89927557 38.77149369
156100 0.60529793 0.91647742 35.79471693
156200 0.56118583 0.91447551 45.72577339
156300 0.61714718 0.90434676 35.85767224
156400 0.61257517 0.95523909 28.04189370
156500 0.59471900 0.89385596 42.31782772
156600 0.58054864 0.91686074 40.84944320
156700 0.60062954 0.88320264 43.37483834
156800 0.61585485 0.91348032 34.34951366
156900 0.57255471 0.95898804 35.80786712
157000 0.56766560 1.05917988 27.82277749
157100 0.58787564 0.89382203 43.75304899
157200 0.54677407 0.98839708 38.28929070
157300 0.56654255 0.95993905 37.05972710
157400 0.60956879 0.92589749 33.28786379
157500 0.61145182 0.96210398 27.28286359
157600 0.56917284 0.89901784 46.83750296
157700 0.63177480 0.95016945 25.37445562
157800 0.64339679 0.93000066 26.71217100
157900 0.62819950 0.87605839 39.83262905
158000 0.56142755 0.90542252 47.38860402
158100 0.62421896 0.94757701 27.06587084
158200 0.60167676 0.93977805 32.50158893
158300 0.59941546 0.96541432 29.17373089
158400 0.56509780 0.93091130 41.88501622
158500 0.59655272 0.91018982 38.70935048
158600 0.59725299 0.95751795 30.70374304
158700 0.58008101 0.90226163 43.73241383
158800 0.61307605 0.93616342 30.89149281
158900 0.61366941 0.87792994 42.01710162
159000 0.56878468 0.89559003 47.62197833
159100 0.64831106 0.87440113 36.95219286
159200 0.60824775 0.94507719 30.38500231
159300 0.61212077 0.98516994 24.24227318
159400 0.62718884 0.91687384 31.69944315
159500 0.61018420 0.98592082 24.52204776
159600 0.61229705 0.91343346 35.01973632
159700 0.52783541 0.98488393 43.66263627
159800 0.63294424 0.86705768 41.08487584
159900 0.56144066 0.94419333 40.59313940
160000 0.60491634 0.91757686 35.66791777
160100 0.58343825 0.94368468 35.66673607
160200 0.63268792 0.92004173 30.18915564
160300 0.58485938 0.94957574 34.45647273
160400 0.59416077 1.00043741 26.14124773
160500 0.64580739 0.90095001 31.69812980
160600 0.60635049 0.92455586 34.14038902
160700 0.60028833 0.97492692 27.76401292
160800 0.62525920 0.95976720 25.09979229
160900 0.58092414 0.93597687 37.44890938
161000 0.63680948 0.91289127 30.82041109
161100 0.60138506 0.99612950 25.11848646
161200 0.64997106 0.91491217 28.38309382
161300 0.62380933 0.87731055 40.31687180
161400 0.58969363 1.01233230 25.95719643
161500 0.57333375 0.91746295 42.34868246
161600 0.62476071 0.90369215 34.62279166
161700 0.62630689 0.91565602 32.07599974
161800 0.58088058 0.87235423 49.91795661
161900 0.63123673 0.89714601 34.81539256
162000 0.62470893 0.86372814 43.27567646
162100 0.56445747 1.03534658 29.83017410
162200 0.62067818 0.93569752 29.57581076
162300 0.59574932 0.95102722 31.95561433
162400 0.60131540 0.95324897 30.50571812
162500 0.58183416 0.96575930 32.80844869
162600 0.55551457 0.95704702 40.10434090
162700 0.63031460 0.89653326 35.09592424
162800 0.55376372 0.89885614 50.54557781
162900 0.62354892 0.92589332 30.72406105
163000 0.60666374 0.92650323 33.74002016
163100 0.56112580 0.89162745 50.24000136
163200 0.57021367 0.90625219 45.16998569
163300 0.61597855 0.98117656 23.99145189
163400 0.60576065 0.90564690 37.75102641
163500 0.63340061 0.94525081 25.85133447
163600 0.62122511 0.92052417 32.08601758
163700 0.59140307 0.92723609 36.68002385
163800 0.64802706 0.90871099 29.84362903
163900 0.61698032 0.94847426 28.22812548
164000 0.60819988 0.97119384 26.68915659
164100 0.59117881 0.84309328 54.80367501
164200 0.56862647 0.98909717 32.91657292
164300 0.62105126 0.96680707 24.88150409
164400 0.60497447 0.92420748 34.46898368
164500 0.57769523 0.95919145 34.62322984
164600 0.62652494 0.95401887 25.70204355
164700 0.58072340 0.95911266 33.96573478
164800 0.65194278 0.93575427 24.44880027
164900 0.60049689 0.93658783 33.25251416
165000 0.63270528 0.92631506 29.07699119
165100 0.60504706 0.89536682 39.94069280
165200 0.61722001 0.90035741 36.63284502
165300 0.60195971 0.94697939 31.31763093
165400 0.62999340 0.97562802 22.18531629
165500 0.59851632 0.90179374 39.94069881
165600 0.59166649 1.00566663 26.15081880
165700 0.53256792 0.93051076 50.12326087
165800 0.54520535 0.92931266 47.02724012
165900 0.57714460 0.89967218 44.89788245
166000 0.60248633 0.96916927 28.06416454
166100 0.58350620 0.97810969 30.86340651
166200 0.60488424 0.92691140 34.01491259
166300 0.63031561 0.89019399 36.40567697
166400 0.59228762 0.98299631 28.41714913
166500 0.56563474 0.94027320 40.21986303
166600 0.58444666 1.00557688 27.68948391
166700 0.60044361 0.96989622 28.37487254
166800 0.57816638 0.98854175 30.81654869
166900 0.65119023 0.90406364 30.26770202
167000 0.58752414 0.96171659 32.13414609
167100 0.59907248 0.91607288 37.10052662
167200 0.60147148 0.95610429 30.05977562
167300 0.61682940 0.96473457 25.92410256
167400 0.61139219 0.92711723 32.73068035
167500 0.60577101 0.92942289 33.41072444
167600 0.60103062 0.93302303 33.73506162
167700 0.63439455 0.95817954 23.76910399
167800 0.58012000 0.85354449 54.54376599
167900 0.59262547 0.91735126 38.18237918
168000 0.56692698 1.00981979 31.22775201
168100 0.61307642 0.92657076 32.50906368
168200 0.60631581 0.99155359 24.63709487
168300 0.60551449 0.89722630 39.47089269
168400 0.60367007 0.97002299 27.71973297
168500 0.64542732 0.88748207 34.52829259
168600 0.56357290 0.95998560 37.75090320
168700 0.61613027 0.99970972 21.93310868
168800 0.63251563 0.90101598 33.82282745
168900 0.59310220 0.92189180 37.26461564
169000 0.53099161 0.97228191 44.33871366
169100 0.60982673 0.99632303 23.45739377
169200 0.63924302 0.89381662 34.17719623
169300 0.62363011 0.92633735 30.63252716
169400 0.63118933 0.87603426 39.32884677
169500 0.62354153 0.94820896 27.08905605
169600 0.57414875 0.95061737 36.66197867
169700 0.63102964 0.90898730 32.51841858
169800 0.61755380 0.87219729 42.59034625
169900 0.57317942 0.97604100 33.40670527
170000 0.60046974 0.90198869 39.51040109
170100 0.58742260 0.85464456 52.69421966
170200 0.59410245 0.87835124 45.76098723
170300 0.61038025 0.86983063 44.46679272
170400 0.61333085 0.96261040 26.86063591
170500 0.59363222 0.89631428 42.03776700
170600 0.61468605 1.00348221 21.82847182
170700 0.62386915 0.88497744 38.62838946
170800 0.60498266 0.93722776 32.26328331
170900 0.63010565 0.89830167 34.77315202
171000 0.58043895 0.92930020 38.67273950
171100 0.59711733 0.93115710 34.83465245
171200 0.65052402 0.91563421 28.16690649
171300 0.58870341 0.91646666 39.16536870
171400 0.58740114 0.90025814 42.54754295
171500 0.58784289 0.93147869 36.70503468
171600 0.57889474 0.88620480 47.29796171
171700 0.57192024 0.98115823 33.07187078
171800 0.56856896 0.93083981 41.08774711
171900 0.59096836 1.00144366 26.70378941
172000 0.60740981 0.93334885 32.43179329
172100 0.60992500 0.94518862 30.04753369
172200 0.61150452 0.88017066 41.92774262
172300 0.63528527 0.92479414 28.91401728
172400 0.58747865 0.97306607 30.63877388
172500 0.61771703 0.91017089 34.63108602
172600 0.57845807 1.00322664 29.22295571
172700 0.61178452 0.91065396 35.63849483
172800 0.61501898 0.92976618 31.59876682
172900 0.57443573 0.88268550 49.05241725
173000 0.59891507 0.92600079 35.35543866
173100 0.57162114 0.87166865 52.14605516
173200 0.60383393 0.96576651 28.24987860
173300 0.60235032 0.95735857 29.70598710
173400 0.60764614 0.89971316 38.55741453
173500 0.57021359 0.90933455 44.57755361
173600 0.61374162 0.95268431 28.19704883
173700 0.56200018 0.98987146 34.38610482
173800 0.62773284 0.93079179 29.15369688
173900 0.64962201 0.98775275 17.60649256
174000 0.55695054 0.91339137 46.94791091
174100 0.56860357 0.93059413 41.12132782
174200 0.58488874 0.88859035 45.48344802
174300 0.58224511 0.93125584 37.94589362
174400 0.56531220 0.94224643 39.98227437
174500 0.59090510 0.96125169 31.48588437
174600 0.57571421 0.92418410 40.60767296
174700 0.54749125 0.93831598 44.95119630
174800 0.61717429 0.96766316 25.46913836
174900 0.58229608 0.96068325 33.40207732
175000 0.57249349 1.01386443 29.58927391
175100 0.60120620 0.98559552 26.30367929
175200 0.59639938 0.95900950 30.66576626
175300 0.60180772 0.90710941 38.24347924
175400 0.63682766 0.92359658 28.87168892
175500 0.56969495 0.91853774 42.98448198
175600 0.55818779 0.95986877 39.05495345
175700 0.62738646 0.87483349 40.24769607
175800 0.60633643 0.87410076 44.26802189
175900 0.61958746 0.87286361 42.06981072
176000 0.57099877 0.89263438 47.72103125
176100 0.60216941 0.95336818 30.31891723
176200 0.63875276 0.82802590 49.98529224
176300 0.61042273 0.97484021 25.80225723
176400 0.60439648 0.88975898 41.23101087
176500 0.61003215 0.89319644 39.42774937
176600 0.60848758 0.94409589 30.49154933
176700 0.59514205 0.92693947 35.95836347
176800 0.64370605 0.90468536 31.28780388
176900 0.58425275 0.90122878 43.02843513
177000 0.60297163 0.94765220 31.01501571
177100 0.57769375 0.95246505 35.59331515
177200 0.59426009 0.87222515 47.10514506
177300 0.58485580 0.85047367 54.27520658
177400 0.59795327 0.82727922 57.59975162
177500 0.56314191 0.93670937 41.38279129
177600 0.59525217 0.92482232 36.30444598
177700 0.59724088 0.94899452 31.95695860
177800 0.57894277 0.98450766 31.10239035
177900 0.56929166 0.91710232 43.33894936
178000 0.61287262 0.92090099 33.54655609
178100 0.63622135 1.04476557 14.93714429
178200 0.61185934 0.89080347 39.58004830
178300 0.58200641 0.95812659 33.82463446
178400 0.63967588 0.90160710 32.53178266
178500 0.59477479 0.98212967 28.00540135
178600 0.62033232 0.85835400 45.33663213
178700 0.59314625 0.97376951 29.36130517
178800 0.58439446 0.93834455 36.30911785
178900 0.59688850 0.90247073 40.13604601
179000 0.58041362 0.95291701 34.92579183
179100 0.62791596 0.94428510 26.93002216
179200 0.61344220 0.91774355 34.01061306
179300 0.63178170 0.90899046 32.39102029
179400 0.59942722 0.95068020 31.26292218
179500 0.63307590 0.95460220 24.50208860
179600 0.61589246 0.88785489 39.45056659
179700 0.64061961 0.89588050 33.53343999
179800 0.67007538 0.89888800 28.66322222
179900 0.61968894 0.88667824 39.00912504
180000 0.60881614 0.92925005 32.85340665
180100 0.62993421 0.97705398 22.01904931
180200 0.57160464 0.96251008 35.53396025
180300 0.62729276 0.95596735 25.28659742
180400 0.64520767 0.91058795 29.91879630
180500 0.54755106 0.93578379 45.34871493
180600 0.56470291 0.94981918 38.95949972
180700 0.63414697 0.89067289 35.66253252
180800 0.62815794 0.95563088 25.18606743
180900 0.61696496 0.87877133 41.22197645
181000 0.62856904 0.88655294 37.47410927
181100 0.56917288 0.89097142 48.48705428
181200 0.57014584 0.96387177 35.68191520
181300 0.61593678 0.90995217 34.99872362
181400 0.67713838 0.93476146 21.19937717
181500 0.59387162 0.88133612 45.15140105
181600 0.58728871 0.93264077 36.62760113
181700 0.57168821 0.82593236 63.61967264
181800 0.60992026 0.90817857 36.46288373
181900 0.61680355 0.97943817 24.04804630
182000 0.61876000 0.91530397 33.48028141
182100 0.57432848 0.89209568 47.07591963
182200 0.61170838 0.95527034 28.20020452
182300 0.59680648 0.91618528 37.53772924
182400 0.59708632 0.90637156 39.33296641
182500 0.61339016 0.87930845 41.76399666
182600 0.62126982 0.97819155 23.39088756
182700 0.61872487 0.94858785 27.89315618
182800 0.55213213 0.98370636 37.48134542
182900 0.61432623 0.86307689 45.30365403
183000 0.60877703 0.89406876 39.48695088
183100 0.62306321 0.92349525 31.23027841
183200 0.61828806 0.87881282 40.97149945
183300 0.61355682 0.98016834 24.56034195
183400 0.56390000 0.91813628 44.40881111
183500 0.58672608 0.97142750 31.00832716
183600 0.59018674 1.02003959 25.20763521
183700 0.61179960 0.95243426 28.59752013
183800 0.61340778 0.88223659 41.11877919
183900 0.58348348 0.85029603 54.61573851
184000 0.56485620 0.87413106 53.15469301
184100 0.60631899 0.92501817 34.06548652
184200 0.62280606 0.89259664 37.20692336
184300 0.67214005 0.95217076 19.10082521
184400 0.59895324 0.90425743 39.36747696
184500 0.57658038 0.88592751 47.87167909
184600 0.60256885 0.91996503 35.69582517
184700 0.60127079 0.92369205 35.28889513
184800 0.58432693 0.84768044 55.09001652
184900 0.57430853 0.93141738 39.67836986
185000 0.61883894 0.87502779 41.71591250
185100 0.58856793 0.90064223 42.22352082
185200 0.57583663 0.91868128 41.56284694
185300 0.58315185 0.92326484 39.12921754
185400 0.59230578 0.93253761 35.59027210
185500 0.57215703 0.96366991 35.24915601
185600 0.58835269 0.99892307 27.50556478
185700 0.62464913 0.95207353 26.31508382
185800 0.57553106 0.89974578 45.24402833
185900 0.61654685 0.89793641 37.24237576
186000 0.57534628 0.98438112 31.91851016
186100 0.65083854 0.90450361 30.23399056
186200 0.59637063 0.89992456 40.74755134
186300 0.62406395 0.99486946 21.00296136
186400 0.64958115 0.91606015 28.22984928
186500 0.58133292 0.88526098 46.96406835
186600 0.63159087 0.95177078 25.16676942
186700 0.62462850 0.94261056 27.76329855
186800 0.61763343 0.99355839 22.29369106
186900 0.59699276 1.00084120 25.52220279
187000 0.61061607 0.87496164 43.25426904
187100 0.64381525 0.91712628 28.91823810
187200 0.62755831 0.99788938 20.08135696
187300 0.57420534 0.96513252 34.58623442
187400 0.61779646 0.91602552 33.52237013
187500 0.55888405 0.97058887 37.44207044
187600 0.63619075 0.90143062 33.13163452
187700 0.59618695 0.86657578 48.01331274
187800 0.52566254 0.97367660 45.60932095
187900 0.62995297 0.79087650 62.23666621
188000 0.57279385 0.89356234 47.11956961
188100 0.55411421 0.90704444 48.84583460
188200 0.56062648 0.88673831 51.39011649
188300 0.64914474 0.97053203 19.75963291
188400 0.62406131 0.94370577 27.69115439
188500 0.61953591 0.94161935 28.82585983
188600 0.62220745 0.90256689 35.29501195
188700 0.60108691 1.02274653 22.76725917
188800 0.59402169 0.93239887 35.25860035
188900 0.60264433 0.94002065 32.27132601
189000 0.61451496 1.02319792 20.15162898
189100 0.55993371 0.88599948 51.71402297
189200 0.57914137 0.99741727 29.65087531
189300 0.62297033 0.92799453 30.46269288
189400 0.60968006 0.86898268 44.79534237
189500 0.60032472 0.99593155 25.35022981
189600 0.59255765 0.94162649 34.05724850
189700 0.60449062 0.89421916 40.28483579
189800 0.57484782 0.90737007 43.89989647
189900 0.58160373 0.95765004 33.98022182
190000 0.62968056 1.02698886 17.16966952
190100 0.60097203 0.98934338 25.92851038
190200 0.59304902 0.92870438 36.08544969
190300 0.59517677 0.95139586 32.01787307
190400 0.62838124 0.97417278 22.64274417
190500 0.57323211 0.96637309 34.63991226
190600 0.55482568 0.90090195 49.87524002
190700 0.61369748 0.93110591 31.61692160
190800 0.61575624 0.91556878 33.98031842
190900 0.53376047 0.95810588 45.50871264
191000 0.57729193 0.91240730 42.39495222
191100 0.58752338 0.99218360 28.38534468
191200 0.64766510 0.98213853 18.54862516
191300 0.57247575 0.87407778 51.40406775
191400 0.57956605 0.94376706 36.49992796
191500 0.62000762 0.97194806 24.39727807
191600 0.58411536 0.95426313 33.92270492
191700 0.59338432 0.94884088 32.76955944
191800 0.59542956 0.92165891 36.82730408
191900 0.64185478 1.01121124 16.44667757
192000 0.59361002 0.96396321 30.55141639
192100 0.58958649 0.94243470 34.55033386
192200 0.60001436 0.92942500 34.54504240
192300 0.56734378 0.91055771 45.00864792
192400 0.58657355 0.84762358 54.62235258
192500 0.57665122 0.92294146 40.61720138
192600 0.59507973 0.99305182 26.71511476
192700 0.61828235 0.93746811 29.71895992
192800 0.58955964 0.94234176 34.57063314
192900 0.61244245 0.93019720 32.00541256
193000 0.59419516 0.89774348 41.63166599
193100 0.61755132 0.87002438 43.08815376
193200 0.59327367 0.85649471 51.01530064
193300 0.60574135 0.95368264 29.57259765
193400 0.55864339 0.93378427 42.94034049
193500 0.65330755 0.85603723 40.51825387
193600 0.61626502 0.91873271 33.30818615
193700 0.56751570 0.83140304 63.09663838
193800 0.57278527 0.94489950 37.84134901
193900 0.59209107 0.90335524 40.94764289
194000 0.55281817 0.96222651 40.04019450
194100 0.58309725 0.97454363 31.39305172
194200 0.58176450 0.86579436 51.23950801
194300 0.60343463 0.93159634 33.49887003
194400 0.61596014 0.95353194 27.66178058
194500 0.59991857 0.96636091 28.94599213
194600 0.58912094 0.91572390 39.21383046
194700 0.57680725 0.91262057 42.46302748
194800 0.63384700 0.97402470 21.73829750
194900 0.55010829 1.00631232 35.61162339
195000 0.56112377 0.88828371 50.94282075
195100 0.62792084 0.91443632 32.02255976
195200 0.61046425 0.94289611 30.30271597
195300 0.55615041 0.96019886 39.50349014
195400 0.61599209 1.03847626 18.82204030
195500 0.57839908 0.89723923 45.10944912
195600 0.57006102 0.89132813 48.20794175
195700 0.62771461 0.93650636 28.20621310
195800 0.62988494 0.95762873 24.60435534
195900 0.56340855 0.85940606 56.93047794
196000 0.60106083 0.99905465 24.88337794
196100 0.55764920 0.94354529 41.60599431
196200 0.58689779 0.99736221 27.97353521
196300 0.64639023 0.95279984 22.63192433
196400 0.60400112 0.97666122 26.81400776
196500 0.61256107 0.97548995 25.31805268
196600 0.61918379 0.94256009 28.74091388
196700 0.62144003 0.88148635 39.81593969
196800 0.60260009 0.89918267 39.64716370
196900 0.67165602 0.92507724 23.53507531
197000 0.61964855 0.94980786 27.54216114
197100 0.60587732 0.93813414 31.94208600
197200 0.56451016 0.93673211 41.05593508
197300 0.61037268 0.88742198 40.57396862
197400 0.56702008 0.96639367 36.06514733
197500 0.61991094 1.00473957 20.75330914
197600 0.59602999 0.98998980 26.85300398
197700 0.59361754 0.93652672 34.65861584
197800 0.58110369 0.94757641 35.57427257
197900 0.60623831 0.95561279 29.19562948
198000 0.56586505 0.91005173 45.44976167
198100 0.59132802 0.87741792 46.54338762
198200 0.58659413 0.90980375 40.85833947
198300 0.60967273 0.93786562 31.25601415
198400 0.58603744 0.84365647 55.74599058
198500 0.55596895 0.89430227 50.93135397
198600 0.59557666 0.85201233 51.64339282
198700 0.62501957 0.89244997 36.84758407
198800 0.55969906 0.99434214 34.45406238
198900 0.55203029 0.99867628 35.87773524
199000 0.61094999 0.92451055 33.26822566
199100 0.61071664 0.94029541 30.66687405
199200 0.63201413 0.99492477 19.63002924
199300 0.59677490 0.89627283 41.40259920
199400 0.57885786 0.90848817 42.79031368
199500 0.56560061 0.94219215 39.92319542
199600 0.61790428 0.89086636 38.44786529
199700 0.61349426 0.99122946 23.30771182
199800 0.58981916 0.88599530 44.98699940
199900 0.59470342 0.94749801 32.70177296
