0 0.65138647 1.44289998 2.81184413
100 0.50873276 1.32597223 33.43441098
200 0.48390132 1.31914406 39.70375606
300 0.45141854 1.41847280 34.21971263
400 0.49129865 1.34515205 33.76707079
500 0.46584999 1.39135705 33.31475937
600 0.45496892 1.37806007 37.45478880
700 0.43551903 1.35449259 45.56129515
800 0.44958964 1.41615484 34.86768052
900 0.49860925 1.36852853 28.92148953
1000 0.46389209 1.37119913 36.16830516
1100 0.51579711 1.34371411 29.17799215
1200 0.46074110 1.32816823 43.38548923
1300 0.44849919 1.37192380 39.82808506
1400 0.46143696 1.31222144 46.08655426
1500 0.49793468 1.32635436 35.49159996
1600 0.45869949 1.40845941 33.30280692
1700 0.49901611 1.35007590 31.43588019
1800 0.47570974 1.37812305 32.58005468
1900 0.47943069 1.36000198 34.12513399
2000 0.44364632 1.35608991 43.21366105
2100 0.44883964 1.37414488 39.46051798
2200 0.47455677 1.34892467 36.82420178
2300 0.45301910 1.38398382 37.22965801
2400 0.42386700 1.37407501 46.05326856
2500 0.45479264 1.38109799 37.13216778
2600 0.49268087 1.31873388 37.91931392
2700 0.47462855 1.35417372 36.02879723
2800 0.48052028 1.36667657 32.97324287
2900 0.48419177 1.37601642 30.97255898
3000 0.47970728 1.35327992 35.02783126
3100 0.44316034 1.34354686 45.22209635
3200 0.43451868 1.35807636 45.31132574
3300 0.47297752 1.40948294 29.86627314
3400 0.45098165 1.30333526 50.34357875
3500 0.52492082 1.32189799 31.18652257
3600 0.48423843 1.33915247 36.21249241
3700 0.42736356 1.39985695 42.17962878
3800 0.49754558 1.33114272 34.75028605
3900 0.45933517 1.31417190 46.22582077
4000 0.46980345 1.36670815 35.37858496
4100 0.44023503 1.39867735 38.87205986
4200 0.46461880 1.37176318 35.92449539
4300 0.45205558 1.39002111 36.78589611
4400 0.48936507 1.35752797 32.33267621
4500 0.48556979 1.34088520 35.64891658
4600 0.45299427 1.31882839 46.91749184
4700 0.47583947 1.34651406 36.90293853
4800 0.47301182 1.35879946 35.73061225
4900 0.47208058 1.37148542 34.23162920
5000 0.46609709 1.34524728 39.32948855
5100 0.50697014 1.34433328 30.74632651
5200 0.48855132 1.32244035 38.11898748
5300 0.43622121 1.35075440 45.92674943
5400 0.47467080 1.29672449 46.04709142
5500 0.50201600 1.34116898 32.21247707
5600 0.48107298 1.35667588 34.23542136
5700 0.50659727 1.32157814 34.61948665
5800 0.49038342 1.33954547 34.84238456
5900 0.50787370 1.33215989 32.54140959
6000 0.46148567 1.32518915 43.72396008
6100 0.46633461 1.40670875 31.65138552
6200 0.45634569 1.33170731 43.84492633
6300 0.43471187 1.32493800 50.51224686
6400 0.40819692 1.36361637 51.87476533
6500 0.46376213 1.34362820 40.13023561
6600 0.42772520 1.35870543 47.04886141
6700 0.44361104 1.35508388 43.36798906
6800 0.43098082 1.39984755 41.20091741
6900 0.46332459 1.33999268 40.80879706
7000 0.46953589 1.27371189 52.16000747
7100 0.49432466 1.33103506 35.42574796
7200 0.42703389 1.37092855 45.58496912
7300 0.46771826 1.37221256 35.14221684
7400 0.47128276 1.35766745 36.28506593
7500 0.46868783 1.36761021 35.51618820
7600 0.44772966 1.35064886 42.97304515
7700 0.47556806 1.32935897 39.74402724
7800 0.52057893 1.30522651 35.06431761
7900 0.46194126 1.37534225 36.10575852
8000 0.42084109 1.43313823 41.20009827
8100 0.46575426 1.39585437 32.85869032
8200 0.46387645 1.39280536 33.62251133
8300 0.48499559 1.35279514 33.94808371
8400 0.48228435 1.33237619 37.74892269
8500 0.44260218 1.34776158 44.71508673
8600 0.42137195 1.36439349 48.01135754
8700 0.45099981 1.36423026 40.21725764
8800 0.46655937 1.33633205 40.64086278
8900 0.45918239 1.35887669 38.95445629
9000 0.43042468 1.32410275 51.80534908
9100 0.45883016 1.35249819 39.95983915
9200 0.51333182 1.38054459 24.55730264
9300 0.45386484 1.32816284 45.05526368
9400 0.44537351 1.38063971 39.54076494
9500 0.48252876 1.32008622 39.83135384
9600 0.47464911 1.37979860 32.61569907
9700 0.43326257 1.35998719 45.37622158
9800 0.49268863 1.38146662 28.51408299
9900 0.42538430 1.36368075 46.99836023
10000 0.43349985 1.34797975 47.06624389
10100 0.48617706 1.38920489 28.99790250
10200 0.43730534 1.42014128 37.69295119
10300 0.43436333 1.38782562 41.57296447
10400 0.53850284 1.32886285 27.68462821
10500 0.46962848 1.36547732 35.58369569
10600 0.50984685 1.38273185 24.95501960
10700 0.45347274 1.37473291 38.23376670
10800 0.48161753 1.31873111 40.27465763
10900 0.51523430 1.37524170 24.85149724
11000 0.46359746 1.35314964 38.72559507
11100 0.45318551 1.34645535 42.24667459
11200 0.45489889 1.30935759 48.20954163
11300 0.41506611 1.34232467 53.02441696
11400 0.46571457 1.40863778 31.61835837
11500 0.48232728 1.33158192 37.87303029
11600 0.48392422 1.37161172 31.58614712
11700 0.44682520 1.33574547 45.53851496
11800 0.45522970 1.40890041 34.10581658
11900 0.47462744 1.37070178 33.75540952
12000 0.42912851 1.33809851 49.79172762
12100 0.51171990 1.37613017 25.39656667
12200 0.51184014 1.35805503 27.77625495
12300 0.49061687 1.42454146 24.76764238
12400 0.48152674 1.36099382 33.52664102
12500 0.44086504 1.40635067 37.96056367
12600 0.44045758 1.35426464 44.30053180
12700 0.45703549 1.34823600 41.03203289
12800 0.44195466 1.32218972 49.10194620
12900 0.47490814 1.33679752 38.65069656
13000 0.48416075 1.33562788 36.80238727
13100 0.47053068 1.34916423 37.70379964
13200 0.43407202 1.39216969 41.17253222
13300 0.47508195 1.33875885 38.29341877
13400 0.47282577 1.34286306 38.15007470
13500 0.50392800 1.37731309 26.74815471
13600 0.45275471 1.38952843 36.66710014
13700 0.46801291 1.41822130 30.25288222
13800 0.45666596 1.41094606 33.57103078
13900 0.40361764 1.34450989 56.00983718
14000 0.51293257 1.38280358 24.36461286
14100 0.48360600 1.36641842 32.33520212
14200 0.47664616 1.36816173 33.63413326
14300 0.43635911 1.38349626 41.53982109
14400 0.43831455 1.35260708 45.10197320
14500 0.44125220 1.38202065 40.43477542
14600 0.47154631 1.36126579 35.71913445
14700 0.42244018 1.33013633 52.94656103
14800 0.45404190 1.38115304 37.30999499
14900 0.42509423 1.37296452 45.85559714
15000 0.44911725 1.41211635 35.33284448
15100 0.44832286 1.33895504 44.63843152
15200 0.45709285 1.34675875 41.24338073
15300 0.46608902 1.28946856 49.51891713
15400 0.47912310 1.35658953 34.67658380
15500 0.45174774 1.34737102 42.46239403
15600 0.43487026 1.40807153 39.37231111
15700 0.45235442 1.32207254 46.49325630
15800 0.48145858 1.32303908 39.53775872
15900 0.50574098 1.35753222 29.01681704
16000 0.47102853 1.37942450 33.48319153
16100 0.45568235 1.34596127 41.70952267
16200 0.44748785 1.41581183 35.42501719
16300 0.49144112 1.35206598 32.69064156
16400 0.46053499 1.36952507 37.18359991
16500 0.46161273 1.39165621 34.28343280
16600 0.47355346 1.39782310 30.85907800
16700 0.43100259 1.36894500 44.76750850
16800 0.50245004 1.33955667 32.38402301
16900 0.52623944 1.31024399 33.10003702
17000 0.46176159 1.34434647 40.49278102
17100 0.46901921 1.33957042 39.54488767
17200 0.48888940 1.34625695 34.10230548
17300 0.47269751 1.35973459 35.67040309
17400 0.48341981 1.32679236 38.45393317
17500 0.45191956 1.37430844 38.67113541
17600 0.48394961 1.38592678 29.84523444
17700 0.45269455 1.33347329 44.44556617
17800 0.44283012 1.35949841 42.93852339
17900 0.49797774 1.36357081 29.71295822
18000 0.46149953 1.33013964 42.86750712
18100 0.45698367 1.34898628 40.93103892
18200 0.48654995 1.40776583 27.03403337
18300 0.46336670 1.38830545 34.23549602
18400 0.42298211 1.39445606 43.93921561
18500 0.43893630 1.34803359 45.62402250
18600 0.45533590 1.31799304 46.49352782
18700 0.47294920 1.34513598 37.76746538
18800 0.45801552 1.44003551 31.07611377
18900 0.50877949 1.33867853 31.29495080
19000 0.45939496 1.39681946 34.26850525
19100 0.43241143 1.39457272 41.35927645
19200 0.43887130 1.33782831 47.24392745
19300 0.47173286 1.35712091 36.26015929
19400 0.45350575 1.32623905 45.47614060
19500 0.45176981 1.35409391 41.45340780
19600 0.48164959 1.34154590 36.39230122
19700 0.50426062 1.34941819 30.49439318
19800 0.44742089 1.41874597 35.19921283
19900 0.45343898 1.36030969 40.15286056
20000 0.50875211 1.34059788 30.99239585
20100 0.45383314 1.33964920 43.15525222
20200 0.50148231 1.37368386 27.68252027
20300 0.47508575 1.34101251 37.93172070
20400 0.46434959 1.29421531 48.93922566
20500 0.52031200 1.34323040 28.43224219
20600 0.48483476 1.40466945 27.69199750
20700 0.52466501 1.37413834 23.29175894
20800 0.46440065 1.35702151 37.97495086
20900 0.46101353 1.35864167 38.54835604
21000 0.46980257 1.33727081 39.73582331
21100 0.44074096 1.37788779 41.06332117
21200 0.45544963 1.36720113 38.72021165
21300 0.50621819 1.33306771 32.70888975
21400 0.43327026 1.34051346 48.29035494
21500 0.49477621 1.29169223 42.75446654
21600 0.50345912 1.31596355 36.24886618
21700 0.46495015 1.36496230 36.74180513
21800 0.45314017 1.42131043 33.56591106
21900 0.44496161 1.35470545 43.07754331
22000 0.45650934 1.39608105 35.04342470
22100 0.50650071 1.31400309 36.01841322
22200 0.46430459 1.37687790 35.35568994
22300 0.43658274 1.36807230 43.39678516
22400 0.46336292 1.38289240 34.85564895
22500 0.48593841 1.30603565 41.72226497
22600 0.46822372 1.41754049 30.25990839
22700 0.46872091 1.34674952 38.48786502
22800 0.47688069 1.29718091 45.45890315
22900 0.47459321 1.30684521 44.05849857
23000 0.51506474 1.31240945 34.69563206
23100 0.45658023 1.37064526 37.99291693
23200 0.44313717 1.39098183 38.93173646
23300 0.51096606 1.34535324 29.82472496
23400 0.48814982 1.32289086 38.12407256
23500 0.47786157 1.36172818 34.23228897
23600 0.43234949 1.32948006 50.35692274
23700 0.46156074 1.37758899 35.91886898
23800 0.47673384 1.33418685 38.67088786
23900 0.45815066 1.36716944 38.06753150
24000 0.45192289 1.34328769 43.05050072
24100 0.47988520 1.33035316 38.61528674
24200 0.45514516 1.36798933 38.69035562
24300 0.50688277 1.31465295 35.82389538
24400 0.43542636 1.34310014 47.30838903
24500 0.45920692 1.37303963 37.05012234
24600 0.49103041 1.34629370 33.64695895
24700 0.47186659 1.32960309 40.53998089
24800 0.51054974 1.38975857 24.02228687
24900 0.44212550 1.40215027 38.03691290
25000 0.43201808 1.36831365 44.57780225
25100 0.44983181 1.38241369 38.20533294
25200 0.44007989 1.32881955 48.43060445
25300 0.43690131 1.31770872 51.22551530
25400 0.41125436 1.40682315 46.02798439
25500 0.46536893 1.34643120 39.31755907
25600 0.47667634 1.35512709 35.43080713
25700 0.46399852 1.37622198 35.50884753
25800 0.45664022 1.33036658 43.99973926
25900 0.46683917 1.38092457 34.27146605
26000 0.46058810 1.34492201 40.68362004
26100 0.47793119 1.29767266 45.12545292
26200 0.48163550 1.35822427 33.89170608
26300 0.45969180 1.32608637 43.99699133
26400 0.44993769 1.39069869 37.23896890
26500 0.48536994 1.39331404 28.72397829
26600 0.43293592 1.36211326 45.16798901
26700 0.47009261 1.39186837 32.27492923
26800 0.51217266 1.32699201 32.60543701
26900 0.49697685 1.38387426 27.35179290
27000 0.47349942 1.35378406 36.34080546
27100 0.46518732 1.29815958 47.93827558
27200 0.45632940 1.36363151 38.98586442
27300 0.46039963 1.35243077 39.59250799
27400 0.43719586 1.37333445 42.55508866
27500 0.52539739 1.35330662 26.00250854
27600 0.47030094 1.37968849 33.61825960
27700 0.41648667 1.38810570 46.45007146
27800 0.48310478 1.31220191 41.15583100
27900 0.46270179 1.40713261 32.46739689
28000 0.46219614 1.38942841 34.38837570
28100 0.48192081 1.32758998 38.64187235
28200 0.50997472 1.35618295 28.39647411
28300 0.47220282 1.34762409 37.55498526
28400 0.48171353 1.35366852 34.53094214
28500 0.45854719 1.37928003 36.43638622
28600 0.43304774 1.31829951 52.13928822
28700 0.42522786 1.34563723 49.66379579
28800 0.45562663 1.37197184 38.05477812
28900 0.42681342 1.38209942 44.26572696
29000 0.40594012 1.36534921 52.30102550
29100 0.49503952 1.38109664 28.07340287
29200 0.46182704 1.35300484 39.16696775
29300 0.46481907 1.37582259 35.36504859
29400 0.48609585 1.32539119 38.12161006
29500 0.44602845 1.33911150 45.19332724
29600 0.48551838 1.34275056 35.36487539
29700 0.51667690 1.35673648 27.06589815
29800 0.46505377 1.40284009 32.31989025
29900 0.47875239 1.32953554 39.00431776
30000 0.49839125 1.33500198 33.93521588
30100 0.43802155 1.33643282 47.69346373
30200 0.50441742 1.33244356 33.16385437
30300 0.48211400 1.33476850 37.38787990
30400 0.49439820 1.31431123 38.37620935
30500 0.49755243 1.36428222 29.70216724
30600 0.50030974 1.31052558 37.88837650
30700 0.46587885 1.41942933 30.65217261
30800 0.49470485 1.33394229 34.86062971
30900 0.44422575 1.37660883 40.32292302
31000 0.46327459 1.30409844 47.20816851
31100 0.49693868 1.39316736 26.32355670
31200 0.50428684 1.34726885 30.81522280
31300 0.47929109 1.36352952 33.66830713
31400 0.44567067 1.33471021 46.00206111
31500 0.46753131 1.35889271 36.97648025
31600 0.46343024 1.31333565 45.40441463
31700 0.47569455 1.38065014 32.27866197
31800 0.48110821 1.37477803 31.79707727
31900 0.49079383 1.34246634 34.29203789
32000 0.42610620 1.36984187 45.97947451
32100 0.43119982 1.32119809 52.11183026
32200 0.47830611 1.34278176 36.93287643
32300 0.49798506 1.39778448 25.62902474
32400 0.48750916 1.36267289 32.00554599
32500 0.42887433 1.41919487 40.01929818
32600 0.50167091 1.34204650 32.14186770
32700 0.46696835 1.34092002 39.80509487
32800 0.47464376 1.37652187 33.01614222
32900 0.46760970 1.35884793 36.96457789
33000 0.43897383 1.36292096 43.46266347
33100 0.47487767 1.29529488 46.29212626
33200 0.50817556 1.37094946 26.72532816
33300 0.49944231 1.36244960 29.57175073
33400 0.47404336 1.34648704 37.31131469
33500 0.43144071 1.32736465 50.96352711
33600 0.45576383 1.33908260 42.77285683
33700 0.52505253 1.33009633 29.73693856
33800 0.49011430 1.30893694 40.27854986
33900 0.48838287 1.37457468 30.25666018
34000 0.48525444 1.37344395 31.06604381
34100 0.41181140 1.37088492 49.86168560
34200 0.45905651 1.34473811 41.08001141
34300 0.43099269 1.37921081 43.47748095
34400 0.47323539 1.29503970 46.71545749
34500 0.46870260 1.32804434 41.53361769
34600 0.45057790 1.34569196 43.01117859
34700 0.41304502 1.38563059 47.71176199
34800 0.47989752 1.32357572 39.78531451
34900 0.47892472 1.34237037 36.86068950
35000 0.46183608 1.37008372 36.80014541
35100 0.43442218 1.39116174 41.18867148
35200 0.47733215 1.34541573 36.73863308
35300 0.47005243 1.36582637 35.43922478
35400 0.50158575 1.37728828 27.21318986
35500 0.45830085 1.37662916 36.81942070
35600 0.50615818 1.35587117 29.17388524
35700 0.46766808 1.37893399 34.31755064
35800 0.47169786 1.37198817 34.25444926
35900 0.47851249 1.40273904 29.25820567
36000 0.44759664 1.35780819 41.96298444
36100 0.50256215 1.37396714 27.43299334
36200 0.52585490 1.36773165 23.91071639
36300 0.53579918 1.34179986 25.99459669
36400 0.46993328 1.35652984 36.75719075
36500 0.41571394 1.32874661 55.07314411
36600 0.48370378 1.37121458 31.68486946
36700 0.42867507 1.41841083 40.13700532
36800 0.46413991 1.32397720 43.30700281
36900 0.42819103 1.36772063 45.68897360
37000 0.43948202 1.38279324 40.80352063
37100 0.47073490 1.41100799 30.24103276
37200 0.45128203 1.32066683 47.01050673
37300 0.47883962 1.35014983 35.68349493
37400 0.48095676 1.36015656 33.76806487
37500 0.41164116 1.32448425 56.97830039
37600 0.52104686 1.37340036 24.02584859
37700 0.43777072 1.37239902 42.52310211
37800 0.47145632 1.32469858 41.48139968
37900 0.43955513 1.37437383 41.80673335
38000 0.44559746 1.37418944 40.27447592
38100 0.47836218 1.33607584 37.99722659
38200 0.46093113 1.41176926 32.46929361
38300 0.51981992 1.35825722 26.27793909
38400 0.53206053 1.30892475 32.35670867
38500 0.46957167 1.40507263 31.05420990
38600 0.43505669 1.34330060 47.37483103
38700 0.48306715 1.34338876 35.79347069
38800 0.49973623 1.33071086 34.38219571
38900 0.47464219 1.38055476 32.52665351
39000 0.45751722 1.32991777 43.86293155
39100 0.49136805 1.31844405 38.24492853
39200 0.47355553 1.33574828 39.12786295
39300 0.51075563 1.30176659 37.55495773
39400 0.47699781 1.31627445 41.74252837
39500 0.43904863 1.38759442 40.36531534
39600 0.46622387 1.35375560 38.01935206
39700 0.47070451 1.32635902 41.36380567
39800 0.45617105 1.36676338 38.60227718
39900 0.46491045 1.39058257 33.61963605
40000 0.44029532 1.28774921 56.24845967
40100 0.43761331 1.37637382 42.06510435
40200 0.48976756 1.33188384 36.23036114
40300 0.48147504 1.31553370 40.89048559
40400 0.49802404 1.35009143 31.63343320
40500 0.45179730 1.31316061 48.25676850
40600 0.47950949 1.37322806 32.34359460
40700 0.46050209 1.33335343 42.56516340
40800 0.46977990 1.40346701 31.15995713
40900 0.42633754 1.38184714 44.42561956
41000 0.45374969 1.32925356 44.89678132
41100 0.45219669 1.34389283 42.88796412
41200 0.43976596 1.40038762 38.82219024
41300 0.48182765 1.29835171 44.13060363
41400 0.46319142 1.42127092 31.13828646
41500 0.46800066 1.34509932 38.90895676
41600 0.49337774 1.36157401 30.92725546
41700 0.43321603 1.37734380 43.10911670
41800 0.47302447 1.32826094 40.50609913
41900 0.48642769 1.39053958 28.79735692
42000 0.52022642 1.25975941 45.01703975
42100 0.47281904 1.37231076 33.95786568
42200 0.46847629 1.29932921 46.93599690
42300 0.47230940 1.36278723 35.33517631
42400 0.50567710 1.36236742 28.35205721
42500 0.46602446 1.38187428 34.34912025
42600 0.47171646 1.40652351 30.42561501
42700 0.41229027 1.39472965 46.92936731
42800 0.47395523 1.40802577 29.77774846
42900 0.45071005 1.31564325 48.06644461
43000 0.45351574 1.34659304 42.14409268
43100 0.44027897 1.36285867 43.13137774
43200 0.49594139 1.36658962 29.71912238
43300 0.46119312 1.37499202 36.32786143
43400 0.43679883 1.33388117 48.43516095
43500 0.46104967 1.35614873 38.89522466
43600 0.50481053 1.33563362 32.55761839
43700 0.44156102 1.39103200 39.33236537
43800 0.44606752 1.33997056 45.04556338
43900 0.41394585 1.32285820 56.60309564
44000 0.48530254 1.32490720 38.37624430
44100 0.50073351 1.36809127 28.55352419
44200 0.41618799 1.42111954 43.38569070
44300 0.49462111 1.36725654 29.90065726
44400 0.53087687 1.35553164 24.73686968
44500 0.48922145 1.31533610 39.26417669
44600 0.48512460 1.32759293 37.94781820
44700 0.44312943 1.33739318 46.21173351
44800 0.50388572 1.31615569 36.12977131
44900 0.47127652 1.39027761 32.17671755
45000 0.42293280 1.38010220 45.57085848
45100 0.45888988 1.35187385 40.03772329
45200 0.45744445 1.36822922 38.09836697
45300 0.48870021 1.35351654 33.05250367
45400 0.44709250 1.34292830 44.31686055
45500 0.50100291 1.37110071 28.10743435
45600 0.49639266 1.34752340 32.35253117
45700 0.47032675 1.36916185 34.93421105
45800 0.46917234 1.36292594 36.03535277
45900 0.47877443 1.30138994 44.19335355
46000 0.47465589 1.31828854 41.89950992
46100 0.44907719 1.33596658 44.93460961
46200 0.47649951 1.38689036 31.37313004
46300 0.50862066 1.29886586 38.54049771
46400 0.46143647 1.37651303 36.08079474
46500 0.44951559 1.35776481 41.48664395
46600 0.43029816 1.34152098 48.92734204
46700 0.43317384 1.39656678 40.94731387
46800 0.47822018 1.37826411 32.00295774
46900 0.44801737 1.34508444 43.74703820
47000 0.48412870 1.38035876 30.45722286
47100 0.50944948 1.38847696 24.37344334
47200 0.42651680 1.37606039 45.07704372
47300 0.42339852 1.39401286 43.87082632
47400 0.45515910 1.36565611 38.99767185
47500 0.42937542 1.41242027 40.45393518
47600 0.41695491 1.34825961 51.56983564
47700 0.45856708 1.34530023 41.11093680
47800 0.47716665 1.30976566 42.92190268
47900 0.46908704 1.30491167 45.69012616
48000 0.52055759 1.28107978 40.06282053
48100 0.46249292 1.37214286 36.37852996
48200 0.42444184 1.34729330 49.62581684
48300 0.47598741 1.35221892 36.01044280
48400 0.42170101 1.37900487 46.04507559
48500 0.49327565 1.36985878 29.83584718
48600 0.48881028 1.37975075 29.53048905
48700 0.46104787 1.37972104 35.78257373
48800 0.49495342 1.35834767 31.05474003
48900 0.45107824 1.31536444 48.02616564
49000 0.49889022 1.33066080 34.56045444
49100 0.44710985 1.39921512 37.05550860
49200 0.44012664 1.35284010 44.59509806
49300 0.44711882 1.33944608 44.86322601
49400 0.50819011 1.36110639 28.04123425
49500 0.47969802 1.38421072 30.97006050
49600 0.50772774 1.33662011 31.83080634
49700 0.47816572 1.34533238 36.56625946
49800 0.46182076 1.33801783 41.48378750
49900 0.46205886 1.27612186 53.36870413
50000 0.49631429 1.33547845 34.27760418
50100 0.46271252 1.33634416 41.54429100
50200 0.47470156 1.32431619 40.81209470
50300 0.47263498 1.34401329 38.01335432
50400 0.49208431 1.37196295 29.81121080
50500 0.39586158 1.41401007 49.94722394
50600 0.48330810 1.37648571 31.10557903
50700 0.43715981 1.35660090 44.82413408
50800 0.40419046 1.38450973 50.42064430
50900 0.52843252 1.27819556 39.31630639
51000 0.48379514 1.38586725 29.88541410
51100 0.44587844 1.37771930 39.76516993
51200 0.46044853 1.40380546 33.31914803
51300 0.46319889 1.33621970 41.44937633
51400 0.44689149 1.27124347 58.19673386
51500 0.43390453 1.34581052 47.29059787
51600 0.45144759 1.34257559 43.28037317
51700 0.49943735 1.38666519 26.53507803
51800 0.47145839 1.34700759 37.81897230
51900 0.45188407 1.40564527 35.23216380
52000 0.43645471 1.39021567 40.75435981
52100 0.47635381 1.39643030 30.37215091
52200 0.46134304 1.39703913 33.77904246
52300 0.41128977 1.37231417 49.82863406
52400 0.51921565 1.33806316 29.45326130
52500 0.44584581 1.38650458 38.73778299
52600 0.42172875 1.37545857 46.47272834
52700 0.47594227 1.40667028 29.45615155
52800 0.47297723 1.36086823 35.44849322
52900 0.49998066 1.36802574 28.71247119
53000 0.45303517 1.38425407 37.19437206
53100 0.44859255 1.30575742 50.46794125
53200 0.45653878 1.33828574 42.71243444
53300 0.45878765 1.35047269 40.27090791
53400 0.47037185 1.35107660 37.45363398
53500 0.48027291 1.34279616 36.49652020
53600 0.47747330 1.31950569 41.04816533
53700 0.49765362 1.37967948 27.71054267
53800 0.47770610 1.34898640 36.10984160
53900 0.48117146 1.32378956 39.46802554
54000 0.48280246 1.34447951 35.68069734
54100 0.46912161 1.32821210 41.40795720
54200 0.45161008 1.35404561 41.50011725
54300 0.43565736 1.37668167 42.54222111
54400 0.43651065 1.34387629 46.90062668
54500 0.46604751 1.33184769 41.50448412
54600 0.45067962 1.35490044 41.60726723
54700 0.52541313 1.32816820 30.00337147
54800 0.47050365 1.36112712 35.97712511
54900 0.43976249 1.32597283 49.00450799
55000 0.47009868 1.36257905 35.86956795
55100 0.44207234 1.38544120 39.82519842
55200 0.41666272 1.37523330 47.92337207
55300 0.53137987 1.31188011 31.91092181
55400 0.47117434 1.36012151 35.96358798
55500 0.47938095 1.33035872 38.72546532
55600 0.44422502 1.35559724 43.13649902
55700 0.49516641 1.24436315 53.65350008
55800 0.47737854 1.34089888 37.43674090
55900 0.45384282 1.32649817 45.34812224
56000 0.48107800 1.36615427 32.92076016
56100 0.49935024 1.41026297 24.15653056
56200 0.45877463 1.31563151 46.09070986
56300 0.48596243 1.38172787 29.90018973
56400 0.47120974 1.38010781 33.35956018
56500 0.46533719 1.38722950 33.89190882
56600 0.45685642 1.30898259 47.80322576
56700 0.49240335 1.36723824 30.36102770
56800 0.46785348 1.37006361 35.38773716
56900 0.44933311 1.32707865 46.36784064
57000 0.49419593 1.38180434 28.16276549
57100 0.45658042 1.34887051 41.04660681
57200 0.52303599 1.34144699 28.22765820
57300 0.48800048 1.29835461 42.80232975
57400 0.44321438 1.35400192 43.62714774
57500 0.49786322 1.34527470 32.39959802
57600 0.44697079 1.36712354 40.83996621
57700 0.46304848 1.36896977 36.65747173
57800 0.45294550 1.36353075 39.82989257
57900 0.47425600 1.35617509 35.82297929
58000 0.47651383 1.35666939 35.24486587
58100 0.49097139 1.38332701 28.65277191
58200 0.45264833 1.37941759 37.86148360
58300 0.42645050 1.35747619 47.57118170
58400 0.48271825 1.39570130 29.04478876
58500 0.46532105 1.35370985 38.23750810
58600 0.43688892 1.35814870 44.67461608
58700 0.47537872 1.39173919 31.08755996
58800 0.46819676 1.45205779 28.01560007
58900 0.41100092 1.35427108 52.37869411
59000 0.49243804 1.35709403 31.75204256
59100 0.44190053 1.32084093 49.35665350
59200 0.42031724 1.36565866 48.13501978
59300 0.50013914 1.33244182 34.01005451
59400 0.43156788 1.37028173 44.44131536
59500 0.47658664 1.40804480 29.18464288
59600 0.48781769 1.34073975 35.19258096
59700 0.48300223 1.32883683 38.19243101
59800 0.46135503 1.42135710 31.56806336
59900 0.49705044 1.38387984 27.33620759
60000 0.46348775 1.38128490 35.01565836
60100 0.44285597 1.39637797 38.43028869
60200 0.51018526 1.34428617 30.13821589
60300 0.49708334 1.39165206 26.45722238
60400 0.49731759 1.32441922 35.95438357
60500 0.47317099 1.31961935 41.99428878
60600 0.48703739 1.35884075 32.63950353
60700 0.44084419 1.30696298 52.21251276
60800 0.43488124 1.41669282 38.61402275
60900 0.45520948 1.33055126 44.31763581
61000 0.44821662 1.42239112 34.70900562
61100 0.41494750 1.36188566 50.16524952
61200 0.53055818 1.33618071 27.77364585
61300 0.46869811 1.37511776 34.54806851
61400 0.46987619 1.37100418 34.79844438
61500 0.46119520 1.36946200 37.03395038
61600 0.48075849 1.29489367 45.06772337
61700 0.46017549 1.35116393 39.83398639
61800 0.45863265 1.37207529 37.31146547
61900 0.43174765 1.37774331 43.45301058
62000 0.49593434 1.35814923 30.88221776
62100 0.48378344 1.34776843 34.96202734
62200 0.49573331 1.37736134 28.38256036
62300 0.46108688 1.40175191 33.36608289
62400 0.52413935 1.33239561 29.50909969
62500 0.46841366 1.35653303 37.10750207
62600 0.51526205 1.36480058 26.20349612
62700 0.47973796 1.36268305 33.68565488
62800 0.48440763 1.31081196 41.13609211
62900 0.46744481 1.36456071 36.21285842
63000 0.47462410 1.32685080 40.38747087
63100 0.50943308 1.35123382 29.22356419
63200 0.46057340 1.40006141 33.65640879
63300 0.49130975 1.36420120 30.99646744
63400 0.41668410 1.35150455 51.15940036
63500 0.48842548 1.35738904 32.55083127
63600 0.47768949 1.37401657 32.64689240
63700 0.45678958 1.33575227 43.06431184
63800 0.47151817 1.46216937 26.81755197
63900 0.43509561 1.35831734 45.12415578
64000 0.44692120 1.35682368 42.27416706
64100 0.48628663 1.34770412 34.43372054
64200 0.46710456 1.29871813 47.37733762
64300 0.47692157 1.30470060 43.95292129
64400 0.46092681 1.35258903 39.44299075
64500 0.48124378 1.36083448 33.61066244
64600 0.43532147 1.40983352 39.09235864
64700 0.42119617 1.42700411 41.52998694
64800 0.48152524 1.34898188 35.26884670
64900 0.41326975 1.37736203 48.62715495
65000 0.51065473 1.37223425 26.08785772
65100 0.47663464 1.33433873 38.66786995
65200 0.51782580 1.35571905 27.00221655
65300 0.46391149 1.37023135 36.28884361
65400 0.46272766 1.39004062 34.19461331
65500 0.47450112 1.38010361 32.61244357
65600 0.48550144 1.31929023 39.33282712
65700 0.49407829 1.30873429 39.49316117
65800 0.47513316 1.36477067 34.42603319
65900 0.48064013 1.40046081 29.01340159
66000 0.47709927 1.45300481 25.94664152
66100 0.42692382 1.36168272 46.85113418
66200 0.46849657 1.42215099 29.82715377
66300 0.47920362 1.36672071 33.25720580
66400 0.45004379 1.36649447 40.15091689
66500 0.46588749 1.35341224 38.14832038
66600 0.44623974 1.37660341 39.81049356
66700 0.43360624 1.38240269 42.39738254
66800 0.42358307 1.28336958 61.66752927
66900 0.49108411 1.32591310 36.97604859
67000 0.43395000 1.39673333 40.72330248
67100 0.53113560 1.35214848 25.18762797
67200 0.47070075 1.38622049 32.76196229
67300 0.44163896 1.32964318 47.88593740
67400 0.45835512 1.36693234 38.04962452
67500 0.48019880 1.37020627 32.57949004
67600 0.47020269 1.31707124 43.13486735
67700 0.41802422 1.36060438 49.47073904
67800 0.45305880 1.35448214 41.07770274
67900 0.45850524 1.41156310 33.07040342
68000 0.44465837 1.33959726 45.46419178
68100 0.48322358 1.39926762 28.56951348
68200 0.47800076 1.37280493 32.73112484
68300 0.44801909 1.31343547 49.15035083
68400 0.50351277 1.36803227 28.01135722
68500 0.48372584 1.37713146 30.93559480
68600 0.48497169 1.37427938 31.02142521
68700 0.50430727 1.34561684 31.06490266
68800 0.46033224 1.36806813 37.42332608
68900 0.50749114 1.30178513 38.17439694
69000 0.42349839 1.37093005 46.55609615
69100 0.44586911 1.40113197 37.17869931
69200 0.52818441 1.33955951 27.63087317
69300 0.46050364 1.36136314 38.28934140
69400 0.41837125 1.41417309 43.34050421
69500 0.47268656 1.37734931 33.35729609
69600 0.45319181 1.39998222 35.45891890
69700 0.48750754 1.37366210 30.55715443
69800 0.40193649 1.36442880 53.61070219
69900 0.49227243 1.35777958 31.68869547
70000 0.47238903 1.31347117 43.29987892
70100 0.45966665 1.36374183 38.16320353
70200 0.47309458 1.35698499 35.96968103
70300 0.44266759 1.34601296 44.96598779
70400 0.49458496 1.39376610 26.74049039
70500 0.50798769 1.35563623 28.85481300
70600 0.47834070 1.38583702 31.08301611
70700 0.47254891 1.36939360 34.39601434
70800 0.43754337 1.38469128 41.08979278
70900 0.46445534 1.39503545 33.24942224
71000 0.43408622 1.39017431 41.38590915
71100 0.45828037 1.38236581 36.13308976
71200 0.46801163 1.32565067 42.10814597
71300 0.45851407 1.33010371 43.59010119
71400 0.48971479 1.35706542 32.32508217
71500 0.42845828 1.33419251 50.61351601
71600 0.43063236 1.45237910 37.41333861
71700 0.46431149 1.36937736 36.30567473
71800 0.48193822 1.31291651 41.27558592
71900 0.44493454 1.34289475 44.87022439
72000 0.49495953 1.32786392 35.83621357
72100 0.49213862 1.32195621 37.45297250
72200 0.48938339 1.35107859 33.26847110
72300 0.44101653 1.39788346 38.75011208
72400 0.43215702 1.37984544 43.08848896
72500 0.42406216 1.38085382 45.16875284
72600 0.47837339 1.36628479 33.49905628
72700 0.44444317 1.35472066 43.20769057
72800 0.47887892 1.37856044 31.82104892
72900 0.41962742 1.37096958 47.62881754
73000 0.42606788 1.36429517 46.72730336
73100 0.46104566 1.26856368 55.33097259
73200 0.49064596 1.35508413 32.41486185
73300 0.45925206 1.32671004 43.99449005
73400 0.51071307 1.35027329 29.12381518
73500 0.45887577 1.41421638 32.74986172
73600 0.44200853 1.39550527 38.73937297
73700 0.41126031 1.35393097 52.35338456
73800 0.50286931 1.30592678 38.26246098
73900 0.47703324 1.31901801 41.23432779
74000 0.48985528 1.40107114 26.97386091
74100 0.46065107 1.37142792 36.90934471
74200 0.44661775 1.38379324 38.85328656
74300 0.46548394 1.34432835 39.61572295
74400 0.46730705 1.40836134 31.27182585
74500 0.45220292 1.30133666 50.43525850
74600 0.46242049 1.37545065 35.97828306
74700 0.44088306 1.38495426 40.18855507
74800 0.47025365 1.35417037 37.02483334
74900 0.49818117 1.38166561 27.36693433
75000 0.48617590 1.37765551 30.34445867
75100 0.44790473 1.35507988 42.27693332
75200 0.44661494 1.44431123 33.65261273
75300 0.44946701 1.35410833 42.02557902
75400 0.50419774 1.33579067 32.65161553
75500 0.48838736 1.33890866 35.36516527
75600 0.42917754 1.37435837 44.56531091
75700 0.49077112 1.36429445 31.09635985
75800 0.47274672 1.32988793 40.29108419
75900 0.48619593 1.35434231 33.46417211
76000 0.49541235 1.37852315 28.30636591
76100 0.47627692 1.33397138 38.80875990
76200 0.47637167 1.36647124 33.91977884
76300 0.45710226 1.35613470 39.84826735
76400 0.48763388 1.35889616 32.50483104
76500 0.42584168 1.37660820 45.19415943
76600 0.48793520 1.32360225 38.04382204
76700 0.49970106 1.32448998 35.46171747
76800 0.43644164 1.38509708 41.33284608
76900 0.51769937 1.30097719 36.42180102
77000 0.46713872 1.32759354 41.97418098
77100 0.47173752 1.35261578 36.91293393
77200 0.50045757 1.33804655 33.02304989
77300 0.46194948 1.39480036 33.86750838
77400 0.47519014 1.33800046 38.39166166
77500 0.42251432 1.41672505 41.96650872
77600 0.45395562 1.38848679 36.48651712
77700 0.48325045 1.34387658 35.67744526
77800 0.48364020 1.32969206 37.90817961
77900 0.47530593 1.32900944 39.86259845
78000 0.44158819 1.36920509 41.94198668
78100 0.42200979 1.33640204 52.02142380
78200 0.47533242 1.34066880 37.93097671
78300 0.50305950 1.39833679 24.56048419
78400 0.44884086 1.32495725 46.86043951
78500 0.44382841 1.38948130 38.91913404
78600 0.48141990 1.37009558 32.32620881
78700 0.43298669 1.39041747 41.65221891
78800 0.45157813 1.32496575 46.17520713
78900 0.50255209 1.29129919 41.27085234
79000 0.49524883 1.34934588 32.30985304
79100 0.44283722 1.39074583 39.03458528
79200 0.47219039 1.34633657 37.75483438
79300 0.49085457 1.37625862 29.52686989
79400 0.40563351 1.33719338 56.57881294
79500 0.47375302 1.39217128 31.40736552
79600 0.45981758 1.36187896 38.38250936
79700 0.49872599 1.31066834 38.17885198
79800 0.45677402 1.39802696 34.77868927
79900 0.44344767 1.34226125 45.35030426
80000 0.49802868 1.34446298 32.49208918
80100 0.49032951 1.33749336 35.18506142
80200 0.44646307 1.34641407 43.93480516
80300 0.48543503 1.33784652 36.16593784
80400 0.42725388 1.34744767 48.83132871
80500 0.47506560 1.34612515 37.13647635
80600 0.46159974 1.36652585 37.32501517
80700 0.47200380 1.40742617 30.27609042
80800 0.42926921 1.37782340 44.11113981
80900 0.47883871 1.27625643 49.48675077
81000 0.52057866 1.33523929 29.66905531
81100 0.45228698 1.34168202 43.21316103
81200 0.45583449 1.33908780 42.75476603
81300 0.48416768 1.30745565 41.82845805
81400 0.48770788 1.30684468 41.18846101
81500 0.43463363 1.33824038 48.29274292
81600 0.44622684 1.37260203 40.31552897
81700 0.47291541 1.37180990 34.00005706
81800 0.47454399 1.36434681 34.61610145
81900 0.44131804 1.33140012 47.67113744
82000 0.46693401 1.36149481 36.75172248
82100 0.45235536 1.39206035 36.48941894
82200 0.47090402 1.36591671 35.23164793
82300 0.51061659 1.30292159 37.35298869
82400 0.45191746 1.32986760 45.24498942
82500 0.39856221 1.39208235 51.25548065
82600 0.46865387 1.35863634 36.75235738
82700 0.40597456 1.41410288 46.91463571
82800 0.44689060 1.34767893 43.63303992
82900 0.40259320 1.40924460 48.34367214
83000 0.47110804 1.34444046 38.29514928
83100 0.40195255 1.36491364 53.54030217
83200 0.49546690 1.40877542 25.07785649
83300 0.45580243 1.37993492 37.02403707
83400 0.44627459 1.39588394 37.60836978
83500 0.46870981 1.39442293 32.32083359
83600 0.45139637 1.33409265 44.66450750
83700 0.48448574 1.35926766 33.12599489
83800 0.43124150 1.36222960 45.60590625
83900 0.45968474 1.35332430 39.63259333
84000 0.45407331 1.39776825 35.46563256
84100 0.44731704 1.36485782 41.05604203
84200 0.46095884 1.37841780 35.96145523
84300 0.42176915 1.35229004 49.61531906
84400 0.49535063 1.31665837 37.74775940
84500 0.47723725 1.36932938 33.34902815
84600 0.50254153 1.35685756 29.73980275
84700 0.46735000 1.35664254 37.33869068
84800 0.49348883 1.41259361 25.14337050
84900 0.47800673 1.40201887 29.44065655
85000 0.47871005 1.34107043 37.11392493
85100 0.42272143 1.35523266 48.92049401
85200 0.43281192 1.38845386 41.91600710
85300 0.48964384 1.36727349 30.93302093
85400 0.46281890 1.35987650 37.94473483
85500 0.52908373 1.33415520 28.35843367
85600 0.50909702 1.32977819 32.70970584
85700 0.44900389 1.39459042 37.05511364
85800 0.44838565 1.34630479 43.46600048
85900 0.44526077 1.37871196 39.80143091
86000 0.44880203 1.42177841 34.60951778
86100 0.45929668 1.32694132 43.94369793
86200 0.47178420 1.35868551 36.02611873
86300 0.48866697 1.38079507 29.43573243
86400 0.44998551 1.34718569 42.92973022
86500 0.49368804 1.35742125 31.44666256
86600 0.40552844 1.34950770 54.68071617
86700 0.51587062 1.38594978 23.45553964
86800 0.46425981 1.34610708 39.62823441
86900 0.45320968 1.38422466 37.15469600
87000 0.46000645 1.36938837 37.32814971
87100 0.46048103 1.34843914 40.17001572
87200 0.46163889 1.41508479 32.01330580
87300 0.45721787 1.30657319 48.17854581
87400 0.49313714 1.34251733 33.79651751
87500 0.48903395 1.35264169 33.11057321
87600 0.45787476 1.33847995 42.35668001
87700 0.43456788 1.32324165 50.84886369
87800 0.44759184 1.36711128 40.68464463
87900 0.52205853 1.33865742 28.84729662
88000 0.48657176 1.28376966 46.15358661
88100 0.45606822 1.34688740 41.47309010
88200 0.46904609 1.35458263 37.24296056
88300 0.46603384 1.31295383 44.86321584
88400 0.49202251 1.34950257 32.95205651
88500 0.45098616 1.35601974 41.36910239
88600 0.43980753 1.36892653 42.44018751
88700 0.41346706 1.37534100 48.82049602
88800 0.42126707 1.38853988 45.05770163
88900 0.44139464 1.34044451 46.16734396
89000 0.42650479 1.37290536 45.47634008
89100 0.45762825 1.35930764 39.26920152
89200 0.46515690 1.37082875 35.91824729
89300 0.46307832 1.30127981 47.81079766
89400 0.42383415 1.33591594 51.59557923
89500 0.53804299 1.26633718 40.41419212
89600 0.50816956 1.35619888 28.73884028
89700 0.43636400 1.35616252 45.09658168
89800 0.47248269 1.32240289 41.65243002
89900 0.48716791 1.38524657 29.23292355
90000 0.46420848 1.35402061 38.45381199
90100 0.48495210 1.31968562 39.37943887
90200 0.45218417 1.37567627 38.43453795
90300 0.46918850 1.40794956 30.87361593
90400 0.43508409 1.39510824 40.59136095
90500 0.47906861 1.41878172 27.70354361
90600 0.47233750 1.42955901 28.39607363
90700 0.50088853 1.36961367 28.32298683
90800 0.49285358 1.34593750 33.32244648
90900 0.50244316 1.39106558 25.44770654
91000 0.45324527 1.31128308 48.25098655
91100 0.50304781 1.33313128 33.31766852
91200 0.48082323 1.36921923 32.57103426
91300 0.45366372 1.36561953 39.36983642
91400 0.50542886 1.37738791 26.44582556
91500 0.46890804 1.33386290 40.50251529
91600 0.50111123 1.32982940 34.25738900
91700 0.43732598 1.34169761 47.02864345
91800 0.45831311 1.34980102 40.48614188
91900 0.44389787 1.35565339 43.21212253
92000 0.45631566 1.37275593 37.78655578
92100 0.45647772 1.38286235 36.51216589
92200 0.40076690 1.37497491 52.58585969
92300 0.45844332 1.38254786 36.07231863
92400 0.48780022 1.35904227 32.44891429
92500 0.45064817 1.38096025 38.17339760
92600 0.48123728 1.33254418 37.94928917
92700 0.46303121 1.35279580 38.91164300
92800 0.45285657 1.37895220 37.86622171
92900 0.44021546 1.40151845 38.59331149
93000 0.38747552 1.39283483 54.57796315
93100 0.48883251 1.38688016 28.69390330
93200 0.45258666 1.35717078 40.80677294
93300 0.45352323 1.36277784 39.79036008
93400 0.41199927 1.37708355 49.02643669
93500 0.43809795 1.36238905 43.76472743
93600 0.47227055 1.36910481 34.49712615
93700 0.47824637 1.36549267 33.63344650
93800 0.46664322 1.35468036 37.78659152
93900 0.47639540 1.35852644 35.00689152
94000 0.42961285 1.37687564 44.13440906
94100 0.47443626 1.35459741 36.01045797
94200 0.45023862 1.35177080 42.17632263
94300 0.46209801 1.31121408 46.11873867
94400 0.49325278 1.38980311 27.44388398
94500 0.49447591 1.34502430 33.12880984
94600 0.47926190 1.32792408 39.16771562
94700 0.49238308 1.33025140 35.95968602
94800 0.46461283 1.36318255 37.06306610
94900 0.49888521 1.34646198 32.01054236
95000 0.44570380 1.39460219 37.88762619
95100 0.46921588 1.33931250 39.54089080
95200 0.46352824 1.37373045 35.93144541
95300 0.42175228 1.33535723 52.26451914
95400 0.48887354 1.36031077 32.04373186
95500 0.45774371 1.36713117 38.17111830
95600 0.51652180 1.32088884 32.87252829
95700 0.45867639 1.34766750 40.72113869
95800 0.44644404 1.35636967 42.46014882
95900 0.46397574 1.34842665 39.34096672
96000 0.44386079 1.32459064 48.18786976
96100 0.47744208 1.36136714 34.37554797
96200 0.47265982 1.39365601 31.49630117
96300 0.49395417 1.36165151 30.79759420
96400 0.46624534 1.35413061 37.95955936
96500 0.42129415 1.32468268 54.20655840
96600 0.44244999 1.32639086 48.23607041
96700 0.41065146 1.30846615 60.20389750
96800 0.45777308 1.35079031 40.46870603
96900 0.43483551 1.36507158 44.25894280
97000 0.48243855 1.35126581 34.72742123
97100 0.43603025 1.37719313 42.38077778
97200 0.45854271 1.35792078 39.24406310
97300 0.46048645 1.34363619 40.90819260
97400 0.47431942 1.34354216 37.70538975
97500 0.49483415 1.36684815 29.91121967
97600 0.42382915 1.35824182 48.18286104
97700 0.46402739 1.36373001 37.12629191
97800 0.51907860 1.35323268 27.13660042
97900 0.42912281 1.38518555 43.27840395
98000 0.47766778 1.30271174 44.17713855
98100 0.46590651 1.37654891 35.01996819
98200 0.41527342 1.41746723 43.94044154
98300 0.44072003 1.28756642 56.17706652
98400 0.48582031 1.30851857 41.26903862
98500 0.48414202 1.33156324 37.48280499
98600 0.46418767 1.35990832 37.61656624
98700 0.44552958 1.30338256 51.70680554
98800 0.45500169 1.41384389 33.72352386
98900 0.47504453 1.37212364 33.47866398
99000 0.50277969 1.33469089 33.11147645
99100 0.47620499 1.34146998 37.60798717
99200 0.42731999 1.37127365 45.46243068
99300 0.45531595 1.36642866 38.85579334
99400 0.47911812 1.31163405 42.13526736
99500 0.47463318 1.31879485 41.81275665
99600 0.44862202 1.36331651 40.93663347
99700 0.48056162 1.30806502 42.49612061
99800 0.50455059 1.32952865 33.63047760
99900 0.50845278 1.35993862 28.15376408
100000 0.50202622 1.29052966 41.53572011
100100 0.49203087 1.35600975 31.99217672
100200 0.49043648 1.37875767 29.30828610
100300 0.44767550 1.35012397 43.06523700
100400 0.50869038 1.32012292 34.47756716
100500 0.51598884 1.35989414 26.74487982
100600 0.42010896 1.38983827 45.23730046
100700 0.47880625 1.38794044 30.74201095
100800 0.43750512 1.37751224 41.95340728
100900 0.45061912 1.39883299 36.21279433
101000 0.49165395 1.39708018 27.00028407
101100 0.44434522 1.30689616 51.32422891
101200 0.47370292 1.29965170 45.67490492
101300 0.50424175 1.36542617 28.21570505
101400 0.45785058 1.41397279 33.01851213
101500 0.44512524 1.37125114 40.76870526
101600 0.48772220 1.37908318 29.84137077
101700 0.49392813 1.36039921 30.97699786
101800 0.49952946 1.30437613 39.22856881
101900 0.46813522 1.35505963 37.38449378
102000 0.42962844 1.36842627 45.20621486
102100 0.46745184 1.36890956 35.63167606
102200 0.44206640 1.35302691 44.06541722
102300 0.45521545 1.32754018 44.83093215
102400 0.45441434 1.30672718 48.83334946
102500 0.47608328 1.38627150 31.53643335
102600 0.45908848 1.35479462 39.56148200
102700 0.46269610 1.36211724 37.66239774
102800 0.45575693 1.35033999 41.02639957
102900 0.47596679 1.35379308 35.78367249
103000 0.43113975 1.36799837 44.85513253
103100 0.49937933 1.29659723 40.81066931
103200 0.42480233 1.34856666 49.33290655
103300 0.51751934 1.37985788 23.86665968
103400 0.44908619 1.35575490 41.88219343
103500 0.46644144 1.33140700 41.48659954
103600 0.45165401 1.42386652 33.73601945
103700 0.45988665 1.40847577 33.01555399
103800 0.42803650 1.31909586 53.34522743
103900 0.46311508 1.36865360 36.68317096
104000 0.47891365 1.38313230 31.26861669
104100 0.50766353 1.35224567 29.41233000
104200 0.46505176 1.32742032 42.49221163
104300 0.48623081 1.37912656 30.15382819
104400 0.44086611 1.38444611 40.25153635
104500 0.46425270 1.32569553 42.97941936
104600 0.49018325 1.38971698 28.09270623
104700 0.45849334 1.34344454 41.41753797
104800 0.46275511 1.37455973 36.01020038
104900 0.48309970 1.38693780 29.91440002
105000 0.50782120 1.31581536 35.42833729
105100 0.47213449 1.37780119 33.42761993
105200 0.45169058 1.32206480 46.65925111
105300 0.46905633 1.31595745 43.60331954
105400 0.46034061 1.39935721 33.78279650
105500 0.49690465 1.34002410 33.42000505
105600 0.44247895 1.39410016 38.76593362
105700 0.43858445 1.40665988 38.52523395
105800 0.43049048 1.34602184 48.17232853
105900 0.48695687 1.34234483 35.12126291
106000 0.44095790 1.36563832 42.57793658
106100 0.46659921 1.37536663 35.00470417
106200 0.44240457 1.37483891 41.01035132
106300 0.51129891 1.38038582 24.95782640
106400 0.44833465 1.39402947 37.28259975
106500 0.49463360 1.33834965 34.15309811
106600 0.46226534 1.35080806 39.38800113
106700 0.44725330 1.33049518 46.30638846
106800 0.47640563 1.34675397 36.73939352
106900 0.50991221 1.35729916 28.24844932
107000 0.45335501 1.42768517 33.03159265
107100 0.43282525 1.31067897 53.61240091
107200 0.49242806 1.32250935 37.29452071
107300 0.38444437 1.35308836 60.57919100
107400 0.46486482 1.40273347 32.37466481
107500 0.46860281 1.34267553 39.14782375
107600 0.44482766 1.35542074 43.00804245
107700 0.51414961 1.32703648 32.22837451
107800 0.48439749 1.35777788 33.35578803
107900 0.49517428 1.33945503 33.86413089
108000 0.40795437 1.39243249 48.43070954
108100 0.42798923 1.41279042 40.79768441
108200 0.50938610 1.36919639 26.72162162
108300 0.45138313 1.35218654 41.82958491
108400 0.46018283 1.39017246 34.78718344
108500 0.45381699 1.34483490 42.34114097
108600 0.48078089 1.37644323 31.66164719
108700 0.44766991 1.36622657 40.78290181
108800 0.47571221 1.33699795 38.43734123
108900 0.53539511 1.32998083 28.00064485
109000 0.48634735 1.36416968 32.04866523
109100 0.44133048 1.36273688 42.87554202
109200 0.47321836 1.39570165 31.15402974
109300 0.45171280 1.37867614 38.18300789
109400 0.47615708 1.35498046 35.56816000
109500 0.47047893 1.33961873 39.20103620
109600 0.48026416 1.34019279 36.91109070
109700 0.42500935 1.34839168 49.30246896
109800 0.45788048 1.38761471 35.62615773
109900 0.48746140 1.35577993 32.98604135
110000 0.43602253 1.36248739 44.29691172
110100 0.47815027 1.33684190 37.91893461
110200 0.45709729 1.38093659 36.58891155
110300 0.45425215 1.32341651 45.78686836
110400 0.45611182 1.34710043 41.42986089
110500 0.45899373 1.30323056 48.40111824
110600 0.47502902 1.35763352 35.44007937
110700 0.45172198 1.35375209 41.51521310
110800 0.45387871 1.35399755 40.94620337
110900 0.44824836 1.37854739 39.06481203
111000 0.46876389 1.36190565 36.27009516
111100 0.44160604 1.32843215 48.10148244
111200 0.41394307 1.39207302 46.73840029
111300 0.47037791 1.41557118 29.92726505
111400 0.46689000 1.33160786 41.34809318
111500 0.47152679 1.37144715 34.36292141
111600 0.43261818 1.37793103 43.19693477
111700 0.43076001 1.33605496 49.68407539
111800 0.48632916 1.28977274 44.92536371
111900 0.50726294 1.35880927 28.54119829
112000 0.45910309 1.41767464 32.40439263
112100 0.47959408 1.36634637 33.22103088
112200 0.45259431 1.38925082 36.73747872
112300 0.46610443 1.37197624 35.54860962
112400 0.49736281 1.36414255 29.75953734
112500 0.48390410 1.34700930 35.05179678
112600 0.50239062 1.33269322 33.52051155
112700 0.47147983 1.40831821 30.31350881
112800 0.47821362 1.36762879 33.35566633
112900 0.50667363 1.32969318 33.18975023
113000 0.52107281 1.36259179 25.44797755
113100 0.50050087 1.37212618 28.07580863
113200 0.46011586 1.36184933 38.31500437
113300 0.50259072 1.33393356 33.27424400
113400 0.49543743 1.34347189 33.17344654
113500 0.49268316 1.35240694 32.38199286
113600 0.41980341 1.36996437 47.70969579
113700 0.45791031 1.32961574 43.81910763
113800 0.47756021 1.33407528 38.50523722
113900 0.48558219 1.36283921 32.39404077
114000 0.47732203 1.38766131 31.10272929
114100 0.41069259 1.36740956 50.63949964
114200 0.47733967 1.32488115 40.12211698
114300 0.50423745 1.35794056 29.25193115
114400 0.42594265 1.38006607 44.74578873
114500 0.41773426 1.36121034 49.46825839
114600 0.51394924 1.33128283 31.54018383
114700 0.44790598 1.37862977 39.14106289
114800 0.45488813 1.31595760 46.97571656
114900 0.46349272 1.32638967 43.03811939
115000 0.43428817 1.40030637 40.27079773
115100 0.47805926 1.38186818 31.60640926
115200 0.44610960 1.34010575 45.01325373
115300 0.50800677 1.37679500 26.02043599
115400 0.49845246 1.36300655 29.69430736
115500 0.47494536 1.36200053 34.84672344
115600 0.49469642 1.30593810 39.90479225
115700 0.47777025 1.37396770 32.63509967
115800 0.41645562 1.36878719 48.80710821
115900 0.46153830 1.31923885 44.76928882
116000 0.46232949 1.40168789 33.07627035
116100 0.48205825 1.34197398 36.23541389
116200 0.45398192 1.40012675 35.24978146
116300 0.46122769 1.38917859 34.64679921
116400 0.53746424 1.31035852 31.19088325
116500 0.46916132 1.31873946 43.07093979
116600 0.48998146 1.34197464 34.53990141
116700 0.46467673 1.32015817 43.86006277
116800 0.42996243 1.37242610 44.59769430
116900 0.52966560 1.32764602 29.35985202
117000 0.42312782 1.32605868 53.45689498
117100 0.46888240 1.37203558 34.89511801
117200 0.43338271 1.36309846 44.91340647
117300 0.44063564 1.35213224 44.56737249
117400 0.49385094 1.33392077 35.03987244
117500 0.46571397 1.37115292 35.74575609
117600 0.45481691 1.37415420 37.97595584
117700 0.48729895 1.35240669 33.51276068
117800 0.47369764 1.36346847 34.92680916
117900 0.49305139 1.37862519 28.77978509
118000 0.49192700 1.33781419 34.79930579
118100 0.44656105 1.39065816 38.09346991
118200 0.44519240 1.38608650 38.95159888
118300 0.44372196 1.34744406 44.47587478
118400 0.41141021 1.36495791 50.76021593
118500 0.46541142 1.38983369 33.58420941
118600 0.47865221 1.35837676 34.52599270
118700 0.47638137 1.37382788 32.96234700
118800 0.43393296 1.35717575 45.59521837
118900 0.52738159 1.38832347 21.13438156
119000 0.48085513 1.34144047 36.58279840
119100 0.47366597 1.38009295 32.80239728
119200 0.43556347 1.40769412 39.22352694
119300 0.45738456 1.36364008 38.72813883
119400 0.46581760 1.34598799 39.28054725
119500 0.46258681 1.34873355 39.62328031
119600 0.41921734 1.34506753 51.42148672
119700 0.43864684 1.37482265 41.98742252
119800 0.47491094 1.34090630 37.98794553
119900 0.49928184 1.38265898 27.02834706
120000 0.41758361 1.33154215 54.06853325
120100 0.45583761 1.32955482 44.33341712
120200 0.46185748 1.32431501 43.78853672
120300 0.44948823 1.32783196 46.19899146
120400 0.47851349 1.37540982 32.28949381
120500 0.48346427 1.36391910 32.70286741
120600 0.45071944 1.36787373 39.79907360
120700 0.46794294 1.37765158 34.40980804
120800 0.46238291 1.36851644 36.87490316
120900 0.44594233 1.38712656 38.64285682
121000 0.48272488 1.30605365 42.41183413
121100 0.47338907 1.34440639 37.78094180
121200 0.46202024 1.34124605 40.91859194
121300 0.50585579 1.35716432 29.04700397
121400 0.45328368 1.34441070 42.53848492
121500 0.45456972 1.40541852 34.59083911
121600 0.47830139 1.31063141 42.50536834
121700 0.44985310 1.39482304 36.81783258
121800 0.44214428 1.36684040 42.11052520
121900 0.38879699 1.37491186 56.24717950
122000 0.45062605 1.40634231 35.47956476
122100 0.44029744 1.38418153 40.42966839
122200 0.44509319 1.33833934 45.55582583
122300 0.45393974 1.34705959 41.96821131
122400 0.48483856 1.35646594 33.44823614
122500 0.47699629 1.37060971 33.23625176
122600 0.45397217 1.36960327 38.76649969
122700 0.44567997 1.31506260 49.44025967
122800 0.45797012 1.37901499 36.60791818
122900 0.51871616 1.32456758 31.82018252
123000 0.49572736 1.34542568 32.81026506
123100 0.45037017 1.34390259 43.34072743
123200 0.45872482 1.29181026 50.77834000
123300 0.45900199 1.37960129 36.28794487
123400 0.43166287 1.36553050 45.04343041
123500 0.46551278 1.37617424 35.15853756
123600 0.46933168 1.33706498 39.87784745
123700 0.48793054 1.34483481 34.52484623
123800 0.48224487 1.34642486 35.50131040
123900 0.40839165 1.40374566 47.15016505
124000 0.51512309 1.32850718 31.79463016
124100 0.54291096 1.35265197 23.19420554
124200 0.48130795 1.39851839 29.06236555
124300 0.51483413 1.36426699 26.35492328
124400 0.47066170 1.30061119 46.17597510
124500 0.45654837 1.37548184 37.38673318
124600 0.44792836 1.40268693 36.50497150
124700 0.46458668 1.32938305 42.26478787
124800 0.52085157 1.34815778 27.57511030
124900 0.48864371 1.31736338 39.01380698
125000 0.49642874 1.33016112 35.14325100
125100 0.48474397 1.34988647 34.43461408
125200 0.42612643 1.41849681 40.82475010
125300 0.44859641 1.37536623 39.36866955
125400 0.46882337 1.35001171 37.96956194
125500 0.48428403 1.28107589 47.23057365
125600 0.46987781 1.34565740 38.38893011
125700 0.44754623 1.39981781 36.88468883
125800 0.47307386 1.33307770 39.67926376
125900 0.45363976 1.41635344 33.84505785
126000 0.45004107 1.34472832 43.29438070
126100 0.48976409 1.31397065 39.40302821
126200 0.46929440 1.39959696 31.65292207
126300 0.51452212 1.31878082 33.62121681
126400 0.46664928 1.37499230 35.03974032
126500 0.44553996 1.32986971 46.84711487
126600 0.48842405 1.31405090 39.67072659
126700 0.50270362 1.35502628 29.97162187
126800 0.52945061 1.33526264 28.11274735
126900 0.48817523 1.36067622 32.14042478
127000 0.45791564 1.33692346 42.59939624
127100 0.41839170 1.38635053 46.10971776
127200 0.49017043 1.34918793 33.38636478
127300 0.47389745 1.37141323 33.82846093
127400 0.49308936 1.35365999 32.11370558
127500 0.44542811 1.41481343 36.03179885
127600 0.50517635 1.35308903 29.76954398
127700 0.43381609 1.38612730 41.91043239
127800 0.46639628 1.37780747 34.75085687
127900 0.43313718 1.40557888 40.06555674
128000 0.44646951 1.36744038 40.92488152
128100 0.40863287 1.36484493 51.58084882
128200 0.45035981 1.38580671 37.68016597
128300 0.50571590 1.29968559 38.93608880
128400 0.46450685 1.36248520 37.18367239
128500 0.45668680 1.33082884 43.91009706
128600 0.49115380 1.37456583 29.67523352
128700 0.45447805 1.34234643 42.56783870
128800 0.45425471 1.36005703 39.98739138
128900 0.45149579 1.38976620 36.95291732
129000 0.47300639 1.35336564 36.51386787
129100 0.46458653 1.33463475 41.38258459
129200 0.45461199 1.33626174 43.51274771
129300 0.46872754 1.34101693 39.38128491
129400 0.44966030 1.32097485 47.35998520
129500 0.43284787 1.34667848 47.43887636
129600 0.45850989 1.32704062 44.11621142
129700 0.45075082 1.37420988 38.97415514
129800 0.47368187 1.39386818 31.24193080
129900 0.45878070 1.38406601 35.81371998
130000 0.51174839 1.37951961 24.97709575
130100 0.47522358 1.41266716 29.07573150
130200 0.50145802 1.36818026 28.39768054
130300 0.43310884 1.37142523 43.88117979
130400 0.47828283 1.35545413 35.02600549
130500 0.48006201 1.35413905 34.82406927
130600 0.44698166 1.38030029 39.17314963
130700 0.47534074 1.37109835 33.54371074
130800 0.46996295 1.33923480 39.38124773
130900 0.45310429 1.38606669 36.96914516
131000 0.43019074 1.40478118 40.93183039
131100 0.50507539 1.34969467 30.29364836
131200 0.41381289 1.40230756 45.72343736
131300 0.45779342 1.37087736 37.66834342
131400 0.45839998 1.38173932 36.17807860
131500 0.45154706 1.38798791 37.13778629
131600 0.46292905 1.34920741 39.47051998
131700 0.48394466 1.32241370 39.10840138
131800 0.38658958 1.38171437 56.10879040
131900 0.49559028 1.36895177 29.47848521
132000 0.47770459 1.37199709 32.89999653
132100 0.40435549 1.40638536 48.08468825
132200 0.44927542 1.30612199 50.22574952
132300 0.46002041 1.31141740 46.57680131
132400 0.46596228 1.39239421 33.17633088
132500 0.50208867 1.32177469 35.46657841
132600 0.50022539 1.32615660 35.06571020
132700 0.42702195 1.39347616 42.93217143
132800 0.46581914 1.34889146 38.83723345
132900 0.49792501 1.34775983 32.00568591
133000 0.43719979 1.37817351 41.95282344
133100 0.45413423 1.34322187 42.51467971
133200 0.48732084 1.31815937 39.14922031
133300 0.49880723 1.35179984 31.22091009
133400 0.44200429 1.36477336 42.42401582
133500 0.45493399 1.40998598 34.07993549
133600 0.45743628 1.33079761 43.73330414
133700 0.45667923 1.29735199 50.13560601
133800 0.53251142 1.32556357 29.24024694
133900 0.46755447 1.35997706 36.81867453
134000 0.43508370 1.38044454 42.23707588
134100 0.45881909 1.33069479 43.41624409
134200 0.44577085 1.37580320 40.02865369
134300 0.48860498 1.31353765 39.72803057
134400 0.45358383 1.35667758 40.63112129
134500 0.49979798 1.33929139 32.95405320
134600 0.43894003 1.41254720 37.90014866
134700 0.48385581 1.32160963 39.27071569
134800 0.46035586 1.36171219 38.27641649
134900 0.42477846 1.35162950 48.88034912
135000 0.45360576 1.35709146 40.56648580
135100 0.48333836 1.36191330 33.00510207
135200 0.46039039 1.32472621 44.06683212
135300 0.49034976 1.36216701 31.47557763
135400 0.48572970 1.33046743 37.32652761
135500 0.44064224 1.35479621 44.17529394
135600 0.49036828 1.35642783 32.27921293
135700 0.46106891 1.35568459 38.95750141
135800 0.48085313 1.32946211 38.55426202
135900 0.47899135 1.39154789 30.30334217
136000 0.41729770 1.35858632 49.95920948
136100 0.45100888 1.35323090 41.76887209
136200 0.46562031 1.36501326 36.57762827
136300 0.48184236 1.36230306 33.27660070
136400 0.49108110 1.33614009 35.24858835
136500 0.48030573 1.34582272 36.01810342
136600 0.48728634 1.36012834 32.40559198
136700 0.43177787 1.36563575 44.99843109
136800 0.47242739 1.32901477 40.51262116
136900 0.47898717 1.35700055 34.64775705
137000 0.48062615 1.37726499 31.59438456
137100 0.45659132 1.35716148 39.82531443
137200 0.49882032 1.33775295 33.39868341
137300 0.49395194 1.36584087 30.22723724
137400 0.45648475 1.39209069 35.47204907
137500 0.47055891 1.39115660 32.24504947
137600 0.42421543 1.44559901 39.50829747
137700 0.48270267 1.34408913 35.76316353
137800 0.50683677 1.34464145 30.72415594
137900 0.40713027 1.37304402 50.94525036
138000 0.52571050 1.36424722 24.40282298
138100 0.45698210 1.33032471 43.92370117
138200 0.51696014 1.34661914 28.51463870
138300 0.44747305 1.36039109 41.63025530
138400 0.47291607 1.35329326 36.54499011
138500 0.46294767 1.37823671 35.51005287
138600 0.43332129 1.33015607 49.98224762
138700 0.46849270 1.36020696 36.56886062
138800 0.44465497 1.38016848 39.78033778
138900 0.45116130 1.38389475 37.70056434
139000 0.42217785 1.38794124 44.87115622
139100 0.50888968 1.40400732 22.86887507
139200 0.44472537 1.34141588 45.15702986
139300 0.48130313 1.34708723 35.60531866
139400 0.48465336 1.33997810 35.99059119
139500 0.46962627 1.33379486 40.34810164
139600 0.46606321 1.36658250 36.26332671
139700 0.50330286 1.33015842 33.76796358
139800 0.50448839 1.35158786 30.12547742
139900 0.40844080 1.37451168 50.37704393
140000 0.45201389 1.40412542 35.34452258
140100 0.41500973 1.35874948 50.58558212
140200 0.46107212 1.36903447 37.11925083
140300 0.45293836 1.36071595 40.21974950
140400 0.42286196 1.43602251 40.44930586
140500 0.51681672 1.38509466 23.37967571
140600 0.47274676 1.37187878 34.02954128
140700 0.45203587 1.33728209 43.98166424
140800 0.45900229 1.34890173 40.45529144
140900 0.50913382 1.32350948 33.78940125
141000 0.42694822 1.34519356 49.26115444
141100 0.46735330 1.32407263 42.53746372
141200 0.47357502 1.34056527 38.34385250
141300 0.43187692 1.38557880 42.49109880
141400 0.45281536 1.41232810 34.39330364
141500 0.46316950 1.39580197 33.47295794
141600 0.49920929 1.39097815 26.10133652
141700 0.45777175 1.33442387 43.04498969
141800 0.49949107 1.33960941 32.96448689
141900 0.44602396 1.37897575 39.57534986
142000 0.45791961 1.36195211 38.83006732
142100 0.49276516 1.31046212 39.43544377
142200 0.43866720 1.33611375 47.57676696
142300 0.47416796 1.37658196 33.11606089
142400 0.46245101 1.37284591 36.29884255
142500 0.52046052 1.30217104 35.68536124
142600 0.41555725 1.36864003 49.08155854
142700 0.50667683 1.33995767 31.49369786
142800 0.49967074 1.36905146 28.63966608
142900 0.46130286 1.34213811 40.94835066
143000 0.52810543 1.37835038 22.17318698
143100 0.48646683 1.35613825 33.14630885
143200 0.47057292 1.29703935 46.91490575
143300 0.44925590 1.30130319 51.17651291
143400 0.45927541 1.38000109 36.17403343
143500 0.43016158 1.38705789 42.78434510
143600 0.46431562 1.37845490 35.16016788
143700 0.47103597 1.34250264 38.61497330
143800 0.45584682 1.31116012 47.63563950
143900 0.46307628 1.37822109 35.48147540
144000 0.44886223 1.36933121 40.07225631
144100 0.49420463 1.35171573 32.16997952
144200 0.42807544 1.37141281 45.23881498
144300 0.48671909 1.37888549 30.07873502
144400 0.45172949 1.37725935 38.35175709
144500 0.45810243 1.36297551 38.64507386
144600 0.47096835 1.38209720 33.17828321
144700 0.46960350 1.37018854 34.96678237
144800 0.44994675 1.38614177 37.74516198
144900 0.45772664 1.37271645 37.44874134
145000 0.43583573 1.32875219 49.55428627
145100 0.49985795 1.33504924 33.63279774
145200 0.47855845 1.36126228 34.14225604
145300 0.42323911 1.37144916 46.56095338
145400 0.47730623 1.34801858 36.34543453
145500 0.49511017 1.35770105 31.11441745
145600 0.49430825 1.39379292 26.79452012
145700 0.43828348 1.34469610 46.30741945
145800 0.45756574 1.28765290 51.93282937
145900 0.44974007 1.33773086 44.48065203
146000 0.50422970 1.34428584 31.28645414
146100 0.42673575 1.36727109 46.14515677
146200 0.51290258 1.33230375 31.56373793
146300 0.49150016 1.37312268 29.78501902
146400 0.46435108 1.38053326 34.90135811
146500 0.47826690 1.31684876 41.35497257
146600 0.51494212 1.32395835 32.61854191
146700 0.48444293 1.36858954 31.86678000
146800 0.51462943 1.32365873 32.72924686
146900 0.43616751 1.36437146 44.00134087
147000 0.45562114 1.38335257 36.66382580
147100 0.43788021 1.42878153 36.88942793
147200 0.40466544 1.38868217 49.80708027
147300 0.51499118 1.30457319 36.20995026
147400 0.46944979 1.41439856 30.24050197
147500 0.48610047 1.32482020 38.22048571
147600 0.45973075 1.34526708 40.83579527
147700 0.43074548 1.38268238 43.13071048
147800 0.43623871 1.34883783 46.21000914
147900 0.42633015 1.38819074 43.69824828
148000 0.47276617 1.28894283 48.09016946
148100 0.47311722 1.36354888 35.04735280
148200 0.46987003 1.37684896 34.06299001
148300 0.46484883 1.36743804 36.43437283
148400 0.51817425 1.38557485 23.07686005
148500 0.49464476 1.34925361 32.44762382
148600 0.44510145 1.35383079 43.16935315
148700 0.45607167 1.42250649 32.75313765
148800 0.46383401 1.35148268 38.91588592
148900 0.45204482 1.36837453 39.40351736
149000 0.45225568 1.38503556 37.29703422
149100 0.45618975 1.31694141 46.47694458
149200 0.47654311 1.37370667 32.94149405
149300 0.45651567 1.36665346 38.53295875
149400 0.47160228 1.31409880 43.36238807
149500 0.51329808 1.30607013 36.23319974
149600 0.45585492 1.33695211 43.09571698
149700 0.43818702 1.36679240 43.14515047
149800 0.44687031 1.37737070 39.55629224
149900 0.51286324 1.37716629 25.05414390
150000 0.47029349 1.31105624 44.23241102
150100 0.49236207 1.33415950 35.30829157
150200 0.47742180 1.33484465 38.40867272
150300 0.46772751 1.39966010 32.00930323
150400 0.50727017 1.37767116 26.05456589
150500 0.48096622 1.42149282 27.06958730
150600 0.43777219 1.36565756 43.40565862
150700 0.47547961 1.37266529 33.31176760
150800 0.42560620 1.39537370 43.11930884
150900 0.46484773 1.35099607 38.74938034
151000 0.46420593 1.37836944 35.19641830
151100 0.47299386 1.31860966 42.21712222
151200 0.45434831 1.33131292 44.40004071
151300 0.49891235 1.36917000 28.77636669
151400 0.43351712 1.38541197 42.07177197
151500 0.49768732 1.33680405 33.78166897
151600 0.43898513 1.36995344 42.52043427
151700 0.45293428 1.40108576 35.41274892
151800 0.51768755 1.36693426 25.47215926
151900 0.53739455 1.32861296 27.90702450
152000 0.45943673 1.33173156 43.09247840
152100 0.43706385 1.34745396 46.20285570
152200 0.47760905 1.39006012 30.77225686
152300 0.48053616 1.34370283 36.29659159
152400 0.46037384 1.36258637 38.15160228
152500 0.53508167 1.32648159 28.65334709
152600 0.46309330 1.33694448 41.35594424
152700 0.49168706 1.34130558 34.28910122
152800 0.47171042 1.35904224 35.99261135
152900 0.50632587 1.35549952 29.19502871
153000 0.49172950 1.29232771 43.25219036
153100 0.47196326 1.32778269 40.82977656
153200 0.50165228 1.39627797 25.05003928
153300 0.46377841 1.34427873 40.02487753
153400 0.47027292 1.31655669 43.21299008
153500 0.49831013 1.36112506 29.98252652
153600 0.44577803 1.35786816 42.41513381
153700 0.49466621 1.35623940 31.41453842
153800 0.48512596 1.34742760 34.72459517
153900 0.50293560 1.37984120 26.63625684
154000 0.50650147 1.32648288 33.77493764
154100 0.47453915 1.36922901 33.96682391
154200 0.44136742 1.35571920 43.85388141
154300 0.49597779 1.41529651 24.39987254
154400 0.49337259 1.38691562 27.74148111
154500 0.49819534 1.29159734 42.07839462
154600 0.46122884 1.39997288 33.50854528
154700 0.45266232 1.35489035 41.11637052
154800 0.43635411 1.37169154 42.98610794
154900 0.49604411 1.36243022 30.26172487
155000 0.51589092 1.32214092 32.76500153
155100 0.47981566 1.36458294 33.40946148
155200 0.46839016 1.35108085 37.91001617
155300 0.48236810 1.32315440 39.31900454
155400 0.45563426 1.32358166 45.41902268
155500 0.43947547 1.40969740 38.01379546
155600 0.47815602 1.34057291 37.31587378
155700 0.51568063 1.38268651 23.86804209
155800 0.44184906 1.34730828 44.97833449
155900 0.44179058 1.35330994 44.09503817
156000 0.43938408 1.40938896 38.06550939
156100 0.43244734 1.43037957 38.21571552
156200 0.47071843 1.33548392 39.81779071
156300 0.45374556 1.43280327 32.57832515
156400 0.44144608 1.36183908 42.96928423
156500 0.51443771 1.36133124 26.83119336
156600 0.45247041 1.40431690 35.21307542
156700 0.51866759 1.31290618 33.94276847
156800 0.45294957 1.32664520 45.54290217
156900 0.49011670 1.34211471 34.48938157
157000 0.45145816 1.35499875 41.39920293
157100 0.49119448 1.41938035 25.04963669
157200 0.49076607 1.29961744 41.96600450
157300 0.50151033 1.37105086 28.01301404
157400 0.43579109 1.39277911 40.65133273
157500 0.52266873 1.33158224 29.90546088
157600 0.47991101 1.33907687 37.16770892
157700 0.49590027 1.32873537 35.49413675
157800 0.45507695 1.35715327 40.19624308
157900 0.50229477 1.39609704 24.94159079
158000 0.44709508 1.35272850 42.82489653
158100 0.46397794 1.35738351 38.02293699
158200 0.48587520 1.32637023 37.99836409
158300 0.42563057 1.38556118 44.18741391
158400 0.47613567 1.34164962 37.59504023
158500 0.44304104 1.38727425 39.36750151
158600 0.46427665 1.34306122 40.09763853
158700 0.46242820 1.29313022 49.61773227
158800 0.46291895 1.34690820 39.82226133
158900 0.55164175 1.31345437 28.40472151
159000 0.46236550 1.34894427 39.64399509
159100 0.47411631 1.33213342 39.60131378
159200 0.40339704 1.37260277 52.10168461
159300 0.49205438 1.35920851 31.53181165
159400 0.48433823 1.40555928 27.71452489
159500 0.46487309 1.33639740 41.02523712
159600 0.48757942 1.38841118 28.78728332
159700 0.48449468 1.32338811 38.81715227
159800 0.46177208 1.40476317 32.91129781
159900 0.47544037 1.30863870 43.52308674
160000 0.47886884 1.37403549 32.38302232
160100 0.45684336 1.35171662 40.55655568
160200 0.45829590 1.37996336 36.41483274
160300 0.44715630 1.35445389 42.55680428
160400 0.51723337 1.37432906 24.59841351
160500 0.41841399 1.40585335 44.07713762
160600 0.44579326 1.37167458 40.54423846
160700 0.47159604 1.32693601 41.05975675
160800 0.48174205 1.33598533 37.26867306
160900 0.46321028 1.40448121 32.59660564
161000 0.45050326 1.33485522 44.76071013
161100 0.45088617 1.35650224 41.32465441
161200 0.43892500 1.32864395 48.76152649
161300 0.48947661 1.31631967 39.02927973
161400 0.47191654 1.35994938 35.81812064
161500 0.41481690 1.35477656 51.20962541
161600 0.49344398 1.35534361 31.79543092
161700 0.46659875 1.37700971 34.80137868
161800 0.43570145 1.37504319 42.73396538
161900 0.42554686 1.34976922 48.94690733
162000 0.46107545 1.42671324 31.22794574
162100 0.44564020 1.36587583 41.34409985
162200 0.46784011 1.37565050 34.68050781
162300 0.44656048 1.37475563 39.95887158
162400 0.49691469 1.40650845 24.99215737
162500 0.51073641 1.37133406 26.18781647
162600 0.47150711 1.38381595 32.85386772
162700 0.46115242 1.36735520 37.32140532
162800 0.45718744 1.35451195 40.06235537
162900 0.46768353 1.40180317 31.80678063
163000 0.50714257 1.33144981 32.80157757
163100 0.44301086 1.37926535 40.31013740
163200 0.46370500 1.35289300 38.73789881
163300 0.48315756 1.35860267 33.50692426
163400 0.49252635 1.31189830 39.21378264
163500 0.46240422 1.36389772 37.48779164
163600 0.43283707 1.40810743 39.91013848
163700 0.43720090 1.32749479 49.41070581
163800 0.46858204 1.35668964 37.04606612
163900 0.50204053 1.32961154 34.11008834
164000 0.46332517 1.39858945 33.14953836
164100 0.41992276 1.36163862 48.79356647
164200 0.44633193 1.37502149 39.98356025
164300 0.46910543 1.36250361 36.10878003
164400 0.43760872 1.35144216 45.45930825
164500 0.50067084 1.26848074 46.66664132
164600 0.43707337 1.42208582 37.60051515
164700 0.48170828 1.38297571 30.67298107
164800 0.48175078 1.38335882 30.61894386
164900 0.42791960 1.38655663 43.44857058
165000 0.44489038 1.40842944 36.73304284
165100 0.44068800 1.31642900 50.47051241
165200 0.44191424 1.35356629 44.02554371
165300 0.45675125 1.31665403 46.39284837
165400 0.43623740 1.28151860 58.65241475
165500 0.49948152 1.33529967 33.66692950
165600 0.46526777 1.36567956 36.57060065
165700 0.53007975 1.34588287 26.31249047
165800 0.43349197 1.30510438 54.50541586
165900 0.44105341 1.37888655 40.86090175
166000 0.51720098 1.34928504 28.06524117
166100 0.44355110 1.38941180 38.99789485
166200 0.49357520 1.29606743 42.09984546
166300 0.47807053 1.36850571 33.27171926
166400 0.46663387 1.39200807 33.06100412
166500 0.45000917 1.41466244 34.88895592
166600 0.51152370 1.34487137 29.79410372
166700 0.46786522 1.38281374 33.80958748
166800 0.42588835 1.36956690 46.07499453
166900 0.43163226 1.30652375 54.72715151
167000 0.50701251 1.32954612 33.14934773
167100 0.43217453 1.37518676 43.65441480
167200 0.46111469 1.37277861 36.62573679
167300 0.43890313 1.33358459 47.93283385
167400 0.48677528 1.35662947 33.00994636
167500 0.45254326 1.40178292 35.44071574
167600 0.43081181 1.38817580 42.48346691
167700 0.46716751 1.35196707 38.06235951
167800 0.45978553 1.37175352 37.07507544
167900 0.54637091 1.36245882 21.25973735
168000 0.48073523 1.34423574 36.16977136
168100 0.48175112 1.30238515 43.34210110
168200 0.48514036 1.36826487 31.75940406
168300 0.48570148 1.36088409 32.63854604
168400 0.52524717 1.35603440 25.63232235
168500 0.45255968 1.28679017 53.34257364
168600 0.47821624 1.40780663 28.84382668
168700 0.44518807 1.39882677 37.58257173
168800 0.52643680 1.36473287 24.21068956
168900 0.49513235 1.38991680 27.04453322
169000 0.52769148 1.33323905 28.74971936
169100 0.46697684 1.32849421 41.85701457
169200 0.45674042 1.36733857 38.38713904
169300 0.49908621 1.39303077 25.90438240
169400 0.45522081 1.32304734 45.61454717
169500 0.49052957 1.37232011 30.09000885
169600 0.48849273 1.33897940 35.33147992
169700 0.49714973 1.34709561 32.26399291
169800 0.46984029 1.35040151 37.67659939
169900 0.48152517 1.35915461 33.78433809
170000 0.48327586 1.32045710 39.60250157
170100 0.47498597 1.35694615 35.54785944
170200 0.45280634 1.35035836 41.74866323
170300 0.42074560 1.40823689 43.20174427
170400 0.42568080 1.38487368 44.25254729
170500 0.46161694 1.35619878 38.75263744
170600 0.48823513 1.32878646 37.07921677
170700 0.47202885 1.34747143 37.61790589
170800 0.42828247 1.36244913 46.37532817
170900 0.48467304 1.34663617 34.94308142
171000 0.47272753 1.32529395 41.08749013
171100 0.50558238 1.36024596 28.66470155
171200 0.45421613 1.34045385 42.93234067
171300 0.47882340 1.37645783 32.09087855
171400 0.45253011 1.36927554 39.16511475
171500 0.48408393 1.32872115 37.97809602
171600 0.47228871 1.37034190 34.33182858
171700 0.46178686 1.36840385 37.03152330
171800 0.51731772 1.34318487 28.98189977
171900 0.44862917 1.42291918 34.56437302
172000 0.43447239 1.38615054 41.73330414
172100 0.49199565 1.34288574 33.97535074
172200 0.48099738 1.34463238 36.05062205
172300 0.45063020 1.38300034 37.93710976
172400 0.46468615 1.38525719 34.26925954
172500 0.49113194 1.37810000 29.24273732
172600 0.41311579 1.34065541 53.84662405
172700 0.48585334 1.36719322 31.74821610
172800 0.48776720 1.34713188 34.20571157
172900 0.43933790 1.36370034 43.26116379
173000 0.49448666 1.40095914 26.02241219
173100 0.47866289 1.36007587 34.28443881
173200 0.45493672 1.33534410 43.58378925
173300 0.46160750 1.33270538 42.40923705
173400 0.43747171 1.31154038 52.21906590
173500 0.44319220 1.34851988 44.44823757
173600 0.47250645 1.31790804 42.45539822
173700 0.47785423 1.36121073 34.30560268
173800 0.42741427 1.32733425 52.05822166
173900 0.46467413 1.37220879 35.85442948
174000 0.48235713 1.30819739 42.07833137
174100 0.48284360 1.31099007 41.44082698
174200 0.48122700 1.37728116 31.46076959
174300 0.50091460 1.36977499 28.29677397
174400 0.49554799 1.33057167 35.25329195
174500 0.46828582 1.41372786 30.56717310
174600 0.47893330 1.32613414 39.54991226
174700 0.41136558 1.39303880 47.37526237
174800 0.45503220 1.35937124 39.89283507
174900 0.48660856 1.35361559 33.48214959
175000 0.44043068 1.36356596 42.99524013
175100 0.49864509 1.36203451 29.78913869
175200 0.49418699 1.35624175 31.51271565
175300 0.49773915 1.40627691 24.84673447
175400 0.41954696 1.41384288 43.03847925
175500 0.45452177 1.37274280 38.22697859
175600 0.50376123 1.35862995 29.24757348
175700 0.46780857 1.31610364 43.86536537
175800 0.44302122 1.44819246 34.36105784
175900 0.44902034 1.29593526 52.31660367
176000 0.51676181 1.31022388 34.79560530
176100 0.49863165 1.35698558 30.50116777
176200 0.47708914 1.33987130 37.66522630
176300 0.45093505 1.39377106 36.65896898
176400 0.43673897 1.37330708 42.67873357
176500 0.50525014 1.30844254 37.31088500
176600 0.46395308 1.34647602 39.64387889
176700 0.44616016 1.40526523 36.70467010
176800 0.42248113 1.33753346 51.70605076
176900 0.44537203 1.33370133 46.24532412
177000 0.48608196 1.34189580 35.37893211
177100 0.47086137 1.34727235 37.91512454
177200 0.51380708 1.37513340 25.12973527
177300 0.49124605 1.31547935 38.81304157
177400 0.50471314 1.37013223 27.50129744
177500 0.51039229 1.37219989 26.14197539
177600 0.45772696 1.35423280 39.97215003
177700 0.49238606 1.31780102 38.15000678
177800 0.49336574 1.36441584 30.54039111
177900 0.43008344 1.39921728 41.50605307
178000 0.46936933 1.37139025 34.86548710
178100 0.48167493 1.34879249 35.26477330
178200 0.44740269 1.37290841 39.97883723
178300 0.46131035 1.39555440 33.94081662
178400 0.46419667 1.36161067 37.37740936
178500 0.42602003 1.40378877 42.16081350
178600 0.51782142 1.38958963 22.68974199
178700 0.45028346 1.32102382 47.19541191
178800 0.48523284 1.38739937 29.40191810
178900 0.46438946 1.37868861 35.11439049
179000 0.46856758 1.39029615 32.79794962
179100 0.48656309 1.35525171 33.25369157
179200 0.48322982 1.33501891 37.10403537
179300 0.45373703 1.33009067 44.75731517
179400 0.47969013 1.39910322 29.35829865
179500 0.49516227 1.36378308 30.25677323
179600 0.43797638 1.37828731 41.73517906
179700 0.48524204 1.35593111 33.43841370
179800 0.46505480 1.34088270 40.25878040
179900 0.46390405 1.39907183 32.96389501
180000 0.46420102 1.36997207 36.25421069
180100 0.49519394 1.33738554 34.19449158
180200 0.43517552 1.36345853 44.38778893
180300 0.43458916 1.39663491 40.56362807
180400 0.49498219 1.41230677 24.86120312
180500 0.40923995 1.40403117 46.87571040
180600 0.49466328 1.28951492 43.23356813
180700 0.47441110 1.32255555 41.18844295
180800 0.46296392 1.34010147 40.87682136
180900 0.49757506 1.33235113 34.54099879
181000 0.45796629 1.36012422 39.07277565
181100 0.44802083 1.40187744 36.56076886
181200 0.44470822 1.38027215 39.75432456
181300 0.45791309 1.41792866 32.67088863
181400 0.47019821 1.35902600 36.34126662
181500 0.50829343 1.36932521 26.91365489
181600 0.45753328 1.37061122 37.76578218
181700 0.44205861 1.39550265 38.72672844
181800 0.49348562 1.33244926 35.36071984
181900 0.51675004 1.33861272 29.81320079
182000 0.48040116 1.35480818 34.65215748
182100 0.40782839 1.38458966 49.34189967
182200 0.50862086 1.30914935 36.52497463
182300 0.40852078 1.37958965 49.72939254
182400 0.47853942 1.35887616 34.48036384
182500 0.45818071 1.34393633 41.41621949
182600 0.43448815 1.43733798 37.21153451
182700 0.43197852 1.36200861 45.43856870
182800 0.45125655 1.33859867 43.96184755
182900 0.49556663 1.34132175 33.48589583
183000 0.41596899 1.38239137 47.25270282
183100 0.47420037 1.37278967 33.58397025
183200 0.49141549 1.34750185 33.38159099
183300 0.47183309 1.35122760 37.09668204
183400 0.45667587 1.39972898 34.63045517
183500 0.48055953 1.39840342 29.23799343
183600 0.46500494 1.34193900 40.10297898
183700 0.44786833 1.38127887 38.83254336
183800 0.44501184 1.35664340 42.78503720
183900 0.46670011 1.33471726 40.87361122
184000 0.39370407 1.38843321 53.13217306
184100 0.48754834 1.36118734 32.20233098
184200 0.46704482 1.39063177 33.11476345
184300 0.49493654 1.37681908 28.61228131
184400 0.46287173 1.28567022 51.08353468
184500 0.48234751 1.38677799 30.09591410
184600 0.49586667 1.30011219 40.81277616
184700 0.45507081 1.40175211 34.82147896
184800 0.51573920 1.32138873 32.92701407
184900 0.48400771 1.35343401 34.06713038
185000 0.44905338 1.34823632 43.00321036
185100 0.49430786 1.41839912 24.48397886
185200 0.43284592 1.41429195 39.35858553
185300 0.45110553 1.40211390 35.76507172
185400 0.44020282 1.38305474 40.58538390
185500 0.50388793 1.32283362 34.92393484
185600 0.51778519 1.32066177 32.68222029
185700 0.42696539 1.39420532 42.87020546
185800 0.48837002 1.34993510 33.65336101
185900 0.45127708 1.34733442 42.58493451
186000 0.46446832 1.38323488 34.55463337
186100 0.47810135 1.33115174 38.87437289
186200 0.43992445 1.36259371 43.25989030
186300 0.49665494 1.40402203 25.28049226
186400 0.48810849 1.37297853 30.51623289
186500 0.44197283 1.31401814 50.58363628
186600 0.43833317 1.36702403 43.07606904
186700 0.48303282 1.33544524 37.07651339
186800 0.45080747 1.37324985 39.08125823
186900 0.48397384 1.33424932 37.07029456
187000 0.47580673 1.35003665 36.37581538
187100 0.40550953 1.40367511 48.00156029
187200 0.49191513 1.38382680 28.39776311
187300 0.49196821 1.37098173 29.96147023
187400 0.49243055 1.34560957 33.46074032
187500 0.48443465 1.33262362 37.24163748
187600 0.49005208 1.34312862 34.34337812
187700 0.44990583 1.34089777 43.93030782
187800 0.45802830 1.37240516 37.41537465
187900 0.49220220 1.34765628 33.19426759
188000 0.46815366 1.35844350 36.89548348
188100 0.47354054 1.37791960 33.09375584
188200 0.47285123 1.31439442 43.02299709
188300 0.47330554 1.38241198 32.60866131
188400 0.50669872 1.30953439 36.82126587
188500 0.46587266 1.32840870 42.12959255
188600 0.45612954 1.38467064 36.38683083
188700 0.48763507 1.36475158 31.69550021
188800 0.48273787 1.33310940 37.52765270
188900 0.47574671 1.34503089 37.15248172
189000 0.45940586 1.33054107 43.30093410
189100 0.44820229 1.30569535 50.57819108
189200 0.41417114 1.35789588 50.94585925
189300 0.48344335 1.32496307 38.76735571
189400 0.49048224 1.29380848 43.20631740
189500 0.46054628 1.35671378 38.93451273
189600 0.45991372 1.34191926 41.31547241
189700 0.49732201 1.31147827 38.30940572
189800 0.46328704 1.36130965 37.63401857
189900 0.47395468 1.35538977 36.00430227
190000 0.44331860 1.36687075 41.80436975
190100 0.45929336 1.37610567 36.64474634
190200 0.43757334 1.32741943 49.32590349
190300 0.47577100 1.42184546 28.19338823
190400 0.48066451 1.35106336 35.14508897
190500 0.42238130 1.39282499 44.27931284
190600 0.39963296 1.34640132 56.90645735
190700 0.41330130 1.31383863 58.42610077
190800 0.46970384 1.36102031 36.17583849
190900 0.49427145 1.38923002 27.29711143
191000 0.53061054 1.37835042 21.74570504
191100 0.51036084 1.38257551 24.87576083
191200 0.42768327 1.34232261 49.50928057
191300 0.44600947 1.38830438 38.49355087
191400 0.47242183 1.33213523 39.98520160
191500 0.48054716 1.38826109 30.32256691
191600 0.45663107 1.33265387 43.61658259
191700 0.47236535 1.34781154 37.48943165
191800 0.45259303 1.32154512 46.52817624
191900 0.49217021 1.36834434 30.26321785
192000 0.44385483 1.37018887 41.23063936
192100 0.49693351 1.33107666 34.88554756
192200 0.48389890 1.37399730 31.28818308
192300 0.45013565 1.38664407 37.64087937
192400 0.46282965 1.35045016 39.30746497
192500 0.47985788 1.36460113 33.39770500
192600 0.45247612 1.33095999 44.92129810
192700 0.47396266 1.29404942 46.75426120
192800 0.48595896 1.35613653 33.25513311
192900 0.48627525 1.31984751 39.06659311
193000 0.45939090 1.34538291 40.89959182
193100 0.44921604 1.36987990 39.91191796
193200 0.43683937 1.37216350 42.79784405
193300 0.49294337 1.33317608 35.35133574
193400 0.45216952 1.36080594 40.39746558
193500 0.47737469 1.37816881 32.20243455
193600 0.49454352 1.28100377 45.08585499
193700 0.47167383 1.35859579 36.06399501
193800 0.46681536 1.39957070 32.23056159
193900 0.40997628 1.36579470 51.06240948
194000 0.47964755 1.37095196 32.60429930
194100 0.47467573 1.36013640 35.16642551
194200 0.45961741 1.29347229 50.21874210
194300 0.48861591 1.31471383 39.50709908
194400 0.42679848 1.38926546 43.45060423
194500 0.44605680 1.34699315 43.94912263
194600 0.50137732 1.35910467 29.65123183
194700 0.49917928 1.34242455 32.57949120
194800 0.44280160 1.41405769 36.76854969
194900 0.52204751 1.39107539 21.76582927
195000 0.51523961 1.30338337 36.39725051
195100 0.47848421 1.39456032 30.09338655
195200 0.47955344 1.35678335 34.55384687
195300 0.46846263 1.35669598 37.07279721
195400 0.44868397 1.35360471 42.29566587
195500 0.52692624 1.33697249 28.26624818
195600 0.47535141 1.34508760 37.23242084
195700 0.45841979 1.33720570 42.43149022
195800 0.47661959 1.35685268 35.19498077
195900 0.47348976 1.34766568 37.25631734
196000 0.48771762 1.32349827 38.10833460
196100 0.43126837 1.35546816 46.55306953
196200 0.46232571 1.36306908 37.61957212
196300 0.39310503 1.39926056 52.16647782
196400 0.47879625 1.32035849 40.60108497
196500 0.43129733 1.36321127 45.45613905
196600 0.47892401 1.29941901 44.55366321
196700 0.43932196 1.39896411 39.08064518
196800 0.46018323 1.39853603 33.90350954
196900 0.45768314 1.33410388 43.11949091
197000 0.49030171 1.30938970 40.15282994
197100 0.48740723 1.36017420 32.37347109
197200 0.45289474 1.36242056 39.99455529
197300 0.41421535 1.38782436 47.12811894
197400 0.46964892 1.34315457 38.83105358
197500 0.44003692 1.38840836 40.01674968
197600 0.46499890 1.36045883 37.34862678
197700 0.52668197 1.33294025 28.97404987
197800 0.49369434 1.30647441 40.00708964
197900 0.47637980 1.35103889 36.09770293
198000 0.43147160 1.31017691 54.07015156
198100 0.47567262 1.33153578 39.35148265
198200 0.48839815 1.35562079 32.81034943
198300 0.46176178 1.33903141 41.33416798
198400 0.45270272 1.36964428 39.07427898
198500 0.44167524 1.34132504 45.95471193
198600 0.42243632 1.38572738 45.04991338
198700 0.48798500 1.33820106 35.56462959
198800 0.47781533 1.32949524 39.21895158
198900 0.48818723 1.37612422 30.10493026
199000 0.41385645 1.39556702 46.39218938
199100 0.44223507 1.28416266 56.51425918
199200 0.51267735 1.36213878 27.04774618
199300 0.46708699 1.37269891 35.22701849
199400 0.44514636 1.32987372 46.94666391
199500 0.44368355 1.34945338 44.18120471
199600 0.42633944 1.37191741 45.64762663
199700 0.42810741 1.37606711 44.64247033
199800 0.42715528 1.36485989 46.35354609
199900 0.45109050 1.34852147 42.45084146
