0 -0.40222050 1.24496595 6.15358198
100 -0.39959130 1.25453767 5.95251226
200 -0.76495512 1.69836594 2.64131981
300 -0.77163287 1.56348099 1.24415622
400 -0.64720272 1.55021732 0.08265372
500 -0.65543325 1.56387689 0.15903482
600 -0.45958501 1.26516942 4.53357970
700 -0.44155197 1.35089085 3.02208013
800 -0.28585127 1.28572666 8.32696860
900 -0.73073331 1.58289273 0.81086815
1000 -0.76213879 1.56455063 1.10940976
1100 -0.81968970 1.65195982 2.86446864
1200 -0.82082451 1.64787415 2.83411405
1300 -0.40967068 1.20664748 7.12141140
1400 -0.75880701 1.69098790 2.42521242
1500 -0.41622751 1.24955628 5.73315161
1600 -0.79060380 1.61006724 1.86088825
1700 -0.46226752 1.37043249 2.36249888
1800 -0.54118100 1.38908694 1.16753319
1900 -0.43567011 1.16550722 7.98213180
2000 -0.66010259 1.50722997 0.08856457
2100 -0.65988441 1.57699957 0.24198583
2200 -0.82318393 1.62282984 2.59288418
2300 -0.45074442 1.47532795 1.53215212
2400 -0.70520700 1.48810313 0.41388216
2500 -0.64700026 1.47938647 0.11892364
2600 -0.65677106 1.39472536 0.85229227
2700 -0.42378095 1.26151016 5.26594556
2800 -0.32667833 1.26899717 7.45200113
2900 -0.66483095 1.50234583 0.11607420
3000 -0.36840072 1.22135937 7.62442137
3100 -0.79275763 1.54174264 1.51589707
3200 -0.36613561 1.24510779 7.00064270
3300 -0.60369076 1.54522446 0.04511325
3400 -0.67828536 1.45937327 0.35363923
3500 -0.43232319 1.16867064 7.93274509
3600 -0.36520707 1.24667297 6.98135500
3700 -0.77306081 1.71830690 3.13766187
3800 -0.76824819 1.63527605 1.76330470
3900 -0.73995458 1.48362494 0.78561232
4000 -0.51009641 1.20434279 5.58591356
4100 -0.59861393 1.37470257 1.07843528
4200 -0.49545343 1.38656875 1.66578734
4300 -0.46563435 1.24217173 5.05086498
4400 -0.51178118 1.39321123 1.38933527
4500 -0.83017223 1.63083811 2.82287273
4600 -0.43642429 1.37894767 2.67979002
4700 -0.78125505 1.53000410 1.30516360
4800 -0.36999327 1.26984850 6.25395683
4900 -0.63962118 1.47610385 0.11559314
5000 -0.78074238 1.47874860 1.37698954
5100 -0.63466095 1.59282014 0.27588583
5200 -0.40179690 1.30107759 4.77698056
5300 -0.81764421 1.66699437 3.03352890
5400 -0.85949588 1.58811462 3.09989398
5500 -0.40502769 1.46190712 2.47939384
5600 -0.68965449 1.46446325 0.39680395
5700 -0.78371766 1.67283578 2.50811241
5800 -0.65969086 1.49220486 0.11739671
5900 -0.84038799 1.61099766 2.84257196
6000 -0.69396885 1.54429060 0.30307117
6100 -0.73532255 1.66029179 1.64905388
6200 -0.53615055 1.41332000 0.92056759
6300 -0.39851835 1.43280590 2.83284654
6400 -0.50543320 1.41221809 1.23712449
6500 -0.78826717 1.60802812 1.80313948
6600 -0.32216990 1.17481329 10.39283167
6700 -0.38538158 1.13130545 10.30646266
6800 -0.73382949 1.66127294 1.64575987
6900 -0.76052084 1.51536801 0.98837810
7000 -0.34616793 1.26527073 6.99355012
7100 -0.43605570 1.32109617 3.66991190
7200 -0.71752190 1.51330872 0.47776476
7300 -0.27122056 1.20955134 10.90127358
7400 -0.37370020 1.33195218 4.80127869
7500 -0.74077563 1.68151227 2.03364828
7600 -0.37315087 1.22864633 7.29107276
7700 -0.35057527 1.20378064 8.62921846
7800 -0.70555549 1.55700762 0.43446525
7900 -0.37598862 1.26571755 6.21005598
8000 -0.68307731 1.61128793 0.61561164
8100 -0.70941140 1.47558002 0.49837663
8200 -0.54074979 1.50400962 0.32681440
8300 -0.51372949 1.42841005 0.98410700
8400 -0.59055500 1.30306127 2.39647111
8500 -0.49653318 1.25718970 4.21566543
8600 -0.66962688 1.49904912 0.14508834
8700 -0.85356755 1.55492736 2.78868606
8800 -0.73100838 1.60602115 0.98612499
8900 -0.49779866 1.36871514 1.89101384
9000 -0.71563847 1.56191728 0.54518879
9100 -0.86040548 1.58789945 3.12025645
9200 -0.73304743 1.58915732 0.87812276
9300 -0.34577950 1.30136374 6.14993465
9400 -0.58230634 1.49708782 0.09728901
9500 -0.71793800 1.53902470 0.49768954
9600 -0.30831309 1.17509173 10.80552225
9700 -0.49123589 1.22323108 5.23259936
9800 -0.83571522 1.67629976 3.54813363
9900 -0.28281551 1.23214436 9.82771249
10000 -0.33619622 1.28119257 6.87867875
10100 -0.76206242 1.55407731 1.06714968
10200 -0.65607122 1.58920128 0.30449749
10300 -0.43013254 1.16109638 8.24307292
10400 -0.69798847 1.61643759 0.76912054
10500 -0.69869864 1.51851239 0.30978443
10600 -0.68642907 1.58558729 0.43572572
10700 -0.50151225 1.36634680 1.88243270
10800 -0.61199615 1.52260659 0.00354280
10900 -0.69070119 1.64039238 0.97464919
11000 -0.81310877 1.54746712 1.90227198
11100 -0.67362926 1.60009071 0.46453100
11200 -0.80763133 1.51419878 1.76195846
11300 -0.47424520 1.43216267 1.44799297
11400 -0.48814336 1.37117866 1.97669821
11500 -0.57607240 1.47925775 0.17947824
11600 -0.61326747 1.48097922 0.07839742
11700 -0.70877541 1.51835090 0.39418969
11800 -0.89570035 1.61837442 4.28441042
11900 -0.87099733 1.70561014 4.87253914
12000 -0.46985833 1.14510022 8.15461817
12100 -0.34767583 1.23076194 7.89095557
12200 -0.73394818 1.57316584 0.79053971
12300 -0.56359239 1.33975090 1.78357781
12400 -0.44654144 1.22499979 5.85564986
12500 -0.68462400 1.52056233 0.20882887
12600 -0.63052984 1.49377758 0.03992465
12700 -0.86726957 1.60527671 3.42071796
12800 -0.38098723 1.20305293 7.87912766
12900 -0.78129325 1.57116565 1.43167177
13000 -0.51792886 1.40837795 1.14390002
13100 -0.65320432 1.35977215 1.33877461
13200 -0.26634971 1.22116522 10.71853773
13300 -0.77761165 1.64916146 2.07620563
13400 -0.78031047 1.66245495 2.29964294
13500 -0.52864182 1.41505453 0.96799341
13600 -0.40849332 1.17298925 8.25757662
13700 -0.46511811 1.19306674 6.54368799
13800 -0.67856063 1.49244347 0.20943549
13900 -0.73953174 1.58244038 0.90933188
14000 -0.43093066 1.20892882 6.62562464
14100 -0.69806151 1.57527098 0.45742401
14200 -0.43214046 1.37874686 2.76218281
14300 -0.86302793 1.53930535 2.97176362
14400 -0.70041531 1.71826655 2.28881228
14500 -0.55631504 1.30432529 2.52856780
14600 -0.81118365 1.57084825 1.95683657
14700 -0.72794752 1.56591451 0.68804047
14800 -0.60332968 1.46262402 0.17849512
14900 -0.54371497 1.53661023 0.30476525
15000 -0.77428127 1.68426800 2.53933441
15100 -0.33533203 1.32736809 5.90714523
15200 -0.38668528 1.25692054 6.18232806
15300 -0.84462860 1.59160781 2.77928429
15400 -0.70514109 1.48389763 0.42761935
15500 -0.80637245 1.68017431 3.01952487
15600 -0.70581589 1.51424692 0.36987322
15700 -0.39000408 1.21623404 7.25859409
15800 -0.74143326 1.52954079 0.74185313
15900 -0.54459160 1.26410813 3.55835378
16000 -0.76320418 1.62434395 1.56975482
16100 -0.28170352 1.20583589 10.65718004
16200 -0.71278115 1.67011643 1.55716424
16300 -0.60059612 1.24807581 3.71596367
16400 -0.64675935 1.39356760 0.83506078
16500 -0.56322446 1.51227431 0.16415741
16600 -0.40741512 1.17277649 8.28782497
16700 -0.77380598 1.53539351 1.19466195
16800 -0.54386188 1.30760901 2.54534719
16900 -0.51552136 1.23219780 4.68729446
17000 -0.32522997 1.21510165 8.99261852
17100 -0.35030294 1.21858193 8.17946782
17200 -0.86920636 1.65049156 3.95659279
17300 -0.74112294 1.60146751 1.06538602
17400 -0.44322871 1.34884966 3.02702643
17500 -0.68109441 1.59831909 0.49332031
17600 -0.53385842 1.45260695 0.59810975
17700 -0.80866384 1.57073164 1.90838710
17800 -0.46578719 1.22627948 5.50266671
17900 -0.43774754 1.23682656 5.67015793
18000 -0.75925165 1.60132127 1.30020855
18100 -0.57377984 1.43401869 0.47645446
18200 -0.29483051 1.24343158 9.11126431
18300 -0.40523959 1.25071398 5.93184970
18400 -0.59954860 1.56345598 0.11533411
18500 -0.62048252 1.38940606 0.85275052
18600 -0.53424168 1.30009350 2.78566796
18700 -0.59907060 1.49150957 0.06248722
18800 -0.50574157 1.33009197 2.45600249
18900 -0.83223202 1.59751817 2.55257483
19000 -0.43214572 1.21093545 6.54050644
19100 -0.77593965 1.68576355 2.58973651
19200 -0.41483854 1.15717696 8.68658905
19300 -0.55672413 1.34458824 1.73865604
19400 -0.72018607 1.51902901 0.50190953
19500 -0.37682512 1.26899494 6.10687808
19600 -0.57831684 1.40861168 0.70724219
19700 -0.57906635 1.30847369 2.32094708
19800 -0.41390682 1.22701054 6.41586102
19900 -0.74617429 1.65776612 1.74497270
20000 -0.85106124 1.59033076 2.91678560
20100 -0.60403350 1.31395596 2.13545369
20200 -0.80234377 1.67690126 2.89336282
20300 -0.33984667 1.29920398 6.36183850
20400 -0.78041363 1.69484426 2.81515242
20500 -0.51139554 1.30383346 2.92614507
20600 -0.66934490 1.54795460 0.16081895
20700 -0.62301592 1.38733621 0.88043888
20800 -0.44185887 1.33611295 3.27743550
20900 -0.78178365 1.58814812 1.54090573
21000 -0.64743539 1.56758147 0.15083483
21100 -0.41855539 1.29553984 4.54811478
21200 -0.60566253 1.39074824 0.84557904
21300 -0.60508822 1.40403853 0.68347122
21400 -0.55393126 1.37992098 1.19936056
21500 -0.57622114 1.55584753 0.16008171
21600 -0.40296905 1.23459849 6.42782269
21700 -0.53200181 1.31012283 2.58960531
21800 -0.70299127 1.49664856 0.37164207
21900 -0.49049969 1.27953857 3.72960147
22000 -0.78275286 1.55179802 1.37498045
22100 -0.79483289 1.70635052 3.26465282
22200 -0.57257655 1.27932473 3.00867853
22300 -0.72245867 1.58448650 0.73281434
22400 -0.66641894 1.44025785 0.42567641
22500 -0.33428443 1.22989125 8.28982374
22600 -0.59273778 1.32798531 1.88064356
22700 -0.38276447 1.18399094 8.45913939
22800 -0.77800481 1.54726757 1.28545207
22900 -0.45107486 1.37152903 2.52896658
23000 -0.48957479 1.29577632 3.36434966
23100 -0.80978655 1.67926744 3.06925271
23200 -0.41642783 1.11929442 10.10032963
23300 -0.29389864 1.24637225 9.06071216
23400 -0.43179588 1.32045989 3.76185233
23500 -0.81279624 1.65112281 2.71817912
23600 -0.74839502 1.62260746 1.35067855
23700 -0.73850920 1.56348862 0.79678457
23800 -0.66041590 1.51973978 0.08167564
23900 -0.79017827 1.57143476 1.58030897
24000 -0.78166402 1.66106272 2.30169736
24100 -0.82288054 1.60436980 2.41393891
24200 -0.37517294 1.25964791 6.38617489
24300 -0.76256281 1.41861360 1.53016784
24400 -0.33569624 1.26120055 7.39028914
24500 -0.34631630 1.22604103 8.06573216
24600 -0.67674694 1.55335948 0.21665350
24700 -0.65625889 1.54251136 0.09107343
24800 -0.35814492 1.18854269 8.92160160
24900 -0.83443217 1.68507204 3.66149665
25000 -0.37587878 1.18183725 8.69746063
25100 -0.36573243 1.25878031 6.64438599
25200 -0.57387778 1.42572141 0.55078560
25300 -0.60381437 1.39769648 0.76100623
25400 -0.35141110 1.14720794 10.55569586
25500 -0.56180409 1.42082825 0.66109003
25600 -0.67647621 1.46551857 0.30788943
25700 -0.70284237 1.48865216 0.39227725
25800 -0.46256184 1.11009729 9.64035012
25900 -0.84536149 1.63557061 3.20721834
26000 -0.44890221 1.45182672 1.69610258
26100 -0.60788224 1.35251533 1.40989780
26200 -0.74583365 1.49361023 0.82652635
26300 -0.57175633 1.40083686 0.82636524
26400 -0.74651075 1.67825379 2.05246168
26500 -0.73537070 1.62970356 1.26726347
26600 -0.73540679 1.60796497 1.05282818
26700 -0.72406214 1.63909547 1.25063296
26800 -0.67519763 1.56459317 0.25176649
26900 -0.48662949 1.35411413 2.26529063
27000 -0.80086651 1.67592252 2.85122636
27100 -0.50558618 1.33731623 2.32319409
27200 -0.73440239 1.57099890 0.78443980
27300 -0.86256364 1.76538556 5.95255981
27400 -0.50406997 1.51367247 0.67399046
27500 -0.76217861 1.41596993 1.55185060
27600 -0.62963884 1.50564945 0.01494228
27700 -0.35421718 1.16366634 9.88070916
27800 -0.67316549 1.55752746 0.21174399
27900 -0.69475451 1.55949413 0.35740117
28000 -0.87490300 1.62652873 3.81619541
28100 -0.53288827 1.43837909 0.71252131
28200 -0.75746987 1.36305697 2.17645400
28300 -0.52429070 1.29561924 2.97534970
28400 -0.76891994 1.55976482 1.18791948
28500 -0.85986330 1.57863745 3.04863767
28600 -0.81564546 1.63572246 2.58344158
28700 -0.34774370 1.22326870 8.10864785
28800 -0.35428831 1.16707098 9.75807982
28900 -0.52044016 1.44311892 0.79114314
29000 -0.48912832 1.27687490 3.81186046
29100 -0.48146045 1.53843997 0.97666193
29200 -0.47751488 1.28809149 3.70417824
29300 -0.86444455 1.50332390 3.00156141
29400 -0.43532469 1.21479096 6.36287640
29500 -0.70279555 1.61676734 0.81095108
29600 -0.43060924 1.32940159 3.60983067
29700 -0.51813297 1.35385497 1.89905315
29800 -0.73514825 1.59376852 0.93504564
29900 -0.45432971 1.17863621 7.19879413
30000 -0.53200050 1.31620081 2.46390108
30100 -0.35719519 1.24242256 7.30578033
30200 -0.71561354 1.64074388 1.18605164
30300 -0.50964280 1.25110319 4.22421020
30400 -0.34639501 1.33609785 5.43398453
30500 -0.64187225 1.59395018 0.29735125
30600 -0.73993471 1.64889701 1.54993868
30700 -0.77967160 1.47482980 1.37676840
30800 -0.79311795 1.62218422 2.02057204
30900 -0.57114042 1.55231105 0.17156313
31000 -0.84632659 1.61730557 3.03460486
31100 -0.31445323 1.29576596 7.18198660
31200 -0.80289623 1.65640181 2.60282411
31300 -0.42525374 1.36525677 3.09357854
31400 -0.65682110 1.54975959 0.11207134
31500 -0.70600761 1.46420386 0.52552597
31600 -0.63373681 1.37987733 0.99115311
31700 -0.55221375 1.47598118 0.32663162
31800 -0.62078964 1.45219876 0.22988159
31900 -0.66862782 1.54933518 0.16126088
32000 -0.43637553 1.23004285 5.88965470
32100 -0.74912734 1.56600865 0.93953325
32200 -0.62165957 1.34334149 1.56054921
32300 -0.41702239 1.26424689 5.33047824
32400 -0.67272058 1.43476420 0.50223006
32500 -0.36178642 1.25410647 6.86868105
32600 -0.33093782 1.22926513 8.40418535
32700 -0.44146318 1.33796599 3.25058896
32800 -0.65242528 1.60558212 0.41878488
32900 -0.54888656 1.51596079 0.25367182
33000 -0.33626843 1.21697349 8.61643356
33100 -0.35781704 1.28890917 6.10714396
33200 -0.66683433 1.49422272 0.14289613
33300 -0.77798640 1.75209967 3.94149812
33400 -0.35421596 1.24424370 7.33413455
33500 -0.50284624 1.27027080 3.80448388
33600 -0.60230446 1.48776135 0.06762313
33700 -0.59933858 1.37363252 1.09251664
33800 -0.30544682 1.18891930 10.42790648
33900 -0.64255581 1.50217435 0.04132592
34000 -0.84050485 1.70280809 4.10205929
34100 -0.56288278 1.44647038 0.43344909
34200 -0.72371640 1.57311972 0.67893978
34300 -0.34264244 1.26054496 7.21220670
34400 -0.30732828 1.21490043 9.54246770
34500 -0.37805021 1.24335622 6.75357414
34600 -0.73821219 1.47145178 0.81655254
34700 -0.87124373 1.66536204 4.21267665
34800 -0.61067620 1.31982866 2.00777503
34900 -0.39281423 1.20360184 7.58605828
35000 -0.28985764 1.21354792 10.14534273
35100 -0.28464111 1.32682333 7.48914056
35200 -0.58279969 1.24379125 3.88375682
35300 -0.40432568 1.17519127 8.27042384
35400 -0.52130914 1.26357097 3.77478670
35500 -0.83267575 1.63295790 2.89952315
35600 -0.71386983 1.61770025 0.91784425
35700 -0.76320301 1.70719091 2.77737696
35800 -0.70729230 1.51627063 0.38169272
35900 -0.60054694 1.49465121 0.05104914
36000 -0.76881661 1.53998014 1.12727943
36100 -0.49825477 1.28068830 3.60459964
36200 -0.74636723 1.62628399 1.36324816
36300 -0.53879876 1.32751812 2.18214573
36400 -0.52654419 1.22788746 4.70318620
36500 -0.26860687 1.25022249 9.81285187
36600 -0.53927720 1.41306368 0.89757737
36700 -0.53205793 1.47833804 0.47347628
36800 -0.60654983 1.50280663 0.02382596
36900 -0.77690554 1.69944247 2.84094746
37000 -0.55477711 1.26234894 3.53190465
37100 -0.33096149 1.19364321 9.50260092
37200 -0.73798548 1.46197780 0.86435743
37300 -0.43776451 1.12452924 9.48034485
37400 -0.53813997 1.33952318 1.96364736
37500 -0.51454941 1.40802824 1.18287503
37600 -0.33322772 1.16491790 10.41608213
37700 -0.73536454 1.62162591 1.18184010
37800 -0.48324590 1.39468038 1.72033452
37900 -0.82199637 1.64972294 2.88152882
38000 -0.54446957 1.28794620 2.97769071
38100 -0.66585439 1.46574146 0.25233068
38200 -0.89642926 1.69223640 5.30392570
38300 -0.43754340 1.15068723 8.48411668
38400 -0.57114477 1.37284990 1.20199921
38500 -0.36512073 1.14511084 10.27526639
38600 -0.72210880 1.47542092 0.62067503
38700 -0.45233751 1.37375271 2.47494910
38800 -0.50833339 1.48556922 0.68274556
38900 -0.47055238 1.46411338 1.27289533
39000 -0.50121262 1.19556278 5.96849759
39100 -0.43665521 1.30278373 4.03991117
39200 -0.43404857 1.16994472 7.85583187
39300 -0.80203479 1.62422201 2.19994469
39400 -0.72254200 1.70698808 2.27397024
39500 -0.40532302 1.12045085 10.28628650
39600 -0.59705030 1.42780890 0.45129441
39700 -0.64251116 1.47535399 0.12500095
39800 -0.55384435 1.26441803 3.48493557
39900 -0.82257717 1.57097580 2.18180210
40000 -0.34557697 1.24459148 7.55789258
40100 -0.73801816 1.62573097 1.25536618
40200 -0.36386255 1.22272343 7.69898764
40300 -0.36477028 1.27282701 6.31183489
40400 -0.83559933 1.59321471 2.59217327
40500 -0.52949878 1.34425897 1.95376912
40600 -0.72451901 1.52772945 0.54919835
40700 -0.60166662 1.56957366 0.13968305
40800 -0.47929546 1.25573543 4.48167660
40900 -0.72203466 1.39610425 1.28806137
41000 -0.31071097 1.23636565 8.80540747
41100 -0.86985760 1.62364987 3.65860593
41200 -0.37727014 1.22646372 7.25406676
41300 -0.44589186 1.31873680 3.54102592
41400 -0.74913846 1.66632883 1.90444339
41500 -0.64715794 1.46366589 0.19555427
41600 -0.61949640 1.45073341 0.23990568
41700 -0.54518594 1.33531344 1.98531333
41800 -0.34962016 1.19002387 9.09947502
41900 -0.82295825 1.65807594 3.01285078
42000 -0.83531177 1.60795150 2.70473126
42100 -0.38637057 1.25581848 6.21872920
42200 -0.75973596 1.65412130 1.87573309
42300 -0.32778920 1.38625521 5.16374109
42400 -0.35965769 1.20735237 8.27633293
42500 -0.66698109 1.46364159 0.26917468
42600 -0.41427997 1.09676536 11.07241439
42700 -0.72789504 1.42379006 1.04488457
42800 -0.46021536 1.25562611 4.77123421
42900 -0.50344776 1.40381060 1.35422006
43000 -0.59575642 1.21195561 4.77395484
43100 -0.68025366 1.59165277 0.43823117
43200 -0.38799009 1.25616770 6.17180395
43300 -0.74486787 1.59587846 1.06747632
43400 -0.44512215 1.28965767 4.18199258
43500 -0.31587009 1.29301021 7.20096858
43600 -0.30966748 1.20940791 9.63868603
43700 -0.37003199 1.21827422 7.67612259
43800 -0.74370280 1.70487889 2.47412939
43900 -0.35899823 1.25256160 6.98226116
44000 -0.45787576 1.20076327 6.40981774
44100 -0.29913730 1.18086772 10.89817890
44200 -0.34481215 1.18323248 9.45703582
44300 -0.72534432 1.60319636 0.90095292
44400 -0.47087614 1.23654220 5.12931251
44500 -0.70080892 1.66233104 1.33941034
44600 -0.72107224 1.60129778 0.84124629
44700 -0.82552226 1.68529406 3.47807633
44800 -0.75629572 1.72449825 3.01980283
44900 -0.52343961 1.39301783 1.27241902
45000 -0.48100955 1.27959804 3.85557241
45100 -0.36465487 1.21928336 7.78158182
45200 -0.79821500 1.77879094 4.93666692
45300 -0.30525962 1.09503367 13.98289431
45400 -0.71259948 1.59678061 0.72349628
45500 -0.76726245 1.60441732 1.44062566
45600 -0.79720948 1.58359096 1.77235047
45700 -0.64205176 1.53450394 0.03483223
45800 -0.73541935 1.75681588 3.47016934
45900 -0.73815196 1.49036979 0.74189172
46000 -0.40751784 1.34165622 3.84775852
46100 -0.25218540 1.21733525 11.34467627
46200 -0.36135822 1.17046543 9.45349942
46300 -0.58159832 1.48016579 0.15307265
46400 -0.52619411 1.48883022 0.48855497
46500 -0.85949378 1.36675471 4.04206964
46600 -0.72385895 1.56895075 0.65914291
46700 -0.43873960 1.11677126 9.77243757
46800 -0.39285700 1.21770144 7.14891804
46900 -0.75984159 1.59360519 1.24866966
47000 -0.88259652 1.55364045 3.50443066
47100 -0.64706961 1.49020720 0.08101876
47200 -0.73517967 1.58400447 0.86814645
47300 -0.45124052 1.29437218 3.96938391
47400 -0.65266396 1.46859647 0.18546285
47500 -0.62270947 1.55515637 0.06216556
47600 -0.80973085 1.56602742 1.90581596
47700 -0.28235257 1.26560565 8.93611346
47800 -0.38609403 1.24443968 6.53227471
47900 -0.55255262 1.32605913 2.10811059
48000 -0.74501370 1.47460562 0.88445375
48100 -0.48999910 1.31795463 2.88612820
48200 -0.81484078 1.60358868 2.24749985
48300 -0.50095154 1.35282028 2.10607982
48400 -0.41882212 1.12410576 9.86023928
48500 -0.44142336 1.20050743 6.69825584
48600 -0.67312738 1.55581507 0.20526187
48700 -0.68617623 1.41890710 0.72995341
48800 -0.45343100 1.34922515 2.84546398
48900 -0.80507235 1.59721493 2.01069606
49000 -0.74823523 1.46733428 0.96089766
49100 -0.37332413 1.34490422 4.57537572
49200 -0.50800452 1.10107028 9.40225493
49300 -0.70326962 1.64672855 1.14969773
49400 -0.63155565 1.42181871 0.48865494
49500 -0.82388650 1.60828647 2.46821038
49600 -0.49242706 1.24076641 4.71231264
49700 -0.56820634 1.43596231 0.48724584
49800 -0.49016089 1.37060068 1.95891761
49900 -0.81659296 1.63240078 2.56413651
50000 -0.53048786 1.45181015 0.63311399
50100 -0.72609202 1.49234471 0.60101660
50200 -0.78238234 1.44931700 1.56820554
50300 -0.39027385 1.25807582 6.06891901
50400 -0.70841716 1.54172076 0.41446933
50500 -0.57000203 1.45021178 0.36850962
50600 -0.79081894 1.70664974 3.20086182
50700 -0.43965894 1.31346972 3.75888268
50800 -0.38304931 1.12141445 10.75080329
50900 -0.44806354 1.22779898 5.74717918
51000 -0.28397832 1.21310511 10.35475215
51100 -0.45590109 1.25574997 4.83782644
51200 -0.57482569 1.33777168 1.76239392
51300 -0.68250633 1.44652266 0.46529806
51400 -0.49820675 1.21898175 5.27227924
51500 -0.58737376 1.32809409 1.89461747
51600 -0.50255386 1.43422926 1.05751083
51700 -0.64971262 1.48449371 0.10717681
51800 -0.72591303 1.54428228 0.59035997
51900 -0.69369602 1.60949222 0.67199802
52000 -0.46375120 1.40626965 1.86741399
52100 -0.73742411 1.65825196 1.64510135
52200 -0.74783773 1.51511514 0.81831742
52300 -0.67841125 1.36784730 1.32811588
52400 -0.32971150 1.10823078 12.69106497
52500 -0.49314745 1.25468884 4.32407909
52600 -0.82397249 1.58917723 2.31951333
52700 -0.55300821 1.38594026 1.12299573
52800 -0.46082633 1.35404721 2.64382925
52900 -0.44079524 1.32012952 3.60312784
53000 -0.78158596 1.42967776 1.71340643
53100 -0.56580290 1.51535362 0.14794572
53200 -0.54725095 1.25368876 3.81070502
53300 -0.69908336 1.52347307 0.31331202
53400 -0.81863920 1.66867392 3.07807324
53500 -0.54513763 1.41387317 0.84336396
53600 -0.78956780 1.65199071 2.30873928
53700 -0.68104178 1.67846015 1.44178588
53800 -0.39735895 1.30851800 4.71468370
53900 -0.28219282 1.24832064 9.39616842
54000 -0.47638915 1.20289265 6.05905729
54100 -0.55571375 1.36530952 1.40309341
54200 -0.80175870 1.58366052 1.85444443
54300 -0.44694068 1.29937368 3.93127502
54400 -0.68081884 1.68740110 1.58610307
54500 -0.26682673 1.18771779 11.75714123
54600 -0.44462620 1.25982222 4.92242236
54700 -0.80301184 1.66918189 2.78742852
54800 -0.83854012 1.57935863 2.56416155
54900 -0.82486556 1.66508255 3.15094220
55000 -0.45519848 1.47489375 1.45970577
55100 -0.83157213 1.61554887 2.69461760
55200 -0.48676196 1.45564512 1.09469632
55300 -0.51966198 1.20481937 5.47032751
55400 -0.68571915 1.45705986 0.41402341
55500 -0.74414635 1.63325487 1.41194907
55600 -0.79645620 1.59657592 1.85003315
55700 -0.57878079 1.48754956 0.13760274
55800 -0.29966214 1.17942524 10.93037566
55900 -0.52373844 1.33817906 2.11625713
56000 -0.40187052 1.18572765 7.96592380
56100 -0.59180263 1.54130125 0.06244173
56200 -0.62584717 1.38980096 0.84929894
56300 -0.41055971 1.26760838 5.37833821
56400 -0.51587845 1.23840180 4.50694202
56500 -0.60133531 1.58336199 0.21815564
56600 -0.57074803 1.38874900 0.98262905
56700 -0.76557383 1.45843940 1.24907234
56800 -0.64041705 1.55704705 0.08946700
56900 -0.49293872 1.25491749 4.32066538
57000 -0.43733729 1.46252270 1.83346533
57100 -0.69839861 1.57272604 0.44631885
57200 -0.43957926 1.20808927 6.49199756
57300 -0.62373888 1.38652760 0.89144300
57400 -0.32750756 1.10577591 12.85667131
57500 -0.32375230 1.26061606 7.75213626
57600 -0.35136513 1.39721537 4.36203791
57700 -0.41046804 1.23139990 6.35968300
57800 -0.83156366 1.60014207 2.55909679
57900 -0.54434160 1.44341920 0.57944063
58000 -0.78213465 1.65619961 2.24189897
58100 -0.39090511 1.18046554 8.38840587
58200 -0.66311872 1.44023002 0.41112366
58300 -0.57923743 1.36353160 1.30719736
58400 -0.45563338 1.22550177 5.68727987
58500 -0.47903370 1.24200652 4.85759357
58600 -0.42369923 1.25569460 5.41956686
58700 -0.34651059 1.29327960 6.30992992
58800 -0.54905687 1.43056412 0.65158523
58900 -0.35934522 1.26754267 6.58378074
59000 -0.38994238 1.34603050 4.15959461
59100 -0.41912856 1.41363261 2.58316788
59200 -0.66851706 1.40164204 0.81812560
59300 -0.82750783 1.56549408 2.25646061
59400 -0.48829044 1.33043730 2.66407117
59500 -0.58085823 1.45817882 0.26769685
59600 -0.85151620 1.60899907 3.07602915
59700 -0.52429370 1.41046679 1.05786101
59800 -0.69178758 1.53413263 0.26765942
59900 -0.78401741 1.51464271 1.34652060
60000 -0.37679631 1.26794439 6.13400326
60100 -0.75692473 1.63243286 1.56947648
60200 -0.37715285 1.29655225 5.44518176
60300 -0.58345459 1.50349909 0.08039235
60400 -0.77577635 1.75439946 3.96046899
60500 -0.71714099 1.46654297 0.61470134
60600 -0.29377581 1.18299254 10.99981229
60700 -0.52725814 1.45751928 0.62524463
60800 -0.35378325 1.27075475 6.64972763
60900 -0.65786585 1.36750896 1.23436703
61000 -0.72963001 1.58999471 0.84589991
61100 -0.64402340 1.34830761 1.50277008
61200 -0.61325807 1.59050275 0.25080454
61300 -0.53588828 1.40127840 1.05847996
61400 -0.55381337 1.46436165 0.37381483
61500 -0.77163784 1.64678021 1.95336291
61600 -0.50337456 1.26571928 3.91300885
61700 -0.77315918 1.60201572 1.50921563
61800 -0.29328696 1.21859612 9.87928564
61900 -0.71161112 1.61872348 0.90694613
62000 -0.43206859 1.22278620 6.18271285
62100 -0.44004977 1.36308676 2.85019246
62200 -0.37816994 1.38045478 3.89773226
62300 -0.43266477 1.19891404 6.90953413
62400 -0.82346251 1.62304942 2.60080874
62500 -0.56930559 1.46546219 0.27721479
62600 -0.81200426 1.52481726 1.84444208
62700 -0.63355558 1.57871007 0.18153132
62800 -0.57360183 1.38803255 0.97840990
62900 -0.33123658 1.15451030 10.84835142
63000 -0.81635468 1.60503576 2.28931201
63100 -0.61520828 1.44459369 0.28545360
63200 -0.80349027 1.57393979 1.82890910
63300 -0.41337657 1.28788314 4.82857384
63400 -0.60339566 1.45806976 0.20555297
63500 -0.67979891 1.42691741 0.61201394
63600 -0.73313728 1.49125046 0.68132902
63700 -0.76819813 1.61026141 1.50549046
63800 -0.56553099 1.29456002 2.68950282
63900 -0.57068481 1.38220273 1.07100379
64000 -0.62467127 1.50718939 0.00929662
64100 -0.36107763 1.33000949 5.15685955
64200 -0.66070264 1.45753233 0.27794573
64300 -0.51824167 1.26564319 3.75260720
64400 -0.37515100 1.17029347 9.11228448
64500 -0.73801418 1.56156610 0.78275440
64600 -0.58408731 1.40287166 0.75043851
64700 -0.49697433 1.28182099 3.59322777
64800 -0.81819946 1.65199222 2.83524861
64900 -0.77049119 1.59309655 1.39953513
65000 -0.79681708 1.58829722 1.79643951
65100 -0.54686787 1.46073087 0.44305696
65200 -0.25846687 1.25325332 10.09299972
65300 -0.80444701 1.57779004 1.86801937
65400 -0.77786094 1.68846011 2.66494422
65500 -0.83468276 1.49719240 2.33044361
65600 -0.40679341 1.24646062 6.01404228
65700 -0.44751980 1.19953903 6.62223275
65800 -0.61779872 1.43533671 0.35863594
65900 -0.46604525 1.15523756 7.83768527
66000 -0.73582640 1.60376513 1.02161753
66100 -0.55441470 1.33887960 1.85530143
66200 -0.67131158 1.66567964 1.19277178
66300 -0.38604446 1.19095251 8.15037224
66400 -0.60665498 1.29271359 2.59186011
66500 -0.27367569 1.27664971 8.95799466
66600 -0.60293271 1.50283033 0.02930450
66700 -0.72397776 1.54257459 0.56604934
66800 -0.36642373 1.26283657 6.52169767
66900 -0.41307710 1.24521575 5.91617364
67000 -0.78126043 1.57535276 1.45344272
67100 -0.80767674 1.52194545 1.76131718
67200 -0.53370111 1.39506477 1.15281555
67300 -0.72323249 1.65053592 1.38482865
67400 -0.31919559 1.14424720 11.58367286
67500 -0.85349378 1.56089096 2.80957076
67600 -0.39007076 1.18669240 8.19807066
67700 -0.51991490 1.37740347 1.51753993
67800 -0.88981813 1.72747671 5.79242048
67900 -0.36488900 1.10322578 11.93911892
68000 -0.45211350 1.19293517 6.75786403
68100 -0.51627501 1.24563828 4.30166140
68200 -0.69833463 1.49397674 0.34067624
68300 -0.72728099 1.57188480 0.71006212
68400 -0.81343853 1.68282765 3.19656534
68500 -0.41075484 1.27391473 5.21707478
68600 -0.78961457 1.67300345 2.60895795
68700 -0.25971339 1.22137624 10.94912956
68800 -0.30336558 1.13417261 12.45600627
68900 -0.30489264 1.27814392 7.88935048
69000 -0.36416817 1.30390732 5.60729873
69100 -0.84355976 1.66582107 3.56213750
69200 -0.40624284 1.38285194 3.22508573
69300 -0.76580164 1.49634787 1.09087712
69400 -0.48985607 1.36653575 2.02443585
69500 -0.73157879 1.53438001 0.63283056
69600 -0.61553998 1.51708443 0.00141962
69700 -0.64394161 1.55406331 0.08667549
69800 -0.42486756 1.22567455 6.23520696
69900 -0.63063576 1.45636833 0.20810542
70000 -0.74391930 1.58968922 1.01062905
70100 -0.48327083 1.37033411 2.05473718
70200 -0.78351856 1.66332459 2.36401289
70300 -0.44874058 1.40570444 2.11966317
70400 -0.43870195 1.19273842 6.99845632
70500 -0.55729040 1.33506441 1.90668337
70600 -0.40214080 1.25247596 5.95158714
70700 -0.66388095 1.50979864 0.10148027
70800 -0.75522546 1.67774567 2.15848108
70900 -0.38196776 1.25112678 6.44760778
71000 -0.72206105 1.67805530 1.76989681
71100 -0.50196725 1.37958811 1.68236137
71200 -0.71166907 1.44311943 0.71569205
71300 -0.52646491 1.40854842 1.05851337
71400 -0.31028525 1.22036454 9.28523164
71500 -0.25300744 1.27286099 9.78806153
71600 -0.75549858 1.54038163 0.93876384
71700 -0.79287670 1.63532408 2.15929986
71800 -0.58354487 1.51517322 0.06761370
71900 -0.66047000 1.38385733 1.00863236
72000 -0.79176635 1.48195976 1.54753697
72100 -0.74767575 1.45827593 1.00554791
72200 -0.36738622 1.25889362 6.59951307
72300 -0.77145392 1.61503064 1.59845568
72400 -0.69712423 1.41616906 0.83645056
72500 -0.28420455 1.23228414 9.77694987
72600 -0.81667950 1.61732749 2.40777332
72700 -0.30377517 1.22635347 9.31132145
72800 -0.78570657 1.73819691 3.75342787
72900 -0.27263121 1.28836235 8.71605397
73000 -0.42384348 1.25417022 5.45714255
73100 -0.46590609 1.28283279 3.99966105
73200 -0.51530053 1.37839404 1.55071138
73300 -0.39340203 1.19503774 7.84735542
73400 -0.84310751 1.64434522 3.26193469
73500 -0.51046326 1.31745262 2.65118697
73600 -0.38436293 1.26662477 5.98619193
73700 -0.52462061 1.41449756 1.01139971
73800 -0.57256253 1.43561174 0.46858461
73900 -0.48773248 1.35317801 2.26621369
74000 -0.80334818 1.73137074 3.91470742
74100 -0.77454395 1.59834571 1.50109415
74200 -0.76668930 1.67104429 2.21660641
74300 -0.40156929 1.27229263 5.45354587
74400 -0.38474319 1.14296274 9.87514316
74500 -0.49444045 1.27174283 3.86984126
74600 -0.66727224 1.56146299 0.19769223
74700 -0.65802289 1.47176176 0.18863339
74800 -0.34367547 1.31454199 5.92841210
74900 -0.72746982 1.63697278 1.26161969
75000 -0.52523934 1.44873273 0.70293037
75100 -0.62145696 1.48543970 0.05982685
75200 -0.80642095 1.52791429 1.74077032
75300 -0.82645930 1.65786103 3.08155529
75400 -0.37993067 1.18909849 8.35645465
75500 -0.66077388 1.49643683 0.11088662
75600 -0.63267525 1.54988375 0.05268503
75700 -0.74597818 1.56991877 0.91811922
75800 -0.32214805 1.22705741 8.72655748
75900 -0.68746824 1.53557084 0.23972074
76000 -0.48695898 1.30780824 3.13626264
76100 -0.50217112 1.24012576 4.61066189
76200 -0.53636084 1.36998810 1.47495397
76300 -0.74293818 1.51328043 0.75794741
76400 -0.52162749 1.49180128 0.52361590
76500 -0.63854883 1.40424424 0.68717278
76600 -0.78499812 1.61938289 1.85506684
76700 -0.76369590 1.56157864 1.11886479
76800 -0.49900040 1.50203046 0.74819033
76900 -0.87845144 1.60321686 3.68610957
77000 -0.81302017 1.60888035 2.25782506
77100 -0.30388455 1.27697336 7.94954624
77200 -0.46652295 1.33601022 2.87037213
77300 -0.77062409 1.61639766 1.59900619
77400 -0.62356655 1.42941959 0.41087654
77500 -0.72766648 1.53022605 0.58483214
77600 -0.76213670 1.72450329 3.10122184
77700 -0.41791651 1.23044076 6.23411449
77800 -0.82192719 1.63869395 2.74314220
77900 -0.40035087 1.13196363 9.94089820
78000 -0.35654791 1.13383876 10.92637543
78100 -0.35219736 1.21798386 8.14660006
78200 -0.69787307 1.46633185 0.44722426
78300 -0.47235665 1.29691753 3.57821722
78400 -0.37339289 1.16583521 9.31238851
78500 -0.50582975 1.29249637 3.23963742
78600 -0.40037552 1.27259346 5.47224529
78700 -0.40132354 1.38688576 3.27693974
78800 -0.76773613 1.69391679 2.60365060
78900 -0.80160790 1.61225506 2.07462137
79000 -0.51548717 1.40672661 1.18768965
79100 -0.80518669 1.70487279 3.42360280
79200 -0.59751393 1.37823292 1.03017640
79300 -0.75822880 1.66557469 2.01495958
79400 -0.32913766 1.17632078 10.13581538
79500 -0.49887483 1.33840005 2.38249232
79600 -0.80150001 1.67553530 2.85667420
79700 -0.76902979 1.43458789 1.47525534
79800 -0.34838412 1.29531657 6.21289150
79900 -0.74046466 1.37703495 1.74753690
80000 -0.65842115 1.49289532 0.11054243
80100 -0.66595810 1.57424234 0.25271894
80200 -0.46384406 1.40987826 1.82557378
80300 -0.42930203 1.37766322 2.83127371
80400 -0.45396784 1.33124006 3.15984972
80500 -0.85154931 1.63984673 3.39891620
80600 -0.37096655 1.09651095 12.06803176
80700 -0.74148023 1.59263774 1.00168436
80800 -0.49918553 1.26665060 3.93910269
80900 -0.75675751 1.62502671 1.48666124
81000 -0.46637633 1.31250154 3.33279222
81100 -0.78454079 1.66179497 2.35897418
81200 -0.81678181 1.58770709 2.16536643
81300 -0.45973113 1.27440124 4.30024308
81400 -0.50806386 1.31124297 2.80545990
81500 -0.80768349 1.63394908 2.41047433
81600 -0.29528068 1.28587846 8.01277641
81700 -0.49650679 1.35047194 2.19951674
81800 -0.71936557 1.63662128 1.17370201
81900 -0.53972061 1.33481190 2.03697057
82000 -0.55537460 1.33786226 1.86752999
82100 -0.82271990 1.61638457 2.51926708
82200 -0.75351631 1.51629041 0.89201830
82300 -0.53696004 1.35250718 1.74747399
82400 -0.41225820 1.12054044 10.13622979
82500 -0.62343234 1.52146928 0.00069699
82600 -0.84026221 1.53373213 2.43520053
82700 -0.46691950 1.41037121 1.77260563
82800 -0.64844424 1.49235524 0.07866539
82900 -0.80837127 1.68446931 3.12669445
83000 -0.69847938 1.37878502 1.30503416
83100 -0.33211591 1.16466454 10.45702698
83200 -0.42153320 1.20583012 6.90458916
83300 -0.69310032 1.56934068 0.38890798
83400 -0.72337657 1.62813657 1.11901169
83500 -0.64147481 1.35768200 1.34041509
83600 -0.47901477 1.26513376 4.24168162
83700 -0.61082408 1.51857201 0.00431184
83800 -0.72408278 1.62555041 1.09870564
83900 -0.42961512 1.19689302 7.03222635
84000 -0.72247812 1.56589222 0.63039310
84100 -0.80501553 1.59007693 1.95707613
84200 -0.49168720 1.58542897 1.03725625
84300 -0.30729283 1.17085919 10.98425378
84400 -0.80606089 1.59474978 2.01030922
84500 -0.81421704 1.68533756 3.25283831
84600 -0.40633905 1.26886267 5.43604820
84700 -0.36386741 1.12499844 11.08150680
84800 -0.67438819 1.59289507 0.41358831
84900 -0.87671303 1.56271604 3.38631197
85000 -0.68300859 1.52196466 0.19869711
85100 -0.78775850 1.55002593 1.45222356
85200 -0.47694212 1.27506649 4.02289903
85300 -0.63853548 1.43541536 0.37490625
85400 -0.82340804 1.59387315 2.34160357
85500 -0.85734619 1.52664620 2.81886918
85600 -0.83510389 1.57164497 2.44684427
85700 -0.78956859 1.62639829 2.00370515
85800 -0.47799673 1.30400811 3.34087138
85900 -0.38914803 1.21615567 7.28070043
86000 -0.81712911 1.51392378 1.94484041
86100 -0.66973280 1.44178831 0.42952098
86200 -0.56114277 1.53112877 0.17940115
86300 -0.37392069 1.24221278 6.88603834
86400 -0.79121020 1.44474128 1.74884046
86500 -0.84551392 1.61382405 2.98297391
86600 -0.36872995 1.18123323 8.89497804
86700 -0.41907217 1.18423935 7.65536042
86800 -0.36903930 1.19417487 8.45716435
86900 -0.77252211 1.62478912 1.71218777
87000 -0.76155638 1.59708985 1.29905267
87100 -0.85672164 1.62248954 3.32706188
87200 -0.81025264 1.65776676 2.75878733
87300 -0.40368102 1.17651999 8.23862079
87400 -0.71054686 1.54215692 0.43448312
87500 -0.29936929 1.20698407 10.03915118
87600 -0.49616853 1.48671512 0.82210576
87700 -0.27483917 1.22484168 10.31272161
87800 -0.42210886 1.21813219 6.51425399
87900 -0.62727300 1.50658514 0.01164275
88000 -0.30851715 1.19176203 10.23808659
88100 -0.43055421 1.25349459 5.34574211
88200 -0.75334442 1.70462454 2.59334776
88300 -0.39921539 1.18027955 8.20779136
88400 -0.87433375 1.65989301 4.21278566
88500 -0.70119191 1.58884113 0.56656136
88600 -0.39593730 1.22937664 6.73330144
88700 -0.70725099 1.64900666 1.21277263
88800 -0.59150364 1.42933488 0.45161035
88900 -0.42786285 1.20127014 6.92527044
89000 -0.53258022 1.34322627 1.94455846
89100 -0.46330312 1.16478303 7.53665048
89200 -0.63135324 1.58854924 0.24139473
89300 -0.59099299 1.34097023 1.64465333
89400 -0.65365192 1.43291830 0.43578369
89500 -0.45840255 1.26756096 4.49196021
89600 -0.66149866 1.46062134 0.26239821
89700 -0.48783631 1.39786424 1.61921921
89800 -0.55540009 1.35297064 1.60359784
89900 -0.73893294 1.49257014 0.74487201
90000 -0.53738528 1.51950743 0.34127169
90100 -0.40864825 1.18051614 7.99594282
90200 -0.62592647 1.45102391 0.23964119
90300 -0.80962261 1.58600049 2.01563984
90400 -0.39126492 1.21190578 7.36208938
90500 -0.36552548 1.21041071 8.03014043
90600 -0.37570089 1.22745083 7.26335353
90700 -0.44841978 1.25654914 4.94230653
90800 -0.81190108 1.65631739 2.77042269
90900 -0.46841428 1.23272220 5.27533827
91000 -0.38998534 1.19242021 8.01076314
91100 -0.61002755 1.47046275 0.12766942
91200 -0.71669468 1.52387144 0.46824247
91300 -0.84295237 1.61162183 2.90511598
91400 -0.61527528 1.48858199 0.05047071
91500 -0.58295848 1.55539100 0.13122986
91600 -0.56017009 1.35886710 1.47717147
91700 -0.73541176 1.43259597 1.04796695
91800 -0.68626361 1.57667239 0.38013127
91900 -0.59462800 1.36244876 1.27330666
92000 -0.53144654 1.39276268 1.20155256
92100 -0.45373666 1.31536372 3.47597543
92200 -0.60722312 1.26462388 3.26901051
92300 -0.61759158 1.29050551 2.63367617
92400 -0.39275955 1.20967139 7.39710335
92500 -0.80810074 1.53575203 1.78150074
92600 -0.32941493 1.12164390 12.15636304
92700 -0.67255245 1.44539013 0.41641965
92800 -0.59977558 1.46248200 0.18586736
92900 -0.83669983 1.64238464 3.09684086
93000 -0.70898029 1.64215737 1.14199567
93100 -0.73183589 1.59947591 0.94118432
93200 -0.40053189 1.28553913 5.15690749
93300 -0.54339640 1.47801386 0.38154736
93400 -0.74932030 1.55612145 0.90142494
93500 -0.37829383 1.23619064 6.94848149
93600 -0.68446030 1.42015296 0.70622814
93700 -0.41867310 1.36453576 3.23508252
93800 -0.59490155 1.44729510 0.29579674
93900 -0.70479130 1.61808688 0.84053011
94000 -0.79165426 1.62163388 1.98973145
94100 -0.41247431 1.19818419 7.33161648
94200 -0.79137070 1.59817258 1.77394351
94300 -0.62665970 1.54374349 0.03040525
94400 -0.77800563 1.58471078 1.45766314
94500 -0.46328800 1.37861315 2.22744465
94600 -0.57159620 1.34507826 1.64702720
94700 -0.59527593 1.42065118 0.52407342
94800 -0.55863864 1.41392723 0.75083244
94900 -0.37366333 1.21471389 7.69406839
95000 -0.49505297 1.22419756 5.15554215
95100 -0.54926655 1.45128279 0.48626383
95200 -0.30976239 1.24513199 8.58998980
95300 -0.40899753 1.14841139 9.13000685
95400 -0.45489013 1.22013714 5.85895003
95500 -0.32547950 1.23883056 8.28992890
95600 -0.60392755 1.33977123 1.63703657
95700 -0.69790678 1.50488485 0.31489673
95800 -0.63597488 1.51769922 0.01302451
95900 -0.63380394 1.33730977 1.67831348
96000 -0.53328628 1.41802756 0.89588238
96100 -0.77303617 1.67528908 2.37673843
96200 -0.59394305 1.50675312 0.04272224
96300 -0.26389795 1.25322786 9.89880224
96400 -0.87040779 1.65305498 4.02038440
96500 -0.36736154 1.20015016 8.30650549
96600 -0.67671844 1.69770815 1.73985837
96700 -0.51817763 1.34264966 2.09104691
96800 -0.71790754 1.51714329 0.47970232
96900 -0.37433580 1.22217530 7.45252272
97000 -0.52419607 1.41539416 1.00603869
97100 -0.58351532 1.36922548 1.20320446
97200 -0.88909619 1.67184773 4.77352474
97300 -0.54690253 1.24727218 3.98618516
97400 -0.42681149 1.19556392 7.12902843
97500 -0.53531484 1.34397870 1.90775366
97600 -0.77331064 1.53711047 1.18984599
97700 -0.38677780 1.16931977 8.86846092
97800 -0.49114867 1.46971517 0.95656152
97900 -0.43942174 1.19201996 7.00897073
98000 -0.71998652 1.45130384 0.73582334
98100 -0.69415456 1.44186578 0.58019277
98200 -0.61074548 1.42802581 0.42724490
98300 -0.49469702 1.35968725 2.07005068
98400 -0.79092980 1.66109427 2.45622952
98500 -0.41458205 1.21984052 6.61461259
98600 -0.58334559 1.37799865 1.07539643
98700 -0.66029363 1.47556692 0.17989376
98800 -0.65424059 1.40128957 0.76322914
98900 -0.55309578 1.43840962 0.55665824
99000 -0.83079742 1.44458312 2.50616288
99100 -0.66453438 1.45889269 0.28587069
99200 -0.78766378 1.64119045 2.13991342
99300 -0.75957207 1.57412611 1.12049996
99400 -0.81301268 1.57273000 2.00171744
99500 -0.52877264 1.38289373 1.35602804
99600 -0.46671771 1.34895819 2.63753808
99700 -0.36111810 1.15635011 9.96305410
99800 -0.62252078 1.58142969 0.18899808
99900 -0.69147082 1.56290468 0.34744449
100000 -0.50886570 1.36350925 1.84200942
100100 -0.42811857 1.23173989 5.99561864
100200 -0.75839312 1.61968774 1.45451508
100300 -0.34288851 1.22325087 8.24254102
100400 -0.62002067 1.49003424 0.04489735
100500 -0.62041706 1.53470541 0.01082115
100600 -0.54496123 1.44678293 0.54957781
100700 -0.85278963 1.67738766 3.94809430
100800 -0.80115095 1.62800286 2.22401420
100900 -0.66809321 1.60762454 0.49955085
101000 -0.46416315 1.30575095 3.50938912
101100 -0.46567440 1.35936935 2.48092983
101200 -0.81101403 1.56677873 1.93373045
101300 -0.74125991 1.63299956 1.37364323
101400 -0.57170227 1.39907792 0.84774098
101500 -0.85388756 1.70397093 4.42743469
101600 -0.71884876 1.71590168 2.40742724
101700 -0.59484788 1.44707471 0.29753634
101800 -0.40978914 1.25184635 5.80474928
101900 -0.35342501 1.19417014 8.86136634
102000 -0.65329123 1.67903748 1.32006130
102100 -0.46708086 1.23814475 5.14133242
102200 -0.78539890 1.53142428 1.37436556
102300 -0.36249011 1.13298396 10.80463778
102400 -0.77602355 1.62060109 1.72319627
102500 -0.41778826 1.27975238 4.93042540
102600 -0.38109465 1.17204701 8.90735251
102700 -0.27349735 1.20884982 10.84392597
102800 -0.38258312 1.23138679 6.98321795
102900 -0.45205388 1.25664340 4.87812980
103000 -0.61513072 1.38648504 0.89249777
103100 -0.77413929 1.55177149 1.23841745
103200 -0.79539993 1.62448491 2.08411155
103300 -0.64695242 1.49642469 0.06411141
103400 -0.44422194 1.25013306 5.18630459
103500 -0.43487771 1.26223123 5.03575003
103600 -0.33419136 1.18291576 9.76561821
103700 -0.50258792 1.46339898 0.84946356
103800 -0.46703575 1.20312628 6.19035083
103900 -0.32240090 1.22365430 8.81930011
104000 -0.53735164 1.28722186 3.05082077
104100 -0.80504445 1.68386239 3.05461646
104200 -0.64267466 1.43164707 0.41601901
104300 -0.36728904 1.28203823 6.02443161
104400 -0.40004930 1.10374052 11.08251328
104500 -0.70642428 1.50765967 0.38107203
104600 -0.64877351 1.50237470 0.05692829
104700 -0.51287887 1.27008948 3.69651030
104800 -0.34797887 1.13979498 10.92756763
104900 -0.84615933 1.67637316 3.78003026
105000 -0.73431216 1.51727176 0.65373563
105100 -0.36380060 1.15989726 9.76560560
105200 -0.64622313 1.48833671 0.08451082
105300 -0.79691048 1.64498737 2.34595802
105400 -0.82209563 1.61351305 2.47936680
105500 -0.60044138 1.52528966 0.02052600
105600 -0.77814930 1.63889215 1.95732717
105700 -0.74578097 1.55152075 0.84072055
105800 -0.57443517 1.49396432 0.13770052
105900 -0.65686996 1.44646468 0.33834190
106000 -0.41720963 1.26692880 5.25844825
106100 -0.37845043 1.36022788 4.19366618
106200 -0.47938379 1.31917864 3.00510690
106300 -0.36840871 1.23296742 7.28429420
106400 -0.56166783 1.51909783 0.17017279
106500 -0.58732965 1.52455582 0.05440536
106600 -0.47429456 1.34292493 2.62928278
106700 -0.32475328 1.19944568 9.49628508
106800 -0.51988611 1.39783433 1.24736205
106900 -0.81557700 1.53415091 1.92253059
107000 -0.61468436 1.34675279 1.50214261
107100 -0.40640512 1.17475254 8.24092899
107200 -0.45697688 1.25344294 4.88146030
107300 -0.42009657 1.30032590 4.41090452
107400 -0.39692579 1.25487376 6.00270109
107500 -0.43325027 1.16847149 7.92238788
107600 -0.72769806 1.47635694 0.67517949
107700 -0.76058531 1.72393726 3.06773185
107800 -0.67872952 1.69582974 1.71826264
107900 -0.39313303 1.21014290 7.37400216
108000 -0.50391747 1.41133102 1.26420509
108100 -0.53871916 1.44890952 0.58302157
108200 -0.64632155 1.48537174 0.09459703
108300 -0.84070457 1.72940910 4.62813394
108400 -0.35722818 1.17794045 9.30268824
108500 -0.71366372 1.51217935 0.44170279
108600 -0.69338407 1.53576255 0.28168397
108700 -0.44046779 1.30750132 3.86937500
108800 -0.64224964 1.51022243 0.02953236
108900 -0.88148586 1.74528112 5.95632195
109000 -0.29776001 1.21648851 9.79789168
109100 -0.68253133 1.45847909 0.38474951
109200 -0.71278405 1.32382971 2.35458322
109300 -0.45562429 1.19740779 6.55425534
109400 -0.73789734 1.42872963 1.11150319
109500 -0.59177919 1.37831548 1.04354585
109600 -0.59918922 1.47261677 0.13391296
109700 -0.77717803 1.75716073 4.04750725
109800 -0.40637836 1.19944216 7.41957649
109900 -0.54181298 1.38730570 1.18604940
110000 -0.40496688 1.16032524 8.78025904
110100 -0.82155623 1.61386772 2.47180319
110200 -0.52523208 1.37714260 1.46945983
110300 -0.58056462 1.47990418 0.15814120
110400 -0.78435001 1.54433989 1.38016776
110500 -0.71888739 1.57660535 0.64914402
110600 -0.53510371 1.28792839 3.05323047
110700 -0.55820626 1.36803462 1.34559714
110800 -0.52953963 1.52480512 0.41030838
110900 -0.48982375 1.52995060 0.85224347
111000 -0.44515503 1.31346151 3.66144546
111100 -0.46656564 1.31987396 3.17962675
111200 -0.41311696 1.23571268 6.18099366
111300 -0.40036179 1.30308398 4.76467515
111400 -0.48388076 1.37968311 1.91086382
111500 -0.42526062 1.21448735 6.56307034
111600 -0.61403347 1.45984829 0.18269139
111700 -0.80428285 1.66233729 2.71100377
111800 -0.46595622 1.43764553 1.52558722
111900 -0.43676801 1.28742379 4.38328273
112000 -0.72794944 1.68648731 1.96855526
112100 -0.48265450 1.41155336 1.53122301
112200 -0.85562232 1.63705885 3.46103272
112300 -0.80197498 1.61637944 2.12019455
112400 -0.45678160 1.19695251 6.54999637
112500 -0.82107280 1.56125218 2.10660059
112600 -0.79448144 1.63643230 2.20001272
112700 -0.45795542 1.34580769 2.83007026
112800 -0.51211777 1.39480462 1.36562299
112900 -0.53995078 1.37771420 1.33265633
113000 -0.30284186 1.15880568 11.55253116
113100 -0.37952472 1.23034868 7.08631225
113200 -0.83028870 1.64253992 2.96186847
113300 -0.62782937 1.46547636 0.15170632
113400 -0.42690734 1.34493654 3.39659952
113500 -0.35299132 1.29815613 6.02541687
113600 -0.47918787 1.40361803 1.66864098
113700 -0.27452667 1.20884354 10.80850808
113800 -0.74558924 1.66385746 1.82338126
113900 -0.54999946 1.45411451 0.46204872
114000 -0.48308784 1.43224101 1.32232897
114100 -0.34345170 1.26256854 7.13749612
114200 -0.76633344 1.58398799 1.27539687
114300 -0.52265903 1.45512012 0.68423316
114400 -0.50481051 1.30908568 2.88767345
114500 -0.41850408 1.24025240 5.94296640
114600 -0.61460909 1.31140936 2.17695586
114700 -0.43221060 1.31518557 3.86069047
114800 -0.65646534 1.53698007 0.08090218
114900 -0.32182924 1.16817146 10.63445610
115000 -0.56599107 1.51802620 0.14604303
115100 -0.40481632 1.19397565 7.62979468
115200 -0.41923404 1.30220048 4.38718006
115300 -0.74761177 1.55607303 0.87930136
115400 -0.34106605 1.15920503 10.39885791
115500 -0.54517166 1.15950788 6.77769252
115600 -0.79060998 1.61147008 1.87372700
115700 -0.42820705 1.26559209 5.07539607
115800 -0.46748770 1.35240852 2.56734524
115900 -0.31162656 1.23913141 8.69906725
116000 -0.72410680 1.68159710 1.84759243
116100 -0.58244358 1.28722275 2.77978674
116200 -0.79666479 1.81009662 5.76832498
116300 -0.73694942 1.52945265 0.68832600
116400 -0.54475594 1.41838575 0.79935627
116500 -0.69433856 1.51640516 0.27695725
116600 -0.59054789 1.40900511 0.65936463
116700 -0.40976627 1.26225919 5.53142739
116800 -0.31595923 1.22361066 9.01437160
116900 -0.68064801 1.65469080 1.09098962
117000 -0.73560193 1.57137783 0.80017441
117100 -0.30060289 1.25620202 8.58019444
117200 -0.60119519 1.45821899 0.20852571
117300 -0.55382431 1.34699573 1.71548504
117400 -0.86114837 1.59737027 3.20693462
117500 -0.49720947 1.33721278 2.42443411
117600 -0.75377065 1.66858424 1.99859310
117700 -0.62326781 1.44833399 0.25733475
117800 -0.56065213 1.48070175 0.25332611
117900 -0.51889829 1.29251077 3.09864536
118000 -0.63924724 1.53849728 0.03563029
118100 -0.81067639 1.53226026 1.82538995
118200 -0.49893124 1.31703158 2.79269132
118300 -0.66699551 1.57342694 0.25315082
118400 -0.54447437 1.37131530 1.39056303
118500 -0.48163522 1.21283504 5.67475623
118600 -0.31331238 1.26624457 7.92245588
118700 -0.65905255 1.48029054 0.15509715
118800 -0.76558778 1.64914665 1.89373291
118900 -0.33202863 1.27780151 7.07938104
119000 -0.74360684 1.66495750 1.81456634
119100 -0.34268496 1.21741373 8.42310412
119200 -0.55324821 1.34824034 1.69785917
119300 -0.79562042 1.70462135 3.24637873
119400 -0.86036442 1.60764984 3.27287751
119500 -0.86397505 1.67934990 4.24581087
119600 -0.42988489 1.24518883 5.58324684
119700 -0.49251401 1.40504260 1.47339415
119800 -0.53171255 1.33361873 2.12663248
119900 -0.55263385 1.40171149 0.92651853
120000 -0.49802553 1.27388518 3.77251382
120100 -0.61603650 1.26879644 3.15594678
120200 -0.43211702 1.45426009 1.98108751
120300 -0.69377878 1.59071911 0.52222502
120400 -0.38558062 1.21897995 7.27827587
120500 -0.76182084 1.72200780 3.04601521
120600 -0.60259612 1.48648731 0.07129976
120700 -0.87148431 1.71370447 5.03828910
120800 -0.63305598 1.52495186 0.00974898
120900 -0.84224393 1.69308804 3.96759181
121000 -0.74131166 1.53821053 0.75240715
121100 -0.70048619 1.50769797 0.33146832
121200 -0.63437224 1.44893858 0.26281437
121300 -0.84882444 1.68291191 3.94504572
121400 -0.40961143 1.24785199 5.91639433
121500 -0.81930323 1.66300337 3.00858698
121600 -0.50687948 1.28915745 3.30422681
121700 -0.49562358 1.31046690 2.96868059
121800 -0.73993544 1.52892377 0.72320717
121900 -0.61702981 1.59436189 0.27692566
122000 -0.69673172 1.62914726 0.89004402
122100 -0.65856866 1.40119338 0.78012770
122200 -0.79428897 1.53891974 1.53673009
122300 -0.47679644 1.24106545 4.91558716
122400 -0.46455910 1.34337953 2.76783318
122500 -0.33054979 1.24296209 8.02657132
122600 -0.71833290 1.72923889 2.67251366
122700 -0.54373489 1.34858426 1.75998607
122800 -0.90509752 1.56339065 4.15816731
122900 -0.35415843 1.16950165 9.67604172
123000 -0.57276851 1.28530986 2.86551377
123100 -0.76643755 1.58762888 1.30088104
123200 -0.77394551 1.61948648 1.67983893
123300 -0.65621304 1.44563392 0.34208491
123400 -0.83092245 1.53120234 2.23068861
123500 -0.32535657 1.17964083 10.13295570
123600 -0.74531616 1.68103047 2.08174761
123700 -0.65738142 1.31100986 2.25371238
123800 -0.76985735 1.73344317 3.40076065
123900 -0.76713176 1.63173249 1.70659518
124000 -0.55714912 1.33123935 1.97904083
124100 -0.88211411 1.55382203 3.49238692
124200 -0.82515971 1.67308719 3.27630963
124300 -0.40082856 1.33523920 4.10863353
124400 -0.72380737 1.66370402 1.57134070
124500 -0.67756023 1.48434669 0.22921695
124600 -0.90197070 1.69451938 5.49822449
124700 -0.71194538 1.58765640 0.65156712
124800 -0.42189301 1.24132829 5.84521509
124900 -0.39975871 1.29123565 5.04196759
125000 -0.72746232 1.54912855 0.61983109
125100 -0.72885314 1.53098299 0.59848157
125200 -0.77393093 1.66870135 2.29034116
125300 -0.59413939 1.53858538 0.05070939
125400 -0.71427093 1.58766384 0.67327016
125500 -0.34453194 1.26319045 7.09168991
125600 -0.60075592 1.64515711 0.80173186
125700 -0.84223840 1.67593249 3.68524239
125800 -0.69186673 1.51810031 0.25842178
125900 -0.31882886 1.19322503 9.87429698
126000 -0.66915748 1.60489215 0.48115679
126100 -0.45516320 1.23996802 5.27945406
126200 -0.42352432 1.16074573 8.38331626
126300 -0.37031878 1.22068897 7.59639029
126400 -0.39574787 1.36481507 3.71856909
126500 -0.62936970 1.41985814 0.50580915
126600 -0.64028461 1.38415924 0.94320892
126700 -0.45455313 1.35070308 2.80170578
126800 -0.59463113 1.39693766 0.78939590
126900 -0.43472743 1.20716972 6.60943535
127000 -0.60725795 1.40187545 0.70578844
127100 -0.56383731 1.41972714 0.66044477
127200 -0.45763896 1.21733739 5.89828820
127300 -0.34055286 1.19886251 9.06099954
127400 -0.74923039 1.50342469 0.84876176
127500 -0.82683442 1.59750052 2.43934031
127600 -0.40380501 1.28382744 5.12588750
127700 -0.38116712 1.27179953 5.93223111
127800 -0.81828645 1.55188572 2.01671069
127900 -0.33726648 1.14509136 11.02473654
128000 -0.57967836 1.56648987 0.18935711
128100 -0.36348734 1.21857404 7.83281751
128200 -0.55202508 1.45131747 0.46689399
128300 -0.38883562 1.40374712 3.34758514
128400 -0.39845250 1.23985272 6.37828961
128500 -0.72436486 1.71006747 2.35088331
128600 -0.75095417 1.59079425 1.10804102
128700 -0.61932634 1.40694055 0.63914471
128800 -0.57661995 1.46774289 0.23063170
128900 -0.67754379 1.46820021 0.29972529
129000 -0.42554546 1.29175420 4.49543564
129100 -0.37451416 1.35299602 4.40768142
129200 -0.87213398 1.65743995 4.12306426
129300 -0.40597702 1.26135171 5.63523861
129400 -0.47853991 1.30060701 3.40721202
129500 -0.63170765 1.39339945 0.80823845
129600 -0.35208416 1.21467152 8.25021875
129700 -0.84285142 1.63835926 3.18358344
129800 -0.48182559 1.34212902 2.53651262
129900 -0.36758195 1.28015256 6.06208322
130000 -0.48697754 1.32584544 2.76954833
130100 -0.53135023 1.23719091 4.39198804
130200 -0.65063742 1.47547425 0.14605972
130300 -0.77005658 1.49444293 1.15850709
130400 -0.63052164 1.45719346 0.20276834
130500 -0.53925115 1.52466393 0.32710646
130600 -0.44866847 1.33143066 3.24564457
130700 -0.37691920 1.31384003 5.07951045
130800 -0.29171524 1.16526556 11.68037035
130900 -0.35088523 1.16900881 9.78087865
131000 -0.32515559 1.24917092 8.01408077
131100 -0.51206563 1.36751806 1.74502844
131200 -0.42440990 1.32153097 3.88227231
131300 -0.75696502 1.46607924 1.08334326
131400 -0.71708602 1.66268687 1.48926185
131500 -0.56271513 1.28666153 2.88641982
131600 -0.48602318 1.44640829 1.16827643
131700 -0.41255782 1.16951667 8.29354136
131800 -0.64239072 1.57164781 0.15844201
131900 -0.72787963 1.37331078 1.65778698
132000 -0.88899717 1.62480863 4.16721625
132100 -0.55597720 1.38562155 1.10782432
132200 -0.76568516 1.62969892 1.66290097
132300 -0.32943818 1.12987704 11.83110483
132400 -0.78622040 1.68148871 2.68539125
132500 -0.77510980 1.66990769 2.32656826
132600 -0.45041095 1.25519598 4.94408061
132700 -0.56330370 1.51206457 0.16387206
132800 -0.85589112 1.50576412 2.79236403
132900 -0.56669627 1.34160851 1.73324051
133000 -0.64013218 1.35537664 1.37530775
133100 -0.82171537 1.63516196 2.69756835
133200 -0.45678487 1.31633847 3.40585986
133300 -0.57130600 1.47126765 0.23729739
133400 -0.78217436 1.64454872 2.09064544
133500 -0.79938062 1.68341201 2.94404448
133600 -0.32972815 1.26780275 7.39306008
133700 -0.35214512 1.23457691 7.66062908
133800 -0.65892675 1.48187434 0.14844287
133900 -0.61026710 1.54994813 0.04958098
134000 -0.45291422 1.33401886 3.12533196
134100 -0.42241762 1.30175576 4.33346734
134200 -0.52524009 1.30991543 2.65574826
134300 -0.66987104 1.63996642 0.84395316
134400 -0.80249554 1.68099530 2.96120535
134500 -0.34990951 1.22169986 8.09659233
134600 -0.62830448 1.29868360 2.45249563
134700 -0.53234299 1.36064414 1.65390203
134800 -0.27888430 1.26038429 9.18801181
134900 -0.55050990 1.38628455 1.13543475
135000 -0.67210530 1.52883100 0.13964747
135100 -0.83080211 1.60869171 2.61518749
135200 -0.42166547 1.28503195 4.72732838
135300 -0.82490905 1.59795847 2.40326207
135400 -0.74034809 1.57204278 0.85960566
135500 -0.30166062 1.27738506 8.01009844
135600 -0.77326685 1.53809606 1.19090980
135700 -0.63532521 1.35614302 1.35419854
135800 -0.76280961 1.62399521 1.56047938
135900 -0.52942700 1.47201672 0.52529321
136000 -0.61958534 1.48927967 0.04719552
136100 -0.88823274 1.68563919 4.96925729
136200 -0.78773189 1.65617922 2.33393832
136300 -0.57381676 1.44451775 0.39152310
136400 -0.76098301 1.53294081 1.00218362
136500 -0.61029271 1.36496023 1.20657808
136600 -0.72827676 1.65128627 1.44799703
136700 -0.72092320 1.55825060 0.58243008
136800 -0.51095221 1.36806597 1.74876855
136900 -0.38870598 1.25764285 6.11640998
137000 -0.52024664 1.36407237 1.71320789
137100 -0.73775012 1.54133014 0.71600333
137200 -0.45569727 1.51021091 1.35456065
137300 -0.59215811 1.36224200 1.28313786
137400 -0.69084447 1.45402754 0.46856522
137500 -0.65715632 1.48426644 0.13287394
137600 -0.33129532 1.17383037 10.15919027
137700 -0.76910639 1.51653773 1.11223513
137800 -0.74846625 1.56024251 0.90615185
137900 -0.54319581 1.36557281 1.48733204
138000 -0.54885596 1.42787374 0.67743612
138100 -0.76966113 1.65546101 2.03740691
138200 -0.56515155 1.40756552 0.78249327
138300 -0.84349361 1.60731490 2.87866428
138400 -0.58396577 1.30751090 2.32250424
138500 -0.64894041 1.41088696 0.63716018
138600 -0.79206288 1.70229758 3.14190219
138700 -0.76068006 1.35700388 2.31793068
138800 -0.37706285 1.20105171 8.03732341
138900 -0.39463921 1.30943498 4.75625567
139000 -0.81617405 1.64458629 2.70030011
139100 -0.43412313 1.30836805 3.96691465
139200 -0.40341880 1.22687147 6.64158759
139300 -0.75048390 1.56810425 0.96700340
139400 -0.30299052 1.24560389 8.78941199
139500 -0.32173258 1.21675071 9.04617941
139600 -0.54486744 1.32816883 2.12220506
139700 -0.75287035 1.51832653 0.88286654
139800 -0.76967520 1.52388471 1.12088777
139900 -0.53757531 1.16445267 6.66038668
140000 -0.40595956 1.43876146 2.62065056
140100 -0.38872840 1.21458696 7.33818379
140200 -0.46830685 1.22187944 5.59433412
140300 -0.73843914 1.45604658 0.90589354
140400 -0.32352149 1.26455121 7.65767935
140500 -0.66709027 1.40346695 0.78987222
140600 -0.28806945 1.27659311 8.47124013
140700 -0.38648484 1.28663910 5.44933193
140800 -0.73426805 1.61631398 1.11667852
140900 -0.38004171 1.28660278 5.60271221
141000 -0.60318623 1.35724407 1.33860976
141100 -0.60423562 1.46593415 0.15858160
141200 -0.36418368 1.27282037 6.32698795
141300 -0.40734620 1.24108325 6.15080955
141400 -0.88370307 1.65781692 4.42664064
141500 -0.76343392 1.58509494 1.24053210
141600 -0.41350756 1.28364856 4.92505656
141700 -0.87091136 1.59863171 3.45697275
141800 -0.47093892 1.43302940 1.48915456
141900 -0.54446382 1.45956649 0.46789612
142000 -0.45931755 1.25254696 4.86749889
142100 -0.88909429 1.57325573 3.76239543
142200 -0.88657377 1.63703692 4.23796086
142300 -0.82132659 1.40636792 2.67223226
142400 -0.72942089 1.46035256 0.77653744
142500 -0.56249440 1.36874394 1.30926454
142600 -0.69695078 1.71195840 2.13847250
142700 -0.65013103 1.53750497 0.06071514
142800 -0.49180513 1.16154286 7.24627237
142900 -0.82959142 1.57162621 2.32969138
143000 -0.60435588 1.46793312 0.14778493
143100 -0.76826183 1.62712872 1.67290666
143200 -0.66229161 1.50630629 0.09880490
143300 -0.47148094 1.33930916 2.73535466
143400 -0.49336964 1.42673475 1.23668278
143500 -0.66817723 1.45516896 0.32620547
143600 -0.61861933 1.37425154 1.06222602
143700 -0.43085135 1.27552375 4.77729255
143800 -0.84551599 1.64477253 3.32128235
143900 -0.59584685 1.54128564 0.05182265
144000 -0.33918523 1.17333133 9.95180535
144100 -0.68473135 1.50232763 0.22512300
144200 -0.86934337 1.50784028 3.11599863
144300 -0.77307773 1.71667953 3.10578138
144400 -0.74839040 1.56167192 0.91103215
144500 -0.32578698 1.21651676 8.93316878
144600 -0.52919816 1.37950876 1.39913812
144700 -0.48849958 1.27066624 3.97298417
144800 -0.58376551 1.39416199 0.85740721
144900 -0.84044109 1.62257126 2.95575693
145000 -0.42053900 1.19165849 7.37964195
145100 -0.56334896 1.44148653 0.46868529
145200 -0.58648161 1.50265647 0.07121403
145300 -0.36564233 1.26413076 6.50834464
145400 -0.47213971 1.42970541 1.50078897
145500 -0.55854215 1.52381991 0.18958292
145600 -0.66320206 1.49163061 0.13356202
145700 -0.74780483 1.57196819 0.95173832
145800 -0.46037437 1.21203002 6.01629244
145900 -0.64537484 1.45257606 0.25949352
146000 -0.41801639 1.22851471 6.28805254
146100 -0.56030742 1.36825199 1.32953309
146200 -0.46271575 1.30285952 3.59441623
146300 -0.54857744 1.58438079 0.46230341
146400 -0.48984866 1.24824072 4.53962399
146500 -0.82151719 1.74418489 4.54340204
146600 -0.36618720 1.16587280 9.49135062
146700 -0.55387312 1.45691290 0.41763732
146800 -0.74928559 1.63837652 1.53638826
146900 -0.65556441 1.39043898 0.90254432
147000 -0.55841390 1.28712509 2.90117861
147100 -0.58865627 1.28910852 2.71466527
147200 -0.38478470 1.22883418 7.00518859
147300 -0.50267907 1.30370802 3.02732100
147400 -0.85120689 1.58448568 2.88075140
147500 -0.78695645 1.74185121 3.85462073
147600 -0.80056324 1.52379446 1.63087413
147700 -0.67903812 1.70888184 1.95809251
147800 -0.59894213 1.34397253 1.57145518
147900 -0.47855916 1.27714354 3.94923863
148000 -0.56701587 1.40454479 0.80686115
148100 -0.82232658 1.58553328 2.26153278
148200 -0.84332623 1.54681075 2.52967095
148300 -0.73252651 1.57165173 0.76650587
148400 -0.77181537 1.58514145 1.36456572
148500 -0.47772584 1.24905034 4.68278268
148600 -0.86264891 1.57657082 3.10393759
148700 -0.38084923 1.12692013 10.58524381
148800 -0.40157297 1.19289468 7.73541293
148900 -0.37505501 1.17769108 8.85867222
149000 -0.71098864 1.53307526 0.42249477
149100 -0.76488764 1.63706832 1.73487098
149200 -0.85205702 1.77448775 5.93072379
149300 -0.66164521 1.49314819 0.12276717
149400 -0.35240810 1.13464370 11.00524515
149500 -0.66701580 1.52412113 0.11137348
149600 -0.37233747 1.35908290 4.36155205
149700 -0.42559397 1.21065543 6.67438832
149800 -0.27521786 1.27782094 8.87627107
149900 -0.42608912 1.42239065 2.35645074
150000 -0.46076604 1.25301510 4.83181957
150100 -0.37680068 1.25506813 6.46674014
150200 -0.44601799 1.21324019 6.21856596
150300 -0.33928618 1.29557351 6.45837487
150400 -0.37234185 1.06465734 13.43357482
150500 -0.75872072 1.45760924 1.15680219
150600 -0.49930919 1.26301076 4.03048707
150700 -0.51991067 1.43124478 0.89476822
150800 -0.50358754 1.43046382 1.07842940
150900 -0.39939797 1.25330763 5.98950381
151000 -0.63577176 1.48696751 0.06699467
151100 -0.66055581 1.54156477 0.10549067
151200 -0.52013438 1.35014445 1.94120254
151300 -0.71496671 1.45328319 0.67349051
151400 -0.87749088 1.66914145 4.42723623
151500 -0.85487195 1.56991949 2.88283940
151600 -0.80960262 1.59648602 2.08996319
151700 -0.48821908 1.14545418 7.88253905
151800 -0.28177706 1.22534687 10.06076136
151900 -0.63485300 1.65839212 0.96864957
152000 -0.50178334 1.32624704 2.57576935
152100 -0.85881744 1.66711834 3.93387883
152200 -0.26532409 1.23051899 10.47971276
152300 -0.84317248 1.69505964 4.02259162
152400 -0.67689978 1.48015413 0.24126390
152500 -0.44046725 1.34105144 3.21272973
152600 -0.74730050 1.59220445 1.07094504
152700 -0.43536354 1.27486354 4.70912537
152800 -0.59377618 1.33413635 1.76164931
152900 -0.59813131 1.31066405 2.21498890
153000 -0.76335002 1.59870151 1.33715783
153100 -0.81663077 1.67157309 3.08190303
153200 -0.66375868 1.48140629 0.17021480
153300 -0.83612401 1.69130923 3.80282193
153400 -0.67048272 1.47726830 0.21872517
153500 -0.79594994 1.53367579 1.55727041
153600 -0.46727210 1.35107790 2.59302427
153700 -0.62124197 1.47402568 0.10575902
153800 -0.89169052 1.55409298 3.74890364
153900 -0.87556889 1.65523386 4.18018277
154000 -0.57739173 1.42554751 0.53683688
154100 -0.50401281 1.26139262 4.01654033
154200 -0.77349132 1.59221641 1.43873984
154300 -0.55862742 1.40245236 0.87920199
154400 -0.46081546 1.15379151 7.97241894
154500 -0.45719603 1.31123684 3.50435934
154600 -0.55397653 1.31871152 2.24380748
154700 -0.51051657 1.36507482 1.79942168
154800 -0.74822945 1.66096207 1.81565484
154900 -0.34647459 1.19282679 9.09292273
155000 -0.82878971 1.70037057 3.80633423
155100 -0.39178174 1.21327309 7.30824873
155200 -0.61976779 1.53330544 0.00885444
155300 -0.32922144 1.29110441 6.84726790
155400 -0.51748632 1.33944855 2.15539400
155500 -0.34205200 1.20824380 8.72235085
155600 -0.78121810 1.67598629 2.51614994
155700 -0.83528946 1.64740966 3.12913867
155800 -0.61643030 1.42534801 0.44858710
155900 -0.78184197 1.70491932 3.01939900
156000 -0.69505676 1.55457873 0.34146032
156100 -0.75510152 1.57233610 1.04957438
156200 -0.79718189 1.61645069 2.03480781
156300 -0.80984580 1.64383626 2.56884233
156400 -0.47508164 1.41140714 1.63968703
156500 -0.51754143 1.39651648 1.28729694
156600 -0.62155394 1.41875773 0.51262061
156700 -0.64759347 1.56992113 0.16267592
156800 -0.74746596 1.45293922 1.03723603
156900 -0.66601096 1.51441439 0.10741039
157000 -0.71013624 1.58800185 0.63743964
157100 -0.35255471 1.12625681 11.32803387
157200 -0.74597375 1.64648378 1.59337656
157300 -0.77526810 1.62489346 1.75554107
157400 -0.74291762 1.55127647 0.80434789
157500 -0.84184680 1.72760141 4.61571746
157600 -0.84151320 1.72668134 4.58926382
157700 -0.37952008 1.15684941 9.48544703
157800 -0.35227108 1.30231304 5.95331957
157900 -0.33536597 1.18099974 9.79688522
158000 -0.36209796 1.22457383 7.68950430
158100 -0.48514391 1.25032007 4.54567158
158200 -0.61649034 1.37110732 1.10906738
158300 -0.35655126 1.29123602 6.08691000
158400 -0.65057366 1.49705109 0.07307005
158500 -0.68968778 1.44795838 0.50231907
158600 -0.82321395 1.62592533 2.62580436
158700 -0.53196852 1.25400763 3.92507409
158800 -0.67462219 1.53242411 0.15689710
158900 -0.44733757 1.28694189 4.20641984
159000 -0.41271367 1.22585379 6.47448056
159100 -0.84202210 1.63949674 3.17866434
159200 -0.44649695 1.19794378 6.69117572
159300 -0.73356946 1.55451209 0.70445530
159400 -0.42806772 1.20418012 6.82900980
159500 -0.83231029 1.63146914 2.87505151
159600 -0.40383243 1.22719717 6.62309566
159700 -0.74443792 1.58788444 1.00465461
159800 -0.50267194 1.32781373 2.53507194
159900 -0.65320998 1.53764673 0.07071551
160000 -0.78798811 1.61878369 1.89891106
160100 -0.58675581 1.33474276 1.77127113
160200 -0.73545249 1.56086729 0.74997068
160300 -0.41011135 1.26130246 5.54888309
160400 -0.69977252 1.59524249 0.60125434
160500 -0.42216779 1.33830775 3.60748289
160600 -0.66914207 1.51902540 0.12079463
160700 -0.92512516 1.59104424 4.90743238
160800 -0.34619672 1.19758729 8.94590952
160900 -0.49349443 1.21864044 5.34106211
161000 -0.70020366 1.35327710 1.71145752
161100 -0.83965483 1.55176631 2.46286718
161200 -0.53717362 1.51885838 0.34307563
161300 -0.80193489 1.75402346 4.39336437
161400 -0.53107108 1.40884038 1.01324072
161500 -0.56341187 1.40216742 0.85433669
161600 -0.75259327 1.54080955 0.90070067
161700 -0.79793328 1.54482094 1.61381658
161800 -0.67780244 1.54495916 0.19820410
161900 -0.69420202 1.59548851 0.56022269
162000 -0.52639620 1.52285322 0.43849059
162100 -0.65537219 1.60384168 0.41403095
162200 -0.73666623 1.60419675 1.03500509
162300 -0.54440682 1.43502211 0.64677851
162400 -0.76204854 1.59345421 1.27866539
162500 -0.80998230 1.52699474 1.80711000
162600 -0.53572022 1.25346537 3.90718950
162700 -0.45343055 1.29634450 3.88835833
162800 -0.37122330 1.22794183 7.35939119
162900 -0.62598667 1.45775864 0.19549136
163000 -0.73967333 1.60446915 1.07283713
163100 -0.33284568 1.24104118 8.01378141
163200 -0.46416974 1.39418349 2.00564317
163300 -0.71073546 1.64176367 1.15296575
163400 -0.77822643 1.68511024 2.61484984
163500 -0.44897705 1.28945532 4.11998505
163600 -0.76224636 1.59590769 1.29980019
163700 -0.49994881 1.20197875 5.77749018
163800 -0.37740407 1.34747004 4.43096878
163900 -0.50196794 1.39412702 1.48877865
164000 -0.59474793 1.36222789 1.27648537
164100 -0.49688930 1.30666151 3.03347788
164200 -0.61816544 1.47940059 0.08258387
164300 -0.77898659 1.62877921 1.85548255
164400 -0.53292368 1.22668191 4.68088926
164500 -0.71276088 1.83300946 5.32897526
164600 -0.37047387 1.29652232 5.61027811
164700 -0.64223728 1.45964870 0.20683882
164800 -0.53310265 1.36319953 1.60687687
164900 -0.53887256 1.50753890 0.33684704
165000 -0.41243663 1.18402607 7.79805177
165100 -0.71276575 1.57830530 0.60024968
165200 -0.69737800 1.51484060 0.30069873
165300 -0.61790568 1.50768029 0.00780808
165400 -0.68792368 1.62065913 0.73729436
165500 -0.72926600 1.60147031 0.92882348
165600 -0.36085430 1.16879226 9.52516850
165700 -0.82606969 1.63027209 2.73123253
165800 -0.38202041 1.20840371 7.68632656
165900 -0.48905672 1.33008480 2.66069633
166000 -0.32138626 1.12351343 12.31858819
166100 -0.86883925 1.69718904 4.66584623
166200 -0.77498554 1.74017509 3.62487950
166300 -0.67242362 1.53050722 0.14293187
166400 -0.51568700 1.31324258 2.68149172
166500 -0.42419674 1.19556563 7.17982893
166600 -0.68356450 1.59467140 0.48081316
166700 -0.63226765 1.42234872 0.48431334
166800 -0.87227265 1.58540123 3.39594048
166900 -0.42742289 1.25614609 5.33524126
167000 -0.85957317 1.70078485 4.50392320
167100 -0.74546385 1.64380012 1.55338240
167200 -0.65574160 1.52941614 0.06830629
167300 -0.74254818 1.63257686 1.38458039
167400 -0.36629383 1.22375613 7.60636236
167500 -0.53713887 1.11688227 8.46849337
167600 -0.64887296 1.59345185 0.31144107
167700 -0.79393697 1.48966066 1.55872722
167800 -0.58314001 1.41008320 0.67201806
167900 -0.62575618 1.54858471 0.04251097
168000 -0.63902130 1.60582856 0.38641758
168100 -0.74311086 1.48345644 0.82458578
168200 -0.36427224 1.29137580 5.88328572
168300 -0.39936963 1.16720159 8.65722391
168400 -0.69754343 1.65405476 1.19918312
168500 -0.56011841 1.38181111 1.13409867
168600 -0.46933046 1.36303633 2.36694508
168700 -0.69592754 1.52803110 0.29147447
168800 -0.49010761 1.20931953 5.66971921
168900 -0.69959624 1.57410723 0.46315775
169000 -0.77497637 1.60791199 1.58730965
169100 -0.72629159 1.56639621 0.67252551
169200 -0.70947244 1.48986199 0.44568087
169300 -0.82615078 1.57338503 2.26740516
169400 -0.37085077 1.19628061 8.34347916
169500 -0.65001264 1.53627445 0.05828081
169600 -0.67882890 1.58099775 0.35907826
169700 -0.36147547 1.26943587 6.48086579
169800 -0.69896787 1.47802422 0.39989456
169900 -0.57663947 1.37350202 1.16708976
170000 -0.29955969 1.33572277 6.83200443
170100 -0.60147660 1.30582975 2.31060072
170200 -0.53385357 1.27490425 3.37465673
170300 -0.70576594 1.54014606 0.38808299
170400 -0.72422076 1.48685811 0.59801761
170500 -0.38859197 1.22831497 6.93149164
170600 -0.79500769 1.71516982 3.43594757
170700 -0.50296893 1.47753337 0.77498428
170800 -0.45983394 1.35285409 2.67954602
170900 -0.37164574 1.14217804 10.22146368
171000 -0.30725292 1.24581628 8.64937245
171100 -0.72952810 1.61234335 1.02618491
171200 -0.55199154 1.34949306 1.68488835
171300 -0.59167571 1.38364022 0.96981274
171400 -0.42946196 1.27820198 4.73855126
171500 -0.70203603 1.53435186 0.34679430
171600 -0.77851060 1.57571363 1.41148087
171700 -0.42063866 1.26562905 5.22247626
171800 -0.84482925 1.53615401 2.54045716
171900 -0.49000891 1.14594594 7.84070620
172000 -0.65263374 1.52508255 0.05453967
172100 -0.63414105 1.49005133 0.05484461
172200 -0.66635740 1.48369917 0.17333795
172300 -0.38527108 1.24514927 6.53202944
172400 -0.73711826 1.72194361 2.72489539
172500 -0.38543264 1.23942966 6.68707807
172600 -0.56319181 1.39968520 0.88514109
172700 -0.45953553 1.31320328 3.42568636
172800 -0.78821744 1.63323219 2.05593169
172900 -0.70924601 1.58908175 0.63685694
173000 -0.62964242 1.45175879 0.23749199
173100 -0.42473922 1.29623131 4.40995978
173200 -0.51263375 1.24394112 4.38680091
173300 -0.41042592 1.09666516 11.15668396
173400 -0.80240591 1.61203718 2.08713788
173500 -0.70837018 1.43900143 0.71850292
173600 -0.64425288 1.47410205 0.13474119
173700 -0.38938651 1.17559939 8.58971790
173800 -0.48109771 1.26770390 4.14735842
173900 -0.79830751 1.74320079 4.08060798
174000 -0.33292157 1.26283363 7.42742823
174100 -0.36864124 1.24511165 6.93724139
174200 -0.37649889 1.22688413 7.26048524
174300 -0.43057484 1.17156308 7.86450897
174400 -0.53136044 1.25338233 3.94709763
174500 -0.34029647 1.20796914 8.77986611
174600 -0.47392555 1.36906685 2.20592794
174700 -0.86671636 1.68222690 4.35932649
174800 -0.79381934 1.53452594 1.52120835
174900 -0.65719439 1.44480569 0.35188038
175000 -0.52873256 1.28811692 3.10497540
175100 -0.79693810 1.53377317 1.57483949
175200 -0.36601662 1.08262094 12.79039993
175300 -0.82640039 1.53721335 2.14487096
175400 -0.50193278 1.15838637 7.23521433
175500 -0.32983298 1.22217632 8.64479217
175600 -0.56773900 1.32498400 2.03812264
175700 -0.39249675 1.18800123 8.09904578
175800 -0.80390968 1.59350452 1.96128426
175900 -0.55983484 1.25531769 3.68382860
176000 -0.61784966 1.33957969 1.62780569
176100 -0.89511794 1.58935948 4.02503090
176200 -0.82886702 1.43517343 2.54104903
176300 -0.47722884 1.29773602 3.48924392
176400 -0.36671846 1.18878675 8.69268791
176500 -0.71653065 1.70407443 2.16007813
176600 -0.67170353 1.39943997 0.86039875
176700 -0.27990778 1.26788892 8.96113584
176800 -0.47148841 1.38846381 1.96787306
176900 -0.85749632 1.60484584 3.18016582
177000 -0.59738144 1.49881822 0.04801336
177100 -0.69335256 1.42413903 0.72849618
177200 -0.81774175 1.62971598 2.55696976
177300 -0.47798876 1.26149106 4.34970316
177400 -0.67449088 1.29091070 2.77255811
177500 -0.77103663 1.59934301 1.45536886
177600 -0.46828065 1.34087809 2.75517101
177700 -0.30215916 1.31070605 7.24133795
177800 -0.48374501 1.35874095 2.22849515
177900 -0.32875968 1.19900689 9.39287494
178000 -0.55053604 1.51690174 0.24174206
178100 -0.44920257 1.24872418 5.13811649
178200 -0.47601483 1.16347969 7.39192313
178300 -0.41152197 1.20003816 7.29193331
178400 -0.42710732 1.11714762 9.97488150
178500 -0.32848921 1.20573192 9.18714844
178600 -0.41314848 1.16202118 8.54681924
178700 -0.31604961 1.11646122 12.76146919
178800 -0.36917021 1.25770468 6.58572094
178900 -0.67346397 1.64868546 0.97091719
179000 -0.80951700 1.61374591 2.23524939
179100 -0.37180373 1.29362975 5.64224388
179200 -0.26934888 1.31006454 8.35145504
179300 -0.39935418 1.24218866 6.29318612
179400 -0.49570486 1.37344122 1.84643788
179500 -0.70586176 1.61938926 0.86252335
179600 -0.71383341 1.53554461 0.45231719
179700 -0.73851913 1.45184628 0.93458567
179800 -0.77561240 1.65368823 2.10438801
179900 -0.34087235 1.23926311 7.83627242
180000 -0.38401907 1.21906728 7.31237524
180100 -0.21717565 1.20391532 13.10884877
180200 -0.63254091 1.42867365 0.42488882
180300 -0.42605337 1.17295720 7.90270003
180400 -0.51602783 1.33410098 2.26843289
180500 -0.56598369 1.45125665 0.38217048
180600 -0.55673426 1.23434648 4.28002434
180700 -0.84603747 1.62727065 3.12999660
180800 -0.44791266 1.32762049 3.33119645
180900 -0.81219002 1.69827150 3.43588646
181000 -0.45150686 1.37854024 2.42004020
181100 -0.49759594 1.33107917 2.53369161
181200 -0.45832671 1.28106473 4.16141574
181300 -0.40493856 1.13142326 9.86216542
181400 -0.82843534 1.57739255 2.33695988
181500 -0.74063253 1.70059318 2.35830514
181600 -0.69930186 1.48412055 0.37880603
181700 -0.80695901 1.54738751 1.78518735
181800 -0.80614062 1.59249039 1.99515928
181900 -0.89271216 1.62458826 4.26553125
182000 -0.51107536 1.37306858 1.67267099
182100 -0.64947672 1.58337250 0.24424756
182200 -0.48486000 1.22989045 5.12131861
182300 -0.46814905 1.36031154 2.42795565
182400 -0.48749382 1.38969841 1.72681965
182500 -0.66999854 1.60202343 0.46138484
182600 -0.67413997 1.50170165 0.16329828
182700 -0.55040540 1.43266561 0.62353520
182800 -0.52667491 1.39932604 1.16358885
182900 -0.81686044 1.68218936 3.25297110
183000 -0.30521553 1.21920135 9.47845430
183100 -0.78898823 1.62492178 1.97828014
183200 -0.59292447 1.27338453 3.07761359
183300 -0.40840569 1.22404943 6.61794458
183400 -0.50003036 1.35641417 2.05765201
183500 -0.49675053 1.34503148 2.29022073
183600 -0.37402240 1.27209440 6.09810826
183700 -0.56610568 1.28537420 2.89769306
183800 -0.48779428 1.46329406 1.03469583
183900 -0.52488053 1.34324663 2.01447335
184000 -0.64008896 1.41009898 0.62409001
184100 -0.51783325 1.39728226 1.27488443
184200 -0.55788772 1.44728701 0.45725566
184300 -0.60635482 1.44905596 0.26096236
184400 -0.80600092 1.57994196 1.90946911
184500 -0.52127837 1.40751799 1.11990820
184600 -0.33996067 1.28327233 6.72310084
184700 -0.81533628 1.50655996 1.91684477
184800 -0.85837665 1.63356977 3.48607611
184900 -0.37852625 1.25213913 6.50295105
185000 -0.69410245 1.53801570 0.29078692
185100 -0.61275969 1.42867149 0.41966593
185200 -0.56277313 1.40649471 0.80791828
185300 -0.50941590 1.48922352 0.65880171
185400 -0.59143708 1.30367500 2.38061740
185500 -0.60366834 1.46329168 0.17412786
185600 -0.83304083 1.60090724 2.59661894
185700 -0.65686932 1.48198792 0.14021327
185800 -0.45684488 1.25400008 4.86877749
185900 -0.54379305 1.49914591 0.31211964
186000 -0.36958441 1.09810061 12.03535307
186100 -0.73346425 1.48141272 0.71815576
186200 -0.44376415 1.24766000 5.26140762
186300 -0.68349812 1.40589671 0.85257864
186400 -0.31529689 1.21849257 9.18753562
186500 -0.56271591 1.46087699 0.33884987
186600 -0.86056986 1.57360287 3.03735626
186700 -0.41843411 1.24334043 5.85846636
186800 -0.83109260 1.56759228 2.34125560
186900 -0.78976609 1.65848246 2.39989588
187000 -0.62024372 1.35616797 1.34204975
187100 -0.42226425 1.27719118 4.90277748
187200 -0.55178117 1.38581938 1.13291235
187300 -0.42239024 1.16822417 8.13979274
187400 -0.61393010 1.44985669 0.24784639
187500 -0.34379698 1.28713345 6.52574690
187600 -0.32853051 1.22021373 8.74131342
187700 -0.61904101 1.49636347 0.02798025
187800 -0.80238464 1.54804648 1.70253807
187900 -0.71506504 1.55141565 0.50121527
188000 -0.64227043 1.51505653 0.02602049
188100 -0.73792917 1.53651422 0.70900040
188200 -0.81188776 1.53817103 1.85755489
188300 -0.63277925 1.42751667 0.43582376
188400 -0.45212825 1.38097266 2.37547629
188500 -0.51039251 1.34372504 2.15433309
188600 -0.68472458 1.60412983 0.56335498
188700 -0.49321332 1.41664695 1.33783576
188800 -0.39524225 1.24493502 6.30883953
188900 -0.82430261 1.77966984 5.45839901
189000 -0.47314563 1.30929480 3.29814441
189100 -0.74940397 1.66961448 1.95649398
189200 -0.60847722 1.43698339 0.35122658
189300 -0.45442113 1.32980444 3.17953568
189400 -0.71965016 1.58695769 0.72067430
189500 -0.73676900 1.53742108 0.69692470
189600 -0.57308867 1.45954881 0.29275093
189700 -0.34265304 1.21311071 8.55511864
189800 -0.32100277 1.15498523 11.13175653
189900 -0.67374191 1.62844052 0.73237698
190000 -0.71271927 1.55260561 0.48299945
190100 -0.73772046 1.48707738 0.74710033
190200 -0.61763403 1.49569553 0.02981525
190300 -0.75392883 1.47715130 0.98864714
190400 -0.63014884 1.43293405 0.38417396
190500 -0.69739088 1.54305135 0.32603561
190600 -0.58466004 1.32585912 1.94697967
190700 -0.81349178 1.70370315 3.55929595
190800 -0.69392896 1.41468197 0.82786891
190900 -0.46482794 1.29635397 3.70479585
191000 -0.38256827 1.14707761 9.77224687
191100 -0.57858117 1.46008684 0.26525532
191200 -0.48334612 1.33630478 2.62091087
191300 -0.76229668 1.65121920 1.87334108
191400 -0.52698558 1.14737412 7.37508645
191500 -0.43602349 1.17057090 7.79740237
191600 -0.52167789 1.36125370 1.74338120
191700 -0.77432661 1.44412640 1.47867526
191800 -0.83477199 1.55736537 2.37615897
191900 -0.81646303 1.57770498 2.09637941
192000 -0.74467130 1.57478769 0.92723119
192100 -0.50598793 1.20146825 5.72306133
192200 -0.78183388 1.64626151 2.10660866
192300 -0.62968968 1.41966761 0.50802396
192400 -0.64838372 1.26564575 3.27508594
192500 -0.58635680 1.50155201 0.07360964
192600 -0.44201037 1.28991774 4.23090774
192700 -0.78137120 1.59187572 1.56033918
192800 -0.65325610 1.43595627 0.40846581
192900 -0.75622511 1.61190326 1.35017448
193000 -0.52331060 1.53140536 0.47394609
193100 -0.60205320 1.50875994 0.02242133
193200 -0.83225971 1.56352360 2.34742434
193300 -0.88084912 1.53934387 3.42082237
193400 -0.74238287 1.58813350 0.98098709
193500 -0.71356678 1.58931055 0.67793476
193600 -0.41670994 1.25412191 5.60090033
193700 -0.77677625 1.50473577 1.24058942
193800 -0.40765458 1.17408037 8.23754852
193900 -0.50386732 1.41022595 1.27685706
194000 -0.64639740 1.39770031 0.78270184
194100 -0.45323359 1.33910226 3.02675142
194200 -0.61680303 1.57911661 0.17524971
194300 -0.74486384 1.61377524 1.21923864
194400 -0.88978084 1.69227864 5.12308148
194500 -0.50921964 1.37003944 1.73802284
194600 -0.61059313 1.23667444 4.01809318
194700 -0.41406456 1.26775013 5.30197023
194800 -0.44374128 1.25948732 4.94669971
194900 -0.51785377 1.40298283 1.20634360
195000 -0.78202590 1.69617419 2.86448686
195100 -0.45826572 1.34236568 2.88559650
195200 -0.70335378 1.63767183 1.03972554
195300 -0.56908983 1.43730877 0.47148421
195400 -0.81694874 1.54642950 1.97436615
195500 -0.62096201 1.30813244 2.24443944
195600 -0.76157382 1.55725911 1.07156945
195700 -0.42592509 1.18182521 7.60136281
195800 -0.75248504 1.46991306 1.00304935
195900 -0.71614216 1.53089204 0.46809754
196000 -0.74039921 1.56344567 0.81917473
196100 -0.47884267 1.16936075 7.14366376
196200 -0.45338990 1.19162282 6.77952482
196300 -0.49452245 1.35721204 2.11222668
196400 -0.56770460 1.47675491 0.23024734
196500 -0.51723872 1.26965496 3.66162597
196600 -0.46640223 1.23653112 5.19734403
196700 -0.57337644 1.47835645 0.19539711
196800 -0.74417402 1.69412617 2.28695547
196900 -0.56635013 1.26698473 3.34475176
197000 -0.66756585 1.51996136 0.11312556
197100 -0.73629607 1.62249837 1.20153456
197200 -0.24932701 1.29403909 9.42284001
197300 -0.42129496 1.34123746 3.57198681
197400 -0.60802266 1.56997450 0.13204538
197500 -0.42381789 1.26274530 5.23337003
197600 -0.44904495 1.32695035 3.32468975
197700 -0.50968129 1.20116473 5.69130726
197800 -0.48201262 1.30640317 3.23320624
197900 -0.79875381 1.66255004 2.61367196
198000 -0.87912348 1.61764987 3.83402368
198100 -0.69494185 1.62514499 0.83358742
198200 -0.42906196 1.39178458 2.64482639
198300 -0.75637080 1.56048336 1.01179487
198400 -0.50144705 1.39065944 1.53918917
198500 -0.74431258 1.73238759 3.02810542
198600 -0.82152023 1.58373385 2.23362027
198700 -0.31404804 1.24495461 8.46282842
198800 -0.43582597 1.30117930 4.09012855
198900 -0.44306736 1.08630426 10.96985744
199000 -0.81445847 1.58165269 2.08075744
199100 -0.77358200 1.64741898 1.99115133
199200 -0.42101589 1.43227645 2.36450476
199300 -0.80147564 1.67271732 2.81279928
199400 -0.56979219 1.34496438 1.65791469
199500 -0.69327022 1.48682568 0.32345302
199600 -0.39129080 1.20950995 7.43559850
199700 -0.45083881 1.29491017 3.96404684
199800 -0.86910679 1.61461222 3.55028333
199900 -0.75534292 1.65758403 1.86235356
