0 -0.69256935 0.31659814 0.16535641
100 -0.62358212 0.40377369 8.30433621
200 -0.58582457 0.41650905 13.30519416
300 -0.61020615 0.41189970 10.29223945
400 -0.65070490 0.39945265 6.16041868
500 -0.63754159 0.41186179 8.20705694
600 -0.56847187 0.40621969 14.29113608
700 -0.68075024 0.40655060 5.86179169
800 -0.56595393 0.37464511 11.77012126
900 -0.61502518 0.43590962 12.84607276
1000 -0.59073571 0.40789116 11.78959449
1100 -0.62809726 0.40080478 7.66580374
1200 -0.63923022 0.39541521 6.39851398
1300 -0.63054141 0.40657390 8.09124591
1400 -0.59264713 0.41482148 12.35430591
1500 -0.59046110 0.42833883 14.23481254
1600 -0.64013064 0.37457187 4.57265232
1700 -0.62428506 0.40260287 8.13005075
1800 -0.61819386 0.39907195 8.25374838
1900 -0.63161996 0.43386597 11.29796400
2000 -0.62089706 0.40961721 9.13660342
2100 -0.63361465 0.36014490 4.01221211
2200 -0.62111443 0.38178302 6.45569724
2300 -0.58493361 0.43282089 15.44083146
2400 -0.63253976 0.40195837 7.47319690
2500 -0.56558970 0.42253955 16.54103491
2600 -0.62657957 0.40082406 7.77802489
2700 -0.65956178 0.41042156 6.91408493
2800 -0.61847174 0.40275182 8.60239701
2900 -0.56479252 0.38033978 12.36777167
3000 -0.59301636 0.36091119 7.57783681
3100 -0.65408122 0.38203543 4.41917285
3200 -0.65434702 0.39011789 5.10271441
3300 -0.58021181 0.37061387 9.66776488
3400 -0.62859021 0.39655507 7.21111913
3500 -0.59086704 0.39204452 10.19109776
3600 -0.56346257 0.39378749 13.71928170
3700 -0.56962212 0.45065554 19.84774151
3800 -0.69042917 0.37200704 2.63830745
3900 -0.65883780 0.42213158 8.30522509
4000 -0.62053889 0.40061622 8.21884617
4100 -0.61548833 0.40329052 8.90557654
4200 -0.64196954 0.38595521 5.37791636
4300 -0.63801520 0.41533799 8.57248405
4400 -0.63486834 0.39569619 6.69994757
4500 -0.60407205 0.39913544 9.51500348
4600 -0.55498320 0.38351662 14.00244951
4700 -0.63551487 0.39935639 7.01501271
4800 -0.64914846 0.34444906 2.28079861
4900 -0.62590178 0.42474993 10.52654561
5000 -0.61021867 0.36980900 6.46699166
5100 -0.60544912 0.40825506 10.32951262
5200 -0.65830276 0.37199354 3.46086481
5300 -0.69348472 0.41275930 6.37855437
5400 -0.62126766 0.42151162 10.48192696
5500 -0.61885051 0.37794731 6.33051182
5600 -0.59751339 0.37665278 8.18957745
5700 -0.60782968 0.47353401 19.30471088
5800 -0.64557587 0.42902048 9.80413517
5900 -0.61662729 0.41865860 10.51543656
6000 -0.55439201 0.42114810 17.93927432
6100 -0.57476540 0.41778582 14.77860118
6200 -0.61393713 0.39876883 8.58105032
6300 -0.62225105 0.41083191 9.16430542
6400 -0.67352428 0.38892755 4.30453643
6500 -0.61340648 0.36181534 5.65978714
6600 -0.60426674 0.40308580 9.89577034
6700 -0.59606456 0.38909390 9.37014875
6800 -0.64777312 0.44038737 11.21813073
6900 -0.60865393 0.42240727 11.66382232
7000 -0.57078751 0.39486176 12.84731078
7100 -0.62601292 0.41403833 9.23941383
7200 -0.60643253 0.38204739 7.74332282
7300 -0.63979220 0.37368262 4.52705343
7400 -0.58777756 0.43988781 16.08123848
7500 -0.67259410 0.43189349 9.07348774
7600 -0.63135002 0.38438514 5.91683594
7700 -0.59172528 0.32552902 6.18757295
7800 -0.59481318 0.43285001 14.35669616
7900 -0.63814677 0.41549518 8.58247940
8000 -0.60491121 0.38730862 8.33233603
8100 -0.62860444 0.41546936 9.21524878
8200 -0.62010643 0.41692821 10.02759460
8300 -0.63886521 0.43954674 11.60537810
8400 -0.68337917 0.40191119 5.33107090
8500 -0.59228498 0.37932065 8.94714542
8600 -0.62620894 0.42907247 11.05241170
8700 -0.63320240 0.38546808 5.88335579
8800 -0.63734239 0.44045429 11.82669134
8900 -0.63096948 0.41759574 9.29698551
9000 -0.66025031 0.38234938 4.18072878
9100 -0.61457237 0.36517633 5.77291678
9200 -0.64072771 0.44117343 11.72157095
9300 -0.60048684 0.39368484 9.33985890
9400 -0.64261805 0.39344092 6.01194724
9500 -0.62410401 0.45646049 15.12004283
9600 -0.61520361 0.40563411 9.17449586
9700 -0.66349576 0.42802509 8.86149177
9800 -0.63012675 0.41135581 8.64119351
9900 -0.65867219 0.43071211 9.39682128
10000 -0.58612495 0.39974563 11.45835831
10100 -0.66111392 0.38471373 4.34427214
10200 -0.62075489 0.39788142 7.93028013
10300 -0.61562765 0.38496945 7.16925013
10400 -0.67001164 0.35477756 1.94994152
10500 -0.60868375 0.37133128 6.71340452
10600 -0.61907042 0.42740450 11.39075210
10700 -0.62694929 0.39853543 7.52281894
10800 -0.64708654 0.36131428 3.27963776
10900 -0.52985483 0.41379195 20.94899253
11000 -0.67257632 0.39216095 4.62284987
11100 -0.68510586 0.41779212 7.04840954
11200 -0.57790001 0.44656296 18.19455494
11300 -0.58687672 0.41981523 13.57628252
11400 -0.65723766 0.41308632 7.30856700
11500 -0.65854040 0.43942969 10.57976816
11600 -0.63763863 0.36812974 4.26530087
11700 -0.67168396 0.43041909 8.90546908
11800 -0.64535018 0.38848779 5.40834604
11900 -0.59476590 0.41268329 11.88586968
12000 -0.58518379 0.43075420 15.13971239
12100 -0.64372973 0.36754170 3.86411245
12200 -0.65191059 0.41115423 7.33392755
12300 -0.60172196 0.39051247 8.92554059
12400 -0.60798055 0.38496459 7.84328096
12500 -0.63692825 0.45402324 13.85060287
12600 -0.66089349 0.41339282 7.19362494
12700 -0.57780587 0.42074878 14.75583695
12800 -0.66351968 0.36986007 3.10562131
12900 -0.55596024 0.40279898 15.65754059
13000 -0.64194830 0.38262599 5.09852705
13100 -0.58918302 0.37902616 9.26276859
13200 -0.56775348 0.37525553 11.57626894
13300 -0.59968581 0.40889018 10.96000401
13400 -0.61978062 0.40147555 8.36621869
13500 -0.66104288 0.43846305 10.34483680
13600 -0.64963520 0.40631234 6.91946395
13700 -0.60662111 0.38917924 8.33627755
13800 -0.56222333 0.37123063 12.02810660
13900 -0.63671182 0.40205322 7.21012707
14000 -0.68127097 0.43291374 9.00841951
14100 -0.56841113 0.40531547 14.20348974
14200 -0.61429162 0.39167438 7.87505928
14300 -0.56248016 0.44006781 19.26535014
14400 -0.58915118 0.40766716 11.93983864
14500 -0.69690318 0.44565785 10.61290000
14600 -0.59851432 0.40125880 10.27634403
14700 -0.63569098 0.40504730 7.58529232
14800 -0.62160235 0.40354042 8.43340540
14900 -0.67719033 0.37131558 2.80309683
15000 -0.70214363 0.41054154 6.11201401
15100 -0.63923266 0.40897988 7.78464167
15200 -0.61947782 0.43204522 11.95988099
15300 -0.65681323 0.41138353 7.13569347
15400 -0.57312516 0.39525480 12.58535110
15500 -0.66584242 0.42454562 8.33917550
15600 -0.65296327 0.43156598 9.76103037
15700 -0.63542097 0.36992999 4.53032676
15800 -0.62686421 0.38099395 5.95443207
15900 -0.63574831 0.39890562 6.95530056
16000 -0.61389221 0.44773912 14.62069923
16100 -0.59549297 0.44415555 15.85127049
16200 -0.59486353 0.41119646 11.70916527
16300 -0.60860556 0.41034971 10.26500095
16400 -0.64987073 0.37734912 4.24791483
16500 -0.59164761 0.41464898 12.44231485
16600 -0.59590155 0.44197835 15.49716855
16700 -0.59322466 0.41053471 11.80944811
16800 -0.64754284 0.41975475 8.54647712
16900 -0.63523433 0.42084618 9.39919566
17000 -0.64968443 0.40486375 6.76403142
17100 -0.60462991 0.39853072 9.40187826
17200 -0.58513825 0.38224909 9.97906688
17300 -0.63974757 0.41970328 8.97961499
17400 -0.63994151 0.39270580 6.10069312
17500 -0.61302090 0.40683843 9.48990613
17600 -0.60435046 0.40736968 10.33854094
17700 -0.56949584 0.40555581 14.08668225
17800 -0.60320539 0.36766761 6.97405065
17900 -0.62388195 0.39092065 7.03026119
18000 -0.58976161 0.37705445 9.04494567
18100 -0.62514693 0.43766746 12.27765542
18200 -0.62133622 0.43021604 11.57210365
18300 -0.57605074 0.43509827 16.80748085
18400 -0.59174569 0.36706011 8.10802737
18500 -0.66691871 0.37296227 3.20893190
18600 -0.62057455 0.41801465 10.11792927
18700 -0.61938930 0.36594417 5.42335913
18800 -0.60260598 0.40671145 10.43646499
18900 -0.62588573 0.45271673 14.40766285
19000 -0.56202256 0.40750249 15.29727981
19100 -0.63462709 0.42579808 10.04938692
19200 -0.60667777 0.42883089 12.65321897
19300 -0.61705857 0.43786264 12.94269407
19400 -0.63156052 0.41991048 9.53124305
19500 -0.60498642 0.38879522 8.45608592
19600 -0.65683686 0.39598495 5.53808395
19700 -0.58819771 0.40901959 12.19251159
19800 -0.63286630 0.39867345 7.12169126
19900 -0.68023020 0.40481819 5.68884842
20000 -0.62501305 0.45358531 14.60574515
20100 -0.67975515 0.39705965 4.91521481
20200 -0.65085749 0.40273165 6.48438956
20300 -0.63373883 0.36687108 4.43114238
20400 -0.53649181 0.41654730 20.15910113
20500 -0.65775064 0.42321667 8.48367803
20600 -0.63416159 0.40846492 8.04966729
20700 -0.64568874 0.44085517 11.39494594
20800 -0.59344495 0.43298537 14.51954365
20900 -0.65287510 0.37692159 4.06884343
21000 -0.60855650 0.39779923 8.96330197
21100 -0.61480046 0.39861323 8.49176543
21200 -0.61280530 0.42777210 11.96431303
21300 -0.62855472 0.40229766 7.78461911
21400 -0.64214906 0.41294653 8.05182503
21500 -0.57758623 0.38685253 11.26424653
21600 -0.62483694 0.46414742 16.29693022
21700 -0.60399216 0.38977197 8.63825563
21800 -0.60879257 0.39676501 8.84113112
21900 -0.66706292 0.41207779 6.82314070
22000 -0.59415228 0.35298882 7.00577716
22100 -0.63197448 0.42572467 10.21708212
22200 -0.62037448 0.39192610 7.39531526
22300 -0.65429455 0.44750069 11.92272058
22400 -0.60104869 0.41046346 10.99676931
22500 -0.61203979 0.41751598 10.77350194
22600 -0.59505766 0.40248182 10.75770919
22700 -0.63247695 0.40180750 7.46206530
22800 -0.60551699 0.40748407 10.23993208
22900 -0.71412894 0.41799933 7.06173452
23000 -0.58651701 0.41017324 12.50826659
23100 -0.60878091 0.39475521 8.64973535
23200 -0.61572894 0.40806936 9.39029928
23300 -0.59275217 0.40634900 11.40610338
23400 -0.62101938 0.40805270 8.95666189
23500 -0.63742128 0.43940383 11.67476111
23600 -0.61369759 0.35579677 5.28069227
23700 -0.62346460 0.38751300 6.75809618
23800 -0.62973195 0.39377243 6.86543318
23900 -0.62915229 0.34458547 3.50363108
24000 -0.65239341 0.41858368 8.16423783
24100 -0.64122559 0.37901584 4.84896671
24200 -0.59739713 0.38451301 8.83489888
24300 -0.61427719 0.40647480 9.34264124
24400 -0.59474233 0.39330285 9.89230024
24500 -0.60764753 0.42162555 11.66087654
24600 -0.56903566 0.41422931 15.09999730
24700 -0.61594037 0.41445299 10.08275477
24800 -0.65011486 0.41661968 8.04433836
24900 -0.61376828 0.35487579 5.22363107
25000 -0.61925156 0.37889563 6.37241519
25100 -0.62426344 0.38088848 6.13948667
25200 -0.60254972 0.37782794 7.77687315
25300 -0.59015817 0.42934755 14.39800889
25400 -0.67347423 0.37858795 3.43984086
25500 -0.59075094 0.43115940 14.56907231
25600 -0.58543726 0.39765390 11.33045215
25700 -0.58045500 0.37403104 9.88580109
25800 -0.64470409 0.32774340 1.91366682
25900 -0.62307302 0.35468573 4.45414458
26000 -0.61987136 0.38765553 7.05204578
26100 -0.62698324 0.38271078 6.08625999
26200 -0.65857616 0.43983500 10.63488038
26300 -0.56039340 0.43679944 19.10204429
26400 -0.59761150 0.40516860 10.77191981
26500 -0.64330425 0.41051513 7.71400135
26600 -0.61453454 0.44516355 14.18839974
26700 -0.62046042 0.41938254 10.28936794
26800 -0.63297906 0.41624537 9.00239626
26900 -0.59978270 0.39240932 9.29149523
27000 -0.60270911 0.42097449 12.05017255
27100 -0.60143326 0.43045558 13.36703095
27200 -0.63595620 0.41620149 8.80219754
27300 -0.64403886 0.38731499 5.37777814
27400 -0.59947609 0.41851152 12.07501808
27500 -0.63047993 0.45267668 14.07160362
27600 -0.55949928 0.36916661 12.26223582
27700 -0.67892820 0.41212169 6.50764708
27800 -0.59332413 0.40953385 11.68870227
27900 -0.69887308 0.40635901 5.65675425
28000 -0.62038857 0.41129790 9.36260071
28100 -0.62189191 0.33834280 3.78552177
28200 -0.62217611 0.41209146 9.31052650
28300 -0.62167734 0.39124114 7.22969291
28400 -0.70309998 0.38635440 3.73334584
28500 -0.61667343 0.40085886 8.55791324
28600 -0.63425249 0.37785727 5.19224434
28700 -0.62166203 0.39348870 7.43848709
28800 -0.61062770 0.41086073 10.13875474
28900 -0.61485541 0.40243382 8.87114514
29000 -0.65813027 0.43809285 10.41135432
29100 -0.63821876 0.42559758 9.79583672
29200 -0.59776734 0.35473703 6.72383020
29300 -0.61818304 0.41572697 10.04337304
29400 -0.66705003 0.39347674 4.91180074
29500 -0.66074342 0.41008825 6.83025140
29600 -0.61666576 0.44469177 13.94015251
29700 -0.68863704 0.34336228 1.00470204
29800 -0.60588201 0.39329864 8.78141590
29900 -0.57989985 0.40295410 12.51179628
30000 -0.61298121 0.41087921 9.93323477
30100 -0.64649692 0.45610817 13.61616953
30200 -0.58708634 0.42954985 14.76632880
30300 -0.60500235 0.39816950 9.33090212
30400 -0.60573142 0.37336235 7.13429905
30500 -0.60727736 0.41477988 10.88595485
30600 -0.67756411 0.38046942 3.48934869
30700 -0.58143104 0.42389342 14.70408942
30800 -0.65595026 0.37692359 3.92880892
30900 -0.61673600 0.40500305 8.97926754
31000 -0.63713772 0.39132223 6.14570838
31100 -0.62595587 0.38231506 6.12915165
31200 -0.62621901 0.40255379 7.98045728
31300 -0.57951715 0.35664997 8.86266770
31400 -0.59602692 0.39238073 9.67230058
31500 -0.59588895 0.38709738 9.21253282
31600 -0.64203181 0.42427045 9.40172755
31700 -0.57719251 0.44011270 17.35662334
31800 -0.60398798 0.38974721 8.63643518
31900 -0.67786273 0.43750414 9.69872383
32000 -0.59370320 0.38658734 9.39818914
32100 -0.63173194 0.40625280 7.97509260
32200 -0.57287122 0.40582892 13.68074380
32300 -0.59217819 0.35658174 7.41351777
32400 -0.67028702 0.43522300 9.58406059
32500 -0.61828595 0.32657831 3.69179618
32600 -0.65476614 0.37396066 3.75814042
32700 -0.64871642 0.40031222 6.34627320
32800 -0.59449235 0.36088967 7.41970789
32900 -0.63980194 0.42503538 9.62882694
33000 -0.58582775 0.38819122 10.40649616
33100 -0.60708133 0.45571367 16.44031292
33200 -0.59646001 0.43217976 14.09600998
33300 -0.54927676 0.36127590 13.23611531
33400 -0.67328126 0.40082231 5.43951462
33500 -0.60280439 0.41310990 11.12041751
33600 -0.63733154 0.39696887 6.66514870
33700 -0.68534772 0.38337991 3.58344976
33800 -0.68931365 0.35418686 1.52520702
33900 -0.52364959 0.35524855 17.07593449
34000 -0.61426832 0.37615734 6.57493038
34100 -0.52562853 0.35214701 16.56235956
34200 -0.60868403 0.39738337 8.91106314
34300 -0.62237487 0.40856772 8.90630514
34400 -0.60460969 0.43048861 13.06329510
34500 -0.59660171 0.42221265 12.81356877
34600 -0.63574660 0.39007303 6.12082440
34700 -0.56843426 0.37874669 11.75529328
34800 -0.60017496 0.39166643 9.18388589
34900 -0.64160222 0.43941659 11.42364288
35000 -0.63109954 0.41313100 8.77294856
35100 -0.68990982 0.41556949 6.72905945
35200 -0.64992236 0.41705842 8.10522159
35300 -0.64935160 0.39924641 6.20755570
35400 -0.60965247 0.40753940 9.86369973
35500 -0.60739568 0.35866405 6.00851562
35600 -0.63064634 0.36363108 4.42942241
35700 -0.63435765 0.41695865 8.99412217
35800 -0.61188455 0.39259093 8.16870645
35900 -0.60576814 0.38867242 8.37122051
36000 -0.53892017 0.37512452 15.79520191
36100 -0.58240757 0.42623821 14.88203219
36200 -0.62214850 0.38201255 6.39345698
36300 -0.65353911 0.43597693 10.32417043
36400 -0.60471588 0.35889643 6.27392624
36500 -0.65877548 0.38564578 4.51733047
36600 -0.61884186 0.42623403 11.26083720
36700 -0.59798747 0.43649962 14.51935027
36800 -0.64315079 0.38984549 5.65202208
36900 -0.58549604 0.39783278 11.34120442
37000 -0.64477918 0.39064620 5.63303648
37100 -0.57509348 0.40039092 12.83998788
37200 -0.59088308 0.43932394 15.65883055
37300 -0.61503620 0.40048800 8.65834231
37400 -0.61247134 0.42973975 12.24683449
37500 -0.63065764 0.38029965 5.62819849
37600 -0.61823346 0.38344535 6.82444674
37700 -0.66061109 0.39386019 5.18061097
37800 -0.64669694 0.38391580 4.94153848
37900 -0.55245379 0.42552110 18.76271549
38000 -0.62937206 0.43707636 11.88911696
38100 -0.60453082 0.42353089 12.18712172
38200 -0.54291956 0.40088822 17.42634810
38300 -0.58698194 0.46332237 19.72363856
38400 -0.58934178 0.38615404 9.83388048
38500 -0.62397338 0.40849652 8.77577120
38600 -0.57971279 0.42887987 15.53951698
38700 -0.58344362 0.40023009 11.81573084
38800 -0.62710793 0.37975698 5.83721481
38900 -0.63591273 0.43965807 11.80577695
39000 -0.62703785 0.37429251 5.42142630
39100 -0.69084209 0.43179241 8.72655277
39200 -0.60654886 0.41720402 11.23494975
39300 -0.66412345 0.36710636 2.89519545
39400 -0.63329577 0.42376295 9.88336060
39500 -0.65424735 0.43185598 9.73965221
39600 -0.64759875 0.40486803 6.87159769
39700 -0.63505775 0.41177258 8.35530252
39800 -0.58798375 0.42882562 14.57184111
39900 -0.58237689 0.43138490 15.54859394
40000 -0.62381257 0.43369941 11.84002813
40100 -0.60606533 0.41111250 10.58485508
40200 -0.64877788 0.38273938 4.73475536
40300 -0.63561012 0.43420938 11.07910670
40400 -0.64607308 0.41158262 7.67939659
40500 -0.62283348 0.38407684 6.51179283
40600 -0.59075088 0.40764482 11.76138801
40700 -0.60524829 0.41256428 10.82430219
40800 -0.63524756 0.39171181 6.30196749
40900 -0.61766668 0.40932900 9.36580261
41000 -0.59384216 0.43725894 15.05475238
41100 -0.60172906 0.39179825 9.04204824
41200 -0.59569637 0.42255385 12.94934680
41300 -0.59613957 0.43691797 14.76676002
41400 -0.66734551 0.40945413 6.52326148
41500 -0.53600596 0.39505977 17.96520268
41600 -0.59705754 0.43398133 14.27407322
41700 -0.62254594 0.44312453 13.24188148
41800 -0.62105744 0.39631267 7.75402882
41900 -0.63159313 0.39250586 6.61841671
42000 -0.57293296 0.43999406 17.87218483
42100 -0.58234646 0.36745919 9.19654816
42200 -0.57418171 0.42217117 15.37801825
42300 -0.59432611 0.43717419 14.99186377
42400 -0.58665651 0.41243187 12.74383533
42500 -0.65022685 0.39474132 5.72664158
42600 -0.61599952 0.40087705 8.61613025
42700 -0.58015043 0.38646526 10.92008086
42800 -0.64679221 0.40276892 6.69626042
42900 -0.65591009 0.42838568 9.21340126
43000 -0.58469489 0.41602946 13.37905185
43100 -0.67851688 0.43135315 8.85758783
43200 -0.59936815 0.42076633 12.35563805
43300 -0.58410342 0.36515843 8.83881912
43400 -0.62193551 0.38806933 6.92513604
43500 -0.61089674 0.43931837 13.67449920
43600 -0.55595167 0.39702381 15.08176962
43700 -0.59112675 0.36789911 8.23183655
43800 -0.63103903 0.38330857 5.84796678
43900 -0.59236140 0.39613593 10.41409222
44000 -0.62101758 0.40919389 9.08076460
44100 -0.67018896 0.41879644 7.50064556
44200 -0.60900117 0.38650235 7.88172256
44300 -0.60615951 0.41699626 11.24708121
44400 -0.64275151 0.36460332 3.72548961
44500 -0.63236730 0.41286830 8.65671728
44600 -0.61299368 0.39618504 8.41083100
44700 -0.61795326 0.42106717 10.69446350
44800 -0.60835604 0.42508669 12.02264825
44900 -0.64824433 0.36694325 3.58002404
45000 -0.63497046 0.39093249 6.24877957
45100 -0.60659253 0.40510995 9.88652922
45200 -0.65422840 0.40927523 7.01805717
45300 -0.65627674 0.37337551 3.64784489
45400 -0.59806985 0.42161980 12.59056568
45500 -0.60177198 0.40041509 9.86596755
45600 -0.60828981 0.39733635 8.94256164
45700 -0.69443241 0.42822744 8.23663680
45800 -0.60136732 0.42905777 13.19215703
45900 -0.64995591 0.39493496 5.75852862
46000 -0.59889595 0.42647158 13.10854404
46100 -0.66038006 0.43208533 9.50813713
46200 -0.72305915 0.40713617 6.00494192
46300 -0.59783773 0.38517764 8.84617978
46400 -0.63643483 0.45598445 14.18583894
46500 -0.64760951 0.44508742 11.89756076
46600 -0.58636824 0.39477954 10.94766959
46700 -0.62746125 0.38154926 5.95607595
46800 -0.59199573 0.40899455 11.77236698
46900 -0.65518492 0.41835070 8.00763998
47000 -0.60531331 0.37762297 7.49544703
47100 -0.68166912 0.44790120 11.10539333
47200 -0.66361584 0.42429546 8.38658432
47300 -0.60564815 0.39144084 8.63184890
47400 -0.58212195 0.44108331 16.89986824
47500 -0.59115272 0.36387724 7.96401567
47600 -0.60717343 0.37701018 7.27367014
47700 -0.64735953 0.43320254 10.25696822
47800 -0.62569098 0.38917432 6.73694499
47900 -0.61512708 0.42230686 11.08119020
48000 -0.65664838 0.36996830 3.38746307
48100 -0.63363104 0.42873872 10.48924808
48200 -0.66355211 0.40938189 6.64642291
48300 -0.57854804 0.43157682 16.03151918
48400 -0.62410599 0.38589312 6.56876400
48500 -0.62351051 0.40697820 8.64748821
48600 -0.66304140 0.46194720 13.79641637
48700 -0.60187978 0.39282403 9.12193871
48800 -0.57898712 0.39576794 11.90780776
48900 -0.60071959 0.40548113 10.49143439
49000 -0.64222181 0.40227861 6.89961663
49100 -0.62508846 0.41460476 9.37299507
49200 -0.60117990 0.39369750 9.27231696
49300 -0.61039464 0.40180261 9.19644616
49400 -0.66176111 0.42573450 8.63568896
49500 -0.64073029 0.37423614 4.51195144
49600 -0.62151969 0.37968501 6.25442993
49700 -0.62571174 0.40009208 7.76858498
49800 -0.58238748 0.43727755 16.33891535
49900 -0.57423312 0.40412824 13.32999886
50000 -0.63991493 0.36107798 3.67036756
50100 -0.63192304 0.42241421 9.80985526
50200 -0.56260459 0.43747082 18.88786294
50300 -0.63570500 0.42090614 9.37607038
50400 -0.59867188 0.37465318 7.92024318
50500 -0.64819067 0.44851972 12.37115658
50600 -0.61495643 0.41248027 9.94211015
50700 -0.60074806 0.40249252 10.17783205
50800 -0.63907341 0.42275618 9.39056461
50900 -0.62302154 0.39616456 7.58665279
51000 -0.57893543 0.42146686 14.70541437
51100 -0.60719807 0.38038369 7.53686829
51200 -0.57256812 0.36851859 10.46684023
51300 -0.67796190 0.43032268 8.73483924
51400 -0.66635572 0.39097033 4.70376956
51500 -0.63662374 0.40129714 7.13883088
51600 -0.57344089 0.40963167 14.01815658
51700 -0.62788957 0.40927211 8.57015346
51800 -0.62670107 0.39618853 7.31248314
51900 -0.62032382 0.40977443 9.19935975
52000 -0.61505747 0.41376813 10.07920986
52100 -0.59454556 0.41673481 12.37382829
52200 -0.60961174 0.40962774 10.09413980
52300 -0.68136587 0.40303501 5.48172170
52400 -0.61863564 0.37338200 6.00253805
52500 -0.60397915 0.39433639 9.05967855
52600 -0.60958968 0.39136293 8.26060521
52700 -0.59530681 0.37738366 8.47444804
52800 -0.61061832 0.39927731 8.92253383
52900 -0.64153808 0.43717238 11.11702875
53000 -0.64053151 0.38697303 5.55040442
53100 -0.57447373 0.43913172 17.55723996
53200 -0.63081040 0.41099834 8.55391559
53300 -0.65428713 0.41389990 7.53142654
53400 -0.65399143 0.36876660 3.42281673
53500 -0.67278163 0.37868548 3.46612221
53600 -0.61797900 0.37975797 6.54438880
53700 -0.69033730 0.36043240 1.87272106
53800 -0.61538184 0.41247468 9.90539376
53900 -0.62173768 0.40862105 8.96176193
54000 -0.64927581 0.36636551 3.48866225
54100 -0.59547870 0.40851192 11.34977000
54200 -0.64000332 0.37296366 4.46164891
54300 -0.60280202 0.41279481 11.08505824
54400 -0.60938766 0.38177989 7.44927383
54500 -0.61368879 0.37413253 6.47262804
54600 -0.62167191 0.40216478 8.28646587
54700 -0.59720953 0.42074403 12.57250091
54800 -0.65997975 0.42705977 8.87290216
54900 -0.64304648 0.41102669 7.78531491
55000 -0.63503520 0.42231777 9.59103106
55100 -0.58199074 0.41763169 13.88169992
55200 -0.60796680 0.41829620 11.23205091
55300 -0.60701740 0.39541936 8.87530885
55400 -0.63413917 0.42474801 9.94985776
55500 -0.62817232 0.42470456 10.35522121
55600 -0.63585565 0.42822983 10.27869298
55700 -0.63436087 0.41952118 9.29690431
55800 -0.60495602 0.46083096 17.44997795
55900 -0.60066951 0.39358303 9.31216485
56000 -0.60180915 0.39121668 8.98096343
56100 -0.60691750 0.41793881 11.28695697
56200 -0.59776954 0.38555245 8.88514427
56300 -0.67763820 0.41377570 6.72248024
56400 -0.64171270 0.40164717 6.86477838
56500 -0.60497427 0.41408647 11.02280589
56600 -0.67924676 0.41837112 7.22120938
56700 -0.65853876 0.37696846 3.82158944
56800 -0.55904386 0.37586512 12.81207432
56900 -0.64706336 0.40416577 6.82639747
57000 -0.62785096 0.37799246 5.64415379
57100 -0.54223022 0.44247008 22.59451236
57200 -0.66280189 0.36149158 2.58245724
57300 -0.64519372 0.41526999 8.14544894
57400 -0.59217217 0.46006659 18.62407757
57500 -0.62228563 0.36329213 5.02270879
57600 -0.60195087 0.37068671 7.30512184
57700 -0.63413135 0.43618834 11.44297199
57800 -0.69111959 0.37520298 2.86717495
57900 -0.65102616 0.46218789 14.35167406
58000 -0.59662370 0.38363315 8.84058201
58100 -0.63761990 0.39165792 6.14622603
58200 -0.67204355 0.36053831 2.22322536
58300 -0.62572267 0.39168925 6.96202015
58400 -0.55699319 0.44445533 20.65914525
58500 -0.66025140 0.38333646 4.26245833
58600 -0.59408014 0.42279561 13.14888883
58700 -0.58482557 0.38980577 10.66511238
58800 -0.59529800 0.41668144 12.28853362
58900 -0.66679812 0.39180903 4.76563113
59000 -0.59653146 0.42482236 13.14317970
59100 -0.62204985 0.40588949 8.64440461
59200 -0.62451537 0.36742834 5.12225479
59300 -0.61789926 0.39410773 7.79839877
59400 -0.64635060 0.39982590 6.42173386
59500 -0.59424411 0.39410813 10.02032427
59600 -0.62007850 0.42750832 11.32290925
59700 -0.60050636 0.36286765 6.92566284
59800 -0.55814504 0.41077063 16.19648166
59900 -0.55663007 0.47120103 24.93236385
60000 -0.64913077 0.36544356 3.43526941
60100 -0.64442080 0.37907677 4.67109185
60200 -0.63785222 0.40823829 7.78893749
60300 -0.63229969 0.43054495 10.81265784
60400 -0.64875671 0.38890056 5.26459222
60500 -0.58660030 0.40246575 11.67936105
60600 -0.61941989 0.40641005 8.90812737
60700 -0.64527208 0.39504154 6.01402007
60800 -0.60876600 0.39033987 8.24246745
60900 -0.62114566 0.41232627 9.41759926
61000 -0.63575047 0.42503859 9.88132639
61100 -0.63415398 0.41688780 8.99922818
61200 -0.64350254 0.38453861 5.16937007
61300 -0.63579498 0.41578622 8.76436644
61400 -0.64487350 0.42539030 9.38082922
61500 -0.65752834 0.44609892 11.57436850
61600 -0.62019996 0.38237046 6.57646895
61700 -0.58691053 0.42822786 14.61580716
61800 -0.61109027 0.39613107 8.57306175
61900 -0.64554238 0.41471959 8.06310834
62000 -0.57535909 0.42690636 15.82028925
62100 -0.59888038 0.39256513 9.39674100
62200 -0.65913473 0.43007818 9.29515231
62300 -0.56701449 0.41001353 14.89406054
62400 -0.58929528 0.40492216 11.63209767
62500 -0.62516575 0.41318008 9.20494752
62600 -0.62160794 0.45325429 14.81609645
62700 -0.61412096 0.44825028 14.67667830
62800 -0.61222791 0.37575069 6.72105404
62900 -0.64729205 0.41132482 7.58567177
63000 -0.60470841 0.39105037 8.68532935
63100 -0.62538879 0.42020984 10.00861936
63200 -0.64862504 0.39165422 5.51994138
63300 -0.58177605 0.43129356 15.60745094
63400 -0.54963897 0.38142553 14.61927851
63500 -0.65415770 0.39585267 5.64462503
63600 -0.64616541 0.35987219 3.24142116
63700 -0.65190984 0.43671980 10.50248388
63800 -0.63681511 0.37703369 4.96325932
63900 -0.65123723 0.42802667 9.38431741
64000 -0.56871668 0.39972009 13.58970382
64100 -0.62097567 0.40109206 8.23222544
64200 -0.60410725 0.42170197 12.00339424
64300 -0.64456145 0.34178279 2.40961722
64400 -0.62743793 0.40831192 8.49836246
64500 -0.61357335 0.42910563 12.06891424
64600 -0.62941455 0.47398836 17.62712717
64700 -0.62969747 0.41529565 9.11776609
64800 -0.62888294 0.37554488 5.38233261
64900 -0.64637255 0.38357305 4.93017917
65000 -0.64270547 0.42982771 10.06894926
65100 -0.62856943 0.41133381 8.74877173
65200 -0.62051248 0.40742616 8.92932304
65300 -0.66560565 0.43212947 9.32058357
65400 -0.61782981 0.37836290 6.44634225
65500 -0.57832750 0.42510968 15.22831516
65600 -0.64365630 0.41947742 8.72473260
65700 -0.57736315 0.39530712 12.06162280
65800 -0.60533160 0.41507823 11.10255194
65900 -0.60588606 0.43694278 13.80537948
66000 -0.60495974 0.40129281 9.64644195
66100 -0.65222317 0.41410118 7.65085253
66200 -0.61911584 0.40098611 8.37022096
66300 -0.65802312 0.42455429 8.63791507
66400 -0.62382307 0.41147881 9.11522519
66500 -0.64022416 0.42407013 9.48327359
66600 -0.58035094 0.43781364 16.65424764
66700 -0.61329457 0.39855509 8.61546874
66800 -0.55668131 0.40666839 15.95919564
66900 -0.69041110 0.39750875 4.79995187
67000 -0.61587242 0.44317852 13.78876925
67100 -0.57708531 0.43766466 17.02978909
67200 -0.59954447 0.38829662 8.94380320
67300 -0.61174081 0.41194377 10.16054616
67400 -0.60504639 0.38953289 8.51616276
67500 -0.58052010 0.38432542 10.69311141
67600 -0.61016633 0.39607709 8.65044710
67700 -0.56521836 0.42688251 17.13263061
67800 -0.63686298 0.44232604 12.12149203
67900 -0.59882012 0.40919271 11.08020784
68000 -0.62867610 0.39948683 7.49236375
68100 -0.63211290 0.41338629 8.73255436
68200 -0.62947353 0.44369023 12.81043250
68300 -0.61777961 0.41904146 10.46553113
68400 -0.54668194 0.38501008 15.36657075
68500 -0.63280724 0.42099947 9.57787002
68600 -0.62808212 0.44750024 13.46425078
68700 -0.62129709 0.39517955 7.62664714
68800 -0.62963926 0.35530490 4.00463251
68900 -0.63263546 0.43223622 11.01219884
69000 -0.66609687 0.37692129 3.53315380
69100 -0.59857156 0.38465528 8.72712261
69200 -0.66183867 0.43427959 9.74364817
69300 -0.60951051 0.39079555 8.21609051
69400 -0.62909132 0.45988159 15.29508191
69500 -0.63274529 0.40147432 7.41011633
69600 -0.56119412 0.43244145 18.40390567
69700 -0.59364301 0.39441116 10.11263763
69800 -0.58713186 0.39825216 11.19635214
69900 -0.61948584 0.44777686 14.16026463
70000 -0.63566491 0.39632327 6.70858757
70100 -0.64269692 0.43431217 10.66170125
70200 -0.67945341 0.41916889 7.31169317
70300 -0.58670563 0.41551852 13.09007169
70400 -0.54233278 0.39047230 16.52209503
70500 -0.68632895 0.38188768 3.44624495
70600 -0.64501937 0.39939031 6.45065109
70700 -0.64358425 0.42730975 9.69525539
70800 -0.60422896 0.39295119 8.90600748
70900 -0.60809571 0.42362864 11.86521938
71000 -0.65601331 0.44498740 11.47808760
71100 -0.64459434 0.43792384 11.04638619
71200 -0.55060723 0.41451277 17.71568738
71300 -0.59364353 0.41986082 12.83915702
71400 -0.64480224 0.35850833 3.23500877
71500 -0.62367727 0.39034010 6.99324648
71600 -0.62781497 0.41283890 8.97164782
71700 -0.64228308 0.39161625 5.86239008
71800 -0.60665379 0.40077812 9.43487271
71900 -0.62270296 0.37970979 6.16424085
72000 -0.56984584 0.40281946 13.75597343
72100 -0.60415192 0.39766617 9.36276733
72200 -0.60873323 0.43360981 13.09060213
72300 -0.64657291 0.40749600 7.20492209
72400 -0.59267164 0.36392130 7.80265440
72500 -0.68233614 0.37693071 3.11517295
72600 -0.62802225 0.42826859 10.81681431
72700 -0.65674337 0.39667808 5.60889329
72800 -0.61104711 0.39467923 8.43838690
72900 -0.64814118 0.43458867 10.40172315
73000 -0.61642471 0.38174252 6.83333430
73100 -0.64481088 0.41457966 8.08716885
73200 -0.56674429 0.39446037 13.33992307
73300 -0.59636881 0.39277351 9.67317381
73400 -0.67515472 0.41249139 6.63579988
73500 -0.59905610 0.41938398 12.22110236
73600 -0.60173588 0.38229535 8.21418074
73700 -0.61227126 0.45064015 15.19439284
73800 -0.61613461 0.40933115 9.49335161
73900 -0.61449218 0.41734437 10.54064421
74000 -0.60839968 0.42089585 11.50321346
74100 -0.64153320 0.41895334 8.78413139
74200 -0.60391889 0.38035092 7.84392533
74300 -0.60441550 0.40423404 10.00056544
74400 -0.70181605 0.37392997 2.73446911
74500 -0.59057672 0.38759429 9.82310650
74600 -0.61879601 0.44809678 14.26337219
74700 -0.60404804 0.40742540 10.37349724
74800 -0.57429453 0.38358228 11.39393228
74900 -0.58578961 0.42614839 14.47871547
75000 -0.57554825 0.40436154 13.18978527
75100 -0.62159371 0.42233033 10.55612823
75200 -0.60775358 0.37620531 7.15832584
75300 -0.65973385 0.39634443 5.45180604
75400 -0.61507737 0.43515169 12.73891600
75500 -0.58556739 0.40061320 11.60891900
75600 -0.62863063 0.39215372 6.79294787
75700 -0.60923666 0.43329797 13.00316659
75800 -0.59933069 0.41239863 11.38388082
75900 -0.56225636 0.33275980 10.02325753
76000 -0.60489080 0.36842052 6.86356386
76100 -0.59473457 0.39148488 9.72514698
76200 -0.63393261 0.42188111 9.60995221
76300 -0.71068918 0.40893632 5.99068994
76400 -0.59352513 0.38570521 9.34114082
76500 -0.66968911 0.42847488 8.71227285
76600 -0.60011217 0.40278548 10.27121705
76700 -0.61708636 0.39931162 8.36873447
76800 -0.60487160 0.40078973 9.60399114
76900 -0.66393535 0.37700910 3.61553000
77000 -0.60708342 0.41618713 11.06647086
77100 -0.61668791 0.42068287 10.75262929
77200 -0.65837238 0.40027794 5.89426192
77300 -0.56646690 0.37486045 11.71758824
77400 -0.63809450 0.40604608 7.53903093
77500 -0.61645181 0.38817228 7.37732502
77600 -0.62209971 0.44398511 13.40008370
77700 -0.64643815 0.39860793 6.29619784
77800 -0.61318759 0.35614136 5.34412344
77900 -0.62964559 0.43692751 11.84944338
78000 -0.64919249 0.37078596 3.79602743
78100 -0.66674705 0.38216890 3.92874374
78200 -0.64306016 0.41940157 8.74944055
78300 -0.59091956 0.41446081 12.49990922
78400 -0.60170185 0.36956485 7.25089716
78500 -0.62765594 0.40555879 8.18816059
78600 -0.61767927 0.44674083 14.15478629
78700 -0.62144093 0.37479420 5.88284999
78800 -0.65345800 0.41188522 7.34223022
78900 -0.64645601 0.41309019 7.82817481
79000 -0.55605783 0.41990951 17.54882048
79100 -0.61389210 0.40486442 9.20555898
79200 -0.60226634 0.38303264 8.22314422
79300 -0.62134524 0.42815265 11.30483716
79400 -0.61312700 0.39961344 8.73487812
79500 -0.60909789 0.37181240 6.71010692
79600 -0.64134080 0.39984681 6.70514339
79700 -0.63003313 0.43625180 11.72995789
79800 -0.61270715 0.42756381 11.94628361
79900 -0.59639930 0.40691611 11.08207991
80000 -0.65870352 0.42587385 8.77481228
80100 -0.58074009 0.42891333 15.42078580
80200 -0.61563530 0.41487699 10.15706304
80300 -0.61333197 0.36570650 5.91434571
80400 -0.63044521 0.36857479 4.77018531
80500 -0.62674353 0.38528159 6.31973041
80600 -0.62593009 0.40631141 8.39423394
80700 -0.57638845 0.41392690 14.12957729
80800 -0.66271641 0.43743686 10.13947882
80900 -0.60189202 0.40237884 10.05330060
81000 -0.63932430 0.38876960 5.78079138
81100 -0.56986622 0.38007457 11.67336926
81200 -0.62217287 0.39071129 7.14279999
81300 -0.64249372 0.43466665 10.72103909
81400 -0.67804965 0.38719899 4.04274053
81500 -0.59405941 0.37175946 8.18641374
81600 -0.67254985 0.38431578 3.93133054
81700 -0.64163461 0.42221981 9.17210008
81800 -0.61655721 0.39054194 7.58027104
81900 -0.61156366 0.43415907 12.90982090
82000 -0.63210856 0.44658225 13.04780247
82100 -0.61155409 0.40692743 9.62807716
82200 -0.62721275 0.40373562 8.02953124
82300 -0.60929900 0.35958765 5.88867983
82400 -0.65499355 0.40933815 6.99020618
82500 -0.58228262 0.41153318 13.14851532
82600 -0.63714084 0.42752528 10.10698563
82700 -0.63149413 0.43001218 10.79811083
82800 -0.60624553 0.35526426 5.92201947
82900 -0.58627424 0.39301290 10.79247360
83000 -0.63947152 0.39945328 6.77732609
83100 -0.59853660 0.40874185 11.05980509
83200 -0.61418186 0.40016061 8.69845089
83300 -0.64295240 0.41483019 8.22020052
83400 -0.63033781 0.40415851 7.85090792
83500 -0.60557491 0.40569978 10.04427028
83600 -0.65228243 0.42080758 8.43571884
83700 -0.60403945 0.38455313 8.17882981
83800 -0.63615341 0.35652303 3.63561975
83900 -0.60715678 0.38740176 8.12946569
84000 -0.59870992 0.43986189 14.91051372
84100 -0.63369848 0.42229605 9.67610824
84200 -0.63032455 0.34248167 3.32968035
84300 -0.62559140 0.37857838 5.85560118
84400 -0.65886768 0.42333603 8.45182208
84500 -0.67152484 0.44074878 10.31052684
84600 -0.63234608 0.34671925 3.37987063
84700 -0.62594744 0.42195053 10.17785612
84800 -0.64388097 0.41757743 8.48689848
84900 -0.62029185 0.38521285 6.80730919
85000 -0.58360362 0.42559126 14.66064151
85100 -0.63129530 0.45056993 13.69581987
85200 -0.59104695 0.44458810 16.38824209
85300 -0.62363751 0.42275847 10.45043512
85400 -0.60888229 0.40236183 9.39019071
85500 -0.61176147 0.45616405 16.08662445
85600 -0.58464541 0.43193807 15.35716851
85700 -0.60875844 0.43309196 13.01924617
85800 -0.63640758 0.36870403 4.38211985
85900 -0.61025192 0.39588592 8.62441354
86000 -0.62473745 0.41619157 9.58246695
86100 -0.64220825 0.38811582 5.55214265
86200 -0.58880811 0.41628268 12.94264958
86300 -0.60676336 0.40050960 9.39762577
86400 -0.60418311 0.42278804 12.12888928
86500 -0.57424953 0.41616923 14.65423595
86600 -0.58003843 0.40522857 12.73191521
86700 -0.64547244 0.41331698 7.90699634
86800 -0.54928403 0.38165895 14.69174484
86900 -0.60049621 0.38158163 8.27828322
87000 -0.59584501 0.43818745 14.97201609
87100 -0.57794907 0.43205104 16.16695394
87200 -0.67684331 0.38282548 3.69814603
87300 -0.56551012 0.43084823 17.60439329
87400 -0.66514193 0.40504975 6.12526780
87500 -0.57567402 0.34858022 8.90849415
87600 -0.59142668 0.38485725 9.49445966
87700 -0.57161144 0.44181333 18.29732141
87800 -0.61072276 0.38999179 8.03447404
87900 -0.62624260 0.42945777 11.09973448
88000 -0.61758972 0.40809666 9.23817120
88100 -0.60601821 0.40680863 10.12033066
88200 -0.62671481 0.41310012 9.08117781
88300 -0.65617418 0.37282074 3.61178118
88400 -0.61859449 0.40787039 9.13143865
88500 -0.62456474 0.38931373 6.83371041
88600 -0.64531910 0.36481909 3.59575785
88700 -0.56527036 0.41915818 16.17537340
88800 -0.61780037 0.40274344 8.65649694
88900 -0.64225009 0.39392089 6.07809269
89000 -0.67902158 0.39108833 4.36858911
89100 -0.57431952 0.39394971 12.31106541
89200 -0.62866195 0.43349442 11.45493860
89300 -0.60813334 0.40233390 9.45585555
89400 -0.61687376 0.42377810 11.11549500
89500 -0.56803943 0.41103390 14.87105952
89600 -0.66103449 0.38375939 4.26697352
89700 -0.65689515 0.39427351 5.37276156
89800 -0.58159079 0.40875603 12.92430769
89900 -0.64198556 0.43032794 10.17552346
90000 -0.62442965 0.39534142 7.40043212
90100 -0.64376459 0.38889608 5.53246775
90200 -0.61327658 0.41139994 9.96544966
90300 -0.68040486 0.40909466 6.14280688
90400 -0.59787641 0.41711537 12.07261839
90500 -0.61215206 0.44468037 14.32483591
90600 -0.58514098 0.37074309 9.09858907
90700 -0.58092080 0.41537795 13.74596444
90800 -0.59722078 0.41807187 12.25226681
90900 -0.61116138 0.39248759 8.22312764
91000 -0.66259323 0.39605235 5.31265976
91100 -0.70539599 0.40138832 5.15435389
91200 -0.63217821 0.35795420 3.97924249
91300 -0.61836481 0.34290155 4.25242371
91400 -0.64696570 0.41861589 8.44118304
91500 -0.64446836 0.38630240 5.26593326
91600 -0.60580276 0.40883553 10.35914603
91700 -0.62046628 0.41752213 10.06853242
91800 -0.64817785 0.38966974 5.36309872
91900 -0.65539139 0.39616419 5.61873965
92000 -0.61036013 0.43068222 12.55657494
92100 -0.58921819 0.44336097 16.41248827
92200 -0.59653229 0.40971601 11.37158517
92300 -0.63863435 0.38823926 5.77595501
92400 -0.59337212 0.41255487 12.01905149
92500 -0.60894594 0.43198835 12.85588319
92600 -0.58527389 0.41711227 13.43868179
92700 -0.63546066 0.40320394 7.40819010
92800 -0.61616494 0.39550270 8.07454094
92900 -0.58564530 0.40779183 12.34803710
93000 -0.65821969 0.41683292 7.69776219
93100 -0.60676940 0.38510894 7.96773836
93200 -0.63151882 0.37608761 5.23949808
93300 -0.60064195 0.43518400 14.07336803
93400 -0.60136909 0.40009559 9.87359251
93500 -0.63375779 0.41413150 8.70701500
93600 -0.64674181 0.45181000 12.94135521
93700 -0.64430492 0.38253462 4.95695256
93800 -0.59807498 0.42429430 12.91889155
93900 -0.60534539 0.40763229 10.27210251
94000 -0.67544623 0.39076214 4.42032669
94100 -0.60475511 0.43376957 13.48294345
94200 -0.63147292 0.45357136 14.14006174
94300 -0.65644706 0.41065353 7.07053073
94400 -0.57150014 0.42571880 16.15871559
94500 -0.60323919 0.46554280 18.38353720
94600 -0.63779480 0.37948649 5.09379403
94700 -0.63477990 0.39653877 6.78669830
94800 -0.60707641 0.37903914 7.44098989
94900 -0.56013267 0.42138379 17.14844637
95000 -0.60896678 0.37181218 6.72201828
95100 -0.59801412 0.40683710 10.90764339
95200 -0.62108534 0.39293292 7.43202558
95300 -0.58874191 0.43518937 15.32726449
95400 -0.59822916 0.44460564 15.63404757
95500 -0.63926439 0.38800629 5.71696091
95600 -0.65114969 0.43195285 9.89895291
95700 -0.59827195 0.43310186 14.03235062
95800 -0.57269589 0.39726373 12.83328462
95900 -0.70325166 0.37506444 2.82262192
96000 -0.62250831 0.36894400 5.37911839
96100 -0.63919006 0.43857783 11.45083252
96200 -0.64643345 0.45737240 13.81772409
96300 -0.62843564 0.41508105 9.18255241
96400 -0.64509790 0.43253138 10.28940326
96500 -0.54504273 0.42414943 19.71241811
96600 -0.60951077 0.39740796 8.83830625
96700 -0.65254795 0.43085138 9.68689049
96800 -0.64811030 0.39561691 5.91756728
96900 -0.65920983 0.38363459 4.32929148
97000 -0.61362275 0.42508710 11.55390650
97100 -0.60890218 0.34639962 5.22586859
97200 -0.58760887 0.39630528 10.95323641
97300 -0.69886376 0.39224256 4.25499056
97400 -0.62508228 0.44415412 13.19653763
97500 -0.63104672 0.40692654 8.09391970
97600 -0.60580062 0.40945187 10.42661802
97700 -0.59901776 0.35619356 6.67756473
97800 -0.59074262 0.41355461 12.41591171
97900 -0.60423071 0.42015003 11.80389375
98000 -0.68286268 0.40261187 5.41144209
98100 -0.61426363 0.42578074 11.58575931
98200 -0.57857707 0.36672884 9.59813269
98300 -0.54763985 0.44313307 21.85034609
98400 -0.63129468 0.39882006 7.24291279
98500 -0.57929981 0.38824991 11.17829217
98600 -0.60356250 0.39895176 9.54582103
98700 -0.63172415 0.44516706 12.86753307
98800 -0.61517615 0.41106708 9.76549068
98900 -0.59553202 0.40966083 11.46952769
99000 -0.65916904 0.38072598 4.09192543
99100 -0.63836352 0.40890723 7.82991989
99200 -0.61781705 0.42546299 11.24749971
99300 -0.64314799 0.43646420 10.92731445
99400 -0.64867039 0.34950396 2.54268546
99500 -0.62876871 0.40016061 7.55302252
99600 -0.60934772 0.37464541 6.89488613
99700 -0.60625839 0.40452709 9.85670147
99800 -0.57752096 0.42053646 14.76507683
99900 -0.63819820 0.41109023 8.08025117
100000 -0.62062097 0.37093141 5.66614753
100100 -0.62346446 0.41199066 9.19979833
100200 -0.66579537 0.37542842 3.42970200
100300 -0.56638759 0.43369964 17.86393482
100400 -0.62938779 0.40944371 8.48200492
100500 -0.63635759 0.39968898 6.99412436
100600 -0.58062434 0.40288395 12.41782796
100700 -0.59136362 0.41037705 11.99247765
100800 -0.57993589 0.42296764 14.76821465
100900 -0.65715335 0.42504335 8.73583737
101000 -0.63119550 0.41129336 8.56013599
101100 -0.57240022 0.41415412 14.65643338
101200 -0.55882159 0.40961721 15.97363690
101300 -0.59990786 0.36246229 6.95998746
101400 -0.66220532 0.39652321 5.37258359
101500 -0.62028660 0.38447278 6.74493810
101600 -0.63657799 0.38993669 6.05547979
101700 -0.60980525 0.42681065 12.10801620
101800 -0.66383831 0.42279951 8.19369449
101900 -0.65432329 0.38800851 4.91592977
102000 -0.55046793 0.40722093 16.92808399
102100 -0.65992803 0.43464696 9.86778283
102200 -0.61836917 0.40808750 9.17324948
102300 -0.64063340 0.42603777 9.70495645
102400 -0.60132663 0.40393980 10.26995852
102500 -0.67463411 0.42871294 8.60522464
102600 -0.59281148 0.39618175 10.37015348
102700 -0.63785922 0.42302292 9.49805732
102800 -0.60050163 0.46051775 17.83293629
102900 -0.64847402 0.38243642 4.72534478
103000 -0.61588666 0.41452420 10.09542284
103100 -0.69332265 0.38747192 3.84796207
103200 -0.61057506 0.39316961 8.33869803
103300 -0.66415818 0.38814878 4.52742152
103400 -0.66748735 0.39353705 4.90312638
103500 -0.53877892 0.41193767 19.26113840
103600 -0.64751802 0.42331147 8.98003854
103700 -0.64788133 0.42972225 9.77210868
103800 -0.70226154 0.39938358 4.94110515
103900 -0.61482133 0.38894184 7.58302889
104000 -0.63958141 0.42620061 9.78849957
104100 -0.62452244 0.39993207 7.84164065
104200 -0.63679981 0.39496439 6.50624974
104300 -0.62951874 0.38817133 6.37089557
104400 -0.62262050 0.42318939 10.58160644
104500 -0.57222628 0.43273249 16.97201916
104600 -0.61493138 0.42336254 11.22749370
104700 -0.63288089 0.40612961 7.88423489
104800 -0.62461021 0.38834730 6.74443270
104900 -0.60496815 0.45037721 15.82217842
105000 -0.64062531 0.38260938 5.17483170
105100 -0.63643456 0.41987295 9.20504396
105200 -0.63888117 0.39608064 6.48350014
105300 -0.64814947 0.40773329 7.14746947
105400 -0.58524092 0.41626547 13.34365247
105500 -0.59504174 0.47038849 20.02423710
105600 -0.60745252 0.39820800 9.10492278
105700 -0.55595399 0.41494217 16.98047796
105800 -0.58052604 0.42345202 14.75721398
105900 -0.59261589 0.43221418 14.50596834
106000 -0.60118822 0.39546399 9.43857001
106100 -0.62209599 0.43591394 12.27081745
106200 -0.60321789 0.39067003 8.79391595
106300 -0.63598254 0.36620422 4.24061719
106400 -0.67346819 0.42456824 8.11059193
106500 -0.59337837 0.42470892 13.46024362
106600 -0.63382015 0.37644013 5.11143302
106700 -0.65881521 0.39527149 5.38642191
106800 -0.61146848 0.40612418 9.55008513
106900 -0.59743234 0.37721303 8.24098849
107000 -0.58526318 0.42158236 13.97340390
107100 -0.60767548 0.38491981 7.86759494
107200 -0.60358729 0.40081472 9.72950947
107300 -0.59114439 0.38022744 9.14299276
107400 -0.66433650 0.42761419 8.77863329
107500 -0.62892918 0.37156459 5.08627582
107600 -0.56125398 0.39787687 14.41516961
107700 -0.60968810 0.40529684 9.62183221
107800 -0.65142731 0.40333079 6.51827900
107900 -0.63458378 0.41759652 9.05411154
108000 -0.60994455 0.39149932 8.24105502
108100 -0.62863682 0.43998819 12.34469906
108200 -0.54396359 0.39233331 16.43639978
108300 -0.58820915 0.35250416 7.62694018
108400 -0.59798385 0.39045272 9.29449424
108500 -0.60578227 0.44078298 14.34841393
108600 -0.65240423 0.41705930 7.98411813
108700 -0.70327965 0.39273721 4.30547296
108800 -0.58704795 0.40209184 11.59045511
108900 -0.63325803 0.37585455 5.10420201
109000 -0.65144618 0.40909959 7.13009722
109100 -0.65154155 0.40367581 6.54844730
109200 -0.60259144 0.37982260 7.93003801
109300 -0.66281879 0.40523484 6.22840754
109400 -0.65430159 0.37612643 3.94178886
109500 -0.56387088 0.41670459 16.07554913
109600 -0.62499019 0.41690472 9.64659231
109700 -0.64791653 0.39083626 5.48195691
109800 -0.62578330 0.43448389 11.79701724
109900 -0.60520862 0.40480505 9.98475180
110000 -0.60824021 0.40722164 9.95817013
110100 -0.59007873 0.42140724 13.41120192
110200 -0.56089911 0.40946158 15.66544781
110300 -0.69352989 0.44036327 9.87185520
110400 -0.57857975 0.40378224 12.75681500
110500 -0.61646514 0.44331118 13.75808380
110600 -0.57493917 0.42312877 15.40045190
110700 -0.60060918 0.38141402 8.25338906
110800 -0.65865497 0.41325651 7.26822423
110900 -0.55159859 0.41995221 18.20575607
111000 -0.67579121 0.39933486 5.22674008
111100 -0.58222234 0.39821219 11.75860621
111200 -0.65885113 0.42729613 8.94876722
111300 -0.62747652 0.34673215 3.72177478
111400 -0.56520927 0.42318216 16.67119210
111500 -0.67060123 0.38826532 4.32752752
111600 -0.55465864 0.42288645 18.11259485
111700 -0.61298605 0.41829053 10.78203820
111800 -0.61056865 0.36958620 6.42010287
111900 -0.61617122 0.39634351 8.15466868
112000 -0.66541327 0.42330659 8.20037781
112100 -0.56750879 0.41800186 15.73917966
112200 -0.59475276 0.42528270 13.38636888
112300 -0.62761618 0.40619825 8.25874246
112400 -0.63940458 0.39731117 6.57063471
112500 -0.59393077 0.37701683 8.59113654
112600 -0.63004508 0.39657725 7.11042784
112700 -0.64748797 0.40306736 6.69019665
112800 -0.65652309 0.39000114 4.99522362
112900 -0.65561113 0.39179547 5.19838977
113000 -0.60175368 0.46289018 18.09277538
113100 -0.63659161 0.39989092 6.99941018
113200 -0.66479367 0.36771522 2.91241820
113300 -0.65599859 0.42546595 8.83891470
113400 -0.63314853 0.39230999 6.49512637
113500 -0.60486601 0.40826682 10.38609001
113600 -0.57646962 0.41063105 13.74949269
113700 -0.62707402 0.43461587 11.71981590
113800 -0.58944452 0.41674638 12.92611554
113900 -0.59015628 0.38123680 9.33252973
114000 -0.64466495 0.44010172 11.34522946
114100 -0.57944544 0.39988431 12.25513826
114200 -0.58141852 0.38749028 10.85805830
114300 -0.56385139 0.37747729 12.26958714
114400 -0.67338460 0.41963190 7.51008558
114500 -0.59237266 0.38849083 9.70713558
114600 -0.60701537 0.39944932 9.26815517
114700 -0.63069726 0.39031034 6.47941345
114800 -0.67871650 0.40546856 5.78830180
114900 -0.65419865 0.41795415 8.00547314
115000 -0.65124833 0.37571944 4.05507937
115100 -0.65880071 0.39242665 5.12003369
115200 -0.64792572 0.42228490 8.83266373
115300 -0.71896482 0.41023597 6.25581662
115400 -0.64221196 0.44536340 12.23498766
115500 -0.63984891 0.40909864 7.76033376
115600 -0.68389440 0.40658889 5.81029079
115700 -0.59448917 0.38448739 9.13532646
115800 -0.61535392 0.41437205 10.12296240
115900 -0.61355403 0.36786702 6.03941956
116000 -0.66509666 0.38831272 4.50868995
116100 -0.62965791 0.40358494 7.83892417
116200 -0.58202094 0.40786984 12.77748154
116300 -0.62041769 0.40458817 8.63601444
116400 -0.67154649 0.46400865 13.85422022
116500 -0.63122299 0.38823070 6.25746652
116600 -0.55713547 0.41226681 16.50705546
116700 -0.61993101 0.40614841 8.83926405
116800 -0.64301211 0.41236199 7.93641817
116900 -0.61834724 0.41143877 9.54288621
117000 -0.60772424 0.38397442 7.78325871
117100 -0.62917967 0.42807642 10.70954476
117200 -0.56940014 0.40511448 14.05268781
117300 -0.57154455 0.40637949 13.90869935
117400 -0.60047300 0.40857188 10.84673861
117500 -0.62494589 0.39167848 7.01903194
117600 -0.61374331 0.38265153 7.13574619
117700 -0.63759028 0.41133101 8.14478343
117800 -0.59232850 0.39060046 9.90079715
117900 -0.60722621 0.40244704 9.55118628
118000 -0.63024174 0.42681969 10.47472430
118100 -0.58473321 0.40350704 12.00007034
118200 -0.64891185 0.42213579 8.76357555
118300 -0.62164438 0.43427116 12.08417356
118400 -0.64671633 0.39157469 5.61253652
118500 -0.58793296 0.39809050 11.09038369
118600 -0.60587343 0.39903852 9.33421969
118700 -0.59106518 0.43034025 14.42768794
118800 -0.63327137 0.44242187 12.36834885
118900 -0.62683581 0.40362062 8.04511627
119000 -0.64603758 0.39999297 6.45526848
119100 -0.61825067 0.42765881 11.48986143
119200 -0.58990202 0.37388167 8.79003240
119300 -0.60706650 0.36393331 6.36205166
119400 -0.62717557 0.36183734 4.56362725
119500 -0.65844223 0.41264857 7.20837374
119600 -0.60510041 0.40023412 9.52640518
119700 -0.65183051 0.40228973 6.39174416
119800 -0.57974222 0.42199669 14.67256382
119900 -0.65859822 0.43005500 9.31420494
120000 -0.58972458 0.42649559 14.08090069
120100 -0.63167831 0.42384564 10.00279773
120200 -0.61942648 0.39929063 8.17536103
120300 -0.65878261 0.41342025 7.28151321
120400 -0.63713863 0.37464783 4.76192540
120500 -0.58280782 0.37358196 9.57415524
120600 -0.65488350 0.41879995 8.07446338
120700 -0.67533292 0.42888097 8.60938481
120800 -0.66118772 0.42401236 8.44272894
120900 -0.61579623 0.45473797 15.51705820
121000 -0.54321058 0.41648880 19.07628125
121100 -0.57681986 0.34779959 8.72907328
121200 -0.60216938 0.43245666 13.55779883
121300 -0.61177147 0.39207187 8.13075136
121400 -0.59558866 0.41301876 11.83748416
121500 -0.60686633 0.37696607 7.29882850
121600 -0.65304599 0.39203408 5.33747599
121700 -0.60075051 0.41544958 11.58953320
121800 -0.58869457 0.37413131 8.94217481
121900 -0.59435388 0.43733407 15.01087466
122000 -0.60834366 0.37780138 7.22696966
122100 -0.62481533 0.42604835 10.77046082
122200 -0.62564614 0.41214638 9.05265327
122300 -0.65977329 0.43061045 9.33863842
122400 -0.57849895 0.42167992 14.78425418
122500 -0.65306525 0.38718922 4.90241511
122600 -0.61052252 0.39132533 8.17326820
122700 -0.65440096 0.41286434 7.40881580
122800 -0.66331562 0.40899414 6.61273349
122900 -0.61772652 0.37667002 6.32360825
123000 -0.61753988 0.38555915 7.06001993
123100 -0.57159190 0.41662746 15.04530222
123200 -0.65934671 0.41663923 7.62869991
123300 -0.64933190 0.39488104 5.78483374
123400 -0.66488132 0.39548201 5.17506833
123500 -0.59994301 0.43070387 13.54745182
123600 -0.64257051 0.42354561 9.28083204
123700 -0.63631415 0.42797270 10.21644950
123800 -0.63885958 0.41769314 8.79491369
123900 -0.60975960 0.39189891 8.29436922
124000 -0.61439696 0.39656295 8.32614143
124100 -0.61445496 0.39646938 8.31214736
124200 -0.62665825 0.42434045 10.41977980
124300 -0.63495248 0.41101036 8.27724029
124400 -0.65982149 0.38275348 4.23122503
124500 -0.64701269 0.36382706 3.44077404
124600 -0.67005024 0.40693004 6.16551034
124700 -0.62310271 0.42467598 10.72864643
124800 -0.64265384 0.41685277 8.47157564
124900 -0.60979365 0.42272975 11.59988782
125000 -0.62400677 0.38816289 6.77383316
125100 -0.61091820 0.42576212 11.87583890
125200 -0.61339652 0.41478089 10.33740708
125300 -0.61414826 0.40787363 9.50362022
125400 -0.62499897 0.43001587 11.26464010
125500 -0.59739708 0.44453889 15.70942564
125600 -0.58587425 0.42502422 14.32787192
125700 -0.61022012 0.42647080 12.02764535
125800 -0.60964131 0.40025706 9.10808562
125900 -0.59151103 0.39869678 10.75545527
126000 -0.58702817 0.46278655 19.63104778
126100 -0.56512917 0.37608483 11.98952040
126200 -0.65774655 0.40678398 6.59408674
126300 -0.63990598 0.40912288 7.75954743
126400 -0.59372867 0.40194430 10.84311766
126500 -0.64111746 0.43309762 10.59106488
126600 -0.63499299 0.42890917 10.42174314
126700 -0.62233383 0.40729965 8.77262434
126800 -0.60320822 0.38995726 8.73047925
126900 -0.62673897 0.40215066 7.90096808
127000 -0.64548043 0.43827997 11.04686638
127100 -0.58107026 0.39253332 11.35334834
127200 -0.63122891 0.40871221 8.27390365
127300 -0.61618771 0.39817261 8.33118058
127400 -0.59566590 0.38751301 9.27206561
127500 -0.64354197 0.42032497 8.83280391
127600 -0.64275248 0.40464472 7.11389848
127700 -0.63988738 0.43776621 11.29652806
127800 -0.57625627 0.38041196 10.88929605
127900 -0.65226730 0.37195597 3.72803596
128000 -0.60189773 0.42868225 13.09158852
128100 -0.59005735 0.44415816 16.43448097
128200 -0.60363030 0.39407606 9.06871208
128300 -0.59089931 0.41392853 12.44133502
128400 -0.60619806 0.38366635 7.89943074
128500 -0.57390310 0.40966819 13.96377030
128600 -0.60912524 0.41477555 10.71582421
128700 -0.65691115 0.41602772 7.65954046
128800 -0.66203525 0.41549369 7.39005736
128900 -0.61044860 0.39575497 8.59423360
129000 -0.59562781 0.36791617 7.75307964
129100 -0.59940791 0.37078435 7.56459670
129200 -0.59765637 0.39133575 9.40821914
129300 -0.64868643 0.41398584 7.81292750
129400 -0.62068712 0.46188175 16.24811758
129500 -0.58499553 0.41017905 12.68272554
129600 -0.65010652 0.37325496 3.92782388
129700 -0.66258936 0.39531734 5.24247606
129800 -0.62096723 0.39880958 8.00475630
129900 -0.65090059 0.41296674 7.58611779
130000 -0.58357527 0.39230037 11.03703821
130100 -0.57737561 0.38568008 11.18890793
130200 -0.58370247 0.40167345 11.93130322
130300 -0.66258438 0.43212567 9.42856034
130400 -0.68829470 0.42926586 8.42333861
130500 -0.61842630 0.38097710 6.60577934
130600 -0.66924195 0.39470166 4.95723161
130700 -0.61238218 0.42706478 11.91117058
130800 -0.65187494 0.42587405 9.08014849
130900 -0.57987455 0.42909736 15.54812593
131000 -0.61649309 0.39614498 8.10863065
131100 -0.69256765 0.42430180 7.75308805
131200 -0.56262383 0.40458390 14.90500261
131300 -0.61949396 0.35669821 4.84795460
131400 -0.66633743 0.44916097 11.69108170
131500 -0.59198857 0.43118361 14.43780427
131600 -0.60689141 0.40506047 9.85345571
131700 -0.66699199 0.39565352 5.11956280
131800 -0.67464135 0.38294763 3.76168496
131900 -0.64830156 0.41598596 8.06273555
132000 -0.59810993 0.40397541 10.59623624
132100 -0.63901276 0.40158045 7.01901610
132200 -0.59859253 0.41706363 11.99368421
132300 -0.61432853 0.41279558 10.03122160
132400 -0.56592102 0.42016623 16.20854877
132500 -0.61915493 0.35814318 4.95827698
132600 -0.68810933 0.42417150 7.77997436
132700 -0.64671445 0.41773954 8.35097433
132800 -0.63744549 0.41548154 8.62452686
132900 -0.66942512 0.44481425 10.95299447
133000 -0.62079635 0.38004496 6.34020680
133100 -0.59547218 0.41753483 12.37025018
133200 -0.67570060 0.37693786 3.25494797
133300 -0.59618591 0.44806390 16.35014076
133400 -0.60662993 0.37964758 7.53085340
133500 -0.62853947 0.40420509 7.98265411
133600 -0.64380029 0.39646986 6.23242066
133700 -0.64558144 0.42720378 9.57109088
133800 -0.61741522 0.41299555 9.79411975
133900 -0.60627679 0.39571662 8.97285546
134000 -0.62788450 0.40129252 7.73041017
134100 -0.61084798 0.40316583 9.29563568
134200 -0.60293821 0.39096366 8.84768861
134300 -0.61851297 0.40940867 9.30519652
134400 -0.67399128 0.36566735 2.49432745
134500 -0.56232054 0.41468030 16.05360254
134600 -0.58752556 0.43192878 15.02785092
134700 -0.65379418 0.38174113 4.40829472
134800 -0.61649830 0.43511174 12.61385799
134900 -0.62033079 0.35752386 4.82808882
135000 -0.61025189 0.39788314 8.81791590
135100 -0.62692853 0.43613419 11.93597830
135200 -0.59163262 0.38826937 9.76748461
135300 -0.58887378 0.41981927 13.35284798
135400 -0.67874090 0.37861560 3.31618067
135500 -0.59462308 0.41168766 11.78921443
135600 -0.64487212 0.41049962 7.62462435
135700 -0.65847809 0.43405941 9.84799668
135800 -0.56912315 0.43966770 18.31790844
135900 -0.61062620 0.39185080 8.21212294
136000 -0.59230920 0.38076258 9.05995099
136100 -0.60151804 0.35227440 6.21565457
136200 -0.59999762 0.40121430 10.12240564
136300 -0.60483948 0.41092385 10.67981235
136400 -0.55032762 0.38746831 15.02626326
136500 -0.55371794 0.42485247 18.49328980
136600 -0.59277394 0.41183105 12.00180480
136700 -0.66753407 0.39927142 5.45442576
136800 -0.59713237 0.41277086 11.64950787
136900 -0.58285362 0.42284923 14.40760393
137000 -0.56822731 0.42194814 16.11769436
137100 -0.56614715 0.43409439 17.94894616
137200 -0.56630611 0.43070193 17.47852417
137300 -0.60628681 0.43386875 13.35150188
137400 -0.63617633 0.40272742 7.31319169
137500 -0.55781572 0.42449429 17.85759881
137600 -0.63081339 0.43426836 11.40738968
137700 -0.64746417 0.35602287 2.94928794
137800 -0.54552444 0.38073373 15.19031789
137900 -0.61273477 0.40074134 8.88201901
138000 -0.64186812 0.42444710 9.43319787
138100 -0.59272405 0.41152094 11.97252445
138200 -0.64513824 0.39299089 5.82855874
138300 -0.64244543 0.41641658 8.43267411
138400 -0.64628285 0.45698048 13.76420096
138500 -0.56480934 0.42233841 16.62160070
138600 -0.63022302 0.44276008 12.62463313
138700 -0.70520696 0.41996370 7.20920093
138800 -0.60383930 0.39179549 8.83664609
138900 -0.61547467 0.43281156 12.39172127
139000 -0.65625317 0.35740336 2.60446541
139100 -0.63750659 0.42141042 9.32295781
139200 -0.63984191 0.38046322 5.04666231
139300 -0.59432132 0.38659565 9.33339536
139400 -0.62410543 0.42932932 11.24302864
139500 -0.62160548 0.36983667 5.51143069
139600 -0.65227692 0.42553186 9.01787047
139700 -0.67918572 0.42731650 8.32136235
139800 -0.62245233 0.35912675 4.75480715
139900 -0.61519029 0.43117267 12.19947844
140000 -0.64195120 0.39650058 6.34101245
140100 -0.63188886 0.40304405 7.62860204
140200 -0.60819222 0.43109114 12.80677693
140300 -0.63229286 0.34611716 3.35552481
140400 -0.59879782 0.43263619 13.91711942
140500 -0.63948104 0.41000486 7.88180647
140600 -0.63349036 0.40858133 8.10671908
140700 -0.66349654 0.38716020 4.46470163
140800 -0.59958728 0.38569523 8.71319253
140900 -0.59448262 0.38407500 9.10126170
141000 -0.61757845 0.46032539 16.24877114
141100 -0.63282716 0.41050107 8.36133834
141200 -0.67162206 0.42639313 8.39026515
141300 -0.61905569 0.43288069 12.10462870
141400 -0.56836512 0.42961012 17.06326289
141500 -0.62210884 0.36408520 5.08697257
141600 -0.67229231 0.39762166 5.14885250
141700 -0.62488900 0.44973751 14.03149256
141800 -0.63844360 0.47042492 16.41692215
141900 -0.70462187 0.41149388 6.22612385
142000 -0.65698019 0.38970754 4.94907338
142100 -0.58112297 0.38335296 10.53973200
142200 -0.59485645 0.41146058 11.73931357
142300 -0.62651116 0.38463911 6.28219394
142400 -0.66402218 0.37594790 3.53124337
142500 -0.61788574 0.38649521 7.11208683
142600 -0.63488690 0.42221853 9.58854250
142700 -0.61891206 0.41494585 9.89390115
142800 -0.61439869 0.39015619 7.72786185
142900 -0.56681534 0.41300656 15.25431912
143000 -0.58295147 0.38371463 10.35424890
143100 -0.59992751 0.42808216 13.20977210
143200 -0.65871676 0.36662102 3.07133314
143300 -0.56921238 0.41246876 14.87731252
143400 -0.60480970 0.39296636 8.85196876
143500 -0.57989052 0.41875664 14.26471396
143600 -0.62440823 0.41133143 9.05440161
143700 -0.64262772 0.37465957 4.43281548
143800 -0.59867173 0.38417534 8.67645249
143900 -0.67819404 0.37924522 3.37765220
144000 -0.67101743 0.42166311 7.82095092
144100 -0.72171699 0.34313949 1.16632189
144200 -0.59817342 0.45166363 16.68525424
144300 -0.61339183 0.43190750 12.45028221
144400 -0.59797132 0.39797790 10.00475953
144500 -0.54380081 0.43186863 20.89376131
144600 -0.59419590 0.38254082 9.00374691
144700 -0.61159239 0.40806608 9.74709184
144800 -0.63307786 0.46051907 15.12247299
144900 -0.57474337 0.43274368 16.65505435
145000 -0.59440322 0.39570941 10.15548484
145100 -0.56202414 0.43087447 18.08273204
145200 -0.63902461 0.37916182 4.99229621
145300 -0.59438221 0.39882177 10.46042916
145400 -0.61294341 0.42887546 12.09386689
145500 -0.55529008 0.38975608 14.49855828
145600 -0.69075771 0.38933697 4.03325749
145700 -0.60679597 0.43633094 13.63655789
145800 -0.60358107 0.40066920 9.71544840
145900 -0.55364580 0.38891110 14.66236680
146000 -0.59296360 0.41801294 12.69192292
146100 -0.64000916 0.38350169 5.28571640
146200 -0.62309141 0.40731949 8.71620172
146300 -0.69010626 0.38981783 4.08256439
146400 -0.63135543 0.44677876 13.12804053
146500 -0.55540097 0.44768039 21.35918883
146600 -0.62280565 0.42035299 10.22190554
146700 -0.68428503 0.42254364 7.63195146
146800 -0.64026150 0.42501635 9.59888825
146900 -0.70254811 0.40244331 5.25056241
147000 -0.59058156 0.42800758 14.17916761
147100 -0.61222620 0.40312214 9.16920799
147200 -0.60998355 0.42143933 11.42523618
147300 -0.61212485 0.39958917 8.82002211
147400 -0.58738130 0.38691723 10.11878827
147500 -0.62624145 0.38326729 6.18688303
147600 -0.61696329 0.39915399 8.36330403
147700 -0.68899923 0.42424370 7.77875661
147800 -0.60957768 0.39357462 8.46620249
147900 -0.63482242 0.37431639 4.88552156
148000 -0.66376481 0.40614730 6.29011894
148100 -0.57857605 0.45929641 20.05956179
148200 -0.58345513 0.39961475 11.75290247
148300 -0.63006995 0.40544831 8.00477920
148400 -0.62626958 0.38953713 6.72653584
148500 -0.58785266 0.40439942 11.73813258
148600 -0.65131056 0.44268083 11.36424016
148700 -0.58020439 0.41794275 14.13074018
148800 -0.64051171 0.40528214 7.31159250
148900 -0.60791435 0.40972483 10.25965344
149000 -0.61255400 0.39107317 7.97056187
149100 -0.62557285 0.41709594 9.62543020
149200 -0.65076558 0.46480819 14.79288299
149300 -0.63191755 0.44530224 12.87398074
149400 -0.57272449 0.41766583 15.02215166
149500 -0.65529702 0.41424277 7.52488311
149600 -0.56810066 0.39669779 13.37394881
149700 -0.58878340 0.43278191 15.00008379
149800 -0.60401284 0.40307672 9.91917243
149900 -0.61556235 0.41019823 9.63668319
150000 -0.58243412 0.42232467 14.39253000
150100 -0.64667452 0.40001507 6.42331057
150200 -0.63191914 0.36634157 4.51810350
150300 -0.65581808 0.42429916 8.70116194
150400 -0.61757031 0.39942147 8.33964127
150500 -0.60120038 0.43523657 14.02514739
150600 -0.61690599 0.40487461 8.95164950
150700 -0.54671648 0.43933635 21.45522769
150800 -0.58664134 0.36772490 8.71842448
150900 -0.65475354 0.42228882 8.50089869
151000 -0.67735307 0.39494807 4.76401019
151100 -0.62401110 0.42674485 10.91928466
151200 -0.63100198 0.42007540 9.58941474
151300 -0.59601463 0.41345760 11.84279180
151400 -0.61585834 0.34631943 4.61265444
151500 -0.59819578 0.39977108 10.15918420
151600 -0.61769643 0.43299993 12.23142962
151700 -0.67330126 0.43707368 9.75100892
151800 -0.59417058 0.41971995 12.76636669
151900 -0.57480581 0.38664026 11.59006022
152000 -0.64391826 0.40729314 7.32848978
152100 -0.57961736 0.40804545 13.08289905
152200 -0.63733675 0.36048619 3.79263121
152300 -0.61152325 0.40199207 9.11525916
152400 -0.68149824 0.41846141 7.18771074
152500 -0.66816266 0.37966222 3.67984293
152600 -0.62209930 0.44328396 13.29940657
152700 -0.62801660 0.45230765 14.18961540
152800 -0.64586726 0.33086655 1.94154899
152900 -0.66055024 0.39120422 4.93724673
153000 -0.63047625 0.41740566 9.30882077
153100 -0.58675617 0.42022875 13.63955881
153200 -0.61315846 0.43621494 13.04798191
153300 -0.63130349 0.41262156 8.70141312
153400 -0.62485263 0.34813152 3.98188548
153500 -0.64983699 0.42614359 9.21426655
153600 -0.65360128 0.42835537 9.31397079
153700 -0.62656680 0.39985930 7.68215763
153800 -0.60871309 0.44606692 14.83442264
153900 -0.63188031 0.42003721 9.52461215
154000 -0.63016884 0.38783552 6.29573492
154100 -0.68962676 0.39962996 5.01686635
154200 -0.63050267 0.42097589 9.73252290
154300 -0.60010639 0.38787543 8.85041239
154400 -0.55538782 0.42827626 18.68374023
154500 -0.62487378 0.43505909 11.94245396
154600 -0.63152648 0.39728680 7.07667232
154700 -0.64833890 0.39049674 5.42926486
154800 -0.65739015 0.41698337 7.75035453
154900 -0.50972419 0.40211888 23.31657530
155000 -0.60956361 0.39531864 8.63219272
155100 -0.60220944 0.44657320 15.52334834
155200 -0.58805283 0.38345266 9.74825810
155300 -0.56863657 0.42752805 16.75987700
155400 -0.64004323 0.46799815 15.90909557
155500 -0.61064543 0.41213324 10.27905148
155600 -0.60211166 0.41397029 11.28567658
155700 -0.63759130 0.38823838 5.84042864
155800 -0.62462534 0.38804214 6.71637892
155900 -0.58194953 0.42439928 14.70554632
156000 -0.70506588 0.42500280 7.82568175
156100 -0.61833298 0.39947744 8.28263093
156200 -0.66801045 0.37819510 3.56890272
156300 -0.64864161 0.39166144 5.51975153
156400 -0.60225155 0.43984611 14.55584692
156500 -0.62975520 0.39852769 7.32101906
156600 -0.68631140 0.39652909 4.75262161
156700 -0.59245902 0.44161725 15.81025474
156800 -0.66671738 0.31694300 0.69739921
156900 -0.63743833 0.40410351 7.37575146
157000 -0.60538920 0.42546466 12.34629208
157100 -0.57282807 0.37931377 11.23168729
157200 -0.65518444 0.40117617 6.12252580
157300 -0.62918377 0.40608645 8.13463683
157400 -0.61846089 0.41962013 10.47880046
157500 -0.60259881 0.42179569 12.16059174
157600 -0.58874648 0.42174344 13.59940586
157700 -0.57359590 0.38773480 11.83769542
157800 -0.59798948 0.40600106 10.82118625
157900 -0.60139657 0.39591531 9.46119097
158000 -0.56948996 0.44186082 18.57868120
158100 -0.64178604 0.40391105 7.09318550
158200 -0.64777106 0.36756761 3.64662197
158300 -0.65941690 0.42268951 8.34985257
158400 -0.58345524 0.39930372 11.72195472
158500 -0.65321762 0.40085193 6.17985091
158600 -0.63093834 0.46620805 16.19731376
158700 -0.65691484 0.40695793 6.64816503
158800 -0.68463750 0.43465213 9.18360089
158900 -0.59513129 0.40279178 10.78179782
159000 -0.62056590 0.40173922 8.33032298
159100 -0.64909381 0.44629791 11.99725936
159200 -0.63811273 0.38908849 5.88339669
159300 -0.61672624 0.41333741 9.88994436
159400 -0.70077684 0.37169959 2.57071735
159500 -0.62891074 0.41980852 9.70388240
159600 -0.57750190 0.40374592 12.88449960
159700 -0.64332246 0.37904878 4.73052635
159800 -0.64416715 0.38724950 5.36489081
159900 -0.59496434 0.44486833 16.00966250
160000 -0.59377815 0.36812709 7.96219094
160100 -0.65144360 0.41974027 8.34772742
160200 -0.57942632 0.41079598 13.40688048
160300 -0.63922771 0.40132365 6.97987671
160400 -0.68854252 0.40405976 5.47985323
160500 -0.62652232 0.41124193 8.88686802
160600 -0.64072132 0.40028254 6.78527490
160700 -0.64379086 0.36366530 3.60636912
160800 -0.61750394 0.41007849 9.46143695
160900 -0.68848637 0.36726618 2.32865153
161000 -0.58293470 0.37304704 9.52007659
161100 -0.60140583 0.40191024 10.05325422
161200 -0.62138618 0.42507826 10.91235171
161300 -0.62060131 0.43160156 11.81156081
161400 -0.65733603 0.39873360 5.78426863
161500 -0.57610088 0.37641502 10.59512313
161600 -0.64060240 0.38075717 5.02489773
161700 -0.63021330 0.42569277 10.33442785
161800 -0.66540803 0.41586809 7.31100963
161900 -0.59192902 0.43014625 14.30869090
162000 -0.64980138 0.40851957 7.14819923
162100 -0.63515826 0.41957143 9.25088873
162200 -0.57685192 0.42631205 15.56009162
162300 -0.61835442 0.42393753 11.01325646
162400 -0.58262390 0.42874819 15.17662219
162500 -0.59350478 0.40892032 11.60243466
162600 -0.63059700 0.39176789 6.61906132
162700 -0.66445727 0.42661207 8.64695116
162800 -0.57825829 0.41325865 13.82428326
162900 -0.65822672 0.35072353 2.15894150
163000 -0.62686032 0.43605163 11.92972982
163100 -0.60226687 0.42356999 12.41065361
163200 -0.66933367 0.43495064 9.57604970
163300 -0.65040913 0.34941254 2.45042669
163400 -0.58550270 0.44118448 16.52134517
163500 -0.55656399 0.39041470 14.37435310
163600 -0.65233851 0.38324463 4.60064271
163700 -0.66836435 0.43028334 8.98728193
163800 -0.61370239 0.41322468 10.13355255
163900 -0.64275053 0.41835727 8.64297260
164000 -0.59903348 0.42724700 13.19301892
164100 -0.65846807 0.43919947 10.55069608
164200 -0.64375681 0.42627441 9.55426154
164300 -0.59178258 0.37133060 8.39953247
164400 -0.61549591 0.41346924 10.00810444
164500 -0.59215953 0.39814478 10.63098291
164600 -0.63165625 0.42375933 9.99361972
164700 -0.61695298 0.39594298 8.05093083
164800 -0.59732390 0.40122685 10.39462853
164900 -0.59192991 0.39337420 10.19894272
165000 -0.61376769 0.38679016 7.48427222
165100 -0.62557348 0.42984351 11.19932208
165200 -0.58211489 0.41021622 13.02225661
165300 -0.58868380 0.41040709 12.29051100
165400 -0.59304949 0.39300994 10.04463057
165500 -0.67629226 0.42148429 7.66024511
165600 -0.63321766 0.41085455 8.37430569
165700 -0.57979736 0.42153698 14.60995584
165800 -0.58800441 0.40839463 12.14620358
165900 -0.63659402 0.41626672 8.76913432
166000 -0.62606977 0.40118831 7.85237623
166100 -0.64106607 0.40933448 7.71361825
166200 -0.60210011 0.43079249 13.34553146
166300 -0.62571541 0.42003550 9.96336042
166400 -0.63795201 0.36725225 4.18640885
166500 -0.60615733 0.36441027 6.47756493
166600 -0.63839070 0.43854717 11.49551237
166700 -0.58230189 0.39467696 11.40828612
166800 -0.65458037 0.39495543 5.53973800
166900 -0.56369220 0.39816873 14.10845770
167000 -0.57187462 0.43060307 16.73663781
167100 -0.66972255 0.39303943 4.78652970
167200 -0.59713007 0.37474692 8.08466163
167300 -0.63256440 0.39798824 7.07462805
167400 -0.60296332 0.40910994 10.66054830
167500 -0.66114298 0.42233100 8.23737116
167600 -0.62208566 0.37404077 5.77634020
167700 -0.60395152 0.38330731 8.08270948
167800 -0.61763250 0.43694372 12.76899294
167900 -0.60402343 0.36892998 6.98142225
168000 -0.63368098 0.41597279 8.92395068
168100 -0.68621074 0.38401452 3.62429157
168200 -0.58634572 0.43728446 15.88215887
168300 -0.60057410 0.41022543 11.01757701
168400 -0.58960762 0.41833326 13.09461883
168500 -0.65233592 0.39026486 5.20980436
168600 -0.69704502 0.39568168 4.58185778
168700 -0.62655689 0.41062186 8.81554381
168800 -0.58751135 0.42789256 14.50510218
168900 -0.64210076 0.39080757 5.79916842
169000 -0.60998167 0.40588978 9.65797261
169100 -0.60369164 0.40693133 10.35480410
169200 -0.66988768 0.39126137 4.61769446
169300 -0.60965265 0.36662909 6.30103984
169400 -0.60042959 0.40298091 10.25966675
169500 -0.60141679 0.38820591 8.74946627
169600 -0.58975490 0.41135562 12.27702786
169700 -0.53322174 0.41485438 20.50325745
169800 -0.66317735 0.38415675 4.21913351
169900 -0.62137389 0.38643068 6.82616344
170000 -0.61701479 0.46553264 17.14379945
170100 -0.62674299 0.38638376 6.41437142
170200 -0.69170331 0.39613555 4.65543922
170300 -0.63181215 0.38517508 5.95218823
170400 -0.60099514 0.41368304 11.36289841
170500 -0.58894506 0.37179478 8.74384543
170600 -0.63944502 0.40550633 7.39924574
170700 -0.64889668 0.38586047 4.99178435
170800 -0.60704088 0.43350646 13.23268637
170900 -0.61676332 0.38116347 6.75792678
171000 -0.62027960 0.40342329 8.52585884
171100 -0.59001853 0.42050349 13.30850751
171200 -0.59386594 0.40419704 11.06073136
171300 -0.65633231 0.38685790 4.72558051
171400 -0.60670053 0.43035125 12.84811917
171500 -0.66414347 0.40386347 6.03665575
171600 -0.58268957 0.39096807 11.01846392
171700 -0.63281472 0.38752983 6.08766661
171800 -0.60490885 0.40192630 9.71564895
171900 -0.60785169 0.39905739 9.15183803
172000 -0.65147708 0.39812135 5.99113608
172100 -0.57924281 0.39243004 11.56280567
172200 -0.63700804 0.39329960 6.33640124
172300 -0.58873758 0.40877506 12.10566985
172400 -0.61505219 0.38035375 6.83642832
172500 -0.58647669 0.43018213 14.91746394
172600 -0.63412624 0.42311947 9.74887845
172700 -0.61254269 0.39276504 8.12706730
172800 -0.64487397 0.34519682 2.54081576
172900 -0.62456490 0.41136574 9.04639137
173000 -0.58560449 0.42216473 14.00527718
173100 -0.62093792 0.41180635 9.37573544
173200 -0.65810495 0.42391590 8.55517259
173300 -0.66392054 0.41102126 6.81372403
173400 -0.60644945 0.40951979 10.37314538
173500 -0.60923009 0.43204636 12.83770910
173600 -0.64849222 0.40323133 6.65487932
173700 -0.64874494 0.39762513 6.07887337
173800 -0.65620083 0.43827329 10.51893478
173900 -0.59649940 0.39435615 9.80772872
174000 -0.63458442 0.37906056 5.26488560
174100 -0.68811220 0.41901865 7.15337935
174200 -0.60746005 0.38322519 7.74503774
174300 -0.55054899 0.40755987 16.95236538
174400 -0.61263172 0.45518406 15.85765488
174500 -0.63785643 0.39295442 6.25117339
174600 -0.62393868 0.43783312 12.39164643
174700 -0.57404729 0.38460415 11.51097314
174800 -0.62829460 0.40904997 8.51678085
174900 -0.61443561 0.40641144 9.32232943
175000 -0.61205470 0.42607911 11.81515908
175100 -0.60078960 0.37947379 8.07939376
175200 -0.66997342 0.43034320 8.94547209
175300 -0.64080082 0.40644991 7.41806275
175400 -0.63190287 0.41249777 8.64648312
175500 -0.61732864 0.41142684 9.62524723
175600 -0.62517253 0.38514899 6.42474998
175700 -0.61155994 0.37051885 6.39727612
175800 -0.62585771 0.43596522 11.99181077
175900 -0.64302325 0.34448676 2.61271078
176000 -0.65029675 0.35680753 2.84875407
176100 -0.67380169 0.38545802 3.99471198
176200 -0.61667043 0.40486116 8.96984028
176300 -0.63110197 0.43226633 11.12066026
176400 -0.62797211 0.44120628 12.56361510
176500 -0.57803360 0.43012853 15.90461799
176600 -0.61920424 0.44671197 14.02617821
176700 -0.65699233 0.41686849 7.75395176
176800 -0.58864504 0.43832471 15.76682685
176900 -0.64577580 0.40862545 7.36987633
177000 -0.61598728 0.41180655 9.77942017
177100 -0.62131037 0.42488747 10.89446928
177200 -0.64318793 0.41774271 8.54547870
177300 -0.63541019 0.42715754 10.17044170
177400 -0.63514847 0.46588997 15.86260114
177500 -0.65001946 0.38854745 5.16935267
177600 -0.58233392 0.38674447 10.68495448
177700 -0.61731063 0.39743900 8.16594572
177800 -0.64026625 0.40861811 7.68300791
177900 -0.61777014 0.40153575 8.53562893
178000 -0.67094701 0.42815960 8.63447912
178100 -0.63074667 0.42121699 9.74479174
178200 -0.60159074 0.40592021 10.45173666
178300 -0.62309797 0.38595928 6.65146000
178400 -0.58785901 0.39486124 10.78712868
178500 -0.72756908 0.39281825 4.68764122
178600 -0.56030199 0.40297809 15.06001047
178700 -0.66879321 0.40886044 6.41222975
178800 -0.60073982 0.36115691 6.79637586
178900 -0.62555501 0.39052106 6.86805937
179000 -0.62822442 0.43039351 11.07710049
179100 -0.58496805 0.39559025 11.18492351
179200 -0.63043930 0.42007525 9.62837801
179300 -0.57613780 0.44486888 18.16441801
179400 -0.56846971 0.45708494 20.98794838
179500 -0.60284765 0.41285705 11.08764646
179600 -0.56756997 0.41069899 14.89598871
179700 -0.62509734 0.43670079 12.14875712
179800 -0.60457430 0.42321243 12.14368331
179900 -0.58400328 0.37782622 9.75607972
180000 -0.63493237 0.40756109 7.90159192
180100 -0.63374214 0.40148739 7.34489762
180200 -0.60633624 0.38946399 8.38835238
180300 -0.55324051 0.38961055 14.78419964
180400 -0.64532817 0.41317806 7.89914104
180500 -0.58159254 0.41364037 13.46723006
180600 -0.58726404 0.38474780 9.94579317
180700 -0.61903276 0.46526720 16.93447046
180800 -0.55423023 0.42596474 18.55797132
180900 -0.62798019 0.43897298 12.25017162
181000 -0.61504031 0.41952909 10.75267642
181100 -0.61058821 0.43339202 12.89394950
181200 -0.58693110 0.40110428 11.50332571
181300 -0.63677177 0.40630311 7.64908032
181400 -0.64647983 0.40949961 7.42728645
181500 -0.59137447 0.40850250 11.78614896
181600 -0.63567313 0.38749121 5.89632879
181700 -0.59460396 0.44147797 15.56217105
181800 -0.60819543 0.41427841 10.74381783
181900 -0.59612387 0.41820208 12.38099065
182000 -0.59716317 0.43641335 14.59200845
182100 -0.60572088 0.39362725 8.82730738
182200 -0.69211784 0.44375203 10.36338776
182300 -0.60074470 0.44134932 14.91562145
182400 -0.60903874 0.45144857 15.60531021
182500 -0.63055829 0.40862447 8.31071323
182600 -0.64482132 0.37752295 4.52724703
182700 -0.56257932 0.36122578 11.31651930
182800 -0.64434876 0.39253023 5.82945189
182900 -0.64096081 0.41753969 8.65060289
183000 -0.69620829 0.39075448 4.12537652
183100 -0.57169964 0.41113233 14.40568856
183200 -0.61409348 0.38102119 6.97218172
183300 -0.63612077 0.43045149 10.54907393
183400 -0.57836957 0.36829161 9.72885234
183500 -0.61426130 0.39349672 8.04638027
183600 -0.64088701 0.38576579 5.42505824
183700 -0.57621104 0.38978099 11.69216704
183800 -0.62431884 0.43635296 12.15988430
183900 -0.60726676 0.44774249 15.21364831
184000 -0.58689108 0.37282860 9.04881589
184100 -0.57963512 0.37695203 10.20465951
184200 -0.63682874 0.41635403 8.76443400
184300 -0.64919482 0.44647381 12.01787116
184400 -0.59689990 0.43131233 13.93627899
184500 -0.68828720 0.42062983 7.34437229
184600 -0.61100378 0.41231344 10.26731852
184700 -0.61181863 0.39556621 8.45442746
184800 -0.71758956 0.36039634 1.97855521
184900 -0.62795055 0.43090102 11.16309953
185000 -0.59934032 0.39342271 9.43008717
185100 -0.57492471 0.43888570 17.46653348
185200 -0.65315197 0.42636112 9.08093497
185300 -0.61218403 0.43485797 12.94915842
185400 -0.64638149 0.40288128 6.72975141
185500 -0.61123638 0.40809817 9.78209785
185600 -0.57598770 0.38851035 11.60656592
185700 -0.61510719 0.41684635 10.42992902
185800 -0.68329119 0.38970725 4.16328730
185900 -0.65514566 0.41854657 8.03260080
186000 -0.55570782 0.46634256 24.24503904
186100 -0.63837122 0.38788993 5.76137275
186200 -0.64731872 0.41129980 7.58148138
186300 -0.56699985 0.43064727 17.37887415
186400 -0.57019935 0.37171075 10.99532045
186500 -0.63816149 0.41622450 8.66606840
186600 -0.67974467 0.35266156 1.59175893
186700 -0.55825588 0.41805543 17.01424010
186800 -0.61419714 0.45376081 15.50225832
186900 -0.60135543 0.41019730 10.93709840
187000 -0.65774479 0.39535598 5.43913297
187100 -0.59222387 0.38223678 9.18929064
187200 -0.60456959 0.37444984 7.32487154
187300 -0.59766392 0.34977970 6.47534633
187400 -0.67007911 0.42896114 8.76311691
187500 -0.58405077 0.39629933 11.35889239
187600 -0.63832498 0.44711870 12.72386041
187700 -0.57827708 0.41405566 13.91258230
187800 -0.61863503 0.39295196 7.63016216
187900 -0.64784162 0.44993577 12.60061534
188000 -0.64396345 0.37845230 4.64742922
188100 -0.61397193 0.37261669 6.33700580
188200 -0.64873841 0.40947884 7.30668332
188300 -0.63430180 0.40756204 7.94292325
188400 -0.57861967 0.36198569 9.28770433
188500 -0.62019177 0.39538001 7.73335062
188600 -0.56438314 0.43158321 17.85303654
188700 -0.59587771 0.45163077 16.91667196
188800 -0.59487094 0.39851496 10.37865760
188900 -0.65365608 0.37928183 4.21668370
189000 -0.63665673 0.41590839 8.72356304
189100 -0.60003288 0.39408955 9.42313419
189200 -0.63591115 0.43291284 10.88660183
189300 -0.61652802 0.43213945 12.21420310
189400 -0.57832464 0.43474379 16.48039213
189500 -0.59161492 0.41286299 12.24268950
189600 -0.62141207 0.42372082 10.74145165
189700 -0.71201711 0.42241992 7.56552398
189800 -0.59620377 0.43649470 14.70223102
189900 -0.60159859 0.43361595 13.76803028
190000 -0.64383734 0.40147072 6.72527511
190100 -0.60549059 0.43942252 14.18533439
190200 -0.60942255 0.41039044 10.19516176
190300 -0.64301483 0.45275263 13.29033802
190400 -0.57221688 0.40967724 14.17881060
190500 -0.65633999 0.40243250 6.19930665
190600 -0.60132533 0.40547054 10.43036273
190700 -0.63558597 0.40204945 7.28162925
190800 -0.60080012 0.41169118 11.15776759
190900 -0.62040319 0.41310012 9.56364485
191000 -0.65131491 0.39286617 5.49718222
191100 -0.59893211 0.43301195 13.95344831
191200 -0.64892794 0.40865134 7.20673477
191300 -0.62207589 0.42400463 10.72465734
191400 -0.60373130 0.45161247 16.12700208
191500 -0.66774285 0.41742204 7.41422899
191600 -0.65442311 0.34769226 2.17590231
191700 -0.60101290 0.39092849 9.03321757
191800 -0.63052779 0.41711871 9.27159056
191900 -0.60524268 0.41618712 11.23919903
192000 -0.59610421 0.41869002 12.44082768
192100 -0.62775314 0.38706103 6.39961516
192200 -0.58988402 0.37550359 8.91316031
192300 -0.63306277 0.35484800 3.74444805
192400 -0.65226227 0.39899432 6.03938332
192500 -0.62313641 0.36854051 5.30290615
192600 -0.57417837 0.42381036 15.58004312
192700 -0.57854945 0.43281722 16.19532532
192800 -0.62417065 0.42819385 11.09187661
192900 -0.59254524 0.35272557 7.16325498
193000 -0.62704467 0.40927716 8.63198908
193100 -0.62880823 0.38218840 5.91160020
193200 -0.64075174 0.42115362 9.09427757
193300 -0.58646751 0.43015143 14.91451049
193400 -0.58877108 0.37648027 9.11055213
193500 -0.62744846 0.43555537 11.81949153
193600 -0.62473494 0.43652471 12.15191302
193700 -0.63057145 0.37827798 5.47388291
193800 -0.60359536 0.42483165 12.43839870
193900 -0.65933278 0.40609838 6.45534446
194000 -0.62288933 0.39797856 7.77292686
194100 -0.60144458 0.41830734 11.85489827
194200 -0.65717130 0.37933042 4.06380671
194300 -0.65736478 0.43035417 9.40498613
194400 -0.63271133 0.40308924 7.57757853
194500 -0.57211467 0.39398535 12.59395185
194600 -0.59658045 0.41603688 12.08008030
194700 -0.59940944 0.38005610 8.26371982
194800 -0.50713579 0.43446195 27.63830887
194900 -0.62243094 0.41129458 9.20172078
195000 -0.66742739 0.42952539 8.91890129
195100 -0.62109917 0.41981995 10.29108060
195200 -0.63674208 0.42295297 9.55949903
195300 -0.68063891 0.42454885 7.94363368
195400 -0.61988067 0.38773318 7.05810941
195500 -0.63444769 0.44707553 12.96415828
195600 -0.67317380 0.41677943 7.17854045
195700 -0.62488532 0.44148862 12.83062207
195800 -0.60109760 0.38787908 8.75220845
195900 -0.61958387 0.35753038 4.88824956
196000 -0.64905105 0.41246741 7.62235736
196100 -0.59823074 0.37878031 8.28165905
196200 -0.59870110 0.40773215 10.93384211
196300 -0.63006401 0.40880565 8.36485650
196400 -0.61085297 0.37264107 6.61195917
196500 -0.61960598 0.41919924 10.33582929
196600 -0.63242698 0.37040114 4.76121698
196700 -0.59849075 0.47091444 19.75793777
196800 -0.67064610 0.38780459 4.28564845
196900 -0.64747923 0.37291558 4.03755676
197000 -0.60627292 0.35750636 6.04587352
197100 -0.58358504 0.36853366 9.12465275
197200 -0.59502369 0.40097993 10.60848497
197300 -0.56955881 0.38064871 11.75955894
197400 -0.60585148 0.42836315 12.67052153
197500 -0.55807409 0.43038146 18.57114427
197600 -0.62230585 0.40023492 8.04170946
197700 -0.62600831 0.39089479 6.86831602
197800 -0.69354064 0.39621885 4.64989479
197900 -0.61024522 0.40280137 9.31202092
198000 -0.61385404 0.43587363 12.94138461
198100 -0.60023962 0.41061737 11.09416776
198200 -0.58651918 0.37070910 8.93883745
198300 -0.66547035 0.37348233 3.29597465
198400 -0.64928445 0.43775609 10.77440429
198500 -0.66848636 0.36749875 2.77459518
198600 -0.59569237 0.42656071 13.44884797
198700 -0.59579812 0.40352124 10.78733925
198800 -0.59496805 0.42102972 12.83995199
198900 -0.58412887 0.43257632 15.50129950
199000 -0.66684435 0.38584956 4.23472252
199100 -0.63742730 0.44056690 11.83719807
199200 -0.57700507 0.40538609 13.11699045
199300 -0.67692701 0.37954669 3.43001962
199400 -0.60098654 0.40854725 10.79308538
199500 -0.61305460 0.40740130 9.54727073
199600 -0.61514295 0.38756292 7.43399169
199700 -0.61018654 0.43744651 13.47900099
199800 -0.64401939 0.38657086 5.31417129
199900 -0.58213019 0.34915068 8.15454108
