0 -0.58737506 0.02233011 0.32901134
100 -0.47454746 0.10624731 13.51341559
200 -0.53944642 0.11939350 8.96077159
300 -0.58336863 0.14622224 10.82877352
400 -0.57170173 0.20949087 22.34360753
500 -0.49512914 0.11381035 11.97534654
600 -0.47746560 0.11857990 14.53793535
700 -0.45334128 0.09898015 15.65292491
800 -0.51544654 0.07469871 6.36459273
900 -0.58849337 0.15219525 11.64789860
1000 -0.56454948 0.10164559 5.79428282
1100 -0.58140443 0.08139509 3.48547806
1200 -0.56765290 0.09216189 4.77007457
1300 -0.53789690 0.13090531 10.49649695
1400 -0.56823995 0.17184601 15.26987669
1500 -0.50922584 0.13289010 12.94986362
1600 -0.52355072 0.13940689 12.63938661
1700 -0.46985063 0.06995676 10.91640324
1800 -0.55426747 0.07917374 4.17997251
1900 -0.54782239 0.11610983 8.10199811
2000 -0.49445763 0.14735331 16.42609563
2100 -0.61251640 0.06732871 2.34490774
2200 -0.49481923 0.10429115 10.96981945
2300 -0.52709497 0.14024455 12.49183841
2400 -0.51764217 0.14453600 13.83673431
2500 -0.52583668 0.07893061 5.86511914
2600 -0.55404136 0.06623448 3.24960136
2700 -0.52905357 0.19509015 21.54678160
2800 -0.58789346 0.09114138 4.22665982
2900 -0.48297415 0.17530058 22.21267169
3000 -0.52960762 0.07409702 5.22272822
3100 -0.54634734 0.15529767 13.49798739
3200 -0.45900804 0.05111149 11.24555825
3300 -0.55821372 0.09620585 5.50082891
3400 -0.50021265 0.14370460 15.30426369
3500 -0.55410511 0.10040581 6.09383343
3600 -0.54293295 0.06561268 3.78083603
3700 -0.50225062 0.15014772 16.04963909
3800 -0.54831674 0.11243865 7.65680490
3900 -0.57183984 0.16765976 14.45139539
4000 -0.52362145 0.17131046 17.59047935
4100 -0.54445365 0.11449147 8.09684695
4200 -0.53179683 0.15197865 13.87459067
4300 -0.57022564 0.10351612 5.80105008
4400 -0.49100665 0.08038025 9.17026758
4500 -0.52816168 0.18767632 20.19157354
4600 -0.50978450 0.08496697 7.67911118
4700 -0.53742733 0.07945173 5.11395780
4800 -0.53562621 0.11482673 8.66458104
4900 -0.55467557 0.10213754 6.24318993
5000 -0.52574605 0.15026387 14.04644069
5100 -0.54638018 0.07685507 4.39089348
5200 -0.55207075 0.11407592 7.65526376
5300 -0.52975666 0.08989515 6.50763275
5400 -0.57448616 0.11035788 6.41490833
5500 -0.51427239 0.13538693 12.83942189
5600 -0.56738245 0.17707754 16.21018054
5700 -0.55343300 0.18573631 18.33323113
5800 -0.52099622 0.10354390 8.48146820
5900 -0.57676987 0.08028122 3.49235667
6000 -0.56841463 0.16373328 13.90311185
6100 -0.49272785 0.13584924 14.98116501
6200 -0.54865076 0.11432058 7.85297017
6300 -0.56709800 0.18676796 17.98240646
6400 -0.56583233 0.09918246 5.50229496
6500 -0.52327359 0.15177950 14.46197932
6600 -0.55852329 0.07245731 3.48518974
6700 -0.48958794 0.10990004 12.13442093
6800 -0.57111672 0.24603724 30.68428247
6900 -0.59816650 0.13907534 9.67265646
7000 -0.49120452 0.05376038 7.36331749
7100 -0.59716284 0.12732175 8.10943907
7200 -0.49283689 0.13645369 15.05176973
7300 -0.51187207 0.09835426 8.72004686
7400 -0.51376923 0.09443993 8.17732341
7500 -0.47145226 0.10886109 14.18762897
7600 -0.46403200 0.15462461 21.19803319
7700 -0.53844657 0.16903610 16.18101379
7800 -0.50124340 0.08905345 8.84169086
7900 -0.54426720 0.06814709 3.87508523
8000 -0.50755146 0.12126735 11.62625147
8100 -0.52942894 0.19174174 20.87258485
8200 -0.54670651 0.14808062 12.38403254
8300 -0.51101266 0.12725428 12.05619891
8400 -0.51165898 0.05904486 5.64521576
8500 -0.44931137 0.06256666 13.31082482
8600 -0.56333634 0.11417899 7.19053326
8700 -0.55851920 0.10268187 6.13211197
8800 -0.55821255 0.07543682 3.71845249
8900 -0.61449979 0.19279623 18.69031413
9000 -0.62680828 0.12748579 8.48565576
9100 -0.54437971 0.11288215 7.91799764
9200 -0.57951736 0.14360653 10.52118639
9300 -0.54566419 0.21635952 24.88191206
9400 -0.56377800 0.12056612 7.92411171
9500 -0.54133637 0.15721049 14.07827990
9600 -0.55791962 0.14184120 10.94484225
9700 -0.55078328 0.12849673 9.46684724
9800 -0.59501437 0.06448664 2.09169177
9900 -0.52863942 0.06080930 4.39505124
10000 -0.50821365 0.08728953 8.02209843
10100 -0.56995236 0.11456228 7.01368807
10200 -0.49006377 0.08787038 9.90358884
10300 -0.53527241 0.05829756 3.79413303
10400 -0.50321573 0.06622968 6.87678279
10500 -0.45784113 0.06740384 12.37621059
10600 -0.54489404 0.18623681 18.86040874
10700 -0.53307735 0.11929998 9.35556373
10800 -0.52613194 0.08386169 6.24463660
10900 -0.49790612 0.13183611 13.90196102
11000 -0.54966891 0.19280630 19.85374293
11100 -0.49424088 0.06377232 7.62595010
11200 -0.54052240 0.18692034 19.23839959
11300 -0.51455681 0.14546695 14.23058609
11400 -0.56056720 0.18052446 17.07201256
11500 -0.50469421 0.06119690 6.41412727
11600 -0.50291587 0.11998157 11.91045254
11700 -0.52865929 0.07469360 5.33431534
11800 -0.58127680 0.08987206 4.21377257
11900 -0.52226196 0.15606850 15.20028996
12000 -0.50896527 0.14525549 14.69323973
12100 -0.53129724 0.08148617 5.68003191
12200 -0.54773740 0.08869892 5.29943925
12300 -0.52720064 0.11835954 9.65436404
12400 -0.49588230 0.16526474 19.07646489
12500 -0.54674080 0.12951117 9.80484282
12600 -0.51621195 0.13561218 12.70555018
12700 -0.56884022 0.10468021 5.96443906
12800 -0.54103878 0.05985471 3.52950579
12900 -0.53466663 0.13321438 11.00726010
13000 -0.54642556 0.08626832 5.15622164
13100 -0.51062165 0.10873168 9.90553345
13200 -0.56554105 0.14974714 11.80581209
13300 -0.57704694 0.10374523 5.64495753
13400 -0.61877220 0.10348596 5.53087009
13500 -0.49343596 0.01467492 5.78562341
13600 -0.53275212 0.16274513 15.50412769
13700 -0.56494981 0.10723769 6.36421938
13800 -0.53467305 0.05153545 3.46175696
13900 -0.57473304 0.11917255 7.42025769
14000 -0.53204095 0.18089859 18.67136597
14100 -0.54428296 0.13537418 10.71527835
14200 -0.47978243 0.14902644 18.33057268
14300 -0.49888670 0.09179046 9.32469401
14400 -0.52375928 0.15190231 14.44347997
14500 -0.55866157 0.06135268 2.73650845
14600 -0.56131299 0.15453838 12.68939794
14700 -0.47931404 0.10604339 12.90515074
14800 -0.47528198 0.08449252 11.34678602
14900 -0.52801252 0.07294348 5.25147437
15000 -0.53914745 0.17456413 17.08783437
15100 -0.52780586 0.08574378 6.28199489
15200 -0.50609756 0.05243883 5.78374930
15300 -0.51906573 0.19733402 22.74553677
15400 -0.55912053 0.19417165 19.68688106
15500 -0.53297355 0.05286412 3.64357984
15600 -0.55069791 0.15744134 13.60923612
15700 -0.47064475 0.14038213 18.21996184
15800 -0.56332174 0.08464439 4.25498378
15900 -0.55430577 0.17421359 16.21916922
16000 -0.53726607 0.09389818 6.37620727
16100 -0.55432926 0.15243903 12.66173759
16200 -0.43961276 0.11730766 19.74257753
16300 -0.51532367 0.12839163 11.82724574
16400 -0.57457444 0.17738939 16.05672754
16500 -0.54730244 0.15756597 13.80203297
16600 -0.53393882 0.09909133 7.09158580
16700 -0.52713788 0.17274885 17.57552611
16800 -0.54607752 0.10487250 6.95293810
16900 -0.50889216 0.13133355 12.77456957
17000 -0.54663689 0.19305343 20.05862372
17100 -0.45215170 0.08051822 14.17115246
17200 -0.48212486 0.18530309 24.11589149
17300 -0.51873714 0.21962524 27.41944898
17400 -0.52963081 0.09250523 6.75451994
17500 -0.58160928 0.14105282 10.11705859
17600 -0.55136617 0.13245556 9.95486272
17700 -0.51774079 0.18481349 20.46130152
17800 -0.55538647 0.10404886 6.40826628
17900 -0.47309328 0.15612511 20.24018268
18000 -0.44957821 0.12211159 18.76897741
18100 -0.55005958 0.12734883 9.35588518
18200 -0.51268696 0.17369655 18.89702928
18300 -0.55801963 0.14431276 11.29426265
18400 -0.48286465 0.06110669 8.72735903
18500 -0.57150583 0.08415439 3.94693908
18600 -0.54500920 0.15233966 13.11568006
18700 -0.53273470 0.05777580 3.93133164
18800 -0.54056998 0.07052436 4.25280681
18900 -0.54034379 0.09462084 6.25598372
19000 -0.51493424 0.12142826 10.99050275
19100 -0.50440460 0.12328842 12.16925777
19200 -0.51903749 0.16430403 16.77537159
19300 -0.50792163 0.11957710 11.38855501
19400 -0.53771687 0.14023539 11.77257645
19500 -0.53407161 0.07773510 5.19464891
19600 -0.56493892 0.09647719 5.26856409
19700 -0.54104146 0.16700212 15.68290853
19800 -0.53051769 0.11744678 9.31076885
19900 -0.49831608 0.10246827 10.41968282
20000 -0.52919233 0.05839414 4.21180063
20100 -0.59865277 0.13591680 9.23759542
20200 -0.53264584 0.07848374 5.34814000
20300 -0.48219782 0.13361963 15.86577937
20400 -0.50132949 0.07757000 7.87648739
20500 -0.49321042 0.11086195 11.84719325
20600 -0.52878334 0.17470104 17.79613311
20700 -0.56207561 0.11716128 7.58251281
20800 -0.50757754 0.07495429 7.08002853
20900 -0.57341365 0.09087171 4.48225106
21000 -0.48766344 0.15531478 18.37109077
21100 -0.57133824 0.13394748 9.38171246
21200 -0.59403280 0.06261763 1.97828762
21300 -0.56245063 0.11674356 7.51950709
21400 -0.52657437 0.07918624 5.83089206
21500 -0.56530254 0.14587790 11.24213786
21600 -0.52533004 0.16326992 16.11633455
21700 -0.56928246 0.23184597 27.34806086
21800 -0.51955927 0.13714988 12.64040019
21900 -0.53380580 0.18432844 19.17932207
22000 -0.54393438 0.16260767 14.79230432
22100 -0.60457538 0.13478503 9.09396981
22200 -0.48831744 0.05151707 7.56350192
22300 -0.55843177 0.09341389 5.22703612
22400 -0.58510765 0.12212402 7.56802970
22500 -0.56751795 0.15852907 13.09327421
22600 -0.52541336 0.08236688 6.17373433
22700 -0.50756986 0.03940017 5.04785204
22800 -0.51155138 0.13670316 13.25545687
22900 -0.49920061 0.09272264 9.37900274
23000 -0.55577657 0.19624832 20.23455803
23100 -0.53131343 0.10338001 7.70263569
23200 -0.51293103 0.08194876 7.14830168
23300 -0.54498199 0.01605011 1.64229368
23400 -0.52161102 0.18385439 19.97363420
23500 -0.49534641 0.05908057 7.22144336
23600 -0.55241327 0.17063298 15.69005482
23700 -0.47977915 0.11098535 13.38539943
23800 -0.52290714 0.10982466 9.00238313
23900 -0.48848048 0.11095531 12.37384228
24000 -0.49216778 0.16133362 18.82816235
24100 -0.50154640 0.07913199 7.97749149
24200 -0.56099647 0.12778864 8.92560598
24300 -0.52625510 0.14618508 13.40419370
24400 -0.50930987 0.05181635 5.45481679
24500 -0.51336574 0.08499573 7.36488466
24600 -0.48777963 0.16253255 19.50512042
24700 -0.50038949 0.16617772 18.76864444
24800 -0.53855662 0.15611230 14.07317024
24900 -0.55766152 0.14284950 11.09926381
25000 -0.49564614 0.11460033 12.01148189
25100 -0.52609636 0.12337552 10.34163344
25200 -0.55465484 0.10479052 6.51861881
25300 -0.51773522 0.06712133 5.63638312
25400 -0.54839621 0.20043552 21.41867552
25500 -0.54106113 0.14363550 12.05247374
25600 -0.55307705 0.11741411 7.99391864
25700 -0.53343476 0.13511581 11.34360678
25800 -0.54863788 0.04149884 2.18011046
25900 -0.63585212 0.10145305 5.78904737
26000 -0.45645064 0.11033507 16.39012337
26100 -0.49427883 0.12579715 13.50094445
26200 -0.47730385 0.06285530 9.50256718
26300 -0.47726977 0.11273108 13.88550243
26400 -0.52997348 0.08575312 6.12865611
26500 -0.56949675 0.06410265 2.51979923
26600 -0.52544006 0.06742557 5.05269656
26700 -0.55830889 0.10467539 6.34754355
26800 -0.50964006 0.09958873 9.04141673
26900 -0.54502154 0.10326824 6.84348025
27000 -0.48164717 0.08863312 10.93161025
27100 -0.57403738 0.10510363 5.86041574
27200 -0.57520618 0.08209551 3.67720315
27300 -0.54064722 0.17882419 17.75042144
27400 -0.58835693 0.12961522 8.46783329
27500 -0.54094834 0.23033998 28.27180171
27600 -0.59491926 0.18099596 16.39267563
27700 -0.54423677 0.11991543 8.74462466
27800 -0.46889102 0.14907502 19.70646205
27900 -0.51180530 0.11900039 10.96969870
28000 -0.54480840 0.09935871 6.45913314
28100 -0.54618686 0.17880964 17.43437141
28200 -0.57998826 0.09079378 4.32199050
28300 -0.50535341 0.13410710 13.47134639
28400 -0.47357277 0.14726424 18.83530124
28500 -0.62668942 0.18406021 17.29524335
28600 -0.56332345 0.13467875 9.74176673
28700 -0.53842082 0.17844013 17.81643670
28800 -0.55580238 0.08825761 4.87141787
28900 -0.54955403 0.11246795 7.59691813
29000 -0.56870172 0.07675909 3.43577016
29100 -0.52860796 0.16728250 16.54012903
29200 -0.54493176 0.17587031 16.98143754
29300 -0.56816572 0.11397521 7.00188440
29400 -0.57689062 0.07400700 3.00553953
29500 -0.53729377 0.08143884 5.28217787
29600 -0.51920185 0.12915326 11.60445249
29700 -0.51404845 0.04041177 4.51038969
29800 -0.48955620 0.14816395 17.07519401
29900 -0.53828586 0.10995576 7.94945261
30000 -0.55887424 0.11013135 6.91012106
30100 -0.60024049 0.16626207 13.82156686
30200 -0.52922691 0.14950542 13.68035131
30300 -0.52196599 0.05420245 4.51360610
30400 -0.53797191 0.10461396 7.39578182
30500 -0.55117757 0.20101270 21.39486664
30600 -0.57403621 0.10103508 5.44110344
30700 -0.44213448 0.09987866 17.44863485
30800 -0.53048005 0.08745715 6.24088779
30900 -0.49015128 0.12344945 13.65325336
31000 -0.47045961 0.19023882 26.48576175
31100 -0.50143430 0.11805241 11.82578375
31200 -0.55331966 0.07930343 4.23404394
31300 -0.50718410 0.13480055 13.39299033
31400 -0.58656662 0.09896297 4.98706233
31500 -0.48890802 0.06881498 8.53846427
31600 -0.52884565 0.06048758 4.36084466
31700 -0.53372271 0.14177466 12.24636654
31800 -0.52947419 0.09940034 7.42715864
31900 -0.53401541 0.16004041 14.98344965
32000 -0.50045306 0.10735087 10.71690129
32100 -0.60499725 0.10655549 5.68952262
32200 -0.55621754 0.09058950 5.06168069
32300 -0.47175649 0.13986013 18.00362757
32400 -0.52305572 0.05841532 4.66638592
32500 -0.51653397 0.04850252 4.65953582
32600 -0.52047091 0.10323228 8.49088984
32700 -0.51749592 0.05460115 4.89410390
32800 -0.59178747 0.12492003 7.83623015
32900 -0.51916540 0.19223837 21.74491129
33000 -0.48767919 0.12343391 13.92594695
33100 -0.57296852 0.13318152 9.23400959
33200 -0.58224150 0.11399385 6.65498085
33300 -0.55591036 0.08356044 4.46312174
33400 -0.47914049 0.12500136 15.11618086
33500 -0.53025444 0.14522620 12.97754633
33600 -0.51860567 0.19936422 23.18556557
33700 -0.51989410 0.15377214 15.03141366
33800 -0.52936022 0.11123434 8.68152865
33900 -0.54902867 0.09739886 6.04230755
34000 -0.54727878 0.09957335 6.34718889
34100 -0.52348698 0.18292379 19.65767661
34200 -0.52897655 0.17915411 18.57026325
34300 -0.48339383 0.16724652 20.78419959
34400 -0.51732956 0.17905317 19.44721996
34500 -0.61655895 0.11281590 6.50081290
34600 -0.54502464 0.17250436 16.39002136
34700 -0.41298096 0.09372086 21.87986107
34800 -0.57718849 0.13649414 9.57550749
34900 -0.50728487 0.04993230 5.54466434
35000 -0.51596034 0.16729248 17.52471834
35100 -0.52680709 0.00417501 2.68731623
35200 -0.47390072 0.18630310 25.30493562
35300 -0.49370535 0.13516383 14.78390633
35400 -0.51596712 0.09395187 7.94423947
35500 -0.57136390 0.15843524 12.96087515
35600 -0.57215274 0.10974723 6.40996192
35700 -0.55129582 0.09950245 6.13641715
35800 -0.54435544 0.07682024 4.49883271
35900 -0.52623606 0.17002136 17.17419163
36000 -0.57719116 0.13136035 8.88789292
36100 -0.56256195 0.20221481 21.14621890
36200 -0.53283988 0.14391835 12.61148630
36300 -0.51791290 0.12192291 10.80174386
36400 -0.47128423 0.02989909 8.73085233
36500 -0.51089277 0.19520826 23.02318242
36600 -0.54414192 0.18625800 18.90608405
36700 -0.57358856 0.07603009 3.23906940
36800 -0.53584731 0.03745001 2.75903553
36900 -0.52565143 0.10997777 8.81140980
37000 -0.57063319 0.10923359 6.39719285
37100 -0.54170079 0.04766456 2.83535379
37200 -0.50545877 0.08648587 8.20892532
37300 -0.55650499 0.12592530 8.87449800
37400 -0.53906523 0.13726192 11.27694014
37500 -0.51580248 0.10650870 9.21666351
37600 -0.53649036 0.18417165 18.97633633
37700 -0.52977610 0.13030232 10.95504465
37800 -0.58633431 0.09094574 4.22893951
37900 -0.51695487 0.03534892 4.07302041
38000 -0.52663437 0.05340858 4.11749614
38100 -0.56918064 0.17310177 15.45702853
38200 -0.54091201 0.06387572 3.78574918
38300 -0.49291274 0.11623807 12.48948444
38400 -0.52211486 0.16217204 16.18293372
38500 -0.51615786 0.12912613 11.85153027
38600 -0.57264816 0.11465402 6.94683392
38700 -0.51315538 0.15178355 15.29011735
38800 -0.55890764 0.17334490 15.86851825
38900 -0.57815824 0.07411387 2.98496441
39000 -0.57790734 0.13998222 10.04155424
39100 -0.53076996 0.12044872 9.65034666
39200 -0.58242089 0.12577943 8.06474453
39300 -0.55910787 0.16230300 14.00721511
39400 -0.51154706 0.09989151 8.90111896
39500 -0.55479741 0.13389571 9.98566742
39600 -0.55422641 0.12963287 9.44995174
39700 -0.57169758 0.14227381 10.52143246
39800 -0.51597862 0.14771197 14.43920887
39900 -0.52029166 0.11202098 9.45105977
40000 -0.56932206 0.07307486 3.14053587
40100 -0.55259525 0.16151595 14.16730575
40200 -0.43313343 0.14869894 24.97791340
40300 -0.56781742 0.13489653 9.61639631
40400 -0.57104270 0.16243928 13.61252244
40500 -0.49523837 0.06589785 7.65876240
40600 -0.58744395 0.14071533 9.97922882
40700 -0.53824839 0.16156632 14.95846909
40800 -0.51821297 0.05799321 5.02616502
40900 -0.52623765 0.08580805 6.40195232
41000 -0.57644576 0.13282446 9.09857034
41100 -0.55461676 0.10824105 6.88788123
41200 -0.46397149 0.17261577 24.14997908
41300 -0.59061027 0.12592739 7.97293704
41400 -0.49497042 0.08320113 8.97682066
41500 -0.51240494 0.14971459 15.04367643
41600 -0.56720429 0.13336118 9.43038161
41700 -0.54366889 0.13584570 10.81362467
41800 -0.48992544 0.05951658 7.82931617
41900 -0.50069571 0.18176457 21.44985042
42000 -0.53432128 0.13076283 10.70630594
42100 -0.54180018 0.16572577 15.42612477
42200 -0.57875122 0.16925405 14.54922120
42300 -0.53134993 0.08169305 5.69329274
42400 -0.52094422 0.13707339 12.51946526
42500 -0.56903216 0.14676575 11.24959648
42600 -0.52520517 0.08423031 6.34450603
42700 -0.55784072 0.13527083 10.03780075
42800 -0.50525087 0.10073285 9.56225221
42900 -0.51715522 0.10849905 9.31764982
43000 -0.51624667 0.11332554 9.92864890
43100 -0.54993508 0.05249447 2.63108293
43200 -0.56769015 0.12217279 7.98505813
43300 -0.55190806 0.04993284 2.40306156
43400 -0.49781889 0.07042463 7.70030365
43500 -0.51156040 0.13774423 13.39751776
43600 -0.50911451 0.13308858 12.98637059
43700 -0.57400448 0.14984315 11.56436760
43800 -0.58093562 0.11188601 6.44096499
43900 -0.52440074 0.11063209 8.97735354
44000 -0.57838594 0.02378684 0.51649070
44100 -0.54098150 0.08562817 5.40768407
44200 -0.58312077 0.14337504 10.42065474
44300 -0.48554410 0.06229555 8.49044364
44400 -0.49851223 0.15300530 16.85519379
44500 -0.54734733 0.12207626 8.83745873
44600 -0.55312521 0.14304795 11.32998085
44700 -0.58655577 0.12357559 7.72583753
44800 -0.52534449 0.20334949 23.46223119
44900 -0.53858472 0.18809507 19.57579540
45000 -0.52423213 0.08167319 6.20564012
45100 -0.56269031 0.16930385 15.02790356
45200 -0.55531622 0.10025422 6.02377439
45300 -0.53945377 0.13904813 11.50011380
45400 -0.57020990 0.07114810 2.97475110
45500 -0.49197051 0.14853329 16.86625430
45600 -0.54335081 0.10072768 6.67759814
45700 -0.58256644 0.12107820 7.48192970
45800 -0.50675393 0.07209623 6.94634796
45900 -0.50856133 0.12874027 12.46754372
46000 -0.51730789 0.05492701 4.92748051
46100 -0.56204622 0.13221592 9.46076893
46200 -0.53421409 0.11452291 8.72164158
46300 -0.53582307 0.11407867 8.56631066
46400 -0.51241552 0.10652007 9.50878323
46500 -0.58067266 0.16104652 13.15476462
46600 -0.56156109 0.17098790 15.35720569
46700 -0.50970747 0.15538052 16.14792338
46800 -0.55146701 0.12509650 9.00229270
46900 -0.49214080 0.17789757 21.64057684
47000 -0.51812354 0.13514000 12.48328608
47100 -0.51462574 0.21032788 25.76329070
47200 -0.52549122 0.12194095 10.21057653
47300 -0.51646824 0.12876354 11.77880202
47400 -0.53667033 0.09746553 6.75508847
47500 -0.60447736 0.07252416 2.63990034
47600 -0.46521700 0.13028611 17.57046406
47700 -0.50131480 0.10270743 10.14379238
47800 -0.51261761 0.05601032 5.38641900
47900 -0.52579939 0.09092078 6.88615962
48000 -0.51420477 0.07288543 6.33655412
48100 -0.53261561 0.11915418 9.36918715
48200 -0.57567888 0.10122868 5.41938136
48300 -0.52771745 0.13613126 11.87824369
48400 -0.50647080 0.10572183 9.96240807
48500 -0.52526708 0.15062973 14.13716319
48600 -0.54552853 0.13224131 10.22745332
48700 -0.53309007 0.08152943 5.56199275
48800 -0.50122229 0.19560099 24.00839188
48900 -0.50982299 0.21861044 27.96120813
49000 -0.51006242 0.15431807 15.95141722
49100 -0.54905315 0.16352140 14.66741422
49200 -0.58293597 0.14988734 11.37869760
49300 -0.51197221 0.20611328 25.11578776
49400 -0.50144840 0.11452294 11.41396075
49500 -0.56871936 0.15183496 12.01616754
49600 -0.51199621 0.07094652 6.38903806
49700 -0.53354141 0.08495895 5.81738356
49800 -0.53465840 0.14362531 12.44887723
49900 -0.51833350 0.12317939 10.92128964
50000 -0.52141489 0.09779850 7.87008232
50100 -0.52473823 0.14191461 12.90204505
50200 -0.51724074 0.09502346 7.93927675
50300 -0.49474603 0.15737657 17.92289221
50400 -0.49499622 0.10657904 11.19244282
50500 -0.58098906 0.10567995 5.76483347
50600 -0.62008589 0.09510392 4.72409917
50700 -0.55569043 0.08592228 4.67298824
50800 -0.51462764 0.14955000 14.82682067
50900 -0.53977462 0.09613151 6.43418195
51000 -0.48230316 0.08829597 10.82436161
51100 -0.57290106 0.07998060 3.56562449
51200 -0.54718110 0.17989715 17.57640986
51300 -0.53313278 0.07568391 5.09963997
51400 -0.54142964 0.14250795 11.86950063
51500 -0.48184352 0.14863171 18.02616936
51600 -0.53027059 0.08907852 6.39858686
51700 -0.57436019 0.06590818 2.50064418
51800 -0.50819579 0.06773880 6.50827849
51900 -0.48011915 0.19606855 26.40714673
52000 -0.56533713 0.06928222 3.00076997
52100 -0.55486586 0.17196938 15.80527826
52200 -0.53219834 0.09531646 6.84114586
52300 -0.49926495 0.04926640 6.28736444
52400 -0.57609033 0.12968342 8.69473083
52500 -0.56787903 0.12301813 8.08260879
52600 -0.55861322 0.08574253 4.53232362
52700 -0.50216459 0.13393213 13.75479175
52800 -0.52979361 0.09151669 6.65212132
52900 -0.58341629 0.09891948 5.03004102
53000 -0.53078849 0.19932281 22.25990740
53100 -0.57860725 0.16350170 13.59522820
53200 -0.54153653 0.13630119 10.99799596
53300 -0.55841603 0.12656660 8.87416594
53400 -0.49841854 0.08730447 8.97043107
53500 -0.49179249 0.10969643 11.87108656
53600 -0.61366173 0.12846394 8.34481372
53700 -0.51877800 0.19656514 22.61743465
53800 -0.50694374 0.13915710 14.01208205
53900 -0.49528116 0.15046932 16.80352644
54000 -0.50478760 0.13625241 13.81505986
54100 -0.54085517 0.15507906 13.77381321
54200 -0.58763297 0.12752353 8.20759681
54300 -0.63177504 0.06505093 2.62063836
54400 -0.50573081 0.08609945 8.14989730
54500 -0.58839782 0.11358590 6.51818321
54600 -0.52866452 0.08379246 6.05496359
54700 -0.54540941 0.10411283 6.90980692
54800 -0.57200262 0.06404573 2.44285474
54900 -0.54706288 0.04448170 2.39048023
55000 -0.54071393 0.10575408 7.34938137
55100 -0.53660944 0.09199617 6.24082903
55200 -0.57942143 0.08472623 3.80100568
55300 -0.56303957 0.08206993 4.05077322
55400 -0.51936869 0.10183401 8.43578716
55500 -0.53417510 0.14248690 12.31771704
55600 -0.57091842 0.09891275 5.31473502
55700 -0.53277473 0.13376724 11.20645630
55800 -0.54802188 0.09970457 6.32136283
55900 -0.54741549 0.04920375 2.59306981
56000 -0.55093598 0.15426362 13.10227094
56100 -0.53655333 0.14560023 12.61245332
56200 -0.50540585 0.09479908 8.96745960
56300 -0.57613243 0.07546242 3.13211887
56400 -0.51622243 0.06677363 5.73870002
56500 -0.51252327 0.07601024 6.71486731
56600 -0.59231229 0.14914250 11.15129271
56700 -0.52421980 0.13011695 11.33652943
56800 -0.51256724 0.16092279 16.77031640
56900 -0.48865757 0.12160064 13.59192577
57000 -0.51281703 0.09085954 7.92816344
57100 -0.47454586 0.13132183 16.49208223
57200 -0.57330479 0.12174346 7.76705183
57300 -0.49613519 0.09023484 9.46511206
57400 -0.52077196 0.22902687 29.36519405
57500 -0.57016347 0.10636716 6.10209545
57600 -0.58083951 0.09320649 4.52728682
57700 -0.49139811 0.21002301 27.95201742
57800 -0.58071042 0.08060136 3.43433395
57900 -0.49039687 0.13345052 14.91094453
58000 -0.61930454 0.12742183 8.30449376
58100 -0.55006282 0.17650567 16.82398683
58200 -0.45508119 0.11871062 17.54683568
58300 -0.49154715 0.13697878 15.26260414
58400 -0.56848136 0.13799908 10.01858500
58500 -0.48978469 0.13308364 14.92933518
58600 -0.54216117 0.08301066 5.11805019
58700 -0.47572293 0.05464551 9.21546097
58800 -0.53876041 0.08836793 5.77958903
58900 -0.54157061 0.02947313 2.14132961
59000 -0.58457372 0.05863469 1.83799854
59100 -0.57297368 0.10559260 5.94010937
59200 -0.56126549 0.10330357 6.08599448
59300 -0.49962272 0.09868119 9.90678853
59400 -0.51574512 0.09559020 8.11818598
59500 -0.50660714 0.15910380 17.01812333
59600 -0.50559592 0.09865086 9.32206151
59700 -0.49046078 0.09729269 10.73235374
59800 -0.48148017 0.18226976 23.63460861
59900 -0.49955202 0.15247435 16.66911194
60000 -0.49479698 0.12231171 13.01391512
60100 -0.50362530 0.08820811 8.53437699
60200 -0.56994833 0.09738565 5.19353410
60300 -0.56679102 0.17473842 15.81817567
60400 -0.53306694 0.09148520 6.42478818
60500 -0.55376472 0.09493984 5.57563756
60600 -0.59615069 0.11205960 6.28608559
60700 -0.55336106 0.16692081 15.01887297
60800 -0.52838232 0.10592200 8.17428058
60900 -0.56836849 0.16001939 13.30337902
61000 -0.48100244 0.11764363 14.00022195
61100 -0.53985912 0.15716529 14.15892732
61200 -0.54583000 0.07553475 4.31994414
61300 -0.56092335 0.14007287 10.57369604
61400 -0.47646778 0.09418072 12.06510832
61500 -0.55103795 0.20077171 21.35328014
61600 -0.55150769 0.16421510 14.65905106
61700 -0.55503876 0.07865007 4.10367336
61800 -0.50807105 0.09117398 8.38181368
61900 -0.52614616 0.11030190 8.81044912
62000 -0.48027717 0.12673912 15.19817988
62100 -0.52983684 0.08061612 5.71091368
62200 -0.56159043 0.09171581 4.94354211
62300 -0.58734748 0.12814279 8.29033096
62400 -0.48316623 0.14447760 17.26195356
62500 -0.54676244 0.13863984 11.02762124
62600 -0.51394692 0.14028653 13.54272210
62700 -0.53784206 0.13730712 11.35842756
62800 -0.54356852 0.11460900 8.15986676
62900 -0.58944937 0.13341432 8.95534829
63000 -0.57521194 0.13313241 9.16934311
63100 -0.54072068 0.06580553 3.92220261
63200 -0.52577957 0.11509766 9.37807265
63300 -0.52164354 0.13293863 11.90620801
63400 -0.54124741 0.14308972 11.96326694
63500 -0.47833433 0.05037756 8.67021733
63600 -0.55202548 0.20408145 21.97539614
63700 -0.53388315 0.16174585 15.26657957
63800 -0.55511570 0.12334174 8.61389327
63900 -0.53767938 0.06342537 3.95331884
64000 -0.49924314 0.13059038 13.60289619
64100 -0.57378404 0.13611342 9.60707050
64200 -0.55244662 0.08461606 4.71060074
64300 -0.52941634 0.12566505 10.38687922
64400 -0.52020588 0.22002602 27.38927536
64500 -0.55000515 0.13107421 9.83996687
64600 -0.50439541 0.12164442 11.96880135
64700 -0.55264675 0.01527745 1.23786523
64800 -0.55438472 0.14240490 11.17995441
64900 -0.52138064 0.07413276 5.83833481
65000 -0.52592854 0.17047687 17.27447293
65100 -0.58133138 0.16594261 13.94273272
65200 -0.57442484 0.14814026 11.29981251
65300 -0.51911624 0.20236672 23.74723623
65400 -0.52956061 0.09905916 7.38721176
65500 -0.55062031 0.04129672 2.07188657
65600 -0.46582451 0.20207465 29.41861346
65700 -0.49877234 0.11790533 12.07435215
65800 -0.57770701 0.06353811 2.26703432
65900 -0.47257079 0.07356362 10.82490450
66000 -0.59731334 0.05907253 1.74839077
66100 -0.50787311 0.10947645 10.23622846
66200 -0.55911329 0.15701764 13.16313057
66300 -0.51626157 0.10272567 8.78234443
66400 -0.51026953 0.08563299 7.69228372
66500 -0.49550931 0.13519958 14.59861513
66600 -0.55722742 0.14797271 11.86270888
66700 -0.54051085 0.08110062 5.05813451
66800 -0.50208753 0.13190569 13.49298195
66900 -0.54852187 0.07744937 4.32420190
67000 -0.53358830 0.09225010 6.46029727
67100 -0.52594862 0.14306572 12.97570347
67200 -0.51067567 0.17203441 18.78733725
67300 -0.53118840 0.08899517 6.32758791
67400 -0.57899188 0.07826272 3.28319697
67500 -0.53531877 0.11534632 8.74421754
67600 -0.44516940 0.10183768 17.17171403
67700 -0.49832478 0.06521880 7.29567070
67800 -0.48782392 0.16590977 20.05476230
67900 -0.45109250 0.16933739 25.42429683
68000 -0.50042216 0.15141280 16.42079065
68100 -0.51126093 0.11893898 11.01055203
68200 -0.49611056 0.25209453 37.17233428
68300 -0.45215504 0.17513048 26.26440942
68400 -0.53044230 0.10597530 8.03451887
68500 -0.52641921 0.14810962 13.67529605
68600 -0.49185262 0.04727882 6.96557140
68700 -0.53018793 0.11735122 9.32251711
68800 -0.54551826 0.12282126 9.02666120
68900 -0.55129255 0.11852598 8.21041135
69000 -0.50698375 0.13834501 13.89568214
69100 -0.55071901 0.16557283 14.92148878
69200 -0.47002923 0.19384789 27.23470344
69300 -0.49036351 0.10664173 11.69630889
69400 -0.53149298 0.08034399 5.57418458
69500 -0.50886909 0.07125264 6.69089029
69600 -0.55376352 0.15209101 12.63474326
69700 -0.50869250 0.15293629 15.86328425
69800 -0.57421041 0.10587889 5.93772116
69900 -0.49280523 0.12370093 13.39631912
70000 -0.54370845 -0.00371923 1.59128537
70100 -0.56430057 0.03265116 1.17027372
70200 -0.44768266 0.14232703 21.72877769
70300 -0.53267229 0.05305507 3.67393027
70400 -0.49547757 0.10499280 10.97421326
70500 -0.53027662 0.15162720 13.92607889
70600 -0.57167073 0.09712092 5.11751052
70700 -0.51559872 0.10611975 9.19248932
70800 -0.49711622 0.08217918 8.66924484
70900 -0.62346690 0.08887043 4.22432453
71000 -0.52889658 0.08968475 6.54952559
71100 -0.56800336 0.10042492 5.55447451
71200 -0.53241423 0.14234888 12.41551982
71300 -0.57176445 0.10304739 5.70800579
71400 -0.45743316 0.05932719 11.92250978
71500 -0.51849206 0.14465963 13.78497671
71600 -0.51603102 0.15175415 15.04005524
71700 -0.48182832 0.14165578 17.01545299
71800 -0.53359648 0.13028862 10.69227542
71900 -0.47549440 0.21368671 30.58182656
72000 -0.52580542 0.15334019 14.50902502
72100 -0.53578996 0.09602438 6.67180582
72200 -0.55063300 0.03849618 1.95952823
72300 -0.55129571 0.06548859 3.33043135
72400 -0.54361686 0.11639969 8.36397289
72500 -0.48776220 0.15619484 18.49707650
72600 -0.50175637 0.13309943 13.68363407
72700 -0.45053644 0.07535956 14.00920974
72800 -0.52693698 0.10392730 8.06954390
72900 -0.51117209 0.15816111 16.45266721
73000 -0.51567549 0.12007293 10.76406578
73100 -0.55764446 0.17335093 15.92226886
73200 -0.53643482 0.09282060 6.32809756
73300 -0.48588015 0.17394547 21.64018356
73400 -0.52820434 0.11824635 9.56840791
73500 -0.50360345 0.03738175 5.34484518
73600 -0.59859728 0.06315887 1.99550537
73700 -0.51057862 0.13369056 12.93467435
73800 -0.51002764 0.11804955 11.01536093
73900 -0.60895398 0.15356228 11.83077382
74000 -0.52509605 0.11109385 8.97622274
74100 -0.57893226 0.14844981 11.24059745
74200 -0.51112423 0.09463397 8.42724608
74300 -0.53762083 0.10016199 6.96179303
74400 -0.55526949 0.10459943 6.47092999
74500 -0.62798234 0.10037923 5.42950006
74600 -0.51377635 0.14709716 14.53604635
74700 -0.51688177 0.14815441 14.42918400
74800 -0.51614540 0.04016618 4.32245808
74900 -0.57100820 0.16125652 13.42209563
75000 -0.53504905 0.13754876 11.56914432
75100 -0.55958238 0.09018208 4.88319585
75200 -0.53533290 0.10670757 7.78416957
75300 -0.51951705 0.09282518 7.54700948
75400 -0.58168776 0.08761529 4.00588868
75500 -0.54850141 0.06120792 3.19925723
75600 -0.53666293 0.09195767 6.23389814
75700 -0.50105898 0.12249569 12.39725898
75800 -0.50547158 0.10912017 10.42141763
75900 -0.55918663 0.11918670 7.93560054
76000 -0.56366620 0.16946018 15.01844822
76100 -0.53049979 0.09038516 6.49987750
76200 -0.60014367 0.08475689 3.59187531
76300 -0.56712535 0.11025191 6.61811286
76400 -0.57360261 0.15358234 12.14217865
76500 -0.49276364 0.10978104 11.77575707
76600 -0.58300599 0.09042016 4.23230078
76700 -0.58739744 0.10986281 6.11433023
76800 -0.55450285 0.12509579 8.85947394
76900 -0.57955186 0.02937134 0.64040089
77000 -0.46998568 0.08898751 12.41125003
77100 -0.52629595 0.16726443 16.70483890
77200 -0.48427763 0.12670599 14.72303690
77300 -0.59633071 0.11439132 6.54941853
77400 -0.56309140 0.22487589 25.96570624
77500 -0.55669751 0.15258434 12.57854275
77600 -0.54749303 0.16604657 15.16422364
77700 -0.53941503 0.17146241 16.53494894
77800 -0.57044054 0.16111850 13.41646618
77900 -0.53707303 0.08149123 5.30031230
78000 -0.51075854 0.15889209 16.60536684
78100 -0.52233026 0.12200731 10.45918567
78200 -0.58904489 0.08578165 3.73925252
78300 -0.47329307 0.13483679 17.11780221
78400 -0.56342344 0.05310629 2.07906124
78500 -0.49141945 0.16215298 19.04166138
78600 -0.51784299 0.09265043 7.66693771
78700 -0.50835397 0.13726999 13.62102268
78800 -0.52923189 0.16943842 16.85875239
78900 -0.52127159 0.12023150 10.32688806
79000 -0.59444978 0.11655627 6.80808399
79100 -0.53054831 0.12289891 9.96383992
79200 -0.52642639 0.10801329 8.53997333
79300 -0.52952002 0.08193326 5.84024371
79400 -0.53828124 0.13876707 11.53275311
79500 -0.52659226 0.09984980 7.67933974
79600 -0.52873463 0.08636400 6.26874625
79700 -0.55516327 0.11457454 7.56882881
79800 -0.60849111 0.11311123 6.43312511
79900 -0.54752893 0.17947069 17.48147133
80000 -0.54261382 0.14143023 11.64784174
80100 -0.54977629 0.13521137 10.40226807
80200 -0.51965415 0.06052725 5.05950191
80300 -0.53789062 0.13199103 10.63960370
80400 -0.47720082 0.05015547 8.79760496
80500 -0.51508083 0.09784340 8.39229797
80600 -0.49721509 0.15294988 16.97920276
80700 -0.52132568 0.09152693 7.28341367
80800 -0.46788491 0.13896395 18.38268727
80900 -0.52609506 0.12668365 10.75534333
81000 -0.59960234 0.09261567 4.28891027
81100 -0.53741390 0.10003684 6.96219488
81200 -0.51820611 0.06834042 5.68032666
81300 -0.54555121 0.12219034 8.94757447
81400 -0.51766588 0.19130170 21.68762439
81500 -0.55426419 0.09052487 5.14325845
81600 -0.61579390 0.12394206 7.80554027
81700 -0.48259712 0.09764359 11.65885372
81800 -0.51626295 0.05603777 5.07606312
81900 -0.58445919 0.14857778 11.15843626
82000 -0.56430127 0.10507301 6.15736873
82100 -0.48742415 0.16025053 19.17677773
82200 -0.49778185 0.08611017 8.93175600
82300 -0.52888781 0.06919361 4.92234949
82400 -0.53203537 0.10066005 7.37581748
82500 -0.48362780 0.08150780 10.09300503
82600 -0.56919374 0.15119425 11.90436398
82700 -0.52699507 0.14997969 13.91181400
82800 -0.50393730 0.11185613 10.86991866
82900 -0.60328875 0.08740961 3.82562777
83000 -0.55247115 0.08270727 4.54974180
83100 -0.55445402 0.11484294 7.63166867
83200 -0.59578535 0.09477752 4.50027063
83300 -0.50649706 0.17276441 19.29517115
83400 -0.52904773 0.03505854 3.13166294
83500 -0.54496815 0.13580474 10.73571638
83600 -0.53607528 0.12216745 9.50562761
83700 -0.55890311 0.09094984 4.98041426
83800 -0.52689765 0.10954066 8.67155470
83900 -0.53173803 0.08117618 5.62463422
84000 -0.59428977 0.09254541 4.29863012
84100 -0.53607426 0.08276799 5.46852052
84200 -0.60429190 0.07452740 2.78637662
84300 -0.52335841 0.09763957 7.70370963
84400 -0.56824376 0.20972588 22.49670205
84500 -0.54145706 0.09423207 6.15347962
84600 -0.55826057 0.09687008 5.56299607
84700 -0.53535578 0.13072269 10.63364865
84800 -0.49121782 0.05826303 7.61407167
84900 -0.54944300 0.09391354 5.68788199
85000 -0.55554217 0.15159208 12.47832872
85100 -0.52328555 0.15227338 14.53614456
85200 -0.54775784 0.16742967 15.38096953
85300 -0.52351146 0.05355442 4.35928651
85400 -0.54886998 0.12112072 8.64225343
85500 -0.55478569 0.07469793 3.81205704
85600 -0.51537137 0.06920306 5.97553426
85700 -0.52834262 0.08909835 6.53664819
85800 -0.53719252 0.12708234 10.04735021
85900 -0.52851030 0.11902434 9.63878588
86000 -0.51299655 0.11773372 10.71541486
86100 -0.47525245 0.17223862 22.61404768
86200 -0.54853798 0.09990771 6.31494553
86300 -0.46012661 0.14176930 19.83155020
86400 -0.55634168 0.08580678 4.63442643
86500 -0.51066799 0.13316231 12.85620338
86600 -0.56310868 0.12327263 8.27855535
86700 -0.62046306 0.10254066 5.46666222
86800 -0.54495515 0.15640854 13.74678394
86900 -0.49367680 0.12634867 13.63430511
87000 -0.52793072 0.11117810 8.77727590
87100 -0.51819487 0.15186489 14.87751174
87200 -0.54926313 0.08442748 4.85111442
87300 -0.51584625 0.02064954 3.75412860
87400 -0.49529796 0.14680347 16.25688719
87500 -0.58772746 0.12416391 7.78364602
87600 -0.52811239 0.16437651 16.09373271
87700 -0.54123285 0.09548984 6.28594416
87800 -0.52736106 0.22048292 26.94456640
87900 -0.52756939 0.06717351 4.87923687
88000 -0.54304909 0.18009370 17.83857359
88100 -0.47958179 0.07238937 9.87038325
88200 -0.52186638 0.14837668 14.06025009
88300 -0.56882146 0.15015147 11.75878259
88400 -0.52728340 0.15671996 14.92442437
88500 -0.50046097 0.00691412 4.97791149
88600 -0.52702100 0.08352085 6.15083312
88700 -0.49087449 0.07362699 8.66465543
88800 -0.49544842 0.09175287 9.67481131
88900 -0.47928566 0.12859984 15.55493516
89000 -0.55619898 0.16836975 15.13345021
89100 -0.54289682 0.17218119 16.45356825
89200 -0.55147918 0.06442438 3.25238518
89300 -0.51954221 0.10201122 8.43987249
89400 -0.49220288 0.04937655 7.02913154
89500 -0.51763727 0.11785083 10.33621900
89600 -0.54666423 0.14061716 11.30894465
89700 -0.55870793 0.14642038 11.57198174
89800 -0.52104523 0.12407443 10.81415963
89900 -0.57798987 0.08696039 4.02327725
90000 -0.58934240 0.11602054 6.78717549
90100 -0.52331584 0.18333205 19.74555027
90200 -0.55432052 0.13019240 9.51833748
90300 -0.56556397 0.09130732 4.76143300
90400 -0.52756827 0.17387063 17.73867611
90500 -0.60819499 0.09585034 4.62722260
90600 -0.50871887 0.12903287 12.49086228
90700 -0.52130966 0.21018899 25.18579034
90800 -0.56303424 0.11058172 6.79739181
90900 -0.51875322 0.12687425 11.34905711
91000 -0.47588313 0.17619276 23.22444390
91100 -0.51419821 0.08814792 7.56600196
91200 -0.52085412 0.11501648 9.74643010
91300 -0.52286362 0.20269028 23.51668452
91400 -0.49230308 0.14902333 16.90328999
91500 -0.49359159 0.10980776 11.69024735
91600 -0.50956227 0.09881646 8.97183764
91700 -0.51640242 0.10806925 9.33375962
91800 -0.51796697 0.11273677 9.71949781
91900 -0.49018280 0.16966370 20.42279367
92000 -0.49454472 0.11767378 12.48396771
92100 -0.52815116 0.08219868 5.95943890
92200 -0.57165578 0.14523635 10.94849669
92300 -0.56980036 0.07224099 3.06538915
92400 -0.53901890 0.05968595 3.64055389
92500 -0.49381329 0.15935435 18.33471237
92600 -0.52013813 0.12933398 11.55259796
92700 -0.56172733 0.15734769 13.11154690
92800 -0.45551941 0.12700065 18.50190310
92900 -0.53831802 0.14371692 12.22960969
93000 -0.54671468 0.06639353 3.62371342
93100 -0.57403010 0.16285698 13.59841635
93200 -0.52905863 0.14621263 13.20540574
93300 -0.55703713 0.10263879 6.19026450
93400 -0.56315598 0.20685381 22.07299057
93500 -0.58422422 0.07582989 2.99952366
93600 -0.49598144 0.19840186 25.09157915
93700 -0.54406683 0.11803068 8.52988054
93800 -0.55323370 0.05787981 2.76857962
93900 -0.60352552 0.03685479 0.68535227
94000 -0.54083488 0.12268150 9.27563055
94100 -0.51466997 0.15124418 15.07800796
94200 -0.52731524 0.14415695 13.03215043
94300 -0.53130623 0.16686611 16.28156623
94400 -0.53735447 0.12267406 9.48669311
94500 -0.46834138 0.05778104 10.33631982
94600 -0.60747430 0.06702908 2.27438129
94700 -0.46056202 0.10389709 15.11877785
94800 -0.54770835 0.08353412 4.85618267
94900 -0.54029846 0.14287765 11.98914822
95000 -0.62574452 0.09711070 5.04663379
95100 -0.49185390 0.16042786 18.71633898
95200 -0.52910577 0.14964657 13.71004361
95300 -0.58111732 0.09790123 4.97060358
95400 -0.51215322 0.07096033 6.37621302
95500 -0.55922631 0.10921938 6.79568294
95600 -0.50368848 0.15763360 17.06213009
95700 -0.52036041 0.13598945 12.41779716
95800 -0.50634901 0.11391001 10.87299870
95900 -0.55195324 0.09916188 6.07078431
96000 -0.52238082 0.10912665 8.96668135
96100 -0.52389553 0.17831962 18.79488895
96200 -0.55855646 0.12171222 8.26571553
96300 -0.54282253 0.14870459 12.69115992
96400 -0.52882035 0.15432309 14.44107966
96500 -0.50681921 0.15981698 17.11206401
96600 -0.50690924 0.15841309 16.88029847
96700 -0.57699942 0.08534578 3.90646452
96800 -0.51828183 0.22638085 28.96307337
96900 -0.52297393 0.07166179 5.53421352
97000 -0.51709686 0.09815902 8.25406158
97100 -0.57884661 0.09898855 5.12309940
97200 -0.55653543 0.10245679 6.19328162
97300 -0.50931980 0.14069705 14.00927951
97400 -0.51964962 0.16183674 16.32365613
97500 -0.57678634 0.13135503 8.89650906
97600 -0.53419712 0.13841141 11.74386912
97700 -0.46790720 0.12161317 16.11913468
97800 -0.57424755 0.09622132 4.96086581
97900 -0.50393615 0.09691468 9.31035839
98000 -0.47046038 0.19583300 27.56553799
98100 -0.55664879 0.06181947 2.85048696
98200 -0.55779536 0.09934579 5.82540869
98300 -0.55217126 0.11865199 8.18294162
98400 -0.54706373 0.06649118 3.61166260
98500 -0.48973332 0.12253741 13.58707810
98600 -0.56065088 0.11408121 7.28143839
98700 -0.52056622 0.11203474 9.43075485
98800 -0.54612078 0.17802355 17.29767800
98900 -0.54101131 0.16566086 15.46159324
99000 -0.55517960 0.16861314 15.21962907
99100 -0.52112801 0.09952002 8.06251244
99200 -0.54895328 0.11607006 8.03901378
99300 -0.61081317 0.12422750 7.77469776
99400 -0.55846921 0.18816993 18.56636502
99500 -0.47505001 0.13395633 16.77839844
99600 -0.50756318 0.09636415 8.91530758
99700 -0.55661213 0.10977723 6.96677310
99800 -0.51965782 0.14811183 14.19598984
99900 -0.50995629 0.16856987 18.26183517
100000 -0.59439627 0.08894984 3.97173776
100100 -0.59266474 0.08766741 3.86969031
100200 -0.51942162 0.08487837 6.84860611
100300 -0.56275917 0.09375075 5.08804123
100400 -0.48295727 0.10587845 12.45462321
100500 -0.53085810 0.08183388 5.73869302
100600 -0.53090936 0.09512059 6.91072186
100700 -0.57142271 0.03613655 1.06125593
100800 -0.52684049 0.11788694 9.62482245
100900 -0.54458219 0.09842917 6.37971698
101000 -0.47427096 0.16047787 20.78046964
101100 -0.54893022 0.14326660 11.56672119
101200 -0.56558593 0.07028438 3.06211098
101300 -0.51826687 0.13114597 11.93978567
101400 -0.51041359 0.03438754 4.60411420
101500 -0.63234484 0.14605827 11.18960398
101600 -0.48599279 0.14841391 17.51216667
101700 -0.46915306 0.13974209 18.32438689
101800 -0.47385300 0.13867236 17.57154469
101900 -0.55212027 0.09991085 6.13732325
102000 -0.55641002 0.13005207 9.40681317
102100 -0.55011850 0.13777942 10.73566643
102200 -0.49810774 0.08351286 8.67821498
102300 -0.50412003 0.16530327 18.25906983
102400 -0.58719742 0.10616285 5.71722885
102500 -0.51440935 0.15922300 16.33886186
102600 -0.55520635 0.12572666 8.90683227
102700 -0.47732843 0.12878390 15.81680439
102800 -0.51584116 0.06668420 5.76474608
102900 -0.57383044 0.13804413 9.87051331
103000 -0.54696639 0.13438197 10.43553863
103100 -0.59757890 0.12962565 8.40433513
103200 -0.48236759 0.05176082 8.25828305
103300 -0.47519512 0.11972882 14.95562419
103400 -0.54457916 0.11221367 7.83168844
103500 -0.53227599 0.14264869 12.46759437
103600 -0.53141464 0.16670894 16.24791043
103700 -0.50320388 0.12239225 12.17467609
103800 -0.50740354 0.11278056 10.64678020
103900 -0.54567930 0.18684400 18.93070960
104000 -0.56761156 0.10605296 6.14812060
104100 -0.54955101 0.10357571 6.63651453
104200 -0.50947286 0.14023876 13.93103714
104300 -0.56187233 0.10350657 6.08366467
104400 -0.48686695 0.07351987 9.10212989
104500 -0.56576690 0.09427025 5.02939253
104600 -0.49949078 0.06513544 7.17236416
104700 -0.49829010 0.10831038 11.03802075
104800 -0.62590545 0.17557005 15.74796666
104900 -0.56644992 0.12195185 7.99893061
105000 -0.49462005 0.06325107 7.55281549
105100 -0.54156075 0.08487082 5.30910082
105200 -0.57640089 0.09155410 4.46953593
105300 -0.54843322 0.03833169 2.06422540
105400 -0.54470338 0.13794289 11.04297867
105500 -0.52968048 0.08540029 6.11902240
105600 -0.57312977 0.14331985 10.63129479
105700 -0.50878365 0.16251754 17.36618632
105800 -0.49028594 0.04128574 6.87084344
105900 -0.52089670 0.12785005 11.30148336
106000 -0.51937999 0.10170238 8.42148015
106100 -0.53267365 0.14921514 13.39899720
106200 -0.53382036 0.16567145 15.91338775
106300 -0.58673536 0.11603101 6.81957337
106400 -0.51162644 0.06248218 5.85695473
106500 -0.52793138 0.10999954 8.64689252
106600 -0.53049560 0.14587135 13.05465629
106700 -0.59472851 0.15040323 11.32446053
106800 -0.56107249 0.09294888 5.07742292
106900 -0.45661855 0.11535155 16.93211000
107000 -0.48224938 0.05466025 8.42647619
107100 -0.52833836 0.16758953 16.61082103
107200 -0.48643853 0.11289906 12.82120300
107300 -0.54018375 0.06872075 4.15026286
107400 -0.53422618 0.19595186 21.36166260
107500 -0.50458535 0.21949038 28.63999243
107600 -0.56569711 0.04958884 1.81787060
107700 -0.55063078 0.15475582 13.19334230
107800 -0.57301229 0.13745356 9.81090896
107900 -0.53286041 0.19156342 20.60213372
108000 -0.48249902 0.13595906 16.14567286
108100 -0.53283351 0.05472957 3.75333110
108200 -0.56807534 0.15534707 12.57594784
108300 -0.53742506 0.10471399 7.44032152
108400 -0.55950013 0.10316479 6.14160738
108500 -0.52255221 0.13445466 12.03810765
108600 -0.48622656 0.05584147 8.03133243
108700 -0.50858517 0.10970680 10.19612673
108800 -0.50890772 0.12985655 12.58026253
108900 -0.52014723 0.10849157 9.07344293
109000 -0.50254636 0.11232030 11.05653086
109100 -0.57353048 0.09602966 4.96116588
109200 -0.51232822 0.13453385 12.89284978
109300 -0.52145080 0.11858505 10.11619509
109400 -0.50401264 0.11480689 11.19709773
109500 -0.55216341 0.06964420 3.56932739
109600 -0.51047594 0.12235969 11.49322554
109700 -0.55354781 0.12815832 9.29118076
109800 -0.50886377 0.12692422 12.20778466
109900 -0.51215226 0.05112648 5.16557153
110000 -0.56014750 0.11803858 7.76066467
110100 -0.58575265 0.13015999 8.57230495
110200 -0.56160053 0.10993096 6.77966792
110300 -0.49123244 0.06341448 7.92588895
110400 -0.54250514 0.17148276 16.35599834
110500 -0.56578017 0.06888040 2.95775320
110600 -0.44762599 0.12734249 19.71697545
110700 -0.50840916 0.15053229 15.52442590
110800 -0.52368647 0.13141581 11.54693558
110900 -0.57076375 0.09614370 5.04918506
111000 -0.55304117 0.06076421 2.94871000
111100 -0.51111477 0.12585567 11.87011701
111200 -0.55415100 0.11106518 7.21880219
111300 -0.56176923 0.08372883 4.23605387
111400 -0.50640869 0.05800286 6.06183298
111500 -0.48309045 0.18326897 23.62768027
111600 -0.52683828 0.11166568 8.91093087
111700 -0.51143735 0.08924588 7.90408556
111800 -0.50482969 0.19711771 23.95638933
111900 -0.49765518 0.09897056 10.13481748
112000 -0.51152842 0.15251952 15.54471242
112100 -0.55058683 0.06430056 3.28811155
112200 -0.56162462 0.12267046 8.26035581
112300 -0.58804256 0.06448989 2.15096310
112400 -0.50787464 0.05861267 5.96126336
112500 -0.53245542 0.13739895 11.72037156
112600 -0.55537943 0.07061344 3.48862651
112700 -0.51464978 0.17274992 18.56359736
112800 -0.56053479 0.05991604 2.57371761
112900 -0.53600521 0.15986857 14.82664653
113000 -0.53656102 0.18447224 19.02725601
113100 -0.58858051 0.11928341 7.17946867
113200 -0.54781684 0.08578986 5.04149111
113300 -0.48357783 0.10599568 12.39460311
113400 -0.54095210 0.11712846 8.60286458
113500 -0.56972829 0.13557393 9.64833317
113600 -0.55398772 0.12591009 8.98524026
113700 -0.53741487 0.07261415 4.59485646
113800 -0.54796140 0.04200190 2.23608786
113900 -0.46227397 0.17934298 25.56618087
114000 -0.53196996 0.16530217 15.97644663
114100 -0.51016003 0.13425733 13.04812575
114200 -0.55081078 0.14305000 11.44144141
114300 -0.54412970 0.05055366 2.83858180
114400 -0.58548569 0.12537202 7.96440474
114500 -0.52900013 0.04915316 3.72850768
114600 -0.51522775 0.06670107 5.81768367
114700 -0.57594387 0.10803073 6.12466813
114800 -0.55066799 0.14379398 11.55517817
114900 -0.49915780 0.10773758 10.88826789
115000 -0.55867315 0.08580355 4.53507914
115100 -0.51478652 0.10811182 9.47475127
115200 -0.49969365 0.13202271 13.74567901
115300 -0.53365331 0.08592960 5.89288973
115400 -0.50678982 0.11803307 11.30997099
115500 -0.53857344 0.04825490 3.05087890
115600 -0.56109178 0.13452421 9.80530612
115700 -0.53807886 0.03681907 2.59493577
115800 -0.49939639 0.07673164 8.00441571
115900 -0.52601873 0.15563856 14.84829572
116000 -0.55819928 0.14500372 11.38668933
116100 -0.52889333 0.03143589 3.02218718
116200 -0.57888956 0.12450539 7.97362176
116300 -0.53458871 0.09068235 6.25096307
116400 -0.54455648 0.09919548 6.45686347
116500 -0.50377211 0.12687259 12.67823071
116600 -0.52043969 0.12602537 11.10611811
116700 -0.51171888 0.09190210 8.11977569
116800 -0.49819979 0.08915071 9.15556583
116900 -0.50526945 0.13327657 13.36826063
117000 -0.51584672 0.14712456 14.36370580
117100 -0.47172722 0.13499256 17.33844818
117200 -0.57872571 0.09380483 4.62597075
117300 -0.57898895 0.12473752 8.00045696
117400 -0.45537128 0.08809526 14.33912064
117500 -0.49874479 0.13803449 14.65306925
117600 -0.57892090 0.12561786 8.11208741
117700 -0.52395448 0.08696841 6.67321250
117800 -0.51050276 0.15914780 16.66888927
117900 -0.61594924 0.10979709 6.15488908
118000 -0.56119578 0.10185134 5.93973129
118100 -0.55078280 0.11479320 7.79990562
118200 -0.56216900 0.09387017 5.12139644
118300 -0.51995784 0.19365974 21.95542048
118400 -0.58949170 0.19326411 18.73071960
118500 -0.51409950 0.05755201 5.34556464
118600 -0.49098618 0.13431459 14.96221031
118700 -0.50273666 0.09726089 9.45991938
118800 -0.56337793 0.10953208 6.66922651
118900 -0.51190579 0.06335899 5.88747589
119000 -0.54504829 0.18458792 18.54619445
119100 -0.57583292 0.07449848 3.06703568
119200 -0.54505281 0.15781477 13.96234707
119300 -0.50308337 0.07912432 7.82674610
119400 -0.49114831 0.07890917 9.03767348
119500 -0.53475796 0.10754046 7.91073715
119600 -0.54291343 0.15272606 13.29206380
119700 -0.54171830 0.16913441 16.00160301
119800 -0.51915616 0.02962988 3.70682805
119900 -0.55415968 0.13562106 10.24720408
120000 -0.49794650 0.06877725 7.57261413
120100 -0.52707896 0.11706502 9.51084813
120200 -0.56041902 0.14180154 10.83716467
120300 -0.51636305 0.19171485 21.87486219
120400 -0.54689283 0.16023735 14.24818914
120500 -0.53788783 0.10571384 7.51666905
120600 -0.54965648 0.14155285 11.28583971
120700 -0.55871715 0.12016377 8.07180303
120800 -0.54960366 0.13668431 10.61119660
120900 -0.52945278 0.09382360 6.88988949
121000 -0.46293333 0.12380393 17.05734250
121100 -0.50037801 0.08791423 8.82672681
121200 -0.54251316 0.05961515 3.42935169
121300 -0.58234498 0.14386826 10.50488750
121400 -0.48196164 0.11125701 13.15558794
121500 -0.51449289 0.08577326 7.33425936
121600 -0.55354757 0.10734294 6.84016723
121700 -0.55405429 0.05963204 2.83349415
121800 -0.57686099 0.17840470 16.18182448
121900 -0.50907589 0.16078122 17.05889790
122000 -0.55801398 0.08731672 4.69351784
122100 -0.52918108 0.12806198 10.70759481
122200 -0.53913481 0.12112963 9.18847991
122300 -0.53665697 0.10673640 7.70249868
122400 -0.58459076 0.06581144 2.28429552
122500 -0.48257349 0.11530609 13.54224022
122600 -0.55634313 0.21671271 24.43515984
122700 -0.50143760 0.12372325 12.51099418
122800 -0.48430881 0.14697200 17.49261005
122900 -0.53834388 0.14316948 12.14948865
123000 -0.55643730 0.11829515 7.94572561
123100 -0.58891637 0.13495691 9.16810722
123200 -0.48905881 0.12968941 14.56364555
123300 -0.54255672 0.08228466 5.03524810
123400 -0.63612723 0.06831357 2.98596057
123500 -0.55370465 0.14276843 11.26304193
123600 -0.51015727 0.15691257 16.34663617
123700 -0.54326680 0.16502957 15.22670679
123800 -0.50469201 0.12785754 12.71558244
123900 -0.51553331 0.14107289 13.51809013
124000 -0.53189549 0.10431970 7.76041194
124100 -0.54943332 0.13909894 10.95275206
124200 -0.56527267 0.04913586 1.81016024
124300 -0.50553295 0.14296928 14.68211837
124400 -0.54368710 0.15806055 14.07713980
124500 -0.52331515 0.09638519 7.58533551
124600 -0.49189018 0.09321523 10.18840615
124700 -0.58978948 0.09316682 4.39215511
124800 -0.48178249 0.13126939 15.60351557
124900 -0.58462750 0.17232321 14.96580194
125000 -0.54200358 0.12665346 9.70234150
125100 -0.59762254 0.12006273 7.21035551
125200 -0.52082330 0.13776541 12.62412922
125300 -0.52590709 0.15521004 14.78995810
125400 -0.49468324 0.13107411 14.13602042
125500 -0.48371166 0.12822008 14.98168284
125600 -0.57346438 0.19457905 19.28257368
125700 -0.50044663 0.15211240 16.52452820
125800 -0.54199472 0.16417036 15.15825926
125900 -0.50715538 0.10789325 10.13053846
126000 -0.52724456 0.17505298 17.96844948
126100 -0.54832332 0.11438967 7.87773794
126200 -0.52312230 0.09279419 7.26047181
126300 -0.44469283 0.07153621 14.61887292
126400 -0.56812975 0.11779993 7.44626799
126500 -0.49364692 0.06792911 7.96267054
126600 -0.55228640 0.14423046 11.53950709
126700 -0.55390756 0.05533255 2.59310188
126800 -0.53683058 0.10466386 7.47244952
126900 -0.58604691 0.13793597 9.61051077
127000 -0.50645801 0.19284224 22.96911736
127100 -0.56789972 0.07394343 3.24902926
127200 -0.51746093 0.08729420 7.21648728
127300 -0.51089323 0.20728248 25.45302143
127400 -0.55826391 0.08836462 4.77510362
127500 -0.55535758 0.07394289 3.73024786
127600 -0.53909253 0.13412454 10.84955598
127700 -0.51914065 0.15904858 15.91734330
127800 -0.51498835 0.11884737 10.67583950
127900 -0.47763982 0.06769478 9.77729813
128000 -0.45270918 0.11197765 17.11679067
128100 -0.53277514 0.10187436 7.44878326
128200 -0.57077204 0.09525379 4.96377890
128300 -0.58321441 0.12174275 7.55152667
128400 -0.55778387 0.12427904 8.61374038
128500 -0.50863230 0.19285923 22.77136989
128600 -0.52834973 0.07026091 5.03517844
128700 -0.50219031 0.07021553 7.24847774
128800 -0.55349370 0.07043672 3.56208394
128900 -0.54196295 0.15347822 13.46193131
129000 -0.60416742 0.11174096 6.25170444
129100 -0.56066736 0.15777656 13.22025035
129200 -0.59123612 0.19250517 18.56752330
129300 -0.54899020 0.12453730 9.05576951
129400 -0.50848950 0.18337213 20.99975564
129500 -0.55475670 0.10462196 6.49635558
129600 -0.57258170 0.08140021 3.68887899
129700 -0.52278885 0.10948378 8.97413034
129800 -0.51342755 0.10316527 9.06893145
129900 -0.54427122 0.11126635 7.74294891
130000 -0.53667324 0.13663371 11.33952461
130100 -0.49152582 0.15549959 17.97338493
130200 -0.55043250 0.10376706 6.61227005
130300 -0.50203354 0.04879023 5.98895678
130400 -0.52346159 0.15037341 14.23514528
130500 -0.55537984 0.10698604 6.71848596
130600 -0.56795139 0.10977317 6.53863101
130700 -0.48364722 0.05691924 8.38888518
130800 -0.52388563 0.08294368 6.33652525
130900 -0.54609029 0.08568672 5.12423516
131000 -0.54393312 0.17888293 17.57129962
131100 -0.52155221 0.08725819 6.88402378
131200 -0.49180087 0.10856504 11.74670995
131300 -0.51848720 0.13359370 12.24580618
131400 -0.58282018 0.10531251 5.69293525
131500 -0.52410586 0.14036395 12.73097991
131600 -0.59461510 0.13246914 8.78853471
131700 -0.57123328 0.07445672 3.18566364
131800 -0.58405546 0.11426342 6.65517880
131900 -0.52108023 0.15867926 15.70371823
132000 -0.53258183 0.16596614 16.04498550
132100 -0.57328725 0.09186835 4.57668235
132200 -0.51810089 0.16750528 17.38274091
132300 -0.55823727 0.12287534 8.42123701
132400 -0.57399775 0.12371547 7.99081755
132500 -0.47004379 0.09458278 12.91725949
132600 -0.52837166 0.12201791 10.00949483
132700 -0.51011068 0.15693909 16.35498412
132800 -0.53641902 0.14436601 12.44204271
132900 -0.51755438 0.12714484 11.48154547
133000 -0.51434447 0.08710948 7.46246500
133100 -0.49210519 0.05268466 7.20848130
133200 -0.57333800 0.18891637 18.20012899
133300 -0.46261569 0.15782117 21.89098514
133400 -0.53446499 0.13688430 11.51607421
133500 -0.55035228 0.12769414 9.38534464
133600 -0.57328309 0.11118839 6.53832581
133700 -0.54067763 0.03796846 2.48037400
133800 -0.55535933 0.15337137 12.75778327
133900 -0.56712436 0.11445671 7.09057309
134000 -0.49213463 0.19565321 24.95755857
134100 -0.50908042 0.15713032 16.47815427
134200 -0.53765523 0.06463056 4.03198951
134300 -0.52936587 0.16024774 15.33425875
134400 -0.55553090 0.08438162 4.54887923
134500 -0.47992734 0.21973258 31.34992500
134600 -0.54958030 0.10713643 7.01018050
134700 -0.58118612 0.14670734 10.93850312
134800 -0.48690456 0.15868030 18.98500801
134900 -0.56255169 0.20588433 21.89536604
135000 -0.54430831 0.11798932 8.51152251
135100 -0.54421419 0.11006393 7.61306268
135200 -0.53803859 0.10148674 7.06938742
135300 -0.52996404 0.10784428 8.26771234
135400 -0.49975405 0.05496469 6.53518366
135500 -0.53251016 0.11722267 9.14801632
135600 -0.54301639 0.17906490 17.65568578
135700 -0.57372354 0.09076438 4.46431210
135800 -0.49768686 0.12542650 13.09989330
135900 -0.53747672 0.12512307 9.78247232
136000 -0.53027437 0.14413148 12.81777295
136100 -0.58760968 0.12682908 8.11956800
136200 -0.55356089 0.19064605 19.25125393
136300 -0.54618752 0.10288599 6.74065531
136400 -0.50650148 0.00110164 4.37159387
136500 -0.51076612 0.06353241 5.99952594
136600 -0.50360021 0.13512155 13.77537627
136700 -0.51385856 0.18091835 20.07589793
136800 -0.62200543 0.12376177 7.90060689
136900 -0.54323301 0.11642854 8.38904837
137000 -0.51916993 0.10764474 9.06044541
137100 -0.55679121 0.12862691 9.20594109
137200 -0.54872097 0.07530090 4.14988174
137300 -0.50631917 0.20100493 24.58953969
137400 -0.55384949 0.12893878 9.37753928
137500 -0.54590608 0.12356500 9.09723059
137600 -0.48493050 0.11377871 13.09329198
137700 -0.53488032 0.18426792 19.09761941
137800 -0.45475475 0.07053823 13.03591196
137900 -0.55707413 0.12380345 8.58496262
138000 -0.52610675 0.12785626 10.90371836
138100 -0.58482203 0.15968312 12.86453533
138200 -0.53460957 0.13019713 10.61360024
138300 -0.49811062 0.08535165 8.83317530
138400 -0.55786764 0.09241374 5.15771803
138500 -0.52856068 0.14243226 12.69526250
138600 -0.52836433 0.15896688 15.20106945
138700 -0.58880975 0.12341596 7.67836000
138800 -0.50068439 0.16406064 18.38974154
138900 -0.54602543 0.09829311 6.28739460
139000 -0.53514775 0.17711541 17.78784124
139100 -0.56160702 0.11910469 7.82997460
139200 -0.43537876 0.09942384 18.49262618
139300 -0.56654359 0.04653961 1.64263355
139400 -0.56703421 0.10543386 6.10152128
139500 -0.57244071 0.13884550 10.01879347
139600 -0.52310724 0.14661893 13.70480270
139700 -0.46073943 0.13963994 19.44640891
139800 -0.57897018 0.11471622 6.80103176
139900 -0.49801589 0.06945675 7.61249937
140000 -0.60474065 0.05765572 1.67332787
140100 -0.54277900 0.11829828 8.63436267
140200 -0.53620657 0.10112507 7.14794069
140300 -0.56870397 0.03933455 1.26332388
140400 -0.52937783 0.17036356 17.00561620
140500 -0.50909826 0.12721452 12.22332996
140600 -0.57522456 0.09898133 5.20556272
140700 -0.56612355 0.14069046 10.47070960
140800 -0.53683653 0.12287975 9.54452799
140900 -0.58557294 0.10736192 5.86736142
141000 -0.54905690 0.05782350 2.96937861
141100 -0.47855737 0.19213983 25.83301309
141200 -0.59594974 0.08615442 3.71949433
141300 -0.52542116 0.11469440 9.35840470
141400 -0.51739983 0.10929815 9.38443646
141500 -0.52320220 0.07280665 5.59935492
141600 -0.56284112 0.13132486 9.31350060
141700 -0.59467222 0.10143306 5.15852536
141800 -0.51754216 0.12920350 11.74641992
141900 -0.53068621 0.06889441 4.77542054
142000 -0.56662556 0.14826050 11.54751506
142100 -0.59105294 0.12658962 8.05249036
142200 -0.53519246 0.14781154 13.02413460
142300 -0.54206305 0.08594372 5.37150640
142400 -0.49917177 0.07274404 7.72901401
142500 -0.52962489 0.08398121 6.00275041
142600 -0.55890284 0.14160711 10.87077568
142700 -0.46641944 0.09832210 13.75549982
142800 -0.49110518 0.19946962 25.82310500
142900 -0.55357876 0.11545291 7.74215313
143000 -0.46436518 0.07160050 11.76171832
143100 -0.47539886 0.08442330 11.32636899
143200 -0.52182645 0.11172808 9.29713371
143300 -0.56714025 0.16059635 13.43547571
143400 -0.55842819 0.13889860 10.51051768
143500 -0.52125485 0.08060788 6.34921483
143600 -0.54707969 0.11862075 8.43572097
143700 -0.47986259 0.09460570 11.69161783
143800 -0.53133277 0.12141604 9.72852146
143900 -0.57533600 0.13219163 9.04146949
144000 -0.48728956 0.11411494 12.86293143
144100 -0.57639511 0.13248216 9.05435695
144200 -0.48668699 0.09661722 11.08736290
144300 -0.54425972 0.12406191 9.24916836
144400 -0.51811536 0.15867446 15.94133867
144500 -0.49764965 0.10866598 11.14194518
144600 -0.51717191 0.14299729 13.65435934
144700 -0.53720623 0.08356231 5.46285837
144800 -0.54116058 0.10896602 7.66783570
144900 -0.55348159 0.09168267 5.28483708
145000 -0.51758518 0.10365293 8.76806577
145100 -0.53044104 0.15267760 14.07444865
145200 -0.54627543 0.05785385 3.11669908
145300 -0.57300460 0.18729817 17.90467886
145400 -0.52554221 0.15265980 14.42448928
145500 -0.63656451 0.13192895 9.37110627
145600 -0.46895189 0.17620340 24.11062283
145700 -0.51270335 0.07055454 6.29932382
145800 -0.49951168 0.11359711 11.50110377
145900 -0.57168581 0.17631351 15.94407454
146000 -0.56098624 0.12686763 8.80873507
146100 -0.54742169 0.14543971 11.95859413
146200 -0.56055039 0.12825690 9.00305205
146300 -0.47766555 0.12337433 15.09347165
146400 -0.54527614 0.08376689 5.00579605
146500 -0.50515815 0.16584104 18.24911281
146600 -0.53007175 0.13143849 11.08301859
146700 -0.52013851 0.07671035 6.13116730
146800 -0.52587407 0.11134617 8.94631114
146900 -0.59894984 0.07391932 2.73258406
147000 -0.56430534 0.07277154 3.28490302
147100 -0.51996671 0.10414954 8.62622716
147200 -0.52298478 0.15197452 14.51379940
147300 -0.54261923 0.09245485 5.92022669
147400 -0.57495940 0.08669747 4.07174162
147500 -0.56740705 0.09859564 5.39170012
147600 -0.49142430 0.12932106 14.25630960
147700 -0.50448572 0.09816652 9.37982180
147800 -0.51427541 0.16019524 16.50560999
147900 -0.54524751 0.09172611 5.70575695
148000 -0.53253515 0.06379291 4.31052087
148100 -0.51262909 0.08386180 7.33323927
148200 -0.53136845 0.13521426 11.49659299
148300 -0.56199245 0.10084164 5.80680516
148400 -0.51292422 0.18438450 20.78991729
148500 -0.55450770 0.11223470 7.33308850
148600 -0.45117875 0.10943139 17.06149647
148700 -0.52487970 0.12827923 11.04931016
148800 -0.58077208 0.16224042 13.34583357
148900 -0.47597643 0.09796420 12.48941556
149000 -0.58195579 0.11029660 6.24546723
149100 -0.54766671 0.12246161 8.86780884
149200 -0.51665287 0.09115946 7.62839619
149300 -0.51242926 0.13790502 13.34321417
149400 -0.49183845 0.17108766 20.48495360
149500 -0.50645767 0.11794686 11.33081468
149600 -0.55094550 0.10231837 6.43769680
149700 -0.59437248 0.18030415 16.27062855
149800 -0.54341959 0.10224846 6.82804521
149900 -0.54356710 0.12654005 9.59852821
150000 -0.60395508 0.11172878 6.24948145
150100 -0.53819481 0.15358981 13.70485665
150200 -0.50913158 0.13393703 13.09809878
150300 -0.55146795 0.11976560 8.34957902
150400 -0.56028422 0.14386884 11.13779285
150500 -0.50915488 0.08851962 8.04427927
150600 -0.58298473 0.19770359 19.68811421
150700 -0.52183637 0.06100178 4.91538469
150800 -0.47812261 0.10705331 13.15725551
150900 -0.54735586 0.10582778 6.98546212
151000 -0.51792812 0.12891569 11.67752431
151100 -0.53479626 0.11310615 8.52226504
151200 -0.50768888 0.08561329 7.92548950
151300 -0.51043599 0.12956695 12.40465264
151400 -0.54334276 0.10275281 6.88409185
151500 -0.57140972 0.04222890 1.30034220
151600 -0.55516190 0.04999351 2.25490346
151700 -0.54249425 0.18001326 17.85584174
151800 -0.56991252 0.17512373 15.78678936
151900 -0.49357432 0.07281910 8.31452386
152000 -0.52272991 0.10081868 8.06753607
152100 -0.55886839 0.12663942 8.86467623
152200 -0.47565508 0.11564951 14.41823454
152300 -0.50978615 0.10612544 9.70057416
152400 -0.50278560 0.08332453 8.19680861
152500 -0.55943957 0.10195615 6.02010305
152600 -0.57947186 0.16574193 13.94589526
152700 -0.52434077 0.07881693 5.96821324
152800 -0.47756228 0.21593104 30.80860314
152900 -0.59154957 0.08407756 3.57022293
153000 -0.57110115 0.07786973 3.44941924
153100 -0.52863110 0.16165321 15.61263996
153200 -0.55154376 0.07591875 4.05583146
153300 -0.56221503 0.10986683 6.74921230
153400 -0.59513173 0.13006937 8.47087112
153500 -0.53025065 0.22008462 26.65110529
153600 -0.55643150 0.12653039 8.95407630
153700 -0.56308000 0.13313819 9.54443285
153800 -0.50640421 0.10470643 9.86180417
153900 -0.52974450 0.11071517 8.59684200
154000 -0.50202851 0.19318932 23.46026390
154100 -0.57217794 0.15588789 12.53755106
154200 -0.52066155 0.10371631 8.52583097
154300 -0.51516153 0.15105297 15.00728373
154400 -0.52388112 0.14286536 13.10229716
154500 -0.54411921 0.14665049 12.31451474
154600 -0.48532646 0.04101257 7.41602558
154700 -0.56712889 0.14808772 11.50524197
154800 -0.54148326 0.09852420 6.56561386
154900 -0.50483839 0.16755599 18.56536978
155000 -0.55379627 0.07220561 3.67421743
155100 -0.55148019 0.09914825 6.09227328
155200 -0.51091473 0.12913305 12.30576395
155300 -0.49632201 0.12222174 12.84363955
155400 -0.47466996 0.06061029 9.69061227
155500 -0.54829703 0.19271044 19.90525538
155600 -0.52804960 0.15476490 14.56451754
155700 -0.48809953 0.07604787 9.15249610
155800 -0.51429644 0.15555422 15.77110814
155900 -0.58661154 0.11954226 7.23480165
156000 -0.50321311 0.04168967 5.55286500
156100 -0.57716026 0.14736343 11.11881716
156200 -0.46629249 0.16757399 22.97936973
156300 -0.53667837 0.10523728 7.54225620
156400 -0.56046730 0.11540991 7.44114084
156500 -0.51945065 0.11413974 9.75803921
156600 -0.50390255 0.19445754 23.52422732
156700 -0.55479301 0.12389451 8.69676108
156800 -0.52988130 0.09989838 7.44815905
156900 -0.60152088 0.12531111 7.85259370
157000 -0.51893595 0.09326653 7.63501298
157100 -0.56367892 0.16187713 13.76171319
157200 -0.54704131 0.08353615 4.89145524
157300 -0.48548656 0.13004744 15.01283298
157400 -0.57575791 0.14946838 11.46423802
157500 -0.57820891 0.04657681 1.32212552
157600 -0.50586160 0.16791758 18.52917652
157700 -0.55785533 0.18512901 18.02446197
157800 -0.53049861 0.15840673 14.96156834
157900 -0.45218904 0.14586810 21.56279046
158000 -0.52455659 0.15102121 14.24955648
158100 -0.53041091 0.09274895 6.72250476
158200 -0.56089698 0.14324010 11.02338566
158300 -0.49506908 0.18589721 22.78413575
158400 -0.52413860 0.05824192 4.57353685
158500 -0.51079940 0.12851198 12.23603822
158600 -0.51372084 0.03164326 4.22269444
158700 -0.53536078 0.04402245 3.05810230
158800 -0.52699148 0.09486120 7.16444611
158900 -0.54181756 0.09275963 5.99477293
159000 -0.47969400 0.16738535 21.24569544
159100 -0.57338810 0.13826477 9.91266932
159200 -0.46390855 0.14012178 19.07749789
159300 -0.56067966 0.16461962 14.32285407
159400 -0.51891839 0.12900046 11.60767337
159500 -0.45127467 0.09010283 15.11887119
159600 -0.50878958 0.06355197 6.17909675
159700 -0.53137884 0.17146234 17.05409847
159800 -0.51795489 0.13891091 13.01382061
159900 -0.52853799 0.07976004 5.73424121
160000 -0.56495193 0.09169511 4.81818062
160100 -0.55529894 0.02680868 1.35844508
160200 -0.51970162 0.09629921 7.86068323
160300 -0.53443303 0.19176358 20.53614799
160400 -0.51604878 0.17710717 19.20737735
160500 -0.48788690 0.07695238 9.24550822
160600 -0.53396420 0.13426833 11.19435596
160700 -0.55287049 0.15524795 13.16155807
160800 -0.53284599 0.15645920 14.49457041
160900 -0.54646606 0.07424704 4.18925341
161000 -0.51181369 0.16048898 16.76676875
161100 -0.55283157 0.11547990 7.78023380
161200 -0.52702103 0.09341208 7.02587393
161300 -0.53037311 0.03391782 2.99916133
161400 -0.47945461 0.11364523 13.72321410
161500 -0.55242130 0.09743365 5.87852443
161600 -0.51121090 0.13762670 13.41230719
161700 -0.53552468 0.13429466 11.09606107
161800 -0.50255641 0.13948312 14.47539725
161900 -0.53422971 0.06451748 4.24411846
162000 -0.55057546 0.13573500 10.43338799
162100 -0.52456606 0.12382152 10.51102369
162200 -0.54272300 0.14580074 12.26925542
162300 -0.50825932 0.08405038 7.74041002
162400 -0.56844935 0.11167069 6.73289285
162500 -0.58086121 0.07890771 3.29635986
162600 -0.51156420 0.06131187 5.79001795
162700 -0.52813378 0.08048870 5.82159196
162800 -0.55509860 0.10267012 6.27864435
162900 -0.49489188 0.13627810 14.80971871
163000 -0.51752327 0.09401657 7.82076346
163100 -0.56046778 0.05023171 2.04301041
163200 -0.52011361 0.20691402 24.59762435
163300 -0.55994116 0.09170236 5.00701664
163400 -0.56241448 0.03395920 1.28294919
163500 -0.56996499 0.09748305 5.20252304
163600 -0.57011911 0.21756437 24.11356157
163700 -0.60205756 0.18115146 16.41004319
163800 -0.58641034 0.10810976 5.93619933
163900 -0.49669675 0.11295507 11.71520537
164000 -0.59694486 0.08049246 3.24418525
164100 -0.54721819 0.06419533 3.45348006
164200 -0.57186575 0.08512578 4.01896766
164300 -0.51916417 0.13073657 11.81324105
164400 -0.54599284 0.12930894 9.81878852
164500 -0.60258240 0.13429638 9.02109267
164600 -0.53723474 0.15516593 14.00797202
164700 -0.50048032 0.12214392 12.41165198
164800 -0.51121015 0.06871959 6.30300983
164900 -0.50879677 0.07717147 7.13673273
165000 -0.50741410 0.16864280 18.50627112
165100 -0.49091717 0.12876438 14.23966460
165200 -0.52423900 0.08613654 6.57961625
165300 -0.51766672 0.11535940 10.04328021
165400 -0.56156016 0.12174519 8.14975691
165500 -0.48711821 0.13106042 14.95956532
165600 -0.55717496 0.08768324 4.76116789
165700 -0.43280629 0.09275201 18.27833651
165800 -0.55172752 0.15080123 12.53562219
165900 -0.54387268 0.02391602 1.86112620
166000 -0.52382558 0.09932793 7.83428946
166100 -0.52318063 0.12662456 10.96749739
166200 -0.56284259 0.08606315 4.39376951
166300 -0.49861805 0.11937830 12.26473840
166400 -0.51631184 0.09237396 7.76832865
166500 -0.47934831 0.14338750 17.55840341
166600 -0.52178585 0.15191041 14.59711280
166700 -0.54870816 0.06931128 3.71745348
166800 -0.60810482 0.14311993 10.27450087
166900 -0.54755953 0.15032269 12.67345709
167000 -0.52161088 0.13743683 12.51686759
167100 -0.54239704 0.14945369 12.82725363
167200 -0.55620912 0.14236302 11.09243546
167300 -0.51118850 0.17085222 18.53898094
167400 -0.48662863 0.04407819 7.39797726
167500 -0.56235338 0.07874291 3.80885663
167600 -0.55694445 0.07067080 3.42407124
167700 -0.55800182 0.16122596 13.87882876
167800 -0.59360603 0.18823904 17.73740931
167900 -0.56025782 0.15709266 13.12877266
168000 -0.54796179 0.12070340 8.63864321
168100 -0.58293646 0.11857834 7.17599396
168200 -0.56323492 0.09508928 5.19682131
168300 -0.54870302 0.07482732 4.11525410
168400 -0.54363824 0.10144917 6.73429106
168500 -0.56853670 0.04365061 1.44765744
168600 -0.52251864 0.19650441 22.30867247
168700 -0.51782655 0.08063187 6.62698730
168800 -0.50746447 0.11752194 11.18711610
168900 -0.46865728 0.07531736 11.46180811
169000 -0.51436597 0.15076823 15.03212268
169100 -0.58778693 0.14851920 11.10355567
169200 -0.55514761 0.09952376 5.95835720
169300 -0.58890384 0.07260768 2.69750013
169400 -0.59755259 0.16743771 14.02068876
169500 -0.53944775 0.07200583 4.42570787
169600 -0.48431734 0.16595356 20.46153074
169700 -0.53639080 0.04469738 3.02199275
169800 -0.52493015 0.12666072 10.83920977
169900 -0.58057993 0.06694034 2.42907408
170000 -0.48403907 0.08978519 10.75415858
170100 -0.51746916 0.13741753 12.84745881
170200 -0.55218683 0.14341872 11.42751451
170300 -0.51369794 0.08656718 7.47096106
170400 -0.54345192 0.10926399 7.56815230
170500 -0.59161151 0.11249404 6.36263791
170600 -0.50917552 0.07482350 6.92382131
170700 -0.58571029 0.15639801 12.33226694
170800 -0.51517606 0.10505666 9.11600163
170900 -0.53250958 0.17473254 17.54320959
171000 -0.55097659 0.07029848 3.67258580
171100 -0.53239463 0.02485107 2.59403102
171200 -0.51559805 0.22385044 28.61635396
171300 -0.48983155 0.10048083 11.11674136
171400 -0.57693696 0.15574663 12.39445898
171500 -0.55529904 0.10874454 6.91177516
171600 -0.52386974 0.13245766 11.67042470
171700 -0.52772066 0.11297844 8.99421512
171800 -0.55289577 0.12454421 8.86503440
171900 -0.48965397 0.11695714 12.92760926
172000 -0.46709591 0.14561524 19.43364797
172100 -0.55202248 0.09123145 5.31250983
172200 -0.54933495 0.14683355 12.06351973
172300 -0.56069852 0.07288433 3.42836585
172400 -0.54934917 0.14818783 12.26257036
172500 -0.52368266 0.06074444 4.75711189
172600 -0.52564737 0.20457304 23.68922170
172700 -0.51830784 0.12332755 10.94164710
172800 -0.52924789 0.11473672 9.08518764
172900 -0.54512844 -0.03101043 1.98626765
173000 -0.55081399 0.12265366 8.73159186
173100 -0.54386552 0.15086219 12.95524011
173200 -0.54071237 0.07943879 4.91277223
173300 -0.56785796 0.11475422 7.10082140
173400 -0.55147693 0.20939790 23.10098350
173500 -0.50072525 0.11796262 11.88532793
173600 -0.52329513 0.18061103 19.25199109
173700 -0.59557819 0.14106726 9.95976209
173800 -0.59476590 0.18695790 17.49032550
173900 -0.55475897 0.13699857 10.40767872
174000 -0.57183697 0.13695121 9.77439488
174100 -0.54537102 0.11290732 7.86619384
174200 -0.54802221 0.12044147 8.60391962
174300 -0.51773873 0.12606624 11.32980648
174400 -0.50235037 0.15482089 16.75247934
174500 -0.57534120 0.14271801 10.48824367
174600 -0.49798851 0.12418742 12.91443050
174700 -0.50334388 0.12236114 12.15732679
174800 -0.55684934 0.12770013 9.08465151
174900 -0.52747932 0.11965307 9.78805346
175000 -0.57377281 0.03172953 0.84731427
175100 -0.49566036 0.16108366 18.41735328
175200 -0.58349509 0.08484727 3.73573550
175300 -0.52495421 0.13818844 12.36395746
175400 -0.54379983 0.14507467 12.10255888
175500 -0.52110747 0.14805362 14.07195300
175600 -0.52751335 0.14470117 13.09637083
175700 -0.50787557 0.11555871 10.92036322
175800 -0.55378542 0.17630203 16.60909744
175900 -0.54238850 0.11089600 7.80850353
176000 -0.56643992 0.11081139 6.70272140
176100 -0.59872229 0.07738328 2.99490237
176200 -0.50005764 0.12003944 12.19897107
176300 -0.54408219 0.08700538 5.34836901
176400 -0.53846208 0.14968170 13.09576329
176500 -0.52326482 0.04230039 3.83880533
176600 -0.53889641 0.16885647 16.12307830
176700 -0.51712828 0.12543000 11.30020300
176800 -0.55935105 0.16939790 15.17399297
176900 -0.48368486 0.13378935 15.71440126
177000 -0.51592958 0.12066949 10.81448022
177100 -0.58541296 0.13842013 9.68645751
177200 -0.55472037 0.16400586 14.47408385
177300 -0.48562691 0.12381618 14.20582576
177400 -0.50316265 0.10274564 9.96706898
177500 -0.52745736 0.15347851 14.40904290
177600 -0.55263770 0.14217901 11.22902898
177700 -0.48820472 0.20653396 27.57723051
177800 -0.55521791 0.11702241 7.84983936
177900 -0.51237075 0.09868333 8.70864200
178000 -0.49604359 0.08049589 8.64326118
178100 -0.52188930 0.15503878 15.06915229
178200 -0.54876286 0.15322951 13.05226380
178300 -0.53349997 0.07868735 5.30697647
178400 -0.56333835 0.16864777 14.89307413
178500 -0.48938620 0.19430901 24.99570143
178600 -0.53167123 0.18834512 20.07135275
178700 -0.54838719 0.14529194 11.88681450
178800 -0.58859276 0.14542603 10.63942712
178900 -0.55524146 0.10231346 6.23568543
179000 -0.53153795 0.07622964 5.24900563
179100 -0.51209826 0.06712597 6.11630535
179200 -0.49988075 0.05206380 6.36725117
179300 -0.48982980 0.15066421 17.41858848
179400 -0.50542999 0.16358255 17.85136917
179500 -0.52342159 0.11801640 9.89606205
179600 -0.51005005 0.07061793 6.53894263
179700 -0.53032669 0.15629793 14.64170676
179800 -0.49186497 0.06970570 8.27603520
179900 -0.54308455 0.08748586 5.44657221
180000 -0.52886222 0.14738091 13.39085844
180100 -0.52223580 0.13178250 11.70694925
180200 -0.53130955 0.02423524 2.65286214
180300 -0.46983688 0.09068711 12.58329550
180400 -0.51949020 0.15808127 15.73575749
180500 -0.48836546 0.11413221 12.74421573
180600 -0.55190975 0.14490238 11.65468540
180700 -0.49126272 0.04366527 6.86522642
180800 -0.56766541 0.13020100 8.99891270
180900 -0.52177035 0.10974945 9.08241069
181000 -0.52463585 0.18441650 19.84460021
181100 -0.51207904 0.10390385 9.26305272
181200 -0.49131510 0.12158234 13.29733580
181300 -0.57223843 0.14416523 10.77715888
181400 -0.50567494 0.09771543 9.22276099
181500 -0.49253813 0.10766303 11.56969179
181600 -0.56327644 0.10132604 5.80779245
181700 -0.48767759 0.08045778 9.54488916
181800 -0.54032867 0.10533956 7.32854595
181900 -0.52221423 0.14510052 13.55239319
182000 -0.55695544 0.11497548 7.53609719
182100 -0.52123448 0.12401894 10.79235247
182200 -0.49160997 0.17522690 21.22643294
182300 -0.60521935 0.10045723 5.05944817
182400 -0.56652675 0.10114101 5.67498101
182500 -0.53865569 0.12732150 9.98694415
182600 -0.50946686 0.11227535 10.40100123
182700 -0.54721346 0.11969514 8.55667281
182800 -0.47583400 0.14678831 18.48200268
182900 -0.48695284 0.07142856 8.94084928
183000 -0.53078556 0.15226011 13.98688964
183100 -0.54510967 0.08315861 4.96415117
183200 -0.55292458 0.10731200 6.86597985
183300 -0.52750895 0.10708000 8.36053961
183400 -0.52404399 0.05590762 4.44748906
183500 -0.51018596 0.15076811 15.39879123
183600 -0.49210589 0.10220005 11.04299461
183700 -0.51093218 0.12265922 11.48918032
183800 -0.54823938 0.08379479 4.85036447
183900 -0.60936662 0.10266481 5.31389874
184000 -0.50614036 0.05683685 6.02002980
184100 -0.57881942 0.11877906 7.27854162
184200 -0.59253812 0.09017989 4.09404607
184300 -0.51846438 0.11439106 9.86668584
184400 -0.57914774 0.12223881 7.68857149
184500 -0.56785464 0.13555701 9.70451421
184600 -0.53710741 0.16076989 14.90121765
184700 -0.55931256 0.13862781 10.43656837
184800 -0.51590400 0.12787123 11.71159413
184900 -0.58348470 0.09396887 4.55145214
185000 -0.54748107 0.11597889 8.10467074
185100 -0.57313017 0.21217600 22.87032237
185200 -0.52751314 0.17210480 17.43720431
185300 -0.53421704 0.23592976 29.99512539
185400 -0.52487129 0.09624460 7.45367318
185500 -0.53140558 0.06629747 4.55027435
185600 -0.47972894 0.03112326 7.71689264
185700 -0.59109270 0.12158662 7.43132290
185800 -0.52429046 0.08907631 6.83326213
185900 -0.53426341 0.08976452 6.18948357
186000 -0.55846681 0.08918144 4.83916743
186100 -0.57367453 0.14815525 11.32150488
186200 -0.51502258 0.05490579 5.11790404
186300 -0.54937925 0.17262478 16.18088779
186400 -0.55138952 0.07202050 3.77496541
186500 -0.55030948 0.16273549 14.47599396
186600 -0.53620381 0.12671187 10.06292563
186700 -0.53716640 0.13171835 10.64889231
186800 -0.56457315 0.11589011 7.34278974
186900 -0.52599684 0.12295014 10.29660177
187000 -0.54518974 0.10961521 7.50982983
187100 -0.52682653 0.07503014 5.49193969
187200 -0.62054664 0.19938803 20.08887605
187300 -0.48799430 0.05334686 7.69558184
187400 -0.51585766 0.06293671 5.52048182
187500 -0.52842394 0.17800383 18.40424749
187600 -0.54728896 0.05926810 3.14558075
187700 -0.55108285 0.14666393 11.95159804
187800 -0.48995371 0.13038749 14.55554178
187900 -0.54553821 0.17765339 17.26340758
188000 -0.52235881 0.11094086 9.16801519
188100 -0.58550810 0.11770368 7.03208540
188200 -0.53594970 0.10443388 7.50443753
188300 -0.54416268 0.24856202 32.45044299
188400 -0.57441501 0.13332196 9.21466854
188500 -0.48689286 0.13554178 15.58239988
188600 -0.50766031 0.19793038 23.85152689
188700 -0.53700641 0.16146234 15.01913895
188800 -0.50819346 0.03759936 4.92107644
188900 -0.54978126 0.12043764 8.51357390
189000 -0.51443532 0.08235672 7.05197157
189100 -0.55572612 0.14189219 11.04678504
189200 -0.54622344 0.19967933 21.38187731
189300 -0.53174620 0.08271257 5.74997536
189400 -0.53483926 0.09089048 6.25350028
189500 -0.51687589 0.12409581 11.15469409
189600 -0.54990524 0.13824531 10.81062521
189700 -0.58643751 0.03338870 0.64937316
189800 -0.46016976 0.10022808 14.79908110
189900 -0.55661928 0.03584274 1.58329416
190000 -0.57389429 0.05808697 2.02780193
190100 -0.51862595 0.13957859 13.05195936
190200 -0.61256645 0.20327973 20.74028257
190300 -0.54745237 0.09895718 6.27688831
190400 -0.53287067 0.12257681 9.76571099
190500 -0.54471656 0.04268979 2.43933868
190600 -0.47884730 0.11121137 13.52297323
190700 -0.45436703 0.09763381 15.37066096
190800 -0.54314229 0.09791979 6.41054172
190900 -0.59368878 0.15634633 12.24200326
191000 -0.54055176 0.10636262 7.42355022
191100 -0.56945304 0.06728640 2.73028798
191200 -0.50855866 0.14054734 14.05753713
191300 -0.53503329 0.10556894 7.68273729
191400 -0.46886006 0.08195538 11.95718394
191500 -0.54162181 0.19803506 21.31294816
191600 -0.55591477 0.13213376 9.70141939
191700 -0.54777910 0.08584683 5.04835031
191800 -0.54862298 0.15199129 12.87047522
191900 -0.55391914 0.13517705 10.19813961
192000 -0.54691792 0.03760648 2.11597705
192100 -0.49806614 0.08900561 9.15625566
192200 -0.53054656 0.09048184 6.50537181
192300 -0.49556497 0.14836130 16.45887594
192400 -0.59455939 0.06149585 1.90566979
192500 -0.57229069 0.19608841 19.60923570
192600 -0.52912846 0.09799749 7.31314201
192700 -0.52818538 0.12197723 10.01789139
192800 -0.51525433 0.06224409 5.52807812
192900 -0.53080211 0.18501846 19.51008962
193000 -0.58599090 0.13491378 9.19899157
193100 -0.49157764 0.10293605 11.17561894
193200 -0.47949718 0.16048045 20.13745274
193300 -0.57710107 0.08927065 4.24680493
193400 -0.53211978 0.07863818 5.39584436
193500 -0.52584648 0.16183749 15.84505901
193600 -0.50248592 0.11160632 10.98248283
193700 -0.53647542 0.10662731 7.70237770
193800 -0.55763158 0.11721045 7.76668592
193900 -0.51638322 0.14947266 14.66692118
194000 -0.54919927 0.14153854 11.30693705
194100 -0.53574383 0.12301604 9.63090079
194200 -0.54275161 0.07382671 4.36388078
194300 -0.57510688 0.14051818 10.18251296
194400 -0.56205660 0.01962261 0.91237405
194500 -0.57130186 0.12086987 7.71655416
194600 -0.56287624 0.17889520 16.69083377
194700 -0.53346565 0.12595456 10.14568566
194800 -0.54384893 0.14805414 12.53648592
194900 -0.55742474 0.08299236 4.35019205
195000 -0.53268962 0.08908763 6.23364656
195100 -0.52190562 0.13723310 12.46582851
195200 -0.50835871 0.14477073 14.67834584
195300 -0.50828469 0.17783990 20.01936353
195400 -0.54819767 0.12623829 9.30979354
195500 -0.56694033 0.07734917 3.53791791
195600 -0.53646934 0.12120327 9.36318930
195700 -0.51407945 0.10021715 8.71290871
195800 -0.60315254 0.16230603 13.17659342
195900 -0.50485120 0.10134563 9.66211550
196000 -0.46432127 0.06265065 11.16691058
196100 -0.49475643 0.09689460 10.23238652
196200 -0.56158023 0.08137066 4.04863166
196300 -0.50709240 0.15441455 16.23783836
196400 -0.50989042 0.08772595 7.90778937
196500 -0.52831521 0.08992288 6.61241660
196600 -0.51435618 0.13181952 12.35562456
196700 -0.50440695 0.07895151 7.68568647
196800 -0.53080310 0.13814839 11.93659484
196900 -0.57603430 0.10034607 5.32184444
197000 -0.48388841 0.05010732 7.99632292
197100 -0.51391502 0.12229388 11.18320840
197200 -0.51840428 0.09565793 7.90415052
197300 -0.51304253 0.10893693 9.71442861
197400 -0.51302839 0.13651375 13.10003165
197500 -0.53593984 0.05861119 3.76948754
197600 -0.56831345 0.14551923 11.08994209
197700 -0.55918233 0.10807204 6.67282339
197800 -0.49668226 0.11491226 11.93969152
197900 -0.51662703 0.13344166 12.37886477
198000 -0.51318027 0.14341043 14.05210827
198100 -0.51259256 0.10357762 9.18419241
198200 -0.52169341 0.16092204 16.01391362
198300 -0.54650933 0.12316126 9.01497391
198400 -0.52513034 0.12616674 10.76175602
198500 -0.52775739 0.04557229 3.64791417
198600 -0.53420790 0.20960613 24.13166544
198700 -0.49209012 0.13140286 14.45562700
198800 -0.53816485 0.08466075 5.49551393
198900 -0.53076542 0.06266611 4.36023377
199000 -0.47409149 0.09670811 12.60270501
199100 -0.50096416 0.13598381 14.14984692
199200 -0.50331664 0.16793752 18.77534173
199300 -0.56888330 0.09266248 4.77729265
199400 -0.50533105 0.11871602 11.52785193
199500 -0.51613309 0.10299279 8.82058731
199600 -0.58401213 0.13228575 8.87756595
199700 -0.46801813 0.17915665 24.75816014
199800 -0.55277883 0.13524433 10.26043451
199900 -0.54524912 0.10174402 6.67475234
