0 0.48987908 1.04758552 0.05413133
100 0.37242436 0.77404681 46.21285334
200 0.41102707 0.87738120 18.85671641
300 0.38511877 0.80839451 35.78545605
400 0.38168542 0.72792694 58.86469732
500 0.35856715 0.84006320 32.03835449
600 0.35105207 0.84968039 31.15671550
700 0.35676342 0.81585961 37.66922115
800 0.37736532 0.88567980 21.02019674
900 0.36386138 0.87623759 24.36354856
1000 0.39467762 0.81709626 32.66847758
1100 0.38215755 0.80971377 35.81215783
1200 0.36286330 0.84878354 29.64726895
1300 0.41468811 0.91323657 12.99117669
1400 0.35227563 0.78929755 44.89412792
1500 0.41887860 0.83343947 26.73957275
1600 0.42259960 0.80907675 32.01741715
1700 0.39659117 0.80885832 34.42134671
1800 0.34835086 0.79046113 45.17894237
1900 0.35824157 0.88599284 23.49690003
2000 0.37642902 0.81580472 35.05860738
2100 0.39579399 0.91038499 15.17562105
2200 0.34896361 0.86063353 29.33582546
2300 0.38323395 0.85172067 26.47450060
2400 0.39897947 0.86161682 22.84668546
2500 0.38514793 0.78760433 41.02124202
2600 0.36364581 0.83091901 33.29447343
2700 0.42095689 0.88417466 16.87292871
2800 0.40007943 0.78419270 40.31881885
2900 0.40731234 0.79829240 35.97386003
3000 0.39752268 0.91567467 14.27244693
3100 0.30619265 0.81570825 46.22695667
3200 0.36153579 0.81684671 36.76639767
3300 0.35390782 0.84450009 31.78656869
3400 0.35860284 0.79021443 43.74085006
3500 0.40003321 0.78280287 40.69383311
3600 0.36217394 0.93862514 15.70019157
3700 0.43223575 0.78147003 38.35016930
3800 0.36848936 0.71979449 63.16536463
3900 0.44198152 0.80628791 31.38086419
4000 0.38391722 0.80720855 36.21144946
4100 0.34838549 0.79240264 44.67167848
4200 0.36323084 0.86869752 25.78819643
4300 0.39135417 0.79425315 38.60518382
4400 0.42702290 0.84769555 23.12637391
4500 0.39260601 0.77243405 44.28816158
4600 0.37830981 0.80896045 36.45428391
4700 0.36677345 0.80305740 39.36498076
4800 0.31617856 0.82952807 41.19909652
4900 0.42497148 0.78378066 38.25100848
5000 0.41266340 0.82831048 28.38696267
5100 0.42223206 0.81611290 30.37551352
5200 0.37905232 0.74399440 54.13388438
5300 0.38066410 0.83910134 29.35965034
5400 0.37951380 0.79457823 39.87860365
5500 0.43271516 0.77192749 40.92578476
5600 0.31693705 0.80654053 46.39227826
5700 0.40320643 0.77775343 41.74359400
5800 0.36933283 0.79748270 40.41944623
5900 0.35277168 0.81730923 37.91058560
6000 0.37055120 0.87386801 23.88973518
6100 0.34880203 0.77274493 49.86559912
6200 0.41234034 0.79311834 36.83620221
6300 0.35212035 0.84321301 32.31462502
6400 0.41376588 0.84894392 23.92993527
6500 0.41974973 0.81779708 30.17915104
6600 0.40964247 0.84104964 25.91236691
6700 0.40299185 0.83161352 28.55161719
6800 0.35936709 0.79811097 41.61285055
6900 0.36523394 0.78574034 43.99753058
7000 0.36737630 0.85783257 27.25868376
7100 0.37133344 0.79881440 39.82464371
7200 0.36097833 0.90849000 19.67605235
7300 0.40359033 0.81954083 31.20312609
7400 0.38731950 0.75107766 51.02573059
7500 0.41528006 0.98908765 5.44389088
7600 0.39599260 0.80937710 34.35845869
7700 0.35231655 0.82684554 35.80415793
7800 0.41429058 0.89793363 15.23514228
7900 0.37504389 0.87057335 23.90397552
8000 0.36012793 0.88893345 22.75331509
8100 0.37271718 0.96786580 11.47347085
8200 0.32551655 0.78250640 50.99864918
8300 0.41189173 0.77629612 41.33843945
8400 0.38236396 0.79524365 39.36951775
8500 0.43267824 0.80021603 33.46212458
8600 0.33615884 0.94023256 19.44640808
8700 0.40726795 0.79978237 35.60404828
8800 0.40000046 0.83842782 27.38134778
8900 0.42777553 0.84413893 23.79757671
9000 0.37942401 0.79407906 40.01704779
9100 0.34742881 0.85006342 31.62630074
9200 0.37148626 0.87019049 24.42362144
9300 0.37625852 0.79791226 39.43008973
9400 0.37880403 0.76268790 48.61835397
9500 0.35416245 0.90838774 20.66131191
9600 0.38155314 0.78356559 42.50847835
9700 0.34650147 0.85166821 31.44864841
9800 0.37723691 0.84346316 28.86412141
9900 0.39219111 0.88576684 19.29764332
10000 0.37519814 0.73720541 56.70798081
10100 0.37548123 0.88092326 22.04593388
10200 0.33993437 0.86061200 30.74441052
10300 0.43045175 0.91471043 11.57011371
10400 0.40721165 0.85149917 24.00612822
10500 0.36107795 0.90029844 20.85494654
10600 0.36929260 0.83746131 31.12856009
10700 0.37491070 0.83330627 31.30175333
10800 0.32678745 0.78727552 49.51336942
10900 0.39696652 0.87503591 20.61416537
11000 0.39804599 0.77884464 41.95992384
11100 0.38728413 0.78311140 41.96719626
11200 0.41025925 0.81328300 32.04417098
11300 0.37307605 0.78287589 43.73249101
11400 0.34070328 0.83665221 35.44636340
11500 0.35995476 0.80105624 40.79283215
11600 0.42021985 0.85524748 22.14670931
11700 0.38918097 0.83103977 30.11221992
11800 0.39591038 0.74611373 51.59075801
11900 0.39658502 0.80886600 34.42013166
12000 0.35471669 0.80159560 41.40599408
12100 0.33027369 0.83345811 37.84870419
12200 0.37430175 0.85213636 27.47503517
12300 0.36977341 0.89693525 20.19389100
12400 0.39943562 0.85942492 23.21602728
12500 0.36557192 0.79246103 42.19861309
12600 0.39846002 0.78207973 41.04581959
12700 0.37223737 0.92292323 16.23589658
12800 0.38682408 0.77192397 45.06753457
12900 0.36156786 0.74040508 57.50623489
13000 0.39435114 0.77421019 43.61085150
13100 0.39485194 0.88432235 19.25259854
13200 0.31131986 0.85614751 36.58949325
13300 0.35422583 0.75810314 53.22694133
13400 0.40989827 0.88615622 17.48155323
13500 0.39113395 0.81706476 33.05532104
13600 0.39198243 0.84501209 26.84391828
13700 0.37099072 0.82706633 33.17140751
13800 0.43742706 0.84509069 22.95160011
13900 0.38931278 0.79427485 38.82350675
14000 0.36957567 0.85059522 28.38638639
14100 0.39223830 0.79500998 38.31624665
14200 0.29409666 0.83254947 44.84045766
14300 0.38547636 0.76893537 46.05649342
14400 0.43585717 0.80017603 33.26316050
14500 0.39199452 0.81529535 33.37572690
14600 0.37301369 0.76477918 48.73821788
14700 0.35118898 0.82053288 37.39993791
14800 0.39700109 0.82712618 30.14075853
14900 0.32475657 0.74451227 62.01650705
15000 0.38558396 0.82075768 32.82153436
15100 0.42730673 0.81468079 30.32972122
15200 0.34699177 0.81126329 40.20336844
15300 0.32917233 0.84963889 34.66333268
15400 0.37260726 0.78558936 43.07094773
15500 0.41368103 0.76366314 44.71988060
15600 0.40448395 0.91440303 13.75492669
15700 0.39809449 0.82986554 29.42195738
15800 0.34390413 0.77663228 49.54791543
15900 0.38413920 0.79798301 38.46814331
16000 0.35046763 0.89982675 22.45596622
16100 0.41011259 0.91052533 13.76646465
16200 0.33535436 0.82892127 37.99199549
16300 0.34248884 0.90052113 23.57684821
16400 0.41323056 0.82868783 28.25400573
16500 0.39578025 0.74535552 51.83500842
16600 0.44179070 0.87485414 17.03219803
16700 0.35102404 0.71593610 66.89626397
16800 0.39214366 0.84247314 27.35019408
16900 0.41366454 0.83892393 26.00346020
17000 0.39308305 0.75471521 49.31217078
17100 0.35967887 0.85045805 29.75350519
17200 0.42132764 0.89118970 15.70502607
17300 0.41467998 0.83514933 26.72015905
17400 0.41363657 0.83506252 26.82838032
17500 0.40713192 0.77727617 41.50138258
17600 0.38813163 0.85260357 25.73994195
17700 0.41920081 0.84794754 23.67685341
17800 0.44189058 0.86877128 18.11027695
17900 0.42076720 0.77550292 40.81324060
18000 0.42242813 0.89370967 15.22203064
18100 0.40416688 0.80486748 34.63696848
18200 0.31293591 0.76313360 58.64265108
18300 0.38365196 0.80505713 36.76693845
18400 0.38269086 0.80260791 37.48213978
18500 0.41453204 0.72747439 55.66377046
18600 0.36538231 0.81462532 36.76158026
18700 0.43147401 0.80641401 32.01497358
18800 0.37405042 0.79639371 40.08972221
18900 0.41138592 0.82412186 29.43669506
19000 0.38750395 0.73461740 56.06077411
19100 0.41030653 0.81305259 32.09449694
19200 0.34388158 0.76652426 52.36572993
19300 0.38645728 0.75896281 48.79729919
19400 0.44170441 0.86022702 19.70607947
19500 0.35429572 0.76810460 50.34737821
19600 0.40607239 0.75268903 48.60810458
19700 0.38666649 0.85831189 24.79440883
19800 0.36886004 0.75199888 53.00117856
19900 0.40650975 0.88272072 18.36139210
20000 0.33749409 0.79013296 46.96952586
20100 0.38436201 0.93571972 13.21606318
20200 0.35249594 0.84942837 30.99321334
20300 0.39514621 0.78257836 41.25432518
20400 0.35710590 0.74992213 55.23272512
20500 0.41465310 0.75759365 46.39278230
20600 0.34323528 0.83844490 34.66536940
20700 0.38608967 0.78181392 42.44966805
20800 0.38430410 0.80651402 36.33548285
20900 0.41200701 0.80524410 33.82410904
21000 0.35712771 0.81967140 36.73187611
21100 0.38712363 0.82526914 31.62251597
21200 0.45256762 0.80660006 30.74668136
21300 0.39694078 0.87936399 19.86892548
21400 0.38818636 0.89286544 18.59678086
21500 0.35514082 0.81193980 38.82842118
21600 0.40037296 0.77839104 41.84848835
21700 0.32621934 0.82209466 41.07028163
21800 0.37682090 0.81066930 36.22613686
21900 0.34921789 0.82652164 36.33891146
22000 0.42071706 0.80784007 32.46360882
22100 0.38903538 0.78731017 40.65954709
22200 0.35522475 0.82942905 34.80570857
22300 0.42422910 0.84325385 24.24260000
22400 0.41987133 0.83781762 25.72098265
22500 0.42012424 0.82870648 27.67547891
22600 0.39024929 0.87052680 22.12792506
22700 0.41596895 0.87522519 18.80372542
22800 0.40294422 0.80224873 35.40025667
22900 0.38632204 0.72135828 60.46402863
23000 0.39882659 0.86882267 21.53064251
23100 0.36086625 0.91800752 18.39010744
23200 0.38181350 0.85812779 25.39149674
23300 0.34310535 0.96502210 15.91858724
23400 0.35715471 0.80953930 39.11306295
23500 0.34639737 0.83196496 35.56652452
23600 0.39902411 0.79568721 37.43556233
23700 0.40104043 0.85430593 24.04458310
23800 0.39105036 0.82377364 31.52419472
23900 0.38265238 0.80590128 36.67732526
24000 0.42815327 0.82431838 28.04707345
24100 0.40773821 0.81864993 31.01754713
24200 0.40357764 0.79312605 37.64074891
24300 0.40942442 0.83099320 28.08395648
24400 0.40842867 0.84923259 24.34643058
24500 0.37321011 0.79223911 41.25817475
24600 0.35104625 0.81153792 39.52569108
24700 0.39597544 0.81353596 33.36817628
24800 0.41195496 0.87023042 20.03451482
24900 0.34141081 0.85223045 32.13166404
25000 0.44749473 0.86695105 18.13186026
25100 0.36777256 0.72615300 61.18048863
25200 0.32873810 0.78916222 48.68349278
25300 0.35779842 0.94860912 15.25069999
25400 0.39392443 0.83423290 28.90373429
25500 0.40327853 0.79209641 37.93465346
25600 0.40642631 0.87900182 18.99820724
25700 0.36088296 0.80682018 39.24498763
25800 0.35435408 0.77745156 47.74769346
25900 0.36733278 0.81031143 37.52560102
26000 0.43411562 0.75923134 44.44358202
26100 0.34690832 0.81740884 38.76785587
26200 0.37346369 0.79790455 39.78177580
26300 0.41758796 0.78516602 38.46439176
26400 0.42636285 0.84356623 24.01866502
26500 0.38740101 0.83934182 28.52770129
26600 0.44101070 0.81900075 28.42019601
26700 0.37490526 0.83137715 31.72232294
26800 0.38302676 0.85090085 26.66160405
26900 0.37919487 0.78166322 43.29925360
27000 0.43289135 0.84141034 24.00660830
27100 0.35784635 0.82871259 34.58788789
27200 0.37024906 0.83714543 31.07118716
27300 0.34784426 0.76715453 51.57646451
27400 0.40457678 0.81121217 33.06261033
27500 0.42265087 0.82718809 27.81401820
27600 0.41486483 0.86492873 20.74968582
27700 0.43507063 0.81014435 30.87327864
27800 0.32413448 0.84507933 36.46058012
27900 0.38307234 0.80174072 37.65237303
28000 0.36001055 0.83663338 32.56117979
28100 0.37600901 0.72600539 60.17313483
28200 0.40650879 0.77212202 42.97838772
28300 0.34952525 0.79358722 44.19508288
28400 0.39435735 0.80442686 35.73326798
28500 0.37273242 0.92483291 15.93191861
28600 0.37579762 0.83661620 30.47943745
28700 0.36718051 0.87733155 23.72770518
28800 0.37773289 0.86171685 25.19989556
28900 0.36276663 0.74255536 56.67760218
29000 0.33045687 0.80083366 45.41436940
29100 0.38913605 0.81843908 32.95563825
29200 0.35267100 0.85524768 29.81714949
29300 0.37919352 0.79158233 40.68694783
29400 0.38495476 0.89146273 19.18473659
29500 0.37140555 0.83172773 32.08965746
29600 0.35552297 0.83977905 32.53323084
29700 0.37441711 0.81503631 35.48949849
29800 0.41999838 0.81327567 31.21933454
29900 0.44016343 0.81303295 29.86689955
30000 0.42107824 0.77300439 41.47760496
30100 0.35497312 0.90320582 21.29066346
30200 0.39333345 0.88165152 19.85948279
30300 0.33342319 0.79793168 45.64313447
30400 0.34889220 0.89081540 24.08665217
30500 0.33658327 0.86563591 30.34757240
30600 0.36442881 0.82306157 34.94029886
30700 0.38233052 0.84568690 27.79497518
30800 0.34334122 0.72386959 65.45150966
30900 0.40470093 0.83922792 26.75339172
31000 0.35166191 0.79811897 42.72412078
31100 0.38158923 0.78936275 40.97644432
31200 0.39826634 0.84698320 25.78277951
31300 0.36047453 0.73642714 58.89764971
31400 0.37940114 0.90745204 17.43200276
31500 0.42089040 0.80341970 33.53008624
31600 0.38419825 0.85902657 24.94044772
31700 0.39421998 0.83877583 27.90253143
31800 0.36351729 0.84287417 30.76432079
31900 0.38234914 0.87506234 22.22245496
32000 0.34009379 0.84979222 32.82657580
32100 0.34147694 0.75117895 57.21178872
32200 0.42661540 0.88307783 16.62415457
32300 0.33707274 0.77738397 50.43239664
32400 0.39697792 0.84153922 27.03472326
32500 0.37977983 0.82470332 32.60574273
32600 0.40374176 0.82914443 29.02141592
32700 0.34569718 0.80775698 41.24552076
32800 0.34811816 0.82042017 37.88749492
32900 0.38147160 0.76024417 49.00371073
33000 0.36210603 0.86412245 26.78260491
33100 0.39644148 0.81990039 31.83509902
33200 0.42939438 0.90990601 12.30574023
33300 0.42020429 0.87521270 18.45897696
33400 0.39951018 0.87524749 20.31832318
33500 0.40214713 0.89912642 16.16901031
33600 0.37815953 0.95606261 11.83466712
33700 0.38944630 0.73363844 56.15338018
33800 0.40627261 0.85659470 23.09521635
33900 0.37323837 0.79408894 40.77949046
34000 0.42389104 0.79676277 34.96083307
34100 0.34476939 0.74553576 58.39750912
34200 0.41533559 0.76111123 45.31239168
34300 0.41742306 0.81386976 31.28821999
34400 0.37917992 0.79075301 40.90324801
34500 0.32514397 0.71116955 72.69035181
34600 0.43382824 0.84573346 23.05176128
34700 0.33896361 0.73706071 61.93186002
34800 0.34023270 0.79176726 46.10486723
34900 0.40941770 0.75997083 46.16103506
35000 0.37207209 0.82708558 33.02819579
35100 0.34409693 0.91931573 20.69207337
35200 0.37807628 0.86607649 24.34662436
35300 0.39223100 0.80027449 36.98849292
35400 0.41315981 0.79133887 37.22339857
35500 0.38509605 0.81464191 34.29817386
35600 0.43235481 0.84691817 22.90905057
35700 0.37926249 0.80893606 36.34468416
35800 0.34197818 0.79094661 46.03977747
35900 0.36812415 0.83024398 32.84197478
36000 0.41038598 0.84435730 25.15979635
36100 0.34068745 0.78715494 47.23400679
36200 0.41564178 0.88882167 16.54738165
36300 0.36995537 0.84907166 28.64190135
36400 0.34930832 0.72542303 64.02909512
36500 0.33315924 0.76793687 53.69772416
36600 0.44832943 0.76049389 43.24181884
36700 0.36479594 0.80187819 39.92228534
36800 0.41562308 0.79442957 36.21785381
36900 0.35712085 0.83471445 33.38116073
37000 0.36098756 0.78877659 43.78106495
37100 0.39579957 0.86320093 22.87581151
37200 0.35723179 0.86953844 26.47456849
37300 0.37915538 0.92748378 14.80682395
37400 0.38587451 0.75583659 49.77837035
37500 0.42264776 0.74966366 48.09264332
37600 0.38107884 0.92876212 14.42043252
37700 0.39759565 0.73527322 54.76979847
37800 0.39446081 0.87493065 20.89389957
37900 0.41454321 0.80846231 32.82166069
38000 0.38014672 0.80661557 36.80039598
38100 0.33602944 0.83682792 36.16434179
38200 0.38473066 0.77123484 45.49851714
38300 0.37816806 0.82424405 32.90438681
38400 0.40187688 0.84301084 26.23633019
38500 0.37368664 0.77920812 44.64165356
38600 0.38595933 0.79772083 38.32502851
38700 0.38352896 0.80416692 36.99970366
38800 0.33366212 0.81381289 41.72632082
38900 0.38679819 0.81423155 34.20070567
39000 0.42591332 0.85864515 21.05275711
39100 0.33886034 0.80851182 42.14126748
39200 0.35487192 0.78717022 45.07082475
39300 0.37346928 0.86818592 24.53319219
39400 0.38018588 0.80598758 36.94874215
39500 0.40972950 0.83764258 26.62221904
39600 0.33159763 0.80305343 44.67098336
39700 0.40366156 0.75761937 47.38376386
39800 0.37363702 0.74427914 54.71642424
39900 0.38850623 0.95349128 10.87239725
40000 0.40965687 0.82958150 28.37309886
40100 0.43605836 0.83650223 24.83491487
40200 0.45246798 0.80150816 32.00374314
40300 0.40339252 0.77645623 42.07959903
40400 0.41385612 0.91107173 13.36091563
40500 0.36033323 0.93860978 15.95729364
40600 0.37352203 0.82375373 33.59202594
40700 0.36519725 0.93578009 15.60898458
40800 0.40101013 0.83484994 28.04427086
40900 0.41171190 0.80621313 33.61341452
41000 0.38662365 0.74353880 53.38633071
41100 0.34589731 0.79331433 44.81758488
41200 0.39107079 0.80030379 37.10688468
41300 0.36845756 0.92168196 16.88446643
41400 0.37819023 0.81727887 34.49837211
41500 0.38621534 0.84465416 27.55693161
41600 0.38832232 0.81603910 33.60480492
41700 0.36617913 0.89091259 21.60841370
41800 0.34906387 0.81337926 39.38554500
41900 0.35460905 0.88807934 23.67841497
42000 0.35588464 0.82960081 34.67252030
42100 0.40562887 0.89063322 17.15184025
42200 0.33112107 0.78614121 49.07077727
42300 0.40625666 0.77023612 43.52782071
42400 0.34228975 0.82802451 37.07282114
42500 0.36330358 0.75253327 53.58618211
42600 0.41867773 0.85475781 22.36641239
42700 0.42438169 0.89506620 14.86130622
42800 0.41274609 0.80248997 34.43723026
42900 0.41067866 0.76158134 45.58181406
43000 0.35006156 0.74624907 57.37308229
43100 0.42717449 0.83310487 26.17352622
43200 0.37237291 0.73228966 58.61426652
43300 0.37228149 0.79973905 39.47127980
43400 0.40381605 0.90339396 15.37234192
43500 0.37490698 0.92352029 15.82269009
43600 0.40311401 0.78068551 40.95859481
43700 0.38062045 0.93530114 13.70365203
43800 0.40569725 0.84353600 25.76019517
43900 0.42042748 0.89031390 15.91571829
44000 0.41123475 0.76441566 44.71884318
44100 0.41945938 0.82459543 28.64700603
44200 0.34356059 0.83939267 34.41436866
44300 0.37906504 0.87333984 22.91703875
44400 0.37299936 0.87422546 23.51292697
44500 0.37305582 0.84826966 28.40497723
44600 0.36547566 0.81425157 36.83705997
44700 0.40604869 0.87031078 20.55753308
44800 0.35783761 0.87714908 25.04379137
44900 0.42109119 0.93174538 10.10537718
45000 0.38025402 0.82987951 31.39606525
45100 0.38514349 0.82904894 31.00569465
45200 0.41090748 0.87709562 18.91670118
45300 0.37369805 0.91008905 17.76362864
45400 0.42460436 0.83288655 26.41137597
45500 0.37168843 0.79754009 40.09993130
45600 0.37559976 0.83129682 31.65325062
45700 0.38219902 0.75445726 50.61129109
45800 0.36085148 0.72112826 63.75946712
45900 0.40448440 0.92485128 12.39271571
46000 0.37790509 0.89686916 19.17811141
46100 0.37236678 0.86020846 26.15553423
46200 0.34674625 0.79859577 43.34539904
46300 0.39393469 0.80042988 36.76754911
46400 0.36690748 0.75657264 51.90661730
46500 0.44267524 0.72633195 54.02356813
46600 0.40703060 0.79606914 36.56209690
46700 0.37876473 0.76781176 47.16409679
46800 0.40370887 0.81844496 31.44485868
46900 0.40627789 0.80781302 33.71918334
47000 0.36379505 0.87165084 25.18010624
47100 0.39274628 0.86263891 23.30376850
47200 0.34000571 0.85449204 31.91076635
47300 0.39293702 0.89548554 17.66860046
47400 0.33462010 0.91729245 22.48090249
47500 0.33413483 0.81612342 41.10475497
47600 0.37678031 0.76916383 47.02602144
47700 0.37374374 0.74980055 53.03017553
47800 0.37187360 0.78484141 43.36272691
47900 0.43658889 0.79776996 33.82048068
48000 0.39787092 0.92109620 13.52326832
48100 0.38395756 0.87233752 22.51490169
48200 0.39625479 0.81301215 33.46315444
48300 0.38063111 0.87255307 22.86817229
48400 0.39426314 0.85175386 25.24090763
48500 0.38619802 0.86274684 24.00731824
48600 0.40058789 0.86625093 21.82324443
48700 0.37820979 0.83829470 29.82599513
48800 0.37822066 0.79617126 39.62961843
48900 0.43627602 0.80354059 32.40149361
49000 0.38469460 0.80150534 37.52246620
49100 0.37711746 0.89221358 19.99833581
49200 0.42150225 0.86605911 19.99807426
49300 0.41428734 0.83349360 27.11084012
49400 0.44536889 0.85849790 19.82880679
49500 0.40298833 0.85084569 24.53685185
49600 0.40083616 0.80331180 35.34426692
49700 0.40836111 0.77942642 40.80387320
49800 0.38784889 0.80473037 36.36753178
49900 0.38195547 0.81237786 35.19939648
50000 0.39348279 0.86947308 21.96794353
50100 0.37062577 0.85223139 27.92505748
50200 0.36961777 0.83023374 32.64836588
50300 0.36894887 0.85661036 27.28697557
50400 0.37405511 0.85219770 27.49393194
50500 0.33502073 0.71759972 68.85405393
50600 0.38094768 0.81894340 33.78030264
50700 0.44269582 0.90468809 12.19966007
50800 0.39147428 0.80910679 34.90368514
50900 0.37888983 0.81086594 35.92638652
51000 0.38621691 0.80180565 37.27351370
51100 0.34298135 0.82080042 38.59365229
51200 0.42446267 0.95116140 7.73747827
51300 0.40852042 0.84118670 25.98575422
51400 0.38858242 0.76397961 47.11077063
51500 0.38594946 0.76028712 48.47054074
51600 0.39253184 0.83841114 28.15962548
51700 0.35003260 0.87842107 25.96477606
51800 0.37069696 0.86257077 25.92449646
51900 0.33808261 0.81679911 40.29994856
52000 0.33648601 0.75524826 56.80770618
52100 0.39877749 0.86672384 21.91807313
52200 0.38692204 0.85492728 25.41999597
52300 0.39690747 0.84175302 26.99743759
52400 0.43486962 0.75713166 45.00691627
52500 0.42594321 0.78393779 38.13675364
52600 0.32545885 0.76912677 54.67719067
52700 0.39119812 0.86831642 22.42338526
52800 0.40152487 0.84095891 26.69776431
52900 0.37039381 0.84140371 30.15508971
53000 0.37909668 0.77453574 45.24908660
53100 0.37106467 0.84557971 29.20598591
53200 0.37878730 0.76460312 48.07194998
53300 0.36107493 0.73193411 60.23304340
53400 0.36018902 0.72920085 61.22960229
53500 0.35608576 0.82315346 36.08533020
53600 0.37494976 0.76317225 48.95385860
53700 0.37873496 0.76494227 47.98155879
53800 0.37663113 0.90360674 18.32543147
53900 0.38817249 0.80700720 35.77544616
54000 0.37479552 0.87623221 22.93570240
54100 0.41897111 0.80796772 32.57265310
54200 0.39917529 0.86268947 22.62542867
54300 0.39798758 0.77685346 42.50778417
54400 0.41798423 0.85981034 21.44934593
54500 0.39602345 0.77077841 44.38790935
54600 0.38095777 0.92519091 14.87418006
54700 0.39626755 0.84660321 26.06533847
54800 0.35133326 0.84835494 31.38126525
54900 0.34528012 0.75260740 56.19030101
55000 0.39761512 0.81407238 33.07225329
55100 0.33855873 0.84386882 34.27667276
55200 0.39089329 0.76745254 45.86867018
55300 0.40733330 0.76711605 44.30522252
55400 0.38276501 0.81818076 33.74210014
55500 0.37655507 0.81773606 34.59259495
55600 0.36021857 0.93461660 16.42608818
55700 0.41863022 0.71759318 58.55766628
55800 0.41840376 0.79059261 36.97506958
55900 0.33696151 0.89823410 24.80721797
56000 0.42525540 0.82335271 28.47787459
56100 0.35447171 0.85386864 29.82299554
56200 0.35884807 0.79120293 43.44989653
56300 0.41551358 0.80621868 33.28364407
56400 0.37098692 0.82756245 33.06142030
56500 0.41288839 0.89908904 15.18127484
56600 0.39559593 0.78302517 41.08788329
56700 0.38323579 0.95211022 11.60814406
56800 0.32837115 0.88307201 28.66070941
56900 0.44088561 0.80781307 31.07450962
57000 0.37139645 0.83064247 32.32830007
57100 0.41594495 0.79011925 37.30162710
57200 0.31022152 0.81162974 46.41812656
57300 0.40009548 0.86896520 21.37725567
57400 0.37054368 0.92916995 15.67941913
57500 0.39867789 0.80670317 34.72975882
57600 0.38663514 0.81567985 33.87876371
57700 0.35534503 0.81246237 38.67459272
57800 0.33293462 0.91057713 23.67478939
57900 0.40691746 0.83543592 27.35105230
58000 0.34201536 0.76229869 53.86559650
58100 0.41456007 0.77149395 42.43280116
58200 0.46493510 0.75633796 43.73347048
58300 0.37660770 0.86064983 25.53957297
58400 0.38995153 0.84801387 26.45453162
58500 0.38943594 0.88429052 19.84202218
58600 0.36891214 0.79246771 41.75345345
58700 0.36501779 0.74169768 56.63525914
58800 0.39838708 0.80376826 35.47762718
58900 0.35036369 0.82553984 36.38669532
59000 0.36651736 0.80821344 38.13917853
59100 0.39121338 0.80029492 37.09357914
59200 0.37139204 0.74702704 54.16631133
59300 0.37389271 0.76406286 48.83154821
59400 0.35162722 0.91525601 20.08521302
59500 0.30804450 0.75691472 61.37294614
59600 0.40232462 0.93307023 11.60652543
59700 0.38858581 0.84919501 26.36788292
59800 0.36578464 0.83841207 31.39160773
59900 0.36208388 0.81790123 36.44534799
60000 0.41166889 0.92688316 11.48007078
60100 0.40661345 0.87163037 20.26838538
60200 0.30948599 0.86662672 34.96067291
60300 0.39321968 0.81099223 34.26337517
60400 0.38222209 0.76666544 47.07505286
60500 0.33779771 0.80112263 44.12476478
60600 0.35494178 0.86775841 27.12694270
60700 0.39677374 0.83098969 29.31058812
60800 0.38826174 0.83648276 29.03752495
60900 0.37636636 0.82447451 33.07351010
61000 0.43987201 0.87246800 17.56649323
61100 0.43048593 0.86340622 19.82472263
61200 0.39559467 0.94131089 11.35689754
61300 0.37524133 0.80188580 38.56269001
61400 0.39411458 0.85767692 24.09994514
61500 0.37326640 0.79223991 41.25083572
61600 0.37012195 0.83022639 32.58437368
61700 0.37509372 0.85413766 26.98181668
61800 0.40367947 0.76739092 44.57276748
61900 0.37604568 0.81360456 35.62373972
62000 0.33321951 0.77293925 52.28919527
62100 0.42591349 0.85187615 22.37093559
62200 0.36137669 0.79968088 40.93804174
62300 0.37084339 0.79640781 40.49521486
62400 0.37317705 0.83897594 30.30760829
62500 0.40349647 0.89895600 16.06361094
62600 0.35596585 0.80242745 41.01900195
62700 0.41385470 0.90660263 13.99190905
62800 0.34943380 0.83047387 35.43095003
62900 0.40239603 0.86601788 21.68797825
63000 0.35668254 0.76715444 50.27075321
63100 0.39767801 0.78932086 39.21170285
63200 0.38844947 0.87075640 22.28589319
63300 0.39166390 0.85762645 24.37214671
63400 0.37134192 0.91291980 17.67194240
63500 0.40864747 0.77391285 42.28469876
63600 0.38678316 0.81311368 34.46659013
63700 0.38203424 0.81920604 33.59088741
63800 0.32937129 0.83439900 37.79897381
63900 0.44755148 0.88343627 15.24716110
64000 0.35023887 0.83913039 33.44719322
64100 0.42482897 0.84081508 24.70450833
64200 0.35669997 0.79069445 43.88713386
64300 0.38670985 0.82526960 31.66920615
64400 0.40559939 0.89025725 17.21461133
64500 0.37814133 0.88617410 20.84423098
64600 0.40654740 0.78896393 38.43660773
64700 0.44465569 0.78467355 36.73055798
64800 0.33398996 0.84671383 34.44229963
64900 0.40731491 0.87321502 19.92172792
65000 0.33589470 0.82729045 38.26504648
65100 0.34122326 0.83188631 36.39181720
65200 0.37888204 0.80139264 38.23758855
65300 0.38482889 0.82787458 31.30204184
65400 0.39604870 0.79381620 38.21800609
65500 0.34122521 0.83285295 36.18113729
65600 0.37850524 0.80973361 36.24445682
65700 0.41134112 0.85190038 23.55192801
65800 0.39471453 0.78329864 41.10732175
65900 0.38060068 0.78996935 40.93606827
66000 0.36410990 0.79796842 40.99301963
66100 0.33103765 0.79709566 46.25444003
66200 0.36470254 0.82956711 33.44803038
66300 0.42444607 0.91671334 11.73686489
66400 0.42309624 0.86392830 20.26843220
66500 0.35860943 0.77662699 47.36204638
66600 0.37610545 0.78539290 42.68338922
66700 0.42008602 0.81254134 31.38643040
66800 0.39988461 0.84833291 25.34635317
66900 0.36358091 0.83465863 32.49103618
67000 0.33020213 0.87719475 29.34648457
67100 0.42829656 0.87454292 17.96328469
67200 0.39576746 0.88944723 18.32080713
67300 0.40228930 0.83523840 27.83496383
67400 0.40162817 0.85998031 22.89224895
67500 0.38200215 0.76641261 47.17265081
67600 0.40736610 0.82991388 28.50947024
67700 0.33462994 0.85243590 33.18941414
67800 0.35748927 0.79217627 43.39119211
67900 0.33939293 0.78633799 47.65614180
68000 0.42099547 0.78358565 38.60916188
68100 0.44170348 0.85773912 20.18136462
68200 0.37821677 0.87017093 23.58482425
68300 0.38850076 0.75078621 50.98048651
68400 0.35093138 0.81369961 39.02966374
68500 0.39467141 0.79779599 37.35048773
68600 0.34297974 0.76265665 53.61078089
68700 0.37597599 0.85433272 26.83381885
68800 0.38171637 0.78460219 42.21350819
68900 0.38828809 0.76627266 46.49037586
69000 0.37850973 0.77895868 44.11164037
69100 0.38709254 0.79997350 37.63067294
69200 0.32561617 0.76828287 54.88713043
69300 0.34911345 0.80476455 41.45358872
69400 0.36632034 0.80769068 38.29202790
69500 0.43671693 0.83277608 25.59548948
69600 0.35703799 0.83169025 34.04864263
69700 0.37260643 0.81370811 36.03149103
69800 0.37923578 0.85821395 25.68294268
69900 0.40989183 0.81493227 31.68816112
70000 0.41678515 0.90799600 13.54492265
70100 0.38968624 0.87637398 21.15755972
70200 0.35994775 0.78341362 45.34146482
70300 0.40521355 0.78194125 40.41998142
70400 0.40130627 0.82195095 30.87341014
70500 0.33314983 0.85643279 32.65362271
70600 0.35953919 0.78883719 43.96762600
70700 0.39376995 0.92011768 14.07712028
70800 0.34024034 0.79324711 45.72259726
70900 0.35205607 0.91169538 20.50778635
71000 0.38821909 0.83324351 29.73917422
71100 0.34358277 0.86084232 30.12348875
71200 0.38713892 0.73982716 54.47240644
71300 0.40517934 0.77757438 41.60333694
71400 0.39853215 0.76893188 44.64750702
71500 0.38669790 0.79079386 40.01259522
71600 0.33072081 0.86461246 31.51199246
71700 0.35372681 0.95053822 15.64424508
71800 0.35649476 0.72748855 62.30369428
71900 0.43679738 0.83667897 24.75021612
72000 0.38952497 0.88863258 19.12208880
72100 0.35123064 0.79112371 44.57462781
72200 0.40430859 0.90128681 15.63622928
72300 0.40583925 0.83386789 27.78966868
72400 0.37095984 0.79850009 39.95178334
72500 0.36124932 0.86041017 27.59802752
72600 0.39151218 0.83783971 28.39079703
72700 0.39287575 0.79734757 37.65442717
72800 0.33627445 0.78808639 47.70239862
72900 0.36338398 0.80772788 38.67985768
73000 0.38752770 0.88205512 20.42775156
73100 0.38509473 0.86766770 23.22414392
73200 0.36978289 0.83959320 30.61375957
73300 0.38760622 0.78085544 42.53557805
73400 0.37890369 0.82772200 32.03591284
73500 0.41681192 0.87850195 18.16591890
73600 0.40254253 0.83981927 26.83694800
73700 0.37942025 0.77696118 44.54483687
73800 0.33196118 0.81971371 40.63441075
73900 0.43118597 0.88891063 15.34257780
74000 0.33508595 0.85488534 32.63318670
74100 0.40236346 0.77186864 43.44497300
74200 0.38406725 0.77403211 44.79934038
74300 0.35357305 0.79625079 42.91475826
74400 0.35576210 0.75856066 52.87072955
74500 0.39133941 0.78478867 41.07208743
74600 0.39449502 0.80441344 35.72203068
74700 0.38132682 0.81118947 35.55689677
74800 0.35806562 0.87397834 25.56449731
74900 0.38251740 0.76538108 47.40504544
75000 0.34564458 0.86494797 29.03492460
75100 0.37031226 0.82649573 33.38653518
75200 0.37044198 0.76747057 48.30407951
75300 0.36748764 0.87663712 23.80710596
75400 0.37001714 0.85644541 27.17946236
75500 0.40265260 0.84554390 25.63940660
75600 0.37848527 0.85190312 27.00410068
75700 0.33784373 0.86679035 29.93021676
75800 0.38133515 0.86963668 23.30613719
75900 0.43976847 0.88012628 16.24245923
76000 0.38083679 0.81201558 35.41822837
76100 0.43151822 0.86472956 19.50744524
76200 0.35935617 0.84706165 30.48233003
76300 0.33135985 0.91036630 23.96853571
76400 0.37266502 0.87739336 23.00362398
76500 0.33220965 0.80723987 43.54303943
76600 0.38954841 0.81249902 34.30313507
76700 0.37081516 0.82287040 34.13828909
76800 0.35469079 0.79449310 43.19927206
76900 0.39127326 0.81260079 34.08994432
77000 0.38717896 0.83769460 28.90108531
77100 0.36824161 0.81150524 37.12001092
77200 0.35542054 0.79825299 42.13988942
77300 0.38164062 0.78854498 41.18383465
77400 0.41916497 0.90669443 13.53539480
77500 0.38208482 0.81205648 35.26055377
77600 0.41600524 0.80410236 33.76038467
77700 0.41905411 0.76124151 44.96685106
77800 0.41127634 0.74590379 50.17319737
77900 0.45571944 0.82747223 25.73968773
78000 0.39066628 0.83735863 28.58510836
78100 0.40470096 0.82481159 29.89586427
78200 0.40478667 0.91038354 14.27916749
78300 0.40357523 0.78015488 41.05706290
78400 0.37188080 0.79066729 41.83399267
78500 0.35301523 0.78966177 44.69025839
78600 0.42728731 0.88191205 16.77034738
78700 0.42403676 0.81098373 31.44959702
78800 0.37255789 0.78020027 44.51669277
78900 0.40848367 0.83723407 26.82228972
79000 0.39885620 0.79572162 37.44378062
79100 0.39873329 0.83838227 27.51850457
79200 0.35658967 0.81651752 37.54029511
79300 0.41248772 0.92038505 12.22921721
79400 0.39035467 0.86823737 22.52987663
79500 0.38351960 0.89674469 18.52743731
79600 0.37540846 0.77835713 44.65645115
79700 0.38024931 0.77225739 45.74059288
79800 0.34079248 0.80877154 41.76910190
79900 0.41255605 0.87415564 19.28384212
80000 0.40656067 0.73697639 53.35734501
80100 0.38694285 0.77402476 44.47212538
80200 0.35980888 0.87091973 25.86164636
80300 0.39780433 0.79300530 38.24511425
80400 0.35755305 0.76681965 50.24112103
80500 0.41850608 0.88236025 17.37217312
80600 0.41395776 0.78299898 39.34640594
80700 0.38041609 0.78433139 42.44006012
80800 0.38796702 0.74832553 51.77943610
80900 0.38498525 0.77813109 43.57054915
81000 0.35915059 0.83487078 33.05957003
81100 0.41795566 0.82598989 28.45590143
81200 0.36741125 0.79974422 40.10386657
81300 0.36927891 0.80104135 39.53420618
81400 0.38947787 0.82788760 30.77452855
81500 0.36214906 0.85076052 29.34962661
81600 0.39046362 0.88240936 20.04242082
81700 0.38772971 0.80633764 35.98798186
81800 0.37771473 0.79211920 40.72809717
81900 0.39939793 0.87544290 20.29547904
82000 0.39996448 0.76651051 45.18669931
82100 0.43190547 0.79872543 33.88788635
82200 0.39304741 0.77190687 44.38732400
82300 0.36269940 0.80797866 38.71289228
82400 0.39945843 0.79543702 37.45545863
82500 0.36237333 0.84134951 31.23806402
82600 0.34662118 0.83741741 34.35821098
82700 0.39990290 0.80217267 35.71890658
82800 0.35676269 0.76151235 51.87102599
82900 0.37349511 0.93677091 14.41215769
83000 0.41399033 0.79965053 35.03626062
83100 0.43504631 0.85876555 20.39479894
83200 0.38293880 0.83464099 30.04141347
83300 0.40689856 0.89429990 16.45519979
83400 0.38851406 0.82378948 31.80015610
83500 0.36105917 0.89822999 21.16934573
83600 0.37562380 0.76778543 47.55725109
83700 0.34892417 0.76015614 53.41668309
83800 0.38781375 0.80442590 36.44619553
83900 0.38294270 0.78302581 42.48881509
84000 0.33438078 0.89269238 26.08770643
84100 0.43762658 0.79993193 33.21224198
84200 0.37108364 0.76858066 47.90813558
84300 0.37527860 0.78772538 42.17170184
84400 0.40207899 0.88363959 18.63215499
84500 0.38859560 0.77591890 43.76569453
84600 0.38721557 0.76333040 47.44989496
84700 0.41338664 0.87086486 19.79563611
84800 0.34502384 0.77910681 48.70036616
84900 0.31296200 0.82727044 42.29583506
85000 0.36567132 0.84330057 30.38442521
85100 0.35017453 0.86133801 29.02051019
85200 0.38840511 0.83571790 29.18511820
85300 0.40200353 0.87811781 19.57339829
85400 0.36053180 0.83602669 32.61797835
85500 0.40689524 0.84933389 24.46769278
85600 0.35449547 0.83893111 32.86082199
85700 0.37234290 0.82288410 33.93898370
85800 0.30293984 0.89945113 30.74883509
85900 0.29364998 0.84769451 41.75392210
86000 0.38443509 0.81284921 34.79787392
86100 0.36429546 0.77671574 46.55000393
86200 0.38644607 0.93055488 13.58081601
86300 0.36802542 0.77267445 47.16337359
86400 0.40672792 0.83629682 27.18436534
86500 0.37232657 0.74961032 53.26723145
86600 0.35559449 0.86735088 27.10682623
86700 0.38285937 0.79061918 40.50016793
86800 0.38002279 0.84523611 28.16139009
86900 0.34430367 0.80414893 42.34204778
87000 0.37327884 0.80792804 37.32854416
87100 0.37677972 0.88388471 21.38876298
87200 0.37583986 0.72637655 60.07393919
87300 0.37029237 0.83453574 31.62445835
87400 0.37182141 0.74358824 55.15895890
87500 0.37336823 0.85929201 26.20257075
87600 0.34919571 0.81329417 39.38579375
87700 0.37977695 0.77820398 44.16332877
87800 0.40273382 0.89715969 16.41043499
87900 0.37185305 0.81341842 36.19624248
88000 0.36183199 0.83077621 33.57473348
88100 0.32952094 0.79707766 46.51641109
88200 0.41858142 0.85080644 23.15352964
88300 0.38937056 0.78510496 41.20412798
88400 0.42104785 0.83103801 27.08889792
88500 0.39275747 0.80472337 35.83079188
88600 0.40812491 0.79459145 36.83728051
88700 0.38410264 0.92261684 14.82933365
88800 0.34576253 0.78073189 48.14725529
88900 0.40342546 0.74521160 51.11130574
89000 0.36083241 0.84575834 30.54113775
89100 0.41355762 0.88629527 17.13576106
89200 0.36940569 0.76746383 48.44078186
89300 0.38045999 0.77922926 43.80330464
89400 0.35206901 0.83582076 33.87816174
89500 0.35265011 0.82931981 35.20586768
89600 0.37273696 0.80789841 37.40453126
89700 0.38198619 0.78037119 43.31347647
89800 0.30442687 0.86196136 36.80368921
89900 0.37835783 0.82144658 33.51674231
90000 0.38332697 0.77741463 43.95769025
90100 0.35838417 0.71690933 65.50221877
90200 0.32420518 0.90049200 26.62823004
90300 0.35260236 0.88722065 24.11159133
90400 0.34713683 0.82198556 37.67886554
90500 0.36338781 0.77583070 46.91584602
90600 0.38514257 0.80857928 35.73809684
90700 0.40758373 0.81377719 32.17099119
90800 0.38259522 0.79380058 39.71101285
90900 0.40449166 0.92157319 12.80764380
91000 0.34302817 0.76482012 52.98385882
91100 0.33514019 0.89267150 25.96550700
91200 0.35579203 0.89377341 22.60134268
91300 0.38408759 0.77414018 44.76716379
91400 0.40079626 0.83602923 27.81243571
91500 0.41522050 0.81298957 31.68075274
91600 0.34129112 0.84557909 33.48820834
91700 0.37677410 0.79741967 39.49072349
91800 0.40491969 0.81403296 32.36035442
91900 0.37708000 0.83954215 29.70091735
92000 0.38120071 0.79211917 40.30789520
92100 0.35374635 0.83678445 33.42549964
92200 0.38900467 0.78812601 40.44897592
92300 0.38017155 0.87690277 22.16075457
92400 0.40766603 0.86157779 22.01424677
92500 0.41278436 0.88552702 17.32896392
92600 0.40251551 0.89582214 16.63701971
92700 0.37901695 0.80667277 36.92251949
92800 0.32939858 0.77693937 51.83347591
92900 0.35858971 0.86943570 26.30016935
93000 0.38337893 0.84798711 27.20484172
93100 0.45060881 0.79770850 33.04524534
93200 0.39375380 0.78144649 41.70462078
93300 0.35911422 0.78919958 43.93283123
93400 0.41485439 0.78377325 39.06322743
93500 0.38806222 0.89580324 18.15335361
93600 0.37732761 0.80123359 38.46661982
93700 0.42336191 0.75048495 47.79132973
93800 0.38948723 0.80994842 34.91891726
93900 0.42027741 0.82487993 28.51736769
94000 0.41564813 0.74553957 49.90569478
94100 0.38810212 0.75744287 49.05540490
94200 0.36091458 0.84597046 30.48640272
94300 0.35301993 0.75368399 54.70315938
94400 0.35357543 0.87818484 25.48030132
94500 0.38694818 0.90070252 17.53522537
94600 0.41739423 0.88489515 17.04166274
94700 0.38395548 0.81268285 34.89287990
94800 0.39760268 0.84888307 25.46661468
94900 0.36086693 0.78759680 44.10672589
95000 0.37475348 0.83739242 30.44433807
95100 0.36179050 0.77429009 47.55890936
95200 0.43863505 0.85884185 20.15354678
95300 0.37224822 0.92556998 15.90167421
95400 0.40706820 0.77756639 41.42819603
95500 0.38153328 0.75733107 49.84473126
95600 0.38059794 0.83833066 29.53038116
95700 0.37436187 0.78407187 43.25135635
95800 0.38188015 0.79802137 38.72276527
95900 0.39815260 0.87876350 19.84741562
96000 0.40739966 0.82219173 30.23571634
96100 0.37113502 0.80590179 38.09506003
96200 0.30051307 0.92925859 27.18676299
96300 0.38159213 0.86545218 24.03916160
96400 0.33059580 0.77094489 53.28476858
96500 0.42524329 0.82482835 28.14541776
96600 0.41617855 0.86112913 21.34912013
96700 0.33811283 0.91356147 22.41146354
96800 0.40270888 0.94326625 10.42882754
96900 0.41122988 0.83655802 26.71880718
97000 0.36963057 0.80208898 39.22803221
97100 0.36535610 0.94879272 14.18594665
97200 0.39848758 0.89111925 17.77393207
97300 0.34714638 0.81185689 40.03818603
97400 0.39303983 0.81927702 32.33678665
97500 0.33656368 0.76920230 52.77939022
97600 0.38385348 0.83902165 29.00093913
97700 0.32399541 0.78611195 50.30726012
97800 0.40660694 0.85529392 23.31635979
97900 0.39573052 0.81159368 33.85484944
98000 0.40390754 0.80508781 34.60787145
98100 0.38194080 0.78769219 41.37168098
98200 0.44525006 0.77417276 39.53911232
98300 0.40092518 0.84540735 25.83698565
98400 0.37786060 0.85383247 26.69986660
98500 0.41311597 0.88042174 18.15281105
98600 0.41153235 0.85348029 23.22326047
98700 0.37774318 0.77544615 45.16327156
98800 0.36242931 0.72921306 60.91497610
98900 0.40136891 0.80358284 35.22475430
99000 0.36686992 0.87348598 24.44040777
99100 0.39296331 0.86835776 22.22537892
99200 0.38502486 0.97342096 9.54181581
99300 0.39373215 0.76088050 47.44147071
99400 0.39322200 0.83558043 28.68864650
99500 0.38610459 0.94202121 12.31579176
99600 0.37725739 0.79594914 39.80379419
99700 0.37766200 0.79323218 40.44814917
99800 0.41349415 0.90226953 14.65377681
99900 0.42570372 0.81671465 29.97099601
100000 0.42510243 0.85872009 21.09882444
100100 0.39441404 0.90976859 15.40662185
100200 0.36349112 0.74090763 57.08638407
100300 0.36550058 0.77723850 46.24446594
100400 0.37107505 0.74401835 55.12320708
100500 0.38884079 0.86100430 24.03787208
100600 0.40804531 0.83299762 27.77285038
100700 0.42148468 0.83586044 26.01020262
100800 0.36695854 0.82817267 33.45369686
100900 0.33656766 0.83758429 35.91528275
101000 0.36062236 0.74844468 55.18086840
101100 0.40091248 0.85209115 24.49312434
101200 0.43742848 0.82639655 26.95684915
101300 0.41010265 0.82819093 28.64039838
101400 0.38679213 0.83777087 28.92861313
101500 0.37619577 0.85525168 26.62719686
101600 0.36373357 0.77214538 47.88586572
101700 0.35926147 0.86839727 26.39344241
101800 0.39651584 0.86660804 22.17079228
101900 0.36030372 0.85067532 29.62268926
102000 0.36394192 0.80539929 39.17065383
102100 0.34776246 0.87495875 26.90785533
102200 0.36571101 0.81801334 35.92567171
102300 0.34641892 0.81394088 39.65552662
102400 0.40673603 0.80582347 34.16017361
102500 0.36390068 0.87437380 24.68379334
102600 0.41830841 0.88132043 17.56315698
102700 0.35488029 0.79011517 44.29992812
102800 0.37240603 0.89335219 20.40937887
102900 0.39451020 0.88199545 19.67681303
103000 0.36260921 0.85524959 28.40197685
103100 0.38441368 0.77783486 43.71702934
103200 0.35369778 0.89583736 22.58522948
103300 0.38725590 0.83394428 29.69565300
103400 0.39350453 0.88868449 18.68198946
103500 0.42059842 0.87242770 18.91826655
103600 0.44418600 0.85774222 20.03912846
103700 0.35267826 0.97981709 13.31466750
103800 0.39430874 0.90356895 16.30634793
103900 0.41584634 0.83737998 26.14455547
104000 0.37408354 0.74984949 52.97264106
104100 0.35859465 0.77138645 48.81049224
104200 0.42267530 0.85395211 22.20694283
104300 0.42298859 0.76018857 44.96071041
104400 0.35730535 0.78141119 46.25085538
104500 0.33901106 0.86253672 30.52995983
104600 0.39129607 0.86239708 23.50569894
104700 0.37793355 0.85058534 27.33321247
104800 0.41946527 0.79571524 35.57328986
104900 0.37903831 0.80711122 36.81334393
105000 0.39097344 0.91611135 14.90648021
105100 0.36356839 0.89897970 20.71035800
105200 0.34315525 0.88039490 26.68308329
105300 0.36709679 0.86419781 26.09285785
105400 0.40366332 0.83396885 27.97510635
105500 0.37415366 0.82002640 34.36257923
105600 0.38781573 0.79073950 39.90065980
105700 0.38590669 0.84643323 27.22835680
105800 0.35185973 0.74897623 56.28042550
105900 0.40107234 0.77094641 43.82879408
106000 0.38883677 0.90091194 17.29225682
106100 0.38090063 0.87653553 22.13729078
106200 0.33900716 0.87545964 28.19151464
106300 0.42992073 0.87025188 18.61024535
106400 0.40688587 0.79539565 36.74680833
106500 0.36047849 0.84400580 30.94993072
106600 0.33219655 0.79486488 46.62596456
106700 0.37132985 0.77860163 45.10654092
106800 0.40514116 0.75966216 46.64713199
106900 0.40641031 0.79856470 35.98936982
107000 0.41502777 0.84287811 25.05987893
107100 0.38250202 0.80681001 36.47357367
107200 0.37492794 0.79059596 41.46673645
107300 0.37763734 0.75968134 49.62877248
107400 0.36492357 0.78976504 42.98393832
107500 0.40324802 0.85513803 23.66606624
107600 0.42538303 0.82535937 28.01555278
107700 0.39093049 0.87927142 20.52220359
107800 0.38304987 0.86063215 24.76875773
107900 0.40346253 0.96263245 8.47628604
108000 0.37953085 0.80863324 36.38536549
108100 0.37441241 0.86387295 25.20776055
108200 0.37384072 0.83602962 30.84974390
108300 0.37850450 0.80262157 37.97862282
108400 0.36037917 0.84445972 30.87039100
108500 0.36879100 0.79925853 40.04354488
108600 0.42334481 0.77706753 40.18407497
108700 0.37457503 0.79079750 41.45867849
108800 0.38517436 0.81056585 35.25681891
108900 0.35672526 0.85147194 29.97052151
109000 0.41397778 0.80215651 34.41310880
109100 0.34644677 0.82673580 36.71274952
109200 0.39366275 0.75013351 50.61376061
109300 0.31444975 0.83012419 41.38713486
109400 0.38723666 0.70416174 66.15983747
109500 0.41596718 0.83875061 25.84391034
109600 0.36173828 0.84004451 31.59880419
109700 0.36157908 0.81357774 37.52791927
109800 0.39364613 0.80234517 36.32203058
109900 0.38323067 0.85706359 25.42976794
110000 0.40837410 0.73067870 55.18069740
110100 0.34638028 0.79258826 44.92991258
110200 0.41903548 0.84165178 24.98211747
110300 0.38344791 0.80234822 37.45789668
110400 0.42619440 0.80701420 32.24468257
110500 0.41366089 0.85302471 23.12685282
110600 0.34848671 0.82445731 36.91289102
110700 0.38164800 0.83395050 30.34229155
110800 0.36942202 0.83893670 30.79916216
110900 0.38686123 0.75861913 48.85159710
111000 0.34877343 0.89253735 23.83198078
111100 0.36240738 0.87192661 25.32093150
111200 0.33495650 0.76111402 55.34723155
111300 0.32928562 0.87168086 30.47055797
111400 0.34119820 0.90357914 23.32853955
111500 0.39682207 0.88586236 18.79342480
111600 0.38791795 0.77960402 42.83818428
111700 0.44592721 0.74294628 48.60292777
111800 0.33037555 0.79411418 47.12500175
111900 0.36441705 0.93014149 16.37439995
112000 0.37567220 0.83075661 31.76253239
112100 0.41476507 0.79664943 35.72575254
112200 0.39653414 0.80095597 36.36405587
112300 0.40305448 0.77183524 43.38703432
112400 0.43298894 0.81850190 29.04092570
112500 0.38953785 0.74884875 51.44698072
112600 0.42717382 0.91898186 11.23470301
112700 0.34936555 0.91102552 21.00232174
112800 0.40599686 0.85844391 22.76516382
112900 0.41308141 0.80878787 32.86906735
113000 0.37174037 0.78674371 42.87720325
113100 0.34772265 0.86428166 28.83984731
113200 0.38796634 0.80887675 35.34598142
113300 0.33189075 0.92515004 21.92411666
113400 0.42270082 0.82370455 28.59239724
113500 0.40167396 0.84399395 26.05325097
113600 0.35748839 0.82733152 34.94540469
113700 0.39284111 0.87100442 21.76122277
113800 0.36205260 0.78300373 45.15824651
113900 0.36863867 0.90713973 18.83242847
114000 0.39509212 0.82013362 31.92210802
114100 0.37696758 0.87426479 23.00991966
114200 0.39755293 0.91932488 13.78569457
114300 0.37489850 0.85420455 26.99312107
114400 0.40459125 0.88969356 17.40049218
114500 0.36064403 0.88454520 23.39768858
114600 0.36817091 0.78133995 44.77856592
114700 0.38015254 0.87031873 23.32438748
114800 0.35826879 0.88024552 24.45215922
114900 0.34916974 0.82657949 36.33324552
115000 0.35561855 0.88917508 23.35532884
115100 0.40833723 0.79615260 36.42028386
115200 0.38598869 0.76518711 47.05848072
115300 0.42597725 0.81141610 31.20082176
115400 0.35667150 0.81852607 37.06161943
115500 0.35025177 0.94903477 16.30925448
115600 0.33714142 0.83306089 36.79274704
115700 0.40100903 0.84449865 26.01500853
115800 0.45295079 0.78520531 36.16492903
115900 0.39883594 0.74657332 51.15095794
116000 0.42003717 0.79616624 35.41281617
116100 0.39424097 0.88784280 18.73996501
116200 0.35876206 0.82148094 36.08455808
116300 0.35869358 0.75276412 54.15833614
116400 0.34863122 0.79224148 44.67597966
116500 0.39299957 0.84454244 26.83095114
116600 0.36870587 0.85914964 26.83100362
116700 0.31859890 0.85736246 35.00778990
116800 0.35995135 0.76357168 50.82740220
116900 0.35914662 0.88812950 23.02086760
117000 0.34496526 0.78278658 47.71939189
117100 0.38662742 0.85976460 24.52142427
117200 0.40974465 0.85661902 22.77111598
117300 0.41158040 0.87155220 19.83082066
117400 0.40856374 0.89474448 16.23243214
117500 0.37923558 0.80929656 36.26109479
117600 0.39077948 0.92551309 13.71305684
117700 0.33140660 0.78153183 50.24944540
117800 0.37131779 0.77006698 47.46080297
117900 0.39699872 0.87648911 20.35764660
118000 0.38066430 0.79267266 40.22918484
118100 0.37181478 0.85225553 27.76716265
118200 0.39300061 0.85084833 25.55512894
118300 0.39982771 0.80689120 34.56818755
118400 0.40257277 0.93015626 11.92729288
118500 0.35426422 0.85135492 30.34939260
118600 0.32309019 0.89265387 28.02744231
118700 0.37184827 0.84533708 29.15488747
118800 0.40033369 0.77214955 43.56712305
118900 0.32706459 0.76099618 56.71493116
119000 0.46673512 0.78340674 36.08926007
119100 0.33419830 0.81264030 41.91491493
119200 0.35638799 0.78058315 46.60492278
119300 0.37683114 0.87449474 22.98633164
119400 0.43038266 0.76891901 41.92654792
119500 0.34873698 0.83808485 33.89426584
119600 0.36061867 0.79598712 41.97484885
119700 0.34746241 0.89672010 23.38122251
119800 0.35263116 0.84353648 32.17238015
119900 0.40054055 0.87876148 19.60740582
120000 0.39875231 0.83078709 29.15269693
120100 0.34784588 0.82938934 35.90996971
120200 0.40001422 0.79880576 36.54785118
120300 0.39152323 0.80318994 36.34120737
120400 0.43510172 0.76643804 42.30958509
120500 0.42668140 0.84657130 23.37942551
120600 0.38325354 0.84794599 27.22777959
120700 0.38709810 0.86572468 23.35211665
120800 0.40419639 0.78174874 40.56853534
120900 0.41376298 0.80074772 34.78176196
121000 0.38669708 0.77476897 44.29483557
121100 0.35113386 0.82355148 36.72003086
121200 0.37381137 0.91334754 17.29873174
121300 0.38040200 0.87667537 22.17255337
121400 0.37491932 0.89892669 19.23416091
121500 0.37171311 0.84039770 30.19532555
121600 0.39710498 0.81853786 32.08105285
121700 0.35227788 0.79067349 44.53603357
121800 0.36832510 0.82347119 34.32678970
121900 0.39578462 0.82529250 30.67715344
122000 0.36551405 0.88019647 23.45985624
122100 0.36852150 0.79503450 41.14699959
122200 0.40621693 0.80681780 33.96642234
122300 0.35520211 0.83789162 32.97819703
122400 0.36755837 0.71082297 66.29092156
122500 0.39329048 0.77712156 42.92478307
122600 0.36027909 0.81982077 36.25220398
122700 0.40563371 0.84484765 25.49624209
122800 0.33878533 0.84970241 33.05464555
122900 0.32453032 0.75136697 59.98564579
123000 0.39431163 0.73997025 53.64423863
123100 0.37138997 0.87123719 24.24834121
123200 0.35319454 0.92363848 18.75953718
123300 0.34273346 0.75441314 56.05217778
123400 0.35633965 0.77351617 48.54080093
123500 0.36490202 0.89890703 20.54027550
123600 0.40217748 0.77740221 41.93940037
123700 0.44424708 0.82093383 27.78984990
123800 0.38391505 0.83870001 29.06169971
123900 0.36665153 0.87553521 24.10988812
124000 0.37733168 0.81234657 35.76333468
124100 0.40743685 0.90296019 15.09432102
124200 0.38710204 0.87201700 22.21194983
124300 0.39356466 0.82867115 30.15746986
124400 0.35503300 0.79409957 43.25023159
124500 0.33425960 0.85676197 32.40540811
124600 0.40105511 0.85692500 23.53402235
124700 0.41659122 0.82596863 28.57353985
124800 0.39518245 0.86188272 23.18741428
124900 0.41156180 0.89125931 16.50996117
125000 0.41344289 0.86365316 21.10863930
125100 0.30282242 0.90579701 29.83674998
125200 0.41065659 0.83623687 26.83846084
125300 0.41394064 0.79926333 35.13754646
125400 0.42527407 0.76939285 42.16216846
125500 0.33799833 0.82779524 37.80974788
125600 0.35241455 0.91111179 20.53570091
125700 0.37868131 0.80219798 38.06203228
125800 0.38362227 0.81817973 33.64220823
125900 0.35904185 0.88135427 24.15529046
126000 0.43652390 0.82434412 27.47489482
126100 0.38717927 0.78460402 41.58177063
126200 0.38322460 0.77143101 45.61858884
126300 0.39351307 0.72097106 59.79975600
126400 0.37746595 0.88250284 21.53494609
126500 0.38770186 0.74510059 52.78726225
126600 0.39078503 0.79419274 38.68263266
126700 0.40357432 0.83637343 27.46711121
126800 0.39351868 0.83230252 29.36523256
126900 0.39247299 0.77261824 44.25135048
127000 0.38450593 0.74893464 51.98961556
127100 0.37092108 0.89421769 20.46474775
127200 0.37687447 0.74750008 53.33304780
127300 0.37781882 0.82539569 32.68766842
127400 0.41823837 0.76543490 43.83113073
127500 0.39153317 0.89961102 17.19094955
127600 0.42056816 0.90756619 13.29840347
127700 0.36224684 0.80823733 38.71256024
127800 0.43215117 0.82552639 27.49593139
127900 0.35542480 0.82828749 35.02921176
128000 0.35936127 0.81926676 36.50854072
128100 0.40423060 0.77166596 43.32080685
128200 0.35248322 0.79725875 42.81966907
128300 0.39399694 0.77227120 44.18496852
128400 0.37380806 0.81040871 36.66419465
128500 0.42618707 0.86476544 19.88009616
128600 0.41651329 0.90589675 13.86788820
128700 0.35583452 0.74917234 55.64048298
128800 0.41244649 0.79376175 36.66182948
128900 0.36509044 0.91896732 17.68507537
129000 0.35754657 0.73901865 58.50118929
129100 0.36699238 0.88916342 21.77971581
129200 0.39971390 0.76382466 45.97681468
129300 0.43019263 0.95124344 7.31296361
129400 0.40761239 0.70217035 64.76046719
129500 0.40708145 0.75729007 47.15648058
129600 0.41116259 0.84722204 24.50549268
129700 0.38654843 0.97249379 9.43923615
129800 0.36469812 0.88131754 23.38018537
129900 0.38557810 0.79349284 39.44414598
130000 0.38986374 0.88593181 19.52418258
130100 0.42014147 0.85040367 23.10804049
130200 0.33626009 0.85207581 32.99237216
130300 0.36606283 0.89994586 20.22770556
130400 0.33182160 0.79837809 45.79878009
130500 0.37295818 0.84229252 29.64101102
130600 0.40018344 0.75847595 47.47480884
130700 0.39415562 0.76646007 45.79896282
130800 0.41200920 0.84630874 24.61625494
130900 0.35744574 0.79492807 42.69170285
131000 0.38862719 0.94273774 11.95454813
131100 0.37732826 0.87919077 22.11207363
131200 0.38315123 0.74699860 52.73174194
131300 0.42953449 0.72563631 55.08859436
131400 0.40851679 0.74012204 52.19676410
131500 0.35110529 0.68511463 77.65548256
131600 0.40911226 0.83081348 28.15165580
131700 0.42172291 0.83648780 25.85738127
131800 0.38976454 0.84078798 27.96076398
131900 0.40151679 0.86282909 22.36594643
132000 0.39474734 0.85996382 23.59593719
132100 0.39264401 0.81645733 33.03374394
132200 0.40018025 0.84440090 26.11748699
132300 0.35876517 0.74020667 57.95959387
132400 0.42963281 0.85236001 22.00655288
132500 0.39770012 0.81667810 32.45218673
132600 0.39377931 0.80857914 34.78343280
132700 0.37408793 0.81641873 35.20702899
132800 0.37283871 0.82117425 34.26560850
132900 0.39549464 0.78510108 40.54640376
133000 0.39387655 0.83070096 29.67712855
133100 0.36849828 0.83316481 32.15510123
133200 0.37331699 0.80049103 39.15165561
133300 0.37419552 0.85006444 27.90049757
133400 0.36851385 0.76801623 48.40172820
133500 0.37082470 0.74371949 55.24700420
133600 0.46819541 0.82180734 26.54171091
133700 0.36510364 0.82241476 34.99603534
133800 0.33395917 0.81456050 41.50065808
133900 0.38321921 0.85357907 26.10946667
134000 0.39391349 0.77086231 44.58609986
134100 0.39485953 0.86950494 21.81649148
134200 0.42419697 0.75702314 45.79076892
134300 0.36581331 0.79011760 42.77246367
134400 0.37553584 0.78978319 41.60205761
134500 0.35149418 0.73624228 60.24894362
134600 0.41104817 0.93128566 11.00276085
134700 0.36564630 0.78912869 43.05237778
134800 0.35886537 0.71837030 64.94861976
134900 0.33426236 0.87358421 29.29574858
135000 0.42643916 0.82809180 27.32722279
135100 0.37249843 0.78777237 42.50999080
135200 0.38525525 0.79143100 40.01214374
135300 0.38163375 0.92729026 14.53412510
135400 0.40292031 0.78837410 38.93628996
135500 0.41185946 0.87672297 18.89684235
135600 0.35229922 0.78860932 45.07030341
135700 0.35540377 0.78187656 46.39912417
135800 0.41318778 0.82159577 29.85242779
135900 0.34410520 0.82340780 37.82360765
136000 0.41773619 0.80520175 33.34675967
136100 0.43827588 0.85072548 21.76010137
136200 0.41069942 0.77380984 42.12780061
136300 0.40643072 0.86605573 21.29535172
136400 0.44173273 0.86976678 17.93954476
136500 0.33075097 0.79459920 46.93740130
136600 0.30636883 0.85535628 37.68960421
136700 0.36234786 0.84655027 30.16995323
136800 0.35277896 0.85935054 29.01062625
136900 0.43276258 0.78500159 37.37251306
137000 0.37385874 0.85651378 26.67426752
137100 0.37329385 0.81237814 36.25929908
137200 0.31964021 0.76084878 58.06904055
137300 0.38336072 0.78097181 42.99044573
137400 0.42637603 0.87839974 17.43356932
137500 0.36806172 0.77041042 47.78902281
137600 0.37164882 0.75965904 50.38595016
137700 0.40287199 0.79572904 37.04378665
137800 0.40643571 0.84002202 26.42251352
137900 0.32579717 0.83454309 38.38415288
138000 0.40606744 0.85212653 23.98861874
138100 0.43458108 0.85051010 22.03792682
138200 0.32104145 0.87908205 30.61955487
138300 0.33507991 0.82255667 39.46455198
138400 0.40734395 0.87454947 19.68401681
138500 0.37913546 0.78095656 43.49630558
138600 0.39594447 0.85178373 25.05862092
138700 0.41209066 0.93462737 10.51944725
138800 0.38925637 0.80823251 35.35783473
138900 0.41731481 0.88024880 17.82615590
139000 0.41328080 0.91457050 12.93068551
139100 0.40306760 0.87371716 20.23576410
139200 0.36585039 0.91879225 17.60579590
139300 0.41714173 0.83158258 27.28583196
139400 0.34820209 0.79519799 43.98333566
139500 0.40336697 0.86684569 21.44172118
139600 0.38360185 0.84141211 28.52871801
139700 0.36712361 0.79981835 40.12349726
139800 0.38070089 0.77176632 45.82312937
139900 0.39987292 0.92918138 12.31128489
140000 0.42711118 0.82706623 27.50612292
140100 0.34973332 0.79514723 43.76500522
140200 0.37501032 0.72480429 60.68733547
140300 0.41412259 0.81759357 30.69383901
140400 0.39576156 0.79368468 38.28159807
140500 0.38461175 0.90173954 17.64780626
140600 0.34899101 0.84043191 33.36124816
140700 0.40962469 0.75817491 46.66479044
140800 0.37643224 0.88415350 21.38702700
140900 0.34778194 0.90512668 22.07930737
141000 0.40141721 0.87323061 20.48299221
141100 0.39224930 0.82614697 30.86019633
141200 0.40153169 0.79545720 37.24402218
141300 0.37035606 0.86554784 25.41507473
141400 0.36684249 0.80040334 40.01470720
141500 0.39992251 0.84653760 25.70622559
141600 0.41831429 0.80552202 33.22101862
141700 0.42385018 0.86479068 20.05064396
141800 0.33640135 0.83893986 35.65544968
141900 0.42158250 0.82729795 27.87275394
142000 0.40753140 0.91883610 12.87720464
142100 0.36802760 0.82235059 34.62048292
142200 0.37078085 0.77809176 45.31584062
142300 0.38342277 0.83237139 30.47623097
142400 0.37780806 0.80176825 38.27493536
142500 0.35560913 0.85777992 28.89864109
142600 0.39499120 0.77466361 43.41848939
142700 0.45941891 0.84970831 20.88179350
142800 0.36426386 0.78230618 45.04214143
142900 0.38158340 0.75880356 49.40892895
143000 0.37750562 0.80203757 38.24511814
143100 0.32376646 0.91513866 24.62292164
143200 0.37204658 0.88153670 22.37597961
143300 0.33881540 0.83867435 35.31950389
143400 0.38211689 0.86730570 23.63681758
143500 0.38990888 0.76218016 47.48015661
143600 0.45001962 0.79360914 34.11715532
143700 0.40070114 0.80263187 35.52562742
143800 0.36335109 0.85132696 29.07195141
143900 0.38531478 0.81370027 34.49513119
144000 0.43328228 0.89868215 13.67417295
144100 0.39493996 0.81979346 32.01633029
144200 0.37437836 0.77590875 45.45340527
144300 0.37394876 0.76447100 48.70786306
144400 0.36762833 0.90324618 19.52947130
144500 0.37011453 0.90643091 18.74115982
144600 0.41623592 0.93667261 9.92975876
144700 0.38667106 0.80970067 35.29360742
144800 0.37927080 0.83661494 30.05436122
144900 0.41472461 0.81098014 32.20119240
145000 0.34792468 0.75856754 54.02989286
145100 0.43297177 0.80606461 31.99862933
145200 0.32847195 0.78836194 48.93817391
145300 0.40457271 0.79117449 38.04850551
145400 0.40609105 0.82864429 28.90862151
145500 0.41107644 0.93921738 10.09009447
145600 0.35054255 0.84896653 31.37599261
145700 0.38841342 0.77615488 43.72135611
145800 0.37535965 0.78166887 43.76840541
145900 0.41500837 0.91173720 13.17008865
146000 0.37181609 0.76162119 49.79672626
146100 0.41550133 0.77758906 40.67387220
146200 0.39759507 0.82802699 29.87939338
146300 0.42222783 0.88127052 17.25907324
146400 0.39395543 0.81156771 34.04770501
146500 0.38573179 0.87450312 21.92818855
146600 0.37501093 0.89353207 20.05224057
146700 0.39342379 0.88094168 19.96960204
146800 0.36532928 0.91550787 18.11216841
146900 0.37913400 0.90410087 17.94757303
147000 0.36277195 0.84980183 29.45542204
147100 0.33829278 0.91780755 21.81203401
147200 0.41751526 0.83549345 26.40839686
147300 0.36459005 0.79237332 42.35368197
147400 0.37610812 0.84534482 28.61646940
147500 0.41380991 0.82435066 29.17317699
147600 0.41328296 0.82066634 30.05688526
147700 0.34905414 0.79761813 43.24062885
147800 0.36825739 0.94575110 14.11197482
147900 0.37563228 0.87791255 22.54071106
148000 0.39319801 0.79164555 39.07684244
148100 0.36908559 0.85104452 28.36093282
148200 0.42960246 0.80362982 32.82704023
148300 0.37313235 0.77617714 45.53717938
148400 0.37678150 0.76980324 46.84651245
148500 0.40684562 0.75398632 48.15091753
148600 0.34272407 0.86109245 30.21088965
148700 0.38872693 0.82489800 31.52630434
148800 0.40518929 0.93288497 11.35249972
148900 0.40494021 0.82565641 29.68320466
149000 0.38615679 0.85943811 24.63705481
149100 0.40125659 0.79742936 36.77109358
149200 0.35339275 0.91228016 20.23021926
149300 0.37927832 0.87901163 21.90537429
149400 0.41066868 0.75816728 46.57321216
149500 0.38281205 0.77726561 44.05853184
149600 0.40198612 0.85064846 24.67387842
149700 0.37085151 0.85336657 27.67201875
149800 0.32199710 0.89139260 28.42067023
149900 0.35706298 0.85197603 29.82224252
150000 0.38515322 0.86932520 22.91658256
150100 0.38562007 0.85061344 26.41888389
150200 0.38243253 0.82616866 31.96128982
150300 0.35167262 0.81597481 38.38440077
150400 0.34258045 0.82505663 37.69021739
150500 0.34830516 0.82847605 36.04209267
150600 0.37250974 0.84335336 29.47829978
150700 0.31884156 0.80088780 47.43763265
150800 0.41807694 0.75827828 45.90647508
150900 0.40138959 0.76936707 44.23942732
151000 0.40920235 0.85374494 23.38013033
151100 0.37299317 0.81577824 35.49528367
151200 0.36601777 0.80358985 39.33459914
151300 0.39311725 0.88614450 19.13627248
151400 0.36377725 0.74912158 54.54223004
151500 0.38517759 0.81194976 34.92605198
151600 0.36915920 0.83948563 30.71780765
151700 0.40624450 0.79832666 36.06478223
151800 0.41722028 0.83937268 25.60817540
151900 0.35879479 0.90702330 20.19062425
152000 0.36876855 0.87590089 23.76609735
152100 0.36323936 0.83062280 33.41491491
152200 0.36564351 0.83726877 31.65312051
152300 0.38055378 0.79199997 40.41570877
152400 0.39445491 0.81622138 32.89610556
152500 0.33272603 0.75264097 58.20148620
152600 0.41779626 0.81729019 30.45565528
152700 0.37264587 0.85294739 27.52440258
152800 0.39566971 0.81258171 33.62612590
152900 0.41464774 0.75801845 46.26911743
153000 0.41086455 0.78959884 37.87694624
153100 0.37176832 0.82327395 33.92403223
153200 0.35982903 0.84989079 29.84579791
153300 0.39260528 0.77584072 43.34846784
153400 0.36565885 0.74531192 55.44118680
153500 0.34358883 0.79320859 45.20314128
153600 0.38758137 0.81543795 33.82865281
153700 0.40867227 0.76904517 43.63818675
153800 0.37097036 0.85592074 27.15770453
153900 0.38274889 0.77605848 44.39588907
154000 0.35280117 0.80955927 39.73961931
154100 0.39018851 0.82190672 32.04255235
154200 0.35852577 0.91322937 19.36058031
154300 0.42345100 0.88044868 17.30370012
154400 0.35272334 0.88528130 24.41133204
154500 0.37043761 0.82760679 33.12257612
154600 0.39801091 0.86067763 23.12236739
154700 0.38318012 0.84755608 27.31521279
154800 0.34369804 0.79929833 43.64081460
154900 0.39274156 0.83550137 28.75701888
155000 0.39522378 0.77926499 42.13774930
155100 0.35557216 0.83359487 33.84528954
155200 0.35869361 0.77238472 48.51886914
155300 0.34288250 0.91460229 21.50922435
155400 0.43760624 0.86664170 18.75662412
155500 0.39717192 0.88188829 19.41757988
155600 0.41262542 0.86613461 20.72039949
155700 0.36008066 0.85828385 28.16625199
155800 0.41519691 0.82301596 29.35665842
155900 0.37036691 0.82664068 33.34706077
156000 0.41651066 0.70045724 64.57530442
156100 0.39288037 0.74925296 50.96169893
156200 0.36370235 0.87511858 24.58028116
156300 0.41458669 0.89257498 16.03903540
156400 0.37277620 0.78820109 42.36228411
156500 0.43469716 0.83031578 26.26280976
156600 0.38523018 0.80679988 36.15920642
156700 0.39783217 0.84899284 25.42107260
156800 0.39830763 0.83273839 28.77197309
156900 0.37308116 0.77026540 47.17991888
157000 0.39976772 0.80522332 34.98106516
157100 0.40541657 0.79750832 36.34903618
157200 0.37929039 0.86176487 25.00163600
157300 0.32794585 0.82704388 39.65603119
157400 0.35105574 0.80858865 40.23191656
157500 0.42454825 0.76947797 42.19278892
157600 0.32803912 0.84882401 35.02116154
157700 0.37563649 0.83584468 30.66439165
157800 0.37246306 0.82095260 34.36419124
157900 0.37379096 0.79604426 40.21111920
158000 0.36170910 0.88668196 22.89857711
158100 0.38081497 0.85933414 25.27926956
158200 0.38036918 0.77988860 43.63585122
158300 0.37862841 0.82988569 31.59068496
158400 0.40016453 0.83790235 27.47626737
158500 0.40735728 0.86628029 21.16780373
158600 0.40838334 0.85653129 22.91187752
158700 0.36692451 0.82320656 34.57217565
158800 0.41085464 0.85455506 23.07280907
158900 0.41230195 0.81499040 31.46022904
159000 0.38116325 0.83480381 30.21578767
159100 0.38773421 0.87111320 22.30204831
159200 0.39136537 0.79219938 39.13132241
159300 0.35253898 0.92059475 19.24523638
159400 0.33347237 0.81554433 41.35045704
159500 0.40823800 0.91457772 13.37972932
159600 0.40430144 0.87788875 19.39024832
159700 0.36351162 0.81400951 37.16029550
159800 0.38439362 0.73837906 55.23622245
159900 0.39316841 0.85224952 25.25912091
160000 0.43923729 0.89108736 14.47266708
160100 0.37574668 0.82929530 32.07472501
160200 0.37761914 0.76182544 49.01082510
160300 0.36973393 0.78459850 43.70360200
160400 0.36629570 0.78774985 43.32599194
160500 0.38860932 0.78729239 40.71158752
160600 0.36009414 0.89837096 21.28250864
160700 0.36171943 0.82777536 34.25265352
160800 0.39588247 0.81707937 32.54623976
160900 0.35900338 0.80457023 40.05790843
161000 0.40050413 0.79162168 38.32939162
161100 0.34131219 0.77104149 51.49983691
161200 0.38268750 0.90071824 18.02363306
161300 0.43545366 0.78252831 37.85366773
161400 0.39080561 0.75452431 49.61464989
161500 0.41548379 0.87556532 18.78522299
161600 0.38238948 0.88513920 20.50566010
161700 0.35838724 0.86124294 27.84170104
161800 0.34545525 0.87729610 26.85535704
161900 0.40303044 0.79400135 37.46920115
162000 0.37880257 0.83329496 30.82494518
162100 0.39138568 0.83821301 28.32540044
162200 0.37516421 0.85731714 26.35532998
162300 0.37680068 0.92173416 15.81509904
162400 0.39301426 0.79929541 37.14937088
162500 0.38866446 0.73696680 55.19269341
162600 0.44075788 0.80944322 30.68859676
162700 0.38170238 0.82156897 33.08753173
162800 0.32654286 0.76579898 55.42880014
162900 0.40607876 0.75445500 48.08402203
163000 0.42897613 0.91234802 11.99622833
163100 0.43698647 0.80552757 31.86873620
163200 0.38642857 0.83450004 29.66935224
163300 0.38522407 0.75354775 50.52872370
163400 0.40698563 0.90645137 14.62894136
163500 0.42056116 0.82400068 28.69311175
163600 0.36067715 0.69226861 73.69130329
163700 0.38063764 0.73370438 57.14514692
163800 0.39359224 0.73330755 55.80835878
163900 0.40099096 0.89654367 16.67581719
164000 0.43730358 0.89297007 14.29462038
164100 0.40349142 0.81993446 31.12202927
164200 0.39011565 0.75463635 49.65712769
164300 0.38907839 0.83236787 29.83367361
164400 0.36294956 0.77381089 47.53162417
164500 0.37107817 0.82268372 34.14676589
164600 0.38625752 0.92156850 14.71600175
164700 0.36434641 0.79449518 41.84230610
164800 0.41480757 0.78491698 38.76337738
164900 0.41479669 0.81204993 31.93991899
165000 0.41497084 0.87966001 18.12283471
165100 0.35899061 0.79506347 42.43814244
165200 0.41018671 0.80131541 34.95522629
165300 0.33390995 0.80285991 44.33206432
165400 0.39001081 0.89149592 18.61058264
165500 0.36501050 0.77060645 48.14145953
165600 0.37523309 0.89133177 20.37119389
165700 0.38239169 0.84280970 28.37976787
165800 0.33905946 0.84697097 33.56132149
165900 0.37965519 0.83990494 29.31140353
166000 0.40621846 0.89607828 16.24343629
166100 0.38589963 0.78583417 41.40123920
166200 0.35591534 0.79888342 41.90996441
166300 0.36702010 0.79733769 40.76094924
166400 0.37339952 0.78030399 44.38180993
166500 0.33533882 0.80926243 42.53394128
166600 0.39261803 0.89900147 17.16572155
166700 0.42413415 0.80513548 32.85712998
166800 0.40669554 0.84614802 25.13067730
166900 0.34838221 0.80271193 42.06967157
167000 0.36880290 0.92467241 16.45984201
167100 0.40085940 0.79429677 37.60649956
167200 0.40698605 0.81018582 33.08121839
167300 0.37049091 0.80836445 37.58017139
167400 0.29536789 0.83864859 43.27185953
167500 0.42327274 0.81850354 29.73884056
167600 0.35390949 0.90783637 20.77646806
167700 0.35941091 0.86631125 26.75342420
167800 0.39646563 0.78258703 41.11453077
167900 0.38090984 0.84090047 28.95254011
168000 0.43250986 0.87082638 18.32905244
168100 0.38355305 0.81634700 34.07680803
168200 0.36657853 0.79933423 40.31730769
168300 0.37812017 0.84509464 28.42044970
168400 0.35069273 0.93862045 17.34903282
168500 0.38948313 0.83422475 29.38646830
168600 0.39925674 0.84158456 26.79310101
168700 0.41322756 0.86033340 21.75143729
168800 0.41821016 0.85220744 22.90573715
168900 0.44463688 0.85254390 21.02699302
169000 0.43422908 0.85399491 21.37190501
169100 0.39536885 0.76812771 45.19983324
169200 0.44397515 0.82904783 25.97932244
169300 0.37086078 0.78384080 43.75882833
169400 0.42231079 0.81423480 30.81042175
169500 0.42038974 0.82989830 27.39127676
169600 0.36705293 0.81469937 36.52065437
169700 0.37448056 0.88844595 20.92742046
169800 0.38179163 0.78661502 41.67243337
169900 0.38955073 0.83749769 28.67813628
170000 0.42084468 0.91746072 11.91611252
170100 0.43129707 0.91313754 11.72571252
170200 0.38642089 0.85350053 25.75612747
170300 0.37037745 0.82702034 33.26096592
170400 0.44460801 0.87817737 16.29564517
170500 0.41945243 0.69968047 64.60584285
170600 0.34364008 0.82000973 38.67197498
170700 0.38472620 0.94735413 11.91211243
170800 0.36869473 0.79243845 41.78951346
170900 0.39800674 0.80526760 35.14828708
171000 0.38891704 0.74305534 53.27722387
171100 0.38928095 0.79294841 39.16711324
171200 0.42801756 0.85148618 22.29460312
171300 0.37110565 0.83946555 30.46925472
171400 0.36625546 0.87391904 24.44605378
171500 0.41738899 0.75114692 48.06887007
171600 0.40847773 0.76202143 45.65399049
171700 0.41149864 0.82772429 28.61948975
171800 0.43028729 0.88133057 16.65461844
171900 0.37421634 0.80978568 36.76222520
172000 0.37553710 0.83861851 30.08657479
172100 0.32320011 0.80517911 45.59773432
172200 0.41553810 0.80966690 32.44690610
172300 0.36465362 0.81024763 37.89992067
172400 0.38811084 0.84041876 28.22174032
172500 0.35960621 0.86301719 27.33649301
172600 0.37220344 0.91285606 17.57021105
172700 0.43145619 0.87672266 17.36164574
172800 0.39370522 0.76354972 46.67617261
172900 0.36228486 0.86546919 26.50854009
173000 0.37917474 0.85764113 25.80033946
173100 0.41143905 0.80936278 32.87465613
173200 0.38506712 0.83169874 30.43250431
173300 0.36440594 0.81827138 36.04195040
173400 0.36602118 0.76413193 49.83544012
173500 0.44187188 0.83975364 23.79120616
173600 0.40615227 0.79924399 35.84298738
173700 0.40204739 0.90851509 14.80634654
173800 0.34803509 0.83695093 34.24161921
173900 0.44895883 0.80850635 30.46219103
174000 0.36289408 0.83325001 32.88929567
174100 0.40938182 0.92973723 11.33739425
174200 0.35202499 0.81931064 37.55709153
174300 0.40820105 0.85008301 24.19692426
174400 0.36436714 0.78219701 45.05735624
174500 0.39849164 0.82503140 30.45740991
174600 0.36213281 0.80484467 39.55424924
174700 0.38660498 0.75255523 50.66590953
174800 0.42593620 0.90566340 13.15924967
174900 0.39151048 0.75858176 48.34728260
175000 0.33402673 0.73949374 61.98063062
175100 0.34268036 0.82394227 37.92578160
175200 0.40228319 0.86651389 21.60786332
175300 0.38836983 0.75899558 48.57243453
175400 0.35587057 0.83394511 33.72650287
175500 0.38732028 0.75718094 49.21986173
175600 0.39421597 0.77536620 43.30699350
175700 0.38559220 0.85514795 25.52823173
175800 0.42155212 0.96438860 6.74169094
175900 0.38903082 0.83752656 28.72956151
176000 0.38491815 0.78632651 41.38377224
176100 0.33597573 0.85393357 32.67300388
176200 0.37969966 0.83985523 29.31649738
176300 0.36854075 0.84784237 29.07462152
176400 0.39239001 0.74930850 50.99764302
176500 0.38446732 0.77526680 44.41306492
176600 0.36360496 0.84266273 30.79617428
176700 0.40415255 0.87794631 19.39460274
176800 0.40463064 0.87478536 19.89774352
176900 0.37955333 0.86404903 24.54258149
177000 0.40659970 0.77653578 41.75314909
177100 0.42066067 0.80483699 33.19981500
177200 0.37261761 0.86495417 25.23411601
177300 0.42382144 0.92266247 11.00901034
177400 0.41935377 0.82746189 28.01351263
177500 0.41914326 0.84970792 23.32736380
177600 0.37272862 0.89348679 20.34719529
177700 0.33192235 0.84389660 35.36435374
177800 0.38156974 0.75003787 52.00150343
177900 0.38231878 0.84688814 27.55164750
178000 0.37342893 0.86798347 24.57512580
178100 0.40214917 0.75970665 46.92250658
178200 0.44096774 0.86460649 18.92778028
178300 0.35602883 0.86151762 28.12665347
178400 0.38612797 0.89338384 18.74773166
178500 0.39532850 0.87955456 20.00388480
178600 0.40313178 0.80067496 35.77321381
178700 0.35977332 0.76776847 49.65908005
178800 0.41992554 0.80343089 33.60412194
178900 0.43790527 0.83611528 24.80121550
179000 0.36748932 0.79763229 40.62426997
179100 0.36133411 0.80060847 40.71218177
179200 0.40753022 0.81527389 31.82350339
179300 0.40113835 0.82529437 30.13312354
179400 0.39575220 0.75121748 50.06929781
179500 0.33637522 0.83046580 37.48416742
179600 0.41725395 0.81908450 30.08443895
179700 0.38396744 0.79370071 39.57643915
179800 0.42453453 0.91854266 11.48803493
179900 0.38689760 0.77840013 43.27932165
180000 0.37270340 0.79830653 39.77701201
180100 0.36581433 0.84819353 29.36582386
180200 0.37918181 0.78334383 42.85127389
180300 0.36622434 0.82838777 33.50395394
180400 0.38963715 0.79836450 37.75019091
180500 0.36697085 0.79633848 41.02046003
180600 0.38624801 0.85860598 24.78559303
180700 0.36732379 0.89800257 20.35309682
180800 0.41150072 0.78761750 38.33834845
180900 0.35160525 0.82588393 36.12450640
181000 0.37995197 0.84734033 27.74123659
181100 0.38807237 0.79738758 38.17041379
181200 0.39540848 0.81116308 33.99123071
181300 0.35615354 0.71644220 65.97630582
181400 0.41773025 0.77034782 42.48682734
181500 0.40130409 0.82599399 29.95978704
181600 0.37493676 0.74206797 55.23147371
181700 0.37995157 0.77765968 44.29043666
181800 0.43260974 0.83359614 25.68603820
181900 0.45694697 0.91003612 10.72172606
182000 0.30780349 0.89647665 30.25445956
182100 0.38547415 0.77690713 43.84794395
182200 0.43102442 0.88083302 16.68754902
182300 0.39665751 0.85712567 23.94008794
182400 0.38010588 0.77765918 44.27206131
182500 0.33117900 0.79714777 46.21738992
182600 0.35751804 0.79353416 43.03791888
182700 0.36380129 0.89518553 21.25880302
182800 0.41150962 0.85849282 22.25277431
182900 0.38108983 0.73922342 55.36085407
183000 0.42436870 0.89889901 14.27580084
183100 0.35174601 0.81973477 37.50065914
183200 0.44377738 0.78795466 35.91437022
183300 0.35429229 0.81420620 38.41472608
183400 0.38916821 0.86582701 23.10168719
183500 0.43672463 0.84896292 22.20983991
183600 0.38877219 0.91285824 15.58974386
183700 0.39394560 0.71841720 60.59734322
183800 0.43203638 0.85794696 20.75171132
183900 0.38260330 0.74113047 54.59118682
184000 0.36855359 0.83044682 32.74087953
184100 0.39246879 0.80567697 35.62835115
184200 0.35368979 0.85516796 29.68309958
184300 0.38030349 0.73684749 56.19587519
184400 0.36831402 0.82962678 32.95277526
184500 0.37862858 0.87996133 21.82208588
184600 0.40448610 0.90676442 14.81966836
184700 0.36628738 0.82859859 33.44882320
184800 0.35783272 0.83651008 32.89474203
184900 0.45790837 0.80984104 29.72401692
185000 0.34641137 0.78623335 46.58115547
185100 0.42174919 0.84029027 25.05067982
185200 0.40499344 0.90499948 15.02569884
185300 0.38573987 0.80197591 37.28566219
185400 0.35851447 0.82646236 34.99361626
185500 0.39395570 0.83890143 27.90399958
185600 0.41854110 0.85021347 23.27510459
185700 0.43413283 0.86115874 19.99975269
185800 0.38763835 0.82369830 31.91880040
185900 0.39315339 0.78842488 39.91887125
186000 0.41211045 0.82196661 29.86190112
186100 0.34987497 0.91868227 19.89093608
186200 0.37863233 0.95252145 12.11608927
186300 0.40640511 0.87543968 19.61565399
186400 0.42490726 0.77804039 39.80047391
186500 0.41380276 0.74727871 49.53507181
186600 0.34994251 0.74587374 57.50501567
186700 0.38916527 0.86994158 22.35268639
186800 0.31636932 0.81873132 43.60271461
186900 0.40915469 0.75295173 48.24527294
187000 0.34764167 0.77478421 49.47839457
187100 0.32714124 0.86736862 31.61718486
187200 0.37340465 0.91120016 17.64588867
187300 0.38194671 0.76263878 48.25652570
187400 0.38695876 0.82514697 31.66860236
187500 0.36506969 0.82784838 33.77876584
187600 0.40027469 0.80480812 35.03209717
187700 0.38226901 0.75839048 49.44834822
187800 0.42602459 0.79464648 35.33889019
187900 0.36114937 0.87401554 25.12501428
188000 0.35097871 0.86122759 28.92118456
188100 0.38822659 0.82107926 32.44899951
188200 0.39077234 0.86795321 22.53585699
188300 0.40381132 0.75302237 48.72398756
188400 0.43659847 0.77135150 40.83237074
188500 0.37716241 0.89368749 19.76133661
188600 0.42666850 0.83828170 25.10107403
188700 0.37492489 0.90586826 18.20887134
188800 0.34218665 0.92623105 20.11190308
188900 0.42741348 0.84753765 23.12990379
189000 0.36591444 0.83295536 32.54365569
189100 0.37107440 0.75684886 51.27969965
189200 0.40690878 0.83966459 26.45348143
189300 0.39796119 0.80094446 36.22029086
189400 0.40657815 0.76837507 44.02012121
189500 0.40164366 0.73947386 53.05022550
189600 0.37528078 0.90508165 18.27810584
189700 0.37096366 0.81438490 36.08242482
189800 0.39001189 0.76029482 48.01323696
189900 0.42360179 0.82948617 27.23151758
190000 0.43147842 0.82620401 27.38992662
190100 0.39681906 0.93854447 11.53432044
190200 0.38363212 0.89680145 18.50564045
190300 0.36574807 0.84043785 30.96993880
190400 0.39246820 0.80795270 35.07499327
190500 0.35962072 0.74826964 55.37377702
190600 0.38549079 0.78053086 42.86298863
190700 0.34408632 0.84668036 32.82397584
190800 0.40546363 0.83316266 27.97777846
190900 0.38245408 0.83398377 30.24002745
191000 0.31343633 0.87195101 33.25372235
191100 0.41168542 0.90717863 14.09870380
191200 0.41880403 0.78094692 39.49117173
191300 0.40204364 0.79086763 38.37251737
191400 0.42049930 0.87016051 19.33130124
191500 0.38044673 0.89745155 18.78200631
191600 0.33290704 0.90046584 25.14026183
191700 0.35577847 0.82912175 34.79352585
191800 0.35821355 0.88360809 23.89483258
191900 0.39442598 0.79121785 39.05703676
192000 0.38401868 0.74668256 52.72656727
192100 0.37769482 0.81381641 35.37062370
192200 0.37965695 0.85138304 26.96557211
192300 0.40727216 0.80894846 33.35214895
192400 0.35088435 0.80783985 40.43850698
192500 0.37223141 0.71873382 63.03104582
192600 0.37379750 0.79310959 40.95987720
192700 0.39498052 0.72215362 59.25616923
192800 0.35310305 0.83531298 33.83461560
192900 0.38850764 0.86288347 23.72157071
193000 0.38189804 0.93388728 13.71511743
193100 0.37750137 0.77101750 46.41857418
193200 0.39902526 0.78391500 40.49856348
193300 0.36838476 0.86810228 25.20467521
193400 0.36900187 0.84276218 30.05401180
193500 0.40567199 0.83985334 26.52969526
193600 0.34418790 0.76839977 51.78804834
193700 0.40593379 0.87781875 19.24741732
193800 0.39668207 0.82512863 30.62086464
193900 0.39728620 0.81829774 32.11803059
194000 0.36292229 0.85295717 28.80808870
194100 0.40784183 0.86287558 21.75433919
194200 0.34942066 0.77140449 50.14479615
194300 0.39123462 0.77340223 44.16811769
194400 0.39041637 0.82801066 30.64391993
194500 0.35914682 0.88106335 24.18960552
194600 0.42848804 0.87337724 18.15478038
194700 0.34083843 0.80497364 42.68516130
194800 0.32426886 0.76818937 55.14933100
194900 0.39101974 0.79801618 37.68627100
195000 0.38980759 0.82549503 31.27242345
195100 0.35411353 0.84021574 32.64614743
195200 0.39857503 0.81952869 31.70202492
195300 0.41166188 0.87175486 19.78747678
195400 0.36505521 0.84696159 29.71734640
195500 0.36170545 0.81474368 37.23545843
195600 0.40515998 0.76858972 44.09318722
195700 0.38426394 0.78951276 40.62422042
195800 0.34806031 0.77970081 48.07366081
195900 0.38900107 0.69425832 69.43645399
196000 0.33280043 0.80273475 44.54789908
196100 0.37407808 0.77134908 46.75133134
196200 0.38759959 0.78135204 42.40278885
196300 0.36468956 0.82761922 33.88106309
196400 0.41013115 0.76681381 44.13541430
196500 0.38372465 0.89691354 18.47771032
196600 0.39077243 0.79334968 38.90002321
196700 0.36012690 0.83298393 33.33022942
196800 0.37253124 0.90905678 18.05663748
196900 0.37730707 0.77105754 46.43122474
197000 0.37747417 0.80265938 38.09498019
197100 0.38776679 0.81937090 32.89303733
197200 0.38030497 0.81902084 33.83913556
197300 0.35014564 0.89645701 23.01588942
197400 0.36856875 0.80594165 38.41932700
197500 0.42430441 0.85984218 20.94490954
197600 0.40526092 0.87472522 19.84837197
197700 0.41645339 0.83012046 27.66352425
197800 0.31985047 0.77598791 53.76823997
197900 0.42630917 0.84482409 23.76374671
198000 0.35752785 0.88139892 24.36231824
198100 0.35768401 0.82792060 34.78654929
198200 0.35839439 0.73528261 59.54959318
198300 0.37667197 0.81921899 34.23483760
198400 0.33690693 0.79625704 45.49242069
198500 0.34112003 0.87371951 28.15882708
198600 0.39058852 0.79288000 39.04078307
198700 0.39699384 0.77318464 43.61850618
198800 0.43012809 0.85321254 21.80369334
198900 0.44375771 0.83076421 25.61376417
199000 0.34006726 0.77124910 51.64027232
199100 0.30645879 0.85991496 36.79526050
199200 0.34190676 0.74898835 57.80074345
199300 0.37170675 0.81519817 35.79552776
199400 0.36627753 0.74817699 54.48941530
199500 0.43497863 0.85820855 20.50586925
199600 0.39790823 0.82262797 31.06038540
199700 0.42918403 0.95418602 7.09761056
199800 0.39278463 0.76774050 45.58278073
199900 0.38052569 0.87151898 23.06479158
