0 -0.42196163 1.50944767 0.28578584
100 -0.45421422 1.54332386 2.40806945
200 -0.45629782 1.54825173 2.74883685
300 -0.49223380 1.50874028 4.29173303
400 -0.47654088 1.52340831 3.20322791
500 -0.49354660 1.50788757 4.40658965
600 -0.49416745 1.51490296 4.54480340
700 -0.48392938 1.49579443 3.53091400
800 -0.44635333 1.52187159 1.31349881
900 -0.45452726 1.52056771 1.69812651
1000 -0.47108965 1.51943362 2.71570191
1100 -0.46643645 1.52120708 2.43177080
1200 -0.48382198 1.48488103 3.62735352
1300 -0.50692815 1.48492057 5.83050925
1400 -0.46427211 1.51971028 2.25969967
1500 -0.48052804 1.51209882 3.31557295
1600 -0.49210636 1.49098049 4.28246673
1700 -0.50019462 1.50788222 5.05054609
1800 -0.46606048 1.48682650 2.26876432
1900 -0.46863178 1.49832264 2.35656769
2000 -0.45245492 1.52114989 1.59941811
2100 -0.45877564 1.49047612 1.77264033
2200 -0.44860865 1.51565764 1.30398133
2300 -0.47967997 1.49822852 3.17601818
2400 -0.48958409 1.50726469 4.03904225
2500 -0.44781783 1.52434902 1.43970966
2600 -0.46578364 1.48468714 2.28098555
2700 -0.49131164 1.49071960 4.21197072
2800 -0.44563301 1.53742114 1.74135671
2900 -0.43548838 1.50948158 0.67466258
3000 -0.48749934 1.48217453 3.98694128
3100 -0.48544927 1.50901180 3.69139485
3200 -0.46984436 1.48573388 2.54087854
3300 -0.47485956 1.49276790 2.82812827
3400 -0.44461658 1.52403453 1.28414919
3500 -0.50685861 1.51496523 5.82136063
3600 -0.47759391 1.48714279 3.09306109
3700 -0.47874392 1.53238637 3.62474134
3800 -0.50302416 1.49734452 5.31051489
3900 -0.45685102 1.51100385 1.67656181
4000 -0.47291960 1.52628598 3.00411048
4100 -0.48102672 1.51283305 3.36500851
4200 -0.49021701 1.49901427 4.07004026
4300 -0.49560893 1.49012385 4.61930300
4400 -0.45602681 1.53479906 2.17498908
4500 -0.42819220 1.56986180 2.83773561
4600 -0.47559424 1.51215317 2.93109456
4700 -0.49295165 1.48488661 4.43421201
4800 -0.46697958 1.51982323 2.43961242
4900 -0.47058588 1.50325676 2.49648615
5000 -0.43706388 1.54994346 1.93404017
5100 -0.46926003 1.48955665 2.45300791
5200 -0.47065440 1.52249262 2.74898119
5300 -0.45135779 1.51180694 1.38851329
5400 -0.45202991 1.48446768 1.47418246
5500 -0.46303462 1.51247307 2.06447046
5600 -0.48839745 1.44450228 5.44705294
5700 -0.45375583 1.50861905 1.48198850
5800 -0.48842617 1.50736156 3.93669012
5900 -0.43568106 1.55864820 2.35637504
6000 -0.48892759 1.53095451 4.43314906
6100 -0.44081513 1.48151025 1.00387291
6200 -0.45582846 1.49378968 1.57769243
6300 -0.44738283 1.50624796 1.14208472
6400 -0.48233350 1.53563833 4.02444788
6500 -0.48890741 1.53187426 4.46024783
6600 -0.43616930 1.52963776 1.09330732
6700 -0.47287405 1.51697805 2.79944043
6800 -0.50356857 1.45116458 6.55567369
6900 -0.45143248 1.56160147 3.22002098
7000 -0.45074553 1.51487673 1.39821286
7100 -0.46175541 1.48785534 1.98061168
7200 -0.47271260 1.52476057 2.95010384
7300 -0.44973668 1.51783058 1.39583372
7400 -0.47479447 1.49318821 2.82030667
7500 -0.46628510 1.49082482 2.23894919
7600 -0.50913579 1.51712897 6.10201068
7700 -0.43400708 1.55419705 2.04690110
7800 -0.48896757 1.50461633 3.96826974
7900 -0.48067948 1.51338082 3.34411286
8000 -0.47826081 1.45865400 3.91712298
8100 -0.46730781 1.50482289 2.27680066
8200 -0.42029522 1.48237872 0.36120258
8300 -0.49437437 1.50489252 4.46522929
8400 -0.49985271 1.53438359 5.57639726
8500 -0.49791903 1.51545396 4.91348086
8600 -0.48265271 1.45325916 4.50808851
8700 -0.49531254 1.48401982 4.66992319
8800 -0.51412690 1.50635293 6.53265445
8900 -0.49012710 1.49445982 4.07679386
9000 -0.50987449 1.47699397 6.30084050
9100 -0.49505555 1.51174051 4.58669865
9200 -0.44402020 1.50147440 0.96997609
9300 -0.47369650 1.52867785 3.12679622
9400 -0.49769728 1.46722986 5.30932033
9500 -0.47752892 1.49932005 3.00559812
9600 -0.46212427 1.48841693 1.99679614
9700 -0.48890235 1.46296686 4.63754067
9800 -0.48015826 1.50752165 3.24096067
9900 -0.49891255 1.48376890 5.02357100
10000 -0.48006161 1.48867628 3.26904382
10100 -0.46455857 1.50080369 2.08422755
10200 -0.45998715 1.50512305 1.81235187
10300 -0.46987918 1.45428174 3.48662966
10400 -0.44045193 1.52469803 1.12317575
10500 -0.49428725 1.50679941 4.46815832
10600 -0.46541171 1.50248882 2.14244281
10700 -0.48592688 1.52415542 3.98345687
10800 -0.48588085 1.52843917 4.09215293
10900 -0.47729674 1.49885018 2.98805398
11000 -0.46511853 1.49904541 2.12066733
11100 -0.45183200 1.51676257 1.48377007
11200 -0.50152210 1.51236211 5.22977931
11300 -0.51847674 1.49196521 7.05064788
11400 -0.47045761 1.50202122 2.48417983
11500 -0.45680267 1.53217885 2.13101082
11600 -0.45950827 1.52600138 2.10865271
11700 -0.46489628 1.50101539 2.10627928
11800 -0.47815819 1.51935827 3.24172289
11900 -0.46314227 1.52329497 2.26480089
12000 -0.45138014 1.51027245 1.37272084
12100 -0.47350237 1.51398256 2.79905502
12200 -0.44170357 1.47297282 1.23482809
12300 -0.47052712 1.48610144 2.58362243
12400 -0.42684424 1.54630014 1.43215794
12500 -0.47959487 1.49296897 3.19238944
12600 -0.52083917 1.46933908 7.77109835
12700 -0.43895323 1.55842706 2.46553782
12800 -0.46849307 1.54035584 3.15994700
12900 -0.50019726 1.52208640 5.26365034
13000 -0.43643230 1.55045017 1.93626598
13100 -0.44414817 1.52080399 1.19093352
13200 -0.46336380 1.52838232 2.41026392
13300 -0.44902603 1.56152558 3.09447436
13400 -0.48154594 1.50465759 3.33571684
13500 -0.47443078 1.52014269 2.97283444
13600 -0.47199225 1.49966981 2.59149654
13700 -0.47069296 1.49725466 2.50251540
13800 -0.47068464 1.50011436 2.49816604
13900 -0.45859545 1.51263703 1.79656071
14000 -0.44883394 1.57237515 3.81145771
14100 -0.49427815 1.49901761 4.44466715
14200 -0.46787492 1.51365047 2.39667029
14300 -0.48347113 1.48621927 3.57866885
14400 -0.46326064 1.49767708 2.00365197
14500 -0.46878921 1.48544945 2.47183694
14600 -0.47776892 1.50301014 3.02853325
14700 -0.48518214 1.48746741 3.70653137
14800 -0.46376598 1.49934416 2.03326543
14900 -0.45458946 1.52807142 1.88400708
15000 -0.46856059 1.46857199 2.84413712
15100 -0.51301876 1.50402290 6.39471217
15200 -0.46375452 1.50991040 2.08142749
15300 -0.42825205 1.54276507 1.31351498
15400 -0.48166349 1.49309766 3.35828359
15500 -0.47339987 1.50167196 2.69516817
15600 -0.40478530 1.52459499 0.31390634
15700 -0.48792464 1.50553594 3.88069404
15800 -0.46853844 1.49120418 2.38744180
15900 -0.46773151 1.51330635 2.38230847
16000 -0.49131283 1.48982479 4.22078406
16100 -0.49919008 1.47804051 5.16044562
16200 -0.49543745 1.51064517 4.61081370
16300 -0.48147020 1.51401584 3.41691841
16400 -0.48092226 1.48088540 3.45688986
16500 -0.49329699 1.49034282 4.39879486
16600 -0.51464825 1.44560148 8.05171029
16700 -0.48349716 1.49605024 3.49368841
16800 -0.50911987 1.47330586 6.30986124
16900 -0.46853178 1.50550347 2.36344682
17000 -0.46754168 1.50887168 2.32029237
17100 -0.48965117 1.46099420 4.77939188
17200 -0.47651239 1.51688810 3.06967701
17300 -0.50441541 1.48993024 5.50198860
17400 -0.48538486 1.48632676 3.73876634
17500 -0.45511125 1.51875533 1.69450604
17600 -0.46918730 1.48385949 2.52369942
17700 -0.50700364 1.47811008 5.96447339
17800 -0.47824294 1.52413252 3.35216797
17900 -0.47936824 1.47229649 3.53340070
18000 -0.47562021 1.48336357 2.99759384
18100 -0.45828953 1.48781556 1.77306517
18200 -0.43395409 1.51621845 0.70795919
18300 -0.50184386 1.50962417 5.23239869
18400 -0.47543905 1.50063626 2.84572790
18500 -0.47050239 1.52515927 2.80178787
18600 -0.44169229 1.52721807 1.23953522
18700 -0.46024311 1.52274584 2.07330263
18800 -0.45645766 1.49863136 1.59467013
18900 -0.50538222 1.50444492 5.56258467
19000 -0.54357535 1.46031437 11.09441504
19100 -0.48059256 1.53027763 3.70594818
19200 -0.49713981 1.50192007 4.71991461
19300 -0.47977141 1.49507400 3.19387195
19400 -0.47469949 1.49906932 2.79043970
19500 -0.45714809 1.51838129 1.80188815
19600 -0.48831252 1.51919920 4.08385543
19700 -0.48712376 1.48602180 3.89297020
19800 -0.49783716 1.52197567 5.02752039
19900 -0.51289591 1.48642387 6.46489927
20000 -0.43902709 1.54160589 1.62708156
20100 -0.50140503 1.48742078 5.22060822
20200 -0.46215008 1.49634176 1.93800739
20300 -0.48386221 1.48428411 3.63992973
20400 -0.49536100 1.50096093 4.54732164
20500 -0.48928636 1.49253213 4.01391140
20600 -0.45136625 1.51254603 1.39794715
20700 -0.50548138 1.51038806 5.61711643
20800 -0.43485607 1.56180540 2.51742608
20900 -0.47923628 1.52515778 3.45565094
21000 -0.47201486 1.52295290 2.85648783
21100 -0.45852207 1.53095249 2.19144440
21200 -0.46334933 1.52120038 2.23129695
21300 -0.50280592 1.50949694 5.32962471
21400 -0.45882763 1.52050238 1.94051900
21500 -0.46958113 1.48326069 2.56086923
21600 -0.46918933 1.50721159 2.41958550
21700 -0.46772247 1.51799035 2.45499295
21800 -0.45980765 1.49674274 1.79378251
21900 -0.48238543 1.53569918 4.03089486
22000 -0.47933811 1.52506245 3.46133133
22100 -0.49775619 1.53600885 5.42645546
22200 -0.48959483 1.54093229 4.85134281
22300 -0.49061487 1.49983438 4.10554110
22400 -0.46739655 1.51802336 2.43356819
22500 -0.46859623 1.54591586 3.40685493
22600 -0.49166364 1.47976903 4.40575803
22700 -0.47575456 1.50925514 2.91220526
22800 -0.46199238 1.53010104 2.37456413
22900 -0.49202013 1.46939571 4.70216304
23000 -0.45074432 1.53075053 1.76029049
23100 -0.43759109 1.53849548 1.44749624
23200 -0.50040737 1.52328272 5.31186192
23300 -0.49744443 1.52216554 4.99336408
23400 -0.44383873 1.54409744 1.93320902
23500 -0.45190589 1.53760269 2.05409174
23600 -0.49972339 1.48858225 5.03755946
23700 -0.43511854 1.54557786 1.65532649
23800 -0.46796448 1.51202416 2.38187519
23900 -0.46516861 1.48440722 2.24504098
24000 -0.47251184 1.48144066 2.80120830
24100 -0.48345358 1.50300737 3.48677212
24200 -0.48893117 1.55172392 5.29205792
24300 -0.48274392 1.52456442 3.72498370
24400 -0.46064754 1.54607041 2.90030302
24500 -0.52071502 1.48359288 7.42065442
24600 -0.45494462 1.53943669 2.28708190
24700 -0.46524449 1.49505570 2.14064481
24800 -0.47177836 1.48547877 2.68149938
24900 -0.47164726 1.46286687 3.25609933
25000 -0.45215445 1.52744687 1.73670855
25100 -0.46486756 1.50702004 2.12854064
25200 -0.45633473 1.52495535 1.89818561
25300 -0.47034401 1.53073578 2.94648365
25400 -0.47270953 1.51058282 2.69933630
25500 -0.43432403 1.54301315 1.51413527
25600 -0.48786118 1.47067941 4.28964246
25700 -0.44266478 1.53794599 1.63009080
25800 -0.45147977 1.49994608 1.32508467
25900 -0.51391521 1.46927863 6.96023836
26000 -0.44806643 1.48656271 1.24547126
26100 -0.46603750 1.51565336 2.30298946
26200 -0.47065942 1.52042784 2.70502501
26300 -0.48464541 1.50628838 3.60219447
26400 -0.41999333 1.54217456 1.08921354
26500 -0.51609530 1.47545548 7.04027583
26600 -0.48360002 1.47373845 3.83931607
26700 -0.43391653 1.50511513 0.58824786
26800 -0.46017681 1.54916541 3.01924258
26900 -0.48157712 1.50723527 3.35358770
27000 -0.47191564 1.49889005 2.58654578
27100 -0.47906958 1.51208080 3.19897249
27200 -0.49232912 1.47147513 4.66916754
27300 -0.50459719 1.48628316 5.56436195
27400 -0.48316072 1.50295621 3.46222240
27500 -0.51127863 1.46184661 6.91930721
27600 -0.45947860 1.51319669 1.85592825
27700 -0.46334088 1.47930853 2.22010171
27800 -0.45225432 1.50511350 1.37833110
27900 -0.48820979 1.51780755 4.04903795
28000 -0.45016637 1.54204006 2.14201565
28100 -0.45056714 1.52195051 1.51943008
28200 -0.45722134 1.50258957 1.64049379
28300 -0.47854067 1.47364190 3.43169289
28400 -0.47404402 1.48236511 2.89675313
28500 -0.47803721 1.53019170 3.50067230
28600 -0.51346307 1.50863735 6.47423595
28700 -0.44611173 1.47903412 1.28292980
28800 -0.47490599 1.48078189 2.99012124
28900 -0.49537383 1.47008870 4.99542674
29000 -0.46849467 1.53520441 2.96543484
29100 -0.47798714 1.49528661 3.05210522
29200 -0.52388528 1.46142664 8.41773364
29300 -0.49550081 1.49310248 4.58399011
29400 -0.48348164 1.46856803 3.97857657
29500 -0.49598197 1.51754397 4.76016508
29600 -0.47207684 1.50891786 2.63729946
29700 -0.47850380 1.51403314 3.17988752
29800 -0.46138240 1.54831261 3.05095352
29900 -0.51386376 1.47862377 6.71094962
30000 -0.47125946 1.50961984 2.58522618
30100 -0.52636191 1.52131183 8.21076312
30200 -0.45321628 1.49176212 1.44991736
30300 -0.42742627 1.58186641 3.72715475
30400 -0.46893239 1.51362218 2.46861926
30500 -0.47703271 1.51898396 3.14721467
30600 -0.45165513 1.51448258 1.43899891
30700 -0.47537248 1.52068628 3.05446658
30800 -0.51767134 1.50965304 6.96986294
30900 -0.41563139 1.53190192 0.63103650
31000 -0.50601450 1.50141390 5.62053636
31100 -0.44608555 1.56542804 3.20235281
31200 -0.46794426 1.49536033 2.31897446
31300 -0.49157976 1.49421041 4.21018574
31400 -0.45133376 1.51819999 1.48319730
31500 -0.46493440 1.49223697 2.13837020
31600 -0.42141687 1.52885763 0.64572267
31700 -0.49013034 1.52544789 4.38553626
31800 -0.49718901 1.47002881 5.17198789
31900 -0.47174340 1.49363104 2.59383932
32000 -0.42618045 1.51023834 0.39511990
32100 -0.47823826 1.53315788 3.61033504
32200 -0.44538215 1.53236569 1.55353856
32300 -0.50692396 1.50408261 5.72470039
32400 -0.46572364 1.50740271 2.18719831
32500 -0.49614685 1.52026682 4.82748070
32600 -0.49636845 1.52709276 5.01044758
32700 -0.47703783 1.51593764 3.09441774
32800 -0.50040874 1.49110264 5.08053948
32900 -0.47957916 1.51335462 3.25559439
33000 -0.48821564 1.52225910 4.13873334
33100 -0.47123920 1.51384773 2.63339126
33200 -0.52012831 1.47175855 7.61419529
33300 -0.50514527 1.50433881 5.53717648
33400 -0.47666391 1.54625976 4.00866061
33500 -0.47844338 1.52975385 3.51932765
33600 -0.47890280 1.50076517 3.11311895
33700 -0.44588643 1.52654529 1.40510849
33800 -0.45265652 1.57485525 4.18800877
33900 -0.46221650 1.53721173 2.62780256
34000 -0.50376845 1.51139469 5.44886527
34100 -0.45236099 1.52406840 1.66048092
34200 -0.47286765 1.48342055 2.79228659
34300 -0.52004102 1.48887271 7.26683177
34400 -0.47450066 1.49204570 2.80680961
34500 -0.45326463 1.50762302 1.44761545
34600 -0.50115953 1.51950396 5.30682782
34700 -0.46362917 1.54088674 2.86019874
34800 -0.46571491 1.49274586 2.18553589
34900 -0.42229962 1.55701119 1.87377435
35000 -0.53304717 1.44423256 10.40577810
35100 -0.48304774 1.48803142 3.52008670
35200 -0.46437902 1.49550035 2.08245256
35300 -0.44687847 1.51866263 1.27294260
35400 -0.49077158 1.51101782 4.18043584
35500 -0.42451381 1.53231547 0.82260812
35600 -0.48995847 1.50431228 4.05556065
35700 -0.49399609 1.51188950 4.48831289
35800 -0.49365598 1.49345621 4.40713160
35900 -0.46764962 1.49154090 2.32401404
36000 -0.47413453 1.51621104 2.87936342
36100 -0.49508945 1.45682891 5.45287332
36200 -0.46952832 1.49218913 2.44759842
36300 -0.47520195 1.50061125 2.82785382
36400 -0.44661361 1.49770181 1.08905534
36500 -0.43941508 1.51373087 0.87104272
36600 -0.45565143 1.52623904 1.89278453
36700 -0.48969192 1.50030271 4.02236605
36800 -0.45144686 1.51896445 1.50321505
36900 -0.47842028 1.49284724 3.10045136
37000 -0.46298925 1.52068448 2.19774686
37100 -0.46887173 1.51654496 2.50852550
37200 -0.48947824 1.48878452 4.06607102
37300 -0.50240269 1.49241830 5.27189686
37400 -0.47028522 1.51858917 2.64278465
37500 -0.46104900 1.51899902 2.04397174
37600 -0.48632584 1.51249955 3.80419462
37700 -0.49823929 1.47380329 5.16861257
37800 -0.44570841 1.47723837 1.30367516
37900 -0.49745088 1.50760504 4.77725539
38000 -0.46186093 1.48942189 1.96933528
38100 -0.50508113 1.46644416 6.08401894
38200 -0.45356964 1.52146861 1.66530371
38300 -0.45101142 1.51316477 1.38773778
38400 -0.48689818 1.52266752 4.03255504
38500 -0.47445491 1.49059337 2.81600915
38600 -0.44177783 1.50713596 0.89815431
38700 -0.46602025 1.51412074 2.27903450
38800 -0.46761939 1.51397523 2.38384429
38900 -0.54687817 1.48752390 10.86442551
39000 -0.46334531 1.49394884 2.02462268
39100 -0.45636120 1.52534238 1.90941060
39200 -0.46526150 1.52445694 2.42860245
39300 -0.50542448 1.49513877 5.56897591
39400 -0.45055734 1.53751168 1.98158527
39500 -0.44584105 1.53660034 1.72049328
39600 -0.44810690 1.51517951 1.27234550
39700 -0.49149210 1.50540876 4.20002917
39800 -0.50191424 1.49683035 5.19827946
39900 -0.49042836 1.50427480 4.09778148
40000 -0.45932922 1.47819653 1.99767386
40100 -0.43281540 1.49960179 0.53850460
40200 -0.41922195 1.55269721 1.57323937
40300 -0.49698895 1.47284173 5.07221426
40400 -0.45465822 1.49162383 1.52884045
40500 -0.47401655 1.53969018 3.52688000
40600 -0.45417773 1.50588857 1.48495079
40700 -0.48436027 1.50434332 3.56775957
40800 -0.47229291 1.51468538 2.72096249
40900 -0.50784936 1.52249993 6.06886575
41000 -0.43424760 1.51692751 0.72971941
41100 -0.46603832 1.51203012 2.25289212
41200 -0.46021551 1.52768224 2.19610733
41300 -0.49424616 1.48033671 4.63449231
41400 -0.51608508 1.48178155 6.90382886
41500 -0.47658616 1.47838416 3.16634201
41600 -0.48454956 1.47505626 3.88540863
41700 -0.47939699 1.52227578 3.40004603
41800 -0.44389701 1.53402934 1.54247167
41900 -0.48525033 1.51837273 3.80258805
42000 -0.44314952 1.51943138 1.11972995
42100 -0.43285841 1.52824628 0.93876375
42200 -0.47085128 1.52558688 2.83729601
42300 -0.46051047 1.48629653 1.92465075
42400 -0.44996444 1.50055002 1.24837382
42500 -0.46898764 1.48143061 2.55205820
42600 -0.47342140 1.50710657 2.72060287
42700 -0.50030123 1.49765978 5.03290633
42800 -0.41799754 1.56468948 2.25432028
42900 -0.47760087 1.52763604 3.39282329
43000 -0.45764798 1.51165281 1.72953875
43100 -0.47648751 1.46592903 3.50558494
43200 -0.45622986 1.50915818 1.62283483
43300 -0.52244862 1.49382191 7.51591617
43400 -0.47398452 1.48216725 2.89585802
43500 -0.49876181 1.52212677 5.12174485
43600 -0.46053021 1.50727769 1.85843551
43700 -0.47176451 1.48812816 2.64554303
43800 -0.45765519 1.54600061 2.72008838
43900 -0.48264497 1.48792789 3.48796321
44000 -0.46389478 1.51131212 2.10525378
44100 -0.46579205 1.50768345 2.19381456
44200 -0.48995332 1.48964512 4.09941142
44300 -0.48867908 1.46651944 4.49246310
44400 -0.47865795 1.47854153 3.32376955
44500 -0.47298843 1.49916894 2.66400053
44600 -0.46220799 1.49642577 1.94130462
44700 -0.48020216 1.50554976 3.23159329
44800 -0.48987044 1.51424578 4.13981877
44900 -0.47493081 1.51029926 2.86035068
45000 -0.47779304 1.47053373 3.46000943
45100 -0.46994109 1.52240028 2.69676433
45200 -0.44701738 1.49584897 1.11393273
45300 -0.46956411 1.53535789 3.04467267
45400 -0.47847341 1.53135249 3.57052692
45500 -0.47527083 1.51494225 2.94448464
45600 -0.48178350 1.50893840 3.38421827
45700 -0.45287427 1.56333214 3.40332445
45800 -0.46523845 1.49286846 2.15345698
45900 -0.42899415 1.54513528 1.43892721
46000 -0.47313128 1.53934744 3.44820259
46100 -0.46072363 1.51122124 1.90663778
46200 -0.49843485 1.48652915 4.93544130
46300 -0.48814630 1.50548667 3.89993660
46400 -0.44295890 1.52255073 1.17700130
46500 -0.45855767 1.51641053 1.84915334
46600 -0.46498155 1.53357331 2.67488483
46700 -0.45971906 1.49639895 1.78966689
46800 -0.44858487 1.53416811 1.76397468
46900 -0.48635861 1.53844816 4.46803472
47000 -0.47092297 1.51893658 2.69433101
47100 -0.41796649 1.53291898 0.70322699
47200 -0.48522942 1.50521945 3.64564865
47300 -0.47401358 1.55082608 4.03065023
47400 -0.43030708 1.51779443 0.61758037
47500 -0.46634726 1.50193019 2.20284234
47600 -0.45246971 1.49078201 1.41902105
47700 -0.49281256 1.47788309 4.55166441
47800 -0.49816087 1.50067130 4.81800320
47900 -0.43761874 1.50131719 0.70845245
48000 -0.51096053 1.49779542 6.15854952
48100 -0.43909267 1.49963765 0.76418407
48200 -0.46281238 1.50350447 1.97883795
48300 -0.46965953 1.50436637 2.43575734
48400 -0.47526207 1.49752407 2.83525472
48500 -0.46829982 1.46400590 2.98022049
48600 -0.46568120 1.54066310 2.98375414
48700 -0.46437698 1.49167456 2.10685422
48800 -0.47619797 1.51494198 3.01469700
48900 -0.45164218 1.52743331 1.70975069
49000 -0.46248753 1.50174804 1.95387340
49100 -0.47889748 1.49220596 3.14277935
49200 -0.50065554 1.49750013 5.06889336
49300 -0.47832640 1.49322194 3.09048369
49400 -0.47285653 1.49569050 2.66332262
49500 -0.46811009 1.49985842 2.31950204
49600 -0.46186710 1.49835040 1.91512991
49700 -0.47881037 1.51022583 3.15782125
49800 -0.47935205 1.47741169 3.40349007
49900 -0.41694001 1.53603465 0.79272987
50000 -0.48341485 1.49625038 3.48604829
50100 -0.49645943 1.50793717 4.68370996
50200 -0.49068503 1.49757749 4.11482142
50300 -0.47397793 1.53111875 3.22055553
50400 -0.48222917 1.48339387 3.51870019
50500 -0.45480885 1.53448778 2.09670861
50600 -0.50409882 1.50677516 5.44123377
50700 -0.50509610 1.48209445 5.68289931
50800 -0.47837822 1.49230644 3.10116789
50900 -0.48069276 1.46102911 4.01502567
51000 -0.50205403 1.50031706 5.20756324
51100 -0.49772907 1.50253112 4.77868898
51200 -0.45196963 1.53239278 1.87506709
51300 -0.48807325 1.50550511 3.89360212
51400 -0.46253440 1.49498328 1.96785908
51500 -0.47227384 1.54301128 3.53673892
51600 -0.47142703 1.48898161 2.61161268
51700 -0.49856583 1.50932513 4.90109023
51800 -0.49512099 1.52322195 4.79363076
51900 -0.46861254 1.52523593 2.67226621
52000 -0.48980642 1.46935206 4.50224428
52100 -0.52427006 1.48729196 7.80227094
52200 -0.49535250 1.48352372 4.68178402
52300 -0.46669377 1.49153855 2.25982784
52400 -0.47334054 1.51310957 2.77534787
52500 -0.46789841 1.53250593 2.83341507
52600 -0.47058188 1.48341451 2.62844012
52700 -0.43978120 1.52175242 1.02785579
52800 -0.46210898 1.53727163 2.62335003
52900 -0.46615656 1.48066078 2.37534786
53000 -0.48660274 1.47390412 4.09051478
53100 -0.47262033 1.50290238 2.64106830
53200 -0.45176419 1.51456055 1.44577053
53300 -0.46613683 1.49114976 2.22620327
53400 -0.53142580 1.51474526 8.74508177
53500 -0.50116462 1.48133011 5.29142234
53600 -0.44445681 1.52566917 1.31765703
53700 -0.46005714 1.52814680 2.19955087
53800 -0.47694996 1.53716101 3.65111829
53900 -0.46151580 1.52776455 2.27753207
54000 -0.47211164 1.49885671 2.60069801
54100 -0.46472443 1.50803457 2.12690293
54200 -0.46644443 1.51077245 2.26545365
54300 -0.47367968 1.50164092 2.71569366
54400 -0.43786094 1.51350483 0.80791561
54500 -0.45911942 1.51154337 1.81417775
54600 -0.45831657 1.52205578 1.94364015
54700 -0.46133433 1.52532297 2.20157627
54800 -0.45500090 1.53722832 2.20552363
54900 -0.44558701 1.51904075 1.22036272
55000 -0.48217642 1.48984101 3.42808476
55100 -0.48141056 1.50726447 3.34022627
55200 -0.47756923 1.51565602 3.13104792
55300 -0.49690223 1.49694645 4.69968312
55400 -0.44418442 1.53833038 1.71074044
55500 -0.48125933 1.52807146 3.69554269
55600 -0.49235776 1.50624305 4.28446607
55700 -0.48321697 1.48649300 3.55375119
55800 -0.52595166 1.48917383 7.99051273
55900 -0.49657020 1.49694545 4.66756719
56000 -0.45212327 1.53584604 2.00088694
56100 -0.48036162 1.52328757 3.50015052
56200 -0.48741993 1.50431684 3.83043941
56300 -0.48260654 1.51919144 3.59607619
56400 -0.47750941 1.54007164 3.80672246
56500 -0.47883013 1.50815335 3.14033355
56600 -0.47434330 1.50428584 2.77264707
56700 -0.49868699 1.50873010 4.90766880
56800 -0.42118758 1.50941422 0.26877045
56900 -0.47432858 1.50717188 2.78808682
57000 -0.46444221 1.51479333 2.18582046
57100 -0.47733270 1.49426233 3.00663331
57200 -0.46873100 1.49470644 2.37598601
57300 -0.50342739 1.51955070 5.53972732
57400 -0.47654858 1.49889240 2.93045587
57500 -0.47206361 1.51708159 2.74247232
57600 -0.47651184 1.52745590 3.30394405
57700 -0.47748615 1.48565532 3.10493692
57800 -0.46925574 1.50664507 2.42025732
57900 -0.48468401 1.52685896 3.94639270
58000 -0.48651850 1.48991698 3.79355911
58100 -0.46254888 1.52116678 2.18019757
58200 -0.47424989 1.50725888 2.78286871
58300 -0.47222222 1.48076749 2.79296906
58400 -0.49182873 1.52775526 4.60143512
58500 -0.49876206 1.47036067 5.31621775
58600 -0.49625505 1.50348807 4.63860021
58700 -0.44955189 1.51065521 1.28446187
58800 -0.46823040 1.50050567 2.32782141
58900 -0.47390414 1.52935997 3.16191506
59000 -0.46527951 1.48500997 2.24305798
59100 -0.47368022 1.53679208 3.39121642
59200 -0.47381071 1.54001126 3.52446090
59300 -0.45950997 1.50471554 1.78183613
59400 -0.45137628 1.50806436 1.35227822
59500 -0.49895443 1.49546443 4.90627553
59600 -0.45547144 1.52719895 1.90843178
59700 -0.47058394 1.51203167 2.56342694
59800 -0.49081605 1.46018888 4.91623984
59900 -0.48101954 1.52046472 3.49148536
60000 -0.47637753 1.50618203 2.93587246
60100 -0.45745016 1.49948919 1.65039091
60200 -0.44157621 1.53805947 1.58855248
60300 -0.50347052 1.51460044 5.45966037
60400 -0.49054272 1.49837210 4.10031737
60500 -0.45717323 1.53331013 2.18917183
60600 -0.45903413 1.47426057 2.07377332
60700 -0.46977496 1.49924555 2.43455686
60800 -0.48731743 1.50175281 3.81370319
60900 -0.47353000 1.51406110 2.80218754
61000 -0.45933067 1.51832887 1.92803799
61100 -0.48762219 1.53438314 4.42992444
61200 -0.47950424 1.49980763 3.16048036
61300 -0.49677740 1.48459106 4.80165064
61400 -0.48447855 1.54409520 4.54050569
61500 -0.50929451 1.46921921 6.44637380
61600 -0.45314504 1.52620162 1.75545989
61700 -0.47118936 1.49824465 2.53550311
61800 -0.46174628 1.50544711 1.92113696
61900 -0.48985573 1.51167435 4.10517088
62000 -0.44923283 1.54166119 2.07976321
62100 -0.46298929 1.49908535 1.98424337
62200 -0.48684313 1.49325844 3.79358911
62300 -0.45196421 1.53756858 2.05583882
62400 -0.46370725 1.46528094 2.63201337
62500 -0.48280992 1.51417325 3.52918204
62600 -0.48341682 1.50842928 3.51470890
62700 -0.44739304 1.51850268 1.29422480
62800 -0.48601368 1.53424976 4.28569902
62900 -0.49581187 1.50595603 4.60769414
63000 -0.48870521 1.49513535 3.94613931
63100 -0.43459569 1.54861382 1.78008275
63200 -0.46970503 1.49745963 2.43262235
63300 -0.45791752 1.50945466 1.72191510
63400 -0.46176748 1.53275399 2.44402251
63500 -0.48890287 1.53070762 4.42333917
63600 -0.47957164 1.47562438 3.46290841
63700 -0.47986692 1.51673114 3.32932818
63800 -0.45956607 1.53578537 2.41435472
63900 -0.49207585 1.48964778 4.29256549
64000 -0.44744922 1.54206893 2.01061150
64100 -0.49341894 1.51566116 4.48618545
64200 -0.50924849 1.51719075 6.11537715
64300 -0.46562835 1.51146680 2.21928398
64400 -0.50555622 1.46845935 6.06846402
64500 -0.46744716 1.49527957 2.28570097
64600 -0.46983069 1.49602143 2.44607723
64700 -0.49918533 1.56098559 6.77848621
64800 -0.49075676 1.49575055 4.12742323
64900 -0.47919758 1.48367428 3.26939309
65000 -0.46763401 1.51568647 2.41021233
65100 -0.46716228 1.50600085 2.27339073
65200 -0.45018570 1.50725718 1.28563570
65300 -0.49383286 1.49416115 4.41934937
65400 -0.47974833 1.50597246 3.19773351
65500 -0.48927853 1.48157854 4.15500295
65600 -0.48026758 1.53179410 3.72687432
65700 -0.47067736 1.52066513 2.71116844
65800 -0.48489346 1.47961838 3.81115487
65900 -0.45548981 1.50922823 1.58213979
66000 -0.49111250 1.53301475 4.69573092
66100 -0.47150776 1.47946790 2.76746322
66200 -0.46123384 1.49196588 1.90706503
66300 -0.48238343 1.50064339 3.39372153
66400 -0.48652004 1.49495251 3.75559764
66500 -0.44744854 1.51019416 1.17764236
66600 -0.45360191 1.52658723 1.79002259
66700 -0.50066218 1.44746714 6.44628781
66800 -0.50942706 1.48415559 6.11266397
66900 -0.49035793 1.50467400 4.09320073
67000 -0.47386416 1.48900273 2.78842726
67100 -0.44399989 1.48988832 1.01911802
67200 -0.45167136 1.56824153 3.66341776
67300 -0.44997627 1.50258261 1.25214850
67400 -0.44450898 1.53344576 1.54983376
67500 -0.42352979 1.54776578 1.41761053
67600 -0.44214451 1.52490140 1.19811992
67700 -0.48341523 1.50311683 3.48390769
67800 -0.45481062 1.52173625 1.73833435
67900 -0.48006595 1.49089391 3.24673845
68000 -0.44252637 1.52298995 1.16851490
68100 -0.47208629 1.49290542 2.62338291
68200 -0.46591142 1.51767598 2.32837759
68300 -0.44346567 1.49096610 0.98543810
68400 -0.46930729 1.50608490 2.42026350
68500 -0.45530828 1.56987324 3.97063763
68600 -0.44087094 1.52462033 1.13829725
68700 -0.51819019 1.48795798 7.05696525
68800 -0.47869354 1.49963060 3.09640494
68900 -0.49638589 1.51502955 4.75806350
69000 -0.45004614 1.51579019 1.37697305
69100 -0.45697931 1.50710151 1.64853650
69200 -0.48201831 1.50630201 3.38335907
69300 -0.45930597 1.50635907 1.77881810
69400 -0.43921700 1.51495147 0.88075965
69500 -0.48023208 1.53261817 3.75056568
69600 -0.48778458 1.49153350 3.88890707
69700 -0.46179168 1.49019782 1.95714722
69800 -0.46618749 1.50288129 2.19454315
69900 -0.45920944 1.54426140 2.73241452
70000 -0.46085893 1.47954853 2.06103589
70100 -0.48981213 1.50313326 4.03801774
70200 -0.48991440 1.52978280 4.48580741
70300 -0.50879286 1.51567058 6.04072622
70400 -0.49431035 1.49008481 4.49637654
70500 -0.46895706 1.50357014 2.38391096
70600 -0.47392692 1.51735436 2.88318189
70700 -0.47232096 1.51621120 2.74656185
70800 -0.49320471 1.49311208 4.36728106
70900 -0.49637417 1.50660402 4.66579701
71000 -0.44678978 1.53278353 1.63202179
71100 -0.43557197 1.51882695 0.80990949
71200 -0.48529971 1.51940975 3.82638928
71300 -0.48314265 1.47888215 3.67933234
71400 -0.46809972 1.48934896 2.37550817
71500 -0.46355416 1.50145506 2.02062427
71600 -0.50081139 1.49879330 5.08219615
71700 -0.51275475 1.48378920 6.48821219
71800 -0.46775691 1.47329223 2.65215170
71900 -0.53990072 1.46390926 10.43737623
72000 -0.44629710 1.50113643 1.07235640
72100 -0.42996510 1.51424399 0.55039928
72200 -0.45037147 1.51974009 1.46347792
72300 -0.41927588 1.52034713 0.39278263
72400 -0.49031675 1.46706700 4.62084898
72500 -0.48083441 1.51069048 3.32424416
72600 -0.47095505 1.50185831 2.51903653
72700 -0.45825113 1.51723130 1.84505614
72800 -0.46728127 1.51961235 2.45570658
72900 -0.48175001 1.50654138 3.36292661
73000 -0.46326921 1.47621581 2.28434017
73100 -0.46585911 1.48947900 2.22405657
73200 -0.45556939 1.52064431 1.75707220
73300 -0.45770991 1.53441889 2.25754698
73400 -0.43136536 1.51012151 0.54311541
73500 -0.46636357 1.51926315 2.38759601
73600 -0.45774021 1.51554727 1.78782448
73700 -0.47450807 1.53990349 3.57187079
73800 -0.47931353 1.52501106 3.45809470
73900 -0.49173120 1.49026460 4.25469540
74000 -0.42873647 1.49322921 0.43581425
74100 -0.51352943 1.44438243 7.99112272
74200 -0.47211581 1.50044741 2.60044483
74300 -0.44722236 1.51978187 1.31063682
74400 -0.48390176 1.51665428 3.65843486
74500 -0.46855299 1.51309840 2.43554048
74600 -0.50643164 1.49620174 5.67106034
74700 -0.45481220 1.50728916 1.52875484
74800 -0.49042626 1.50263007 4.09191318
74900 -0.47321520 1.53995875 3.47858334
75000 -0.47978544 1.53039912 3.64491170
75100 -0.51662423 1.46047396 7.58175951
75200 -0.49012847 1.51397346 4.15919964
75300 -0.48317260 1.53367059 4.02569537
75400 -0.47225518 1.51008924 2.66130161
75500 -0.50641755 1.47931570 5.87626728
75600 -0.46841488 1.52072458 2.55505210
75700 -0.42289870 1.52148229 0.49291957
75800 -0.41232724 1.51952452 0.26658392
75900 -0.49294593 1.50168774 4.32089722
76000 -0.44934893 1.48916780 1.27632659
76100 -0.46046690 1.49376803 1.84754152
76200 -0.48582876 1.49569755 3.69254378
76300 -0.49004519 1.51327339 4.14215958
76400 -0.46987151 1.49244241 2.46957250
76500 -0.48385013 1.50285727 3.51950387
76600 -0.51396138 1.47377723 6.83741450
76700 -0.45555061 1.50168483 1.54435419
76800 -0.49676273 1.47726659 4.93991694
76900 -0.49679558 1.49666463 4.69025480
77000 -0.48485853 1.49209543 3.63172599
77100 -0.48390776 1.50264441 3.52375242
77200 -0.47846389 1.52756959 3.45833191
77300 -0.46237939 1.51134095 2.00990259
77400 -0.47885651 1.49522805 3.12056071
77500 -0.47220672 1.49524090 2.61823004
77600 -0.47287552 1.51076254 2.71333709
77700 -0.48543469 1.47334972 4.00466164
77800 -0.45744998 1.50825993 1.68436328
77900 -0.46487223 1.50838099 2.13932354
78000 -0.45656234 1.52382426 1.88344665
78100 -0.47836041 1.50771986 3.09997540
78200 -0.46287528 1.49012003 2.02545739
78300 -0.48188527 1.51781402 3.51126824
78400 -0.44008124 1.51377445 0.89812084
78500 -0.44906251 1.50057294 1.20372920
78600 -0.47135820 1.50813549 2.57908933
78700 -0.49454462 1.49270129 4.49597771
78800 -0.47449673 1.49147090 2.81125395
78900 -0.48003567 1.51313530 3.28912261
79000 -0.48496744 1.45934227 4.43625834
79100 -0.48706276 1.52020504 3.99408394
79200 -0.42378572 1.54350550 1.22924462
79300 -0.46401472 1.48576868 2.15020729
79400 -0.44934592 1.46520722 1.82277873
79500 -0.45674240 1.53779811 2.32419892
79600 -0.44971717 1.53418146 1.82008457
79700 -0.45094125 1.51525134 1.41380695
79800 -0.49026858 1.45770270 4.96873881
79900 -0.49893218 1.49332469 4.91606791
80000 -0.47317291 1.47901577 2.89730646
80100 -0.46425570 1.50633048 2.08443464
80200 -0.48834287 1.49549634 3.91237283
80300 -0.48659186 1.49946476 3.74921840
80400 -0.46163824 1.50307302 1.90435794
80500 -0.45862821 1.51934211 1.90569189
80600 -0.49492403 1.48620004 4.60050518
80700 -0.52010187 1.45374832 8.28183812
80800 -0.46801579 1.52109539 2.53558141
80900 -0.43558660 1.53204266 1.14656910
81000 -0.49865536 1.49647651 4.87264738
81100 -0.45100505 1.50445605 1.31068600
81200 -0.44369748 1.49842348 0.95597763
81300 -0.45929312 1.51784707 1.91709591
81400 -0.46582344 1.51666966 2.30530103
81500 -0.45676724 1.50414151 1.61983581
81600 -0.47667501 1.48832674 3.00766104
81700 -0.45184311 1.52446515 1.64312612
81800 -0.49085305 1.51026586 4.17983230
81900 -0.44967554 1.50957001 1.27962201
82000 -0.45145840 1.49013729 1.37262011
82100 -0.45109284 1.50062716 1.30543573
82200 -0.47719884 1.48231439 3.13622089
82300 -0.47626858 1.49304532 2.93263171
82400 -0.44826037 1.50914856 1.20637979
82500 -0.48059421 1.49459761 3.26230652
82600 -0.44770171 1.49423910 1.15432071
82700 -0.48222195 1.47171914 3.78012831
82800 -0.48118455 1.47417620 3.62890017
82900 -0.45491427 1.53786223 2.22456245
83000 -0.45440665 1.54240869 2.37929046
83100 -0.47029920 1.51546972 2.59064519
83200 -0.44148267 1.54930359 2.07582812
83300 -0.46851161 1.50211523 2.34915758
83400 -0.48044098 1.48654915 3.32583851
83500 -0.52048796 1.48799399 7.33074603
83600 -0.49257368 1.52879555 4.69953497
83700 -0.47965447 1.51163196 3.24006861
83800 -0.47483132 1.50719327 2.82573445
83900 -0.47994768 1.49291301 3.22092813
84000 -0.44655977 1.55124382 2.39687065
84100 -0.47304970 1.52591603 3.00394965
84200 -0.48422673 1.46794629 4.06079110
84300 -0.46588176 1.55677904 3.78213322
84400 -0.47932770 1.51468257 3.25423110
84500 -0.48425732 1.49849206 3.55078483
84600 -0.47984085 1.51280414 3.26925397
84700 -0.47390218 1.51094857 2.79070145
84800 -0.49307093 1.48183802 4.49602812
84900 -0.46934063 1.48185683 2.56864879
85000 -0.50016871 1.50970417 5.06397073
85100 -0.49455261 1.49716425 4.47411829
85200 -0.47313902 1.51676520 2.81519423
85300 -0.46470896 1.49549327 2.10377986
85400 -0.49313659 1.52388597 4.62248189
85500 -0.49406040 1.53337317 4.98056402
85600 -0.51957462 1.50541481 7.16370453
85700 -0.46041645 1.52846007 2.23006155
85800 -0.47544110 1.53400939 3.42399922
85900 -0.47564774 1.51532300 2.97868764
86000 -0.47612402 1.53421405 3.48273379
86100 -0.46042124 1.47326436 2.18276051
86200 -0.46594617 1.53228062 2.69546758
86300 -0.51807761 1.47771702 7.21942632
86400 -0.47812440 1.49415059 3.06881913
86500 -0.45000803 1.50565955 1.26641670
86600 -0.44525778 1.52487429 1.33349859
86700 -0.49804801 1.50036820 4.80677380
86800 -0.46414563 1.50764084 2.08652235
86900 -0.45242555 1.51825595 1.54085906
87000 -0.47181064 1.51838274 2.74734634
87100 -0.49062857 1.51128730 4.17047045
87200 -0.46817938 1.50327336 2.32957122
87300 -0.45662455 1.51854986 1.77521881
87400 -0.48743159 1.50952034 3.86746005
87500 -0.48029549 1.49613291 3.23115999
87600 -0.49226755 1.49097486 4.29737681
87700 -0.46665094 1.51670610 2.36072103
87800 -0.44031685 1.53694845 1.49531820
87900 -0.50407338 1.49088187 5.45720398
88000 -0.47642612 1.56639718 5.12476828
88100 -0.44707794 1.49953954 1.10827215
88200 -0.46664755 1.50710712 2.24620343
88300 -0.47292874 1.51254289 2.73796267
88400 -0.46106404 1.51275223 1.94571783
88500 -0.45216917 1.47223401 1.74628638
88600 -0.47158099 1.46773678 3.08237682
88700 -0.47940738 1.51254239 3.23142182
88800 -0.53253143 1.49392157 8.80076306
88900 -0.48628819 1.49220977 3.75316981
89000 -0.48123362 1.50112433 3.30008231
89100 -0.53174614 1.46170279 9.41186080
89200 -0.48274617 1.52355679 3.70092535
89300 -0.51603913 1.52099296 6.95289152
89400 -0.44787994 1.50384027 1.15361814
89500 -0.48893579 1.52320135 4.22393890
89600 -0.46672020 1.51238995 2.30254790
89700 -0.48818499 1.48505344 3.99999565
89800 -0.46628039 1.51575096 2.32059125
89900 -0.51378076 1.48923068 6.53102032
90000 -0.48728650 1.54018838 4.61701950
90100 -0.48063084 1.49799588 3.25267416
90200 -0.45768327 1.54498494 2.67550245
90300 -0.46271376 1.51399917 2.06449610
90400 -0.49623866 1.51324010 4.71859008
90500 -0.46423723 1.49173343 2.09737903
90600 -0.47361257 1.53871236 3.45872858
90700 -0.45668784 1.48807031 1.67791426
90800 -0.48236743 1.49714898 3.39626123
90900 -0.47530119 1.49677129 2.84034705
91000 -0.47305836 1.54391674 3.63310178
91100 -0.44172389 1.53348988 1.43122743
91200 -0.47544333 1.50985567 2.89441539
91300 -0.43524743 1.51560417 0.74293574
91400 -0.49502851 1.48212001 4.67505578
91500 -0.46639380 1.51104714 2.26508804
91600 -0.45101025 1.48074204 1.48645723
91700 -0.47934712 1.51506824 3.26150852
91800 -0.51656280 1.50034293 6.79350229
91900 -0.47090082 1.51427311 2.61532368
92000 -0.46127994 1.49972839 1.87765261
92100 -0.48074161 1.50627228 3.27927461
92200 -0.47071613 1.49441482 2.51598235
92300 -0.46832818 1.52286494 2.59577253
92400 -0.47250786 1.48033652 2.82202107
92500 -0.47237029 1.52403306 2.90752346
92600 -0.44989066 1.51680217 1.38569547
92700 -0.51069225 1.47139559 6.53549382
92800 -0.46441690 1.48229496 2.23150236
92900 -0.45901801 1.51326923 1.82959926
93000 -0.46788842 1.52045397 2.51360115
93100 -0.45307599 1.55536947 2.94141967
93200 -0.47652838 1.47497504 3.24142094
93300 -0.45132088 1.50836693 1.35191897
93400 -0.51362350 1.47130525 6.86684451
93500 -0.47050035 1.51223537 2.56000174
93600 -0.44558313 1.49381119 1.05806137
93700 -0.47987748 1.48559559 3.29394953
93800 -0.46884025 1.51527672 2.48617894
93900 -0.45866355 1.53141008 2.21400231
94000 -0.47709167 1.51504236 3.08469907
94100 -0.45664644 1.49321008 1.62746083
94200 -0.42756389 1.51971343 0.57419372
94300 -0.44955103 1.50325256 1.23294190
94400 -0.50405157 1.49799338 5.41537783
94500 -0.50822984 1.48668857 5.94544599
94600 -0.50100121 1.50158396 5.10187668
94700 -0.40615883 1.53784341 0.73502738
94800 -0.45053180 1.51753952 1.43054872
94900 -0.48537180 1.51543806 3.76333864
95000 -0.46398076 1.52382822 2.33066066
95100 -0.48323107 1.51288753 3.54674967
95200 -0.47881807 1.52430898 3.40160724
95300 -0.43893324 1.50833198 0.79260950
95400 -0.44056708 1.51258492 0.90203404
95500 -0.47119590 1.51983907 2.73122227
95600 -0.40648405 1.56058936 1.85655667
95700 -0.44775996 1.54456424 2.13349238
95800 -0.44561849 1.50080631 1.04084818
95900 -0.45524539 1.53484051 2.13295708
96000 -0.44464945 1.50583003 1.01378135
96100 -0.49153603 1.50424110 4.19841601
96200 -0.46103738 1.50571321 1.87910104
96300 -0.46106487 1.50731146 1.89118782
96400 -0.51058108 1.48093268 6.29586836
96500 -0.44634686 1.50929359 1.11720110
96600 -0.50541083 1.49594777 5.56393206
96700 -0.47667646 1.50868088 2.97731820
96800 -0.48788297 1.50708276 3.88679068
96900 -0.45260617 1.54236207 2.28097700
97000 -0.50933312 1.47682788 6.24533899
97100 -0.47083830 1.53482165 3.11530602
97200 -0.50236708 1.48168429 5.40724230
97300 -0.47207722 1.50919884 2.63987196
97400 -0.46674350 1.51942849 2.41608072
97500 -0.47270349 1.53605392 3.29284151
97600 -0.52508436 1.49729469 7.82670794
97700 -0.51048190 1.48838832 6.17054022
97800 -0.47449732 1.50961481 2.82114733
97900 -0.51611353 1.50765193 6.77045189
98000 -0.46780068 1.48465696 2.41617045
98100 -0.46197948 1.53059729 2.38882504
98200 -0.47505308 1.55324478 4.23398513
98300 -0.47855870 1.51465788 3.19316118
98400 -0.46736726 1.49500294 2.28165909
98500 -0.45953952 1.55927191 3.52905696
98600 -0.47682341 1.51740863 3.10244830
98700 -0.44402743 1.53251217 1.49772790
98800 -0.44422695 1.54777807 2.11938356
98900 -0.45841924 1.52755556 2.08605813
99000 -0.49158245 1.49773989 4.19622646
99100 -0.45495671 1.52827953 1.90998589
99200 -0.48531498 1.48883116 3.70169425
99300 -0.47300863 1.51678433 2.80598706
99400 -0.46745845 1.51477072 2.38440800
99500 -0.49390945 1.48168314 4.57724582
99600 -0.45487915 1.48658313 1.59586694
99700 -0.47280502 1.53850156 3.39147047
99800 -0.49043703 1.49994608 4.08942983
99900 -0.46154578 1.49772262 1.89653452
100000 -0.45337845 1.50314125 1.42956304
100100 -0.45056010 1.46508857 1.88756584
100200 -0.46312665 1.52395828 2.27948640
100300 -0.49503897 1.52265767 4.77288788
100400 -0.48788094 1.50429622 3.87075853
100500 -0.43182115 1.54708683 1.61487742
100600 -0.45421562 1.53813827 2.19693028
100700 -0.50690892 1.50461483 5.72540700
100800 -0.48636585 1.48440459 3.85113884
100900 -0.44903417 1.51363892 1.29518493
101000 -0.46760735 1.53472271 2.88821032
101100 -0.46966285 1.51468360 2.53426066
101200 -0.44957652 1.54672457 2.32050811
101300 -0.49393977 1.51163976 4.48008231
101400 -0.44170749 1.52176971 1.10671757
101500 -0.46879918 1.49755488 2.36965258
101600 -0.46921318 1.50667422 2.41750499
101700 -0.48035205 1.46279087 3.92048556
101800 -0.41973476 1.53833841 0.92964745
101900 -0.44164563 1.53653002 1.53440067
102000 -0.48840249 1.48301085 4.05181580
102100 -0.52514073 1.49612694 7.83760183
102200 -0.49938978 1.48920881 4.99738875
102300 -0.44241816 1.53486480 1.50742761
102400 -0.45113469 1.49963011 1.30744685
102500 -0.45644704 1.51217145 1.66720646
102600 -0.45325262 1.54356855 2.36703041
102700 -0.50018544 1.49065109 5.06226206
102800 -0.47108178 1.50432604 2.53566704
102900 -0.48568609 1.49704494 3.67541959
103000 -0.45984518 1.52940631 2.22308809
103100 -0.49517497 1.51905078 4.71060351
103200 -0.47748809 1.47839796 3.23552564
103300 -0.44232345 1.52186946 1.13477380
103400 -0.46719439 1.51505618 2.37088754
103500 -0.49816312 1.52852039 5.22470515
103600 -0.48471273 1.48545852 3.69385045
103700 -0.41862829 1.52663152 0.52812568
103800 -0.47748688 1.47867129 3.22956529
103900 -0.49345111 1.52652378 4.71831038
104000 -0.49150455 1.50434263 4.19597021
104100 -0.47638287 1.50636343 2.93741776
104200 -0.49979325 1.49323598 5.00222283
104300 -0.47091152 1.51239343 2.59102027
104400 -0.45097097 1.54046904 2.11789133
104500 -0.42549289 1.53695769 1.00787939
104600 -0.48587983 1.49478061 3.70129326
104700 -0.46551795 1.52131595 2.37348547
104800 -0.49740578 1.53834759 5.47921215
104900 -0.49774288 1.49062939 4.82073916
105000 -0.48076836 1.52468709 3.56649017
105100 -0.45325176 1.52203916 1.66073733
105200 -0.49023186 1.51018335 4.12274419
105300 -0.46553427 1.49467127 2.16156793
105400 -0.44777943 1.51504595 1.25462712
105500 -0.45951039 1.53662663 2.44149857
105600 -0.50237784 1.49347630 5.26189004
105700 -0.49176262 1.48440586 4.33177788
105800 -0.49963527 1.52138665 5.19228796
105900 -0.48691736 1.51689534 3.92003983
106000 -0.52615241 1.44775895 9.32177857
106100 -0.47714518 1.51337449 3.06512761
106200 -0.47868021 1.49423936 3.11187992
106300 -0.44644244 1.53171815 1.58147067
106400 -0.48601259 1.50674316 3.72181809
106500 -0.48716337 1.48927643 3.85622380
106600 -0.50984383 1.52704568 6.39856763
106700 -0.50513022 1.47932260 5.73995866
106800 -0.43332113 1.53432390 1.14421384
106900 -0.48377292 1.48860728 3.57384809
107000 -0.47470467 1.52627326 3.13553569
107100 -0.45225165 1.52202767 1.60772663
107200 -0.49183723 1.50974704 4.26454088
107300 -0.49696192 1.51054188 4.75637283
107400 -0.50055295 1.49555318 5.06533509
107500 -0.48831251 1.48567222 4.00219266
107600 -0.49406825 1.49966421 4.42447428
107700 -0.50215763 1.54162526 6.08442233
107800 -0.51998120 1.47544887 7.49912271
107900 -0.44024130 1.52586193 1.14410113
108000 -0.45225068 1.53072606 1.83711223
108100 -0.48248415 1.49700078 3.40631531
108200 -0.48989440 1.52275569 4.29941247
108300 -0.47144574 1.51702179 2.69711784
108400 -0.49476481 1.48397432 4.61859626
108500 -0.49671781 1.50788726 4.70827183
108600 -0.46920359 1.50363392 2.40117136
108700 -0.43978503 1.53551038 1.42191792
108800 -0.47358213 1.52606234 3.04678736
108900 -0.46701249 1.51343605 2.33560026
109000 -0.48165750 1.50386920 3.34145906
109100 -0.48140997 1.48910575 3.37313412
109200 -0.48163118 1.54437457 4.31637586
109300 -0.46424964 1.46894676 2.54616008
109400 -0.46942674 1.49685538 2.41498076
109500 -0.50330829 1.49504326 5.34858639
109600 -0.48700330 1.49784085 3.78711803
109700 -0.47220526 1.52800175 2.99884853
109800 -0.49635489 1.49082577 4.68421606
109900 -0.44194089 1.50339977 0.88529844
110000 -0.42806284 1.50565507 0.40975153
110100 -0.48336511 1.52547152 3.79926986
110200 -0.49230205 1.51927872 4.44566843
110300 -0.45488055 1.51387908 1.60225199
110400 -0.48813973 1.49221129 3.91463771
110500 -0.50764855 1.48357738 5.92895644
110600 -0.47242591 1.51356169 2.71471591
110700 -0.48894877 1.50924649 3.99869082
110800 -0.47658608 1.49073751 2.97561035
110900 -0.45549706 1.45262587 2.66211603
111000 -0.43776730 1.50864595 0.75056054
111100 -0.47555112 1.53000040 3.30399800
111200 -0.45822236 1.50216424 1.69726360
111300 -0.49013235 1.50920758 4.10430963
111400 -0.46501091 1.49713152 2.11732342
111500 -0.48200717 1.51496517 3.47456617
111600 -0.44730285 1.53962304 1.90377240
111700 -0.51016058 1.48535688 6.17488770
111800 -0.43718676 1.53331532 1.24638264
111900 -0.50332174 1.51887592 5.51584139
112000 -0.43951318 1.54336245 1.72079673
112100 -0.46929960 1.50753730 2.42962264
112200 -0.41947093 1.52834577 0.59129990
112300 -0.44651350 1.51224413 1.15671217
112400 -0.45559084 1.52163324 1.77916942
112500 -0.47182652 1.50253237 2.58273059
112600 -0.44091130 1.53394030 1.41283924
112700 -0.48665964 1.47403606 4.09200984
112800 -0.51292974 1.44664697 7.79983548
112900 -0.48878731 1.49624292 3.94865060
113000 -0.46338025 1.49109504 2.04817741
113100 -0.48379589 1.52350351 3.78708290
113200 -0.47296129 1.53205123 3.17531559
113300 -0.44678055 1.52841478 1.49790959
113400 -0.48724372 1.46705599 4.34838752
113500 -0.49225466 1.49866368 4.25635378
113600 -0.47762723 1.47622087 3.29571703
113700 -0.47506102 1.52556912 3.14396840
113800 -0.46835884 1.52058380 2.54831169
113900 -0.46465019 1.51677080 2.23045325
114000 -0.47655751 1.51731258 3.08038863
114100 -0.48226444 1.51575485 3.50782709
114200 -0.45509808 1.47811778 1.75731474
114300 -0.47731403 1.52903168 3.41014855
114400 -0.47858821 1.51392225 3.18496810
114500 -0.51858680 1.49794658 7.03352284
114600 -0.46552315 1.51108395 2.20806832
114700 -0.47437072 1.56303749 4.75236482
114800 -0.45351744 1.50541254 1.44670600
114900 -0.43539946 1.51064385 0.68320680
115000 -0.46059827 1.50063110 1.83627422
115100 -0.49083048 1.51375389 4.21967255
115200 -0.47336221 1.52584669 3.02503283
115300 -0.46226919 1.52556969 2.26563070
115400 -0.46711336 1.51035498 2.30571420
115500 -0.43680763 1.50026805 0.67743664
115600 -0.46059091 1.48383093 1.96634853
115700 -0.50834894 1.47779477 6.11628216
115800 -0.48606921 1.45607818 4.66851787
115900 -0.48325524 1.48908396 3.52529758
116000 -0.48152283 1.48944567 3.37868277
116100 -0.45830991 1.54297626 2.62350236
116200 -0.51152081 1.48256490 6.37043737
116300 -0.49373357 1.48697356 4.47783508
116400 -0.51267764 1.52214525 6.59333113
116500 -0.46647256 1.51854193 2.38120229
116600 -0.44846817 1.50195123 1.17648557
116700 -0.47360810 1.48754082 2.78669154
116800 -0.49515310 1.50522145 4.54068770
116900 -0.44485062 1.55624874 2.58774954
117000 -0.47198946 1.49789125 2.59346443
117100 -0.43529807 1.54144875 1.48197646
117200 -0.45952248 1.53482979 2.37801986
117300 -0.49763115 1.51772651 4.92303489
117400 -0.43385260 1.50977915 0.62081535
117500 -0.45777449 1.49359711 1.68944431
117600 -0.45522455 1.51991635 1.72320615
117700 -0.46290804 1.57447038 4.75162995
117800 -0.48512084 1.51151182 3.68903934
117900 -0.47837455 1.51192658 3.14240673
118000 -0.42296365 1.56282957 2.23744222
118100 -0.48989771 1.49279793 4.06673407
118200 -0.49897691 1.50061934 4.89840578
118300 -0.44749351 1.53181505 1.63391529
118400 -0.46564586 1.50619710 2.17389144
118500 -0.43724261 1.55385898 2.14390104
118600 -0.48456792 1.47075758 4.00342576
118700 -0.46869496 1.50437937 2.36908811
118800 -0.49214566 1.50257647 4.24872999
118900 -0.48056189 1.49544700 3.25547415
119000 -0.52200999 1.48972963 7.49595860
119100 -0.51864441 1.47168551 7.43910284
119200 -0.45917112 1.51355542 1.84248546
119300 -0.46690552 1.50426654 2.24727587
119400 -0.47127583 1.51078638 2.59829494
119500 -0.46527304 1.51389757 2.22685632
119600 -0.46471543 1.51748959 2.24698604
119700 -0.47440737 1.49849578 2.76935933
119800 -0.44911697 1.52718068 1.57563292
119900 -0.42256858 1.52016264 0.45793643
120000 -0.49862283 1.49074748 4.90603558
120100 -0.48469091 1.52158305 3.81918928
120200 -0.45320403 1.54109483 2.25972679
120300 -0.49426494 1.48615556 4.53877401
120400 -0.43818006 1.49916379 0.72920828
120500 -0.45821182 1.52768901 2.07764857
120600 -0.50914344 1.50597294 5.97398344
120700 -0.49439579 1.47005992 4.90348673
120800 -0.45939034 1.51096937 1.82376998
120900 -0.48268998 1.50384078 3.42619222
121000 -0.46678534 1.51332474 2.31891492
121100 -0.51141444 1.46284424 6.89686428
121200 -0.46050096 1.52917686 2.25582747
121300 -0.48332266 1.50245089 3.47433646
121400 -0.47562979 1.48858143 2.92512434
121500 -0.47792118 1.54596580 4.09228280
121600 -0.49983756 1.49403823 5.00154057
121700 -0.49114301 1.53378907 4.72437510
121800 -0.44630739 1.56947782 3.48577101
121900 -0.47063644 1.51626432 2.62701757
122000 -0.49095611 1.49127801 4.17454345
122100 -0.49033685 1.49873546 4.08117287
122200 -0.49882943 1.48783113 4.95766926
122300 -0.44406190 1.53318230 1.52125802
122400 -0.48501395 1.50581161 3.63057286
122500 -0.47958067 1.47979184 3.37072624
122600 -0.49410415 1.48845065 4.49448958
122700 -0.48536683 1.51425998 3.74542139
122800 -0.46897433 1.48185608 2.54332973
122900 -0.47962433 1.50005424 3.17001865
123000 -0.49837209 1.50911037 4.88003298
123100 -0.50015223 1.48274985 5.16401825
123200 -0.46214710 1.50036047 1.93119614
123300 -0.49886080 1.49887036 4.88736646
123400 -0.49691408 1.47300170 5.06062301
123500 -0.46030036 1.48887607 1.87993740
123600 -0.51628810 1.49532000 6.77241271
123700 -0.48005695 1.48835993 3.27230328
123800 -0.46454767 1.49588705 2.09165887
123900 -0.46944097 1.49209861 2.44224006
124000 -0.45974530 1.53591706 2.42976781
124100 -0.45165326 1.52806365 1.72781378
124200 -0.49704188 1.52813314 5.10429959
124300 -0.44770803 1.51292109 1.22150507
124400 -0.44972802 1.53563802 1.87147249
124500 -0.51976491 1.51542591 7.29079568
124600 -0.45727881 1.52640765 1.98911320
124700 -0.46696366 1.52840385 2.64545490
124800 -0.44251498 1.49756692 0.90672153
124900 -0.45481363 1.49815308 1.50397240
125000 -0.44300356 1.51949785 1.11473608
125100 -0.49636811 1.48225593 4.80083273
125200 -0.46640935 1.52866234 2.61586565
125300 -0.48346636 1.50006750 3.48331854
125400 -0.48598046 1.52165216 3.93072814
125500 -0.43308683 1.53215021 1.06418691
125600 -0.49929081 1.48693207 5.01471817
125700 -0.48023243 1.49375666 3.23811123
125800 -0.46283938 1.52180928 2.21221582
125900 -0.46043401 1.53871606 2.57560158
126000 -0.50852637 1.48253960 6.04141893
126100 -0.45018468 1.51669265 1.39857326
126200 -0.47170944 1.50912688 2.61277191
126300 -0.43520072 1.49080334 0.66183465
126400 -0.47975784 1.51553228 3.30128242
126500 -0.46942350 1.53229697 2.93135814
126600 -0.50795969 1.50468438 5.83861863
126700 -0.45258720 1.49610421 1.39029553
126800 -0.50684967 1.45167766 6.87595043
126900 -0.45595671 1.51692987 1.70888688
127000 -0.44931532 1.52842227 1.61991295
127100 -0.48135055 1.50036453 3.30902278
127200 -0.44431079 1.55036422 2.25000026
127300 -0.47641421 1.49680167 2.92468071
127400 -0.49721439 1.49261857 4.75256162
127500 -0.47203821 1.53836587 3.33072187
127600 -0.44011908 1.52002015 1.00517336
127700 -0.46071207 1.53573193 2.48136332
127800 -0.46160745 1.50669234 1.92013287
127900 -0.45346283 1.53479559 2.03450369
128000 -0.42429499 1.51995634 0.49425096
128100 -0.48902325 1.52611968 4.30368862
128200 -0.51147846 1.53251585 6.74236343
128300 -0.45545286 1.53564005 2.17261632
128400 -0.48080452 1.49098755 3.30529770
128500 -0.46988296 1.51559834 2.56346845
128600 -0.50730597 1.47998019 5.95768185
128700 -0.45651349 1.49570060 1.60612997
128800 -0.48462415 1.46426720 4.21904010
128900 -0.48952082 1.47139412 4.41613699
129000 -0.48462715 1.49478449 3.59447811
129100 -0.48035190 1.51424309 3.32964681
129200 -0.44865069 1.49991623 1.18344819
129300 -0.48398340 1.49957033 3.52669766
129400 -0.49592993 1.49881027 4.60198335
129500 -0.45238989 1.46831456 1.87433411
129600 -0.46164662 1.50426328 1.90924088
129700 -0.50186781 1.50768471 5.21805321
129800 -0.43476718 1.53597626 1.25152404
129900 -0.46120858 1.53632338 2.53293956
130000 -0.48328484 1.47350263 3.81923758
130100 -0.46710982 1.47441687 2.57911233
130200 -0.46860167 1.55050063 3.62825165
130300 -0.53076948 1.47312728 8.91140005
130400 -0.49383452 1.50495508 4.41473473
130500 -0.46035108 1.55312001 3.23199427
130600 -0.43247788 1.52657205 0.88044341
130700 -0.46841999 1.52558746 2.66800657
130800 -0.49112748 1.48851507 4.21806070
130900 -0.47853796 1.52533709 3.40508936
131000 -0.44952390 1.50769452 1.25591101
131100 -0.46096752 1.47565402 2.15488254
131200 -0.48669468 1.49654832 3.76394120
131300 -0.47444358 1.48807014 2.84208415
131400 -0.45693371 1.54124663 2.47136554
131500 -0.48874591 1.49631395 3.94471216
131600 -0.46267240 1.53578625 2.60424296
131700 -0.45780921 1.48299969 1.81545759
131800 -0.49697561 1.48638436 4.79482749
131900 -0.48052294 1.49601772 3.24990156
132000 -0.47045787 1.54331418 3.42021488
132100 -0.46884587 1.50948112 2.41482266
132200 -0.48129044 1.51639163 3.43841094
132300 -0.45525303 1.54038937 2.34209957
132400 -0.46916746 1.50671695 2.41462720
132500 -0.52463703 1.48926968 7.82476418
132600 -0.46919375 1.53246930 2.92101508
132700 -0.44316988 1.55544318 2.46879253
132800 -0.51064192 1.49412050 6.13810122
132900 -0.49358705 1.45723896 5.29352126
133000 -0.50361710 1.48540922 5.47469696
133100 -0.46271855 1.51757277 2.12120907
133200 -0.50491334 1.53070140 5.97469195
133300 -0.47406296 1.50086046 2.74303090
133400 -0.47373856 1.52749101 3.09656557
133500 -0.45564104 1.52157816 1.78077105
133600 -0.48302213 1.54113443 4.29235770
133700 -0.46235562 1.53592180 2.58929942
133800 -0.48780958 1.48659632 3.94509023
133900 -0.46311360 1.47690739 2.25829742
134000 -0.44060654 1.53291329 1.36608801
134100 -0.47393152 1.51528821 2.84979977
134200 -0.50847174 1.50106462 5.88362569
134300 -0.49910192 1.50268630 4.91420349
134400 -0.48198986 1.49158925 3.39653878
134500 -0.48580086 1.52590699 4.01648037
134600 -0.46620219 1.54453503 3.18304939
134700 -0.48163440 1.50988184 3.38091277
134800 -0.48902226 1.48574875 4.06403064
134900 -0.45560018 1.51965093 1.73876952
135000 -0.48667228 1.55168173 5.09154247
135100 -0.52006161 1.51380319 7.30265874
135200 -0.45850409 1.50355980 1.71770041
135300 -0.42864680 1.51765689 0.56620247
135400 -0.47800569 1.46402577 3.68951675
135500 -0.48359696 1.50154165 3.49541432
135600 -0.46223249 1.50709016 1.96157690
135700 -0.47598738 1.51499392 2.99944988
135800 -0.44773246 1.51612581 1.26921498
135900 -0.49487294 1.47919172 4.71693000
136000 -0.47008724 1.48727559 2.53706609
136100 -0.48038493 1.48863070 3.29549926
136200 -0.44331269 1.50480858 0.94955572
136300 -0.44239815 1.53327835 1.45252576
136400 -0.46995161 1.49125758 2.48482895
136500 -0.51452545 1.47632558 6.83827824
136600 -0.46755004 1.54582690 3.33155668
136700 -0.45936280 1.49762971 1.76478040
136800 -0.47560456 1.50291922 2.86228531
136900 -0.47097548 1.50596099 2.53652580
137000 -0.45345424 1.50445094 1.43858318
137100 -0.41273322 1.55732512 1.72415193
137200 -0.47141429 1.48921512 2.60815692
137300 -0.45508848 1.52026505 1.72270649
137400 -0.46949992 1.51699602 2.55955208
137500 -0.47784883 1.50469537 3.04124305
137600 -0.46822919 1.48532672 2.43526368
137700 -0.51597255 1.49739297 6.72821469
137800 -0.43456826 1.48470924 0.71438604
137900 -0.43384255 1.52013652 0.77539872
138000 -0.48564881 1.45049825 4.89307070
138100 -0.44743727 1.49491386 1.13808166
138200 -0.50000234 1.48812165 5.07078110
138300 -0.45834030 1.51696248 1.84565785
138400 -0.50023087 1.51772129 5.18013528
138500 -0.46580481 1.49902986 2.16560728
138600 -0.49798630 1.43908972 6.65568917
138700 -0.47280449 1.47176521 3.04884841
138800 -0.50603606 1.48031511 5.81557065
138900 -0.45756500 1.48110483 1.83537833
139000 -0.49476925 1.46692796 5.03748555
139100 -0.45168684 1.53885463 2.09060577
139200 -0.43971571 1.56740570 3.06043303
139300 -0.49430599 1.51437638 4.55014985
139400 -0.45847940 1.51301309 1.79459058
139500 -0.51361232 1.46818118 6.96009833
139600 -0.45170930 1.50962629 1.38325876
139700 -0.48856596 1.52392717 4.20821909
139800 -0.51504873 1.45213134 7.76380920
139900 -0.48846252 1.47701542 4.17695421
140000 -0.45250005 1.54490774 2.38647982
140100 -0.47262089 1.48667867 2.72562581
140200 -0.47581148 1.54591743 3.92789543
140300 -0.47993438 1.52028600 3.40051304
140400 -0.46907740 1.50647098 2.40678065
140500 -0.45338475 1.54554202 2.46200389
140600 -0.46116429 1.49143808 1.90718851
140700 -0.44223750 1.51618601 1.02299666
140800 -0.51678327 1.45911854 7.65481293
140900 -0.44784167 1.53552817 1.77553845
141000 -0.43906654 1.54319774 1.69611974
141100 -0.50843108 1.47350122 6.22974221
141200 -0.45672811 1.52506710 1.92321905
141300 -0.44948477 1.53832261 1.95868279
141400 -0.48328334 1.44478202 4.99256995
141500 -0.46728607 1.50797696 2.29552349
141600 -0.47414480 1.52524697 3.06743038
141700 -0.48508988 1.49076191 3.66281539
141800 -0.50227582 1.47541524 5.53237710
141900 -0.51346854 1.49992872 6.43755725
142000 -0.45799268 1.51794756 1.84263268
142100 -0.49812136 1.45908116 5.65107632
142200 -0.47004717 1.48807284 2.52443169
142300 -0.49828892 1.49273158 4.85677064
142400 -0.44765301 1.50467854 1.14634894
142500 -0.48199957 1.45989949 4.16599013
142600 -0.43719692 1.49385529 0.71068401
142700 -0.47185528 1.49262759 2.60876700
142800 -0.47098705 1.50852989 2.55595982
142900 -0.45374123 1.53539914 2.07060954
143000 -0.46035185 1.52323570 2.09112195
143100 -0.45207882 1.51213502 1.42973140
143200 -0.49441606 1.49251051 4.48524271
143300 -0.46350565 1.48438385 2.13841556
143400 -0.52569362 1.47862276 8.12793587
143500 -0.45189492 1.52951989 1.78225359
143600 -0.42399847 1.48707416 0.37150205
143700 -0.48311485 1.49925438 3.45431730
143800 -0.50375348 1.48659986 5.47217385
143900 -0.45709382 1.52573341 1.96095628
144000 -0.49360268 1.52136656 4.60899577
144100 -0.44287871 1.49880169 0.92001000
144200 -0.42178799 1.55596770 1.80354991
144300 -0.48144821 1.52326985 3.58764823
144400 -0.45839521 1.50834267 1.73980029
144500 -0.45155220 1.51015494 1.38037615
144600 -0.43837266 1.54090762 1.57294693
144700 -0.43635301 1.53177638 1.16564012
144800 -0.49541762 1.47577930 4.84558258
144900 -0.43846918 1.52094630 0.95931264
145000 -0.45881570 1.52237837 1.98003891
145100 -0.48234328 1.54113431 4.23622327
145200 -0.45603977 1.51585605 1.69593518
145300 -0.48046344 1.50633557 3.25725233
145400 -0.48315198 1.50716532 3.48279681
145500 -0.49406811 1.50733886 4.45133415
145600 -0.49832313 1.48360967 4.96804006
145700 -0.51204951 1.48850359 6.34363056
145800 -0.48666129 1.52314509 4.02293703
145900 -0.44182750 1.48069532 1.06110497
146000 -0.43173813 1.52270957 0.76151677
146100 -0.50242091 1.50332591 5.25055251
146200 -0.47242277 1.48706232 2.70622033
146300 -0.47602037 1.51974827 3.08454566
146400 -0.45977792 1.50040213 1.78678054
146500 -0.47624674 1.52380984 3.19023669
146600 -0.47731294 1.51180696 3.05834762
146700 -0.48176575 1.51121735 3.40573318
146800 -0.44765362 1.52232994 1.38474685
146900 -0.47803645 1.48044261 3.23608937
147000 -0.51042535 1.48226160 6.25420459
147100 -0.44292991 1.51689672 1.06423815
147200 -0.51190054 1.49104371 6.30097330
147300 -0.51147967 1.48783460 6.28785650
147400 -0.49521343 1.51185370 4.60305410
147500 -0.44876020 1.52780779 1.57541539
147600 -0.44374572 1.50915388 0.99874098
147700 -0.43268959 1.55225184 1.89943163
147800 -0.50183603 1.47590759 5.47551074
147900 -0.50644680 1.51205379 5.73810704
148000 -0.50451925 1.48363705 5.59600976
148100 -0.49677771 1.49016265 4.73134970
148200 -0.48498229 1.51135990 3.67551814
148300 -0.47727309 1.50036634 2.98563248
148400 -0.47037040 1.48189515 2.63988943
148500 -0.45720272 1.52340891 1.91006419
148600 -0.48028705 1.47656395 3.49762977
148700 -0.45483638 1.48116593 1.68087546
148800 -0.47754764 1.51732139 3.15683365
148900 -0.48562260 1.52471548 3.97104255
149000 -0.45919724 1.51069117 1.80930720
149100 -0.52110330 1.47276554 7.70386283
149200 -0.48434540 1.48369138 3.69005906
149300 -0.46087285 1.49901501 1.85323704
149400 -0.47982547 1.49564984 3.19551499
149500 -0.43483176 1.50772425 0.63645776
149600 -0.46179559 1.50565156 1.92531746
149700 -0.46398696 1.53647841 2.71250275
149800 -0.48255977 1.50313632 3.41297581
149900 -0.46756534 1.46781724 2.80040245
150000 -0.45865244 1.47517636 2.02816075
150100 -0.52004680 1.47680570 7.47460501
150200 -0.45778125 1.49417879 1.68627946
150300 -0.50181824 1.50367341 5.19022400
150400 -0.46659414 1.48050078 2.40749949
150500 -0.49928804 1.49360403 4.94951155
150600 -0.43685614 1.52207617 0.92286623
150700 -0.49625017 1.45873796 5.48332595
150800 -0.40796143 1.52307217 0.29785462
150900 -0.48647570 1.48105971 3.91839038
151000 -0.45646244 1.52140501 1.82309078
151100 -0.52221392 1.47929644 7.68243995
151200 -0.46619428 1.53487498 2.79897355
151300 -0.45169948 1.54541880 2.36785189
151400 -0.49467333 1.50841093 4.51689169
151500 -0.48254136 1.49857360 3.40755556
151600 -0.42837973 1.53754359 1.10746507
151700 -0.47746890 1.49380289 3.01991700
151800 -0.42756529 1.51900568 0.56053069
151900 -0.46607761 1.50807115 2.21569701
152000 -0.50844656 1.51222080 5.95500166
152100 -0.49238330 1.53098185 4.74727425
152200 -0.49692609 1.50909752 4.73871547
152300 -0.47803747 1.53423303 3.63087362
152400 -0.49143795 1.49398727 4.19852553
152500 -0.45352131 1.54800118 2.58432224
152600 -0.48726061 1.49823977 3.80875626
152700 -0.49227938 1.51608909 4.38717127
152800 -0.49868898 1.50896132 4.90991054
152900 -0.46779863 1.50413869 2.30689115
153000 -0.46788393 1.50760259 2.33301383
153100 -0.45790614 1.53059209 2.14449867
153200 -0.44766585 1.52765059 1.51829418
153300 -0.50419538 1.47761009 5.67899234
153400 -0.46676295 1.49603549 2.23650434
153500 -0.46923166 1.51123698 2.45964635
153600 -0.46657579 1.51525238 2.33248520
153700 -0.51377974 1.46675861 7.02540938
153800 -0.48665020 1.45272852 4.87142478
153900 -0.46792869 1.50969628 2.35416238
154000 -0.50441353 1.47234428 5.83351208
154100 -0.50615026 1.48322774 5.77459318
154200 -0.50153492 1.49980104 5.15468971
154300 -0.45781723 1.51516273 1.78637004
154400 -0.51933716 1.48641262 7.21298729
154500 -0.44618578 1.50712416 1.09194002
154600 -0.47391728 1.51652901 2.86848643
154700 -0.47934087 1.50796038 3.17917040
154800 -0.44288337 1.53043774 1.38271984
154900 -0.49120201 1.48852831 4.22470333
155000 -0.51285628 1.47407118 6.70442223
155100 -0.47534277 1.49767924 2.84095926
155200 -0.46232732 1.53593866 2.58814067
155300 -0.47243183 1.52164447 2.85742674
155400 -0.46443648 1.52150248 2.30720803
155500 -0.46818166 1.51528379 2.44116640
155600 -0.45426418 1.52929318 1.90134605
155700 -0.46990290 1.51420275 2.54406646
155800 -0.46014130 1.52285559 2.06967684
155900 -0.44434420 1.55669502 2.59036707
156000 -0.50434321 1.47968911 5.65001887
156100 -0.45777917 1.52192646 1.90960111
156200 -0.49809516 1.47612250 5.09639751
156300 -0.46362711 1.52877886 2.43831597
156400 -0.47787438 1.49489348 3.04524817
156500 -0.47525855 1.49039548 2.87804797
156600 -0.45910248 1.51053905 1.80208732
156700 -0.46625025 1.51218905 2.26883419
156800 -0.52038478 1.49821904 7.24783406
156900 -0.47705838 1.47686043 3.23671691
157000 -0.49309251 1.50811466 4.36603125
157100 -0.46971330 1.53095348 2.90903093
157200 -0.51193136 1.49486835 6.27748183
157300 -0.48041973 1.54292192 4.15481182
157400 -0.51036404 1.48431017 6.21319565
157500 -0.45191486 1.52028781 1.55337397
157600 -0.47064106 1.53635291 3.15584697
157700 -0.48805437 1.49505738 3.88900103
157800 -0.48448608 1.54270356 4.48074603
157900 -0.46960175 1.53954236 3.20400103
158000 -0.48137069 1.50048361 3.31071127
158100 -0.48940715 1.48332000 4.13593066
158200 -0.44081784 1.51090359 0.89249232
158300 -0.46302201 1.52162994 2.21981391
158400 -0.43900850 1.52050663 0.97109246
158500 -0.46862802 1.48934232 2.41169573
158600 -0.45161429 1.54899578 2.53231067
158700 -0.48789348 1.53954415 4.64450182
158800 -0.46724369 1.51052634 2.31625888
158900 -0.47229330 1.53526439 3.23494931
159000 -0.51717470 1.47931545 7.07888015
159100 -0.46832391 1.49699439 2.33859487
159200 -0.53487836 1.42870246 11.63775528
159300 -0.47876012 1.52093419 3.32069848
159400 -0.48626554 1.51589161 3.84714323
159500 -0.47364866 1.52439699 3.00966908
159600 -0.49431866 1.49021977 4.49583094
159700 -0.49188485 1.53460331 4.82010737
159800 -0.45230465 1.51054665 1.42350407
159900 -0.49337503 1.50643805 4.38017217
160000 -0.48115566 1.50902861 3.33387848
160100 -0.48892775 1.50253397 3.95728278
160200 -0.43852885 1.53497303 1.35379253
160300 -0.45246256 1.50969415 1.42314847
160400 -0.45632432 1.54031721 2.39895316
160500 -0.44594431 1.54466262 2.05281471
160600 -0.46988219 1.49818364 2.44340995
160700 -0.43091571 1.50172447 0.47937734
160800 -0.47449711 1.50564857 2.79086320
160900 -0.46790556 1.49148511 2.34183425
161000 -0.46404810 1.51730789 2.20086092
161100 -0.47511933 1.50031949 2.82150818
161200 -0.47407262 1.48734136 2.82349708
161300 -0.52371337 1.49816242 7.65418766
161400 -0.45443840 1.53909286 2.24589559
161500 -0.46017551 1.45515674 2.81600498
161600 -0.46857045 1.53407858 2.93162838
161700 -0.48076021 1.49809371 3.26292299
161800 -0.48845704 1.51964321 4.10525209
161900 -0.43312801 1.53185605 1.05613647
162000 -0.45988580 1.51063938 1.84975242
162100 -0.49916409 1.50097590 4.91723498
162200 -0.44656275 1.54787609 2.23010488
162300 -0.44157112 1.53542421 1.49151609
162400 -0.44949662 1.53748920 1.92767786
162500 -0.48694275 1.51633955 3.91301103
162600 -0.46231666 1.51454556 2.04746997
162700 -0.47676966 1.48010047 3.14478575
162800 -0.46427116 1.53371054 2.63359171
162900 -0.47650758 1.49993695 2.92670680
163000 -0.47476624 1.49974022 2.79502912
163100 -0.45876306 1.56818925 4.05143559
163200 -0.46004941 1.50390573 1.81059293
163300 -0.48325763 1.49456961 3.48066089
163400 -0.49323199 1.49189566 4.37894167
163500 -0.47744009 1.51665066 3.13710636
163600 -0.45141974 1.50045009 1.32209588
163700 -0.44763309 1.54569893 2.17865169
163800 -0.44785168 1.50809119 1.17762515
163900 -0.50411549 1.49250951 5.44807138
164000 -0.44973526 1.50756084 1.26538110
164100 -0.46080029 1.55257609 3.23046022
164200 -0.42844978 1.52832862 0.80595027
164300 -0.48673875 1.48178470 3.92770411
164400 -0.44690268 1.50365954 1.10662696
164500 -0.43952285 1.50017077 0.78104254
164600 -0.46460056 1.55591567 3.64989708
164700 -0.42455623 1.49304197 0.32571120
164800 -0.45920377 1.50250442 1.75567939
164900 -0.45992911 1.51259255 1.87503543
165000 -0.44054023 1.50408726 0.83010786
165100 -0.45530781 1.52317413 1.79799743
165200 -0.45579883 1.52803814 1.94982325
165300 -0.46690974 1.52023664 2.44321750
165400 -0.47976279 1.51545489 3.30047823
165500 -0.47159804 1.49968382 2.56318968
165600 -0.51006072 1.49454302 6.07157023
165700 -0.49442270 1.48409584 4.58429439
165800 -0.48193560 1.47942902 3.56830350
165900 -0.44394729 1.49029048 1.01281957
166000 -0.51049771 1.48579346 6.20578512
166100 -0.46339877 1.51902427 2.19066366
166200 -0.45164452 1.51413572 1.43348768
166300 -0.47429825 1.51482511 2.87000677
166400 -0.45199849 1.52464526 1.65561600
166500 -0.51292788 1.49340938 6.39807133
166600 -0.46355194 1.48134860 2.19336192
166700 -0.46053467 1.57398229 4.56891297
166800 -0.45540975 1.48935240 1.59180598
166900 -0.48851496 1.50843158 3.95299453
167000 -0.46565033 1.45622864 3.11294883
167100 -0.49498835 1.48725213 4.59264758
167200 -0.43330905 1.51154211 0.62135647
167300 -0.46982531 1.52326896 2.70850903
167400 -0.44461254 1.51337359 1.08456571
167500 -0.51177371 1.46696995 6.79217288
167600 -0.48313303 1.49683688 3.46055329
167700 -0.48926245 1.47568286 4.27955380
167800 -0.46255677 1.48982546 2.00843524
167900 -0.49089394 1.50629034 4.15063837
168000 -0.49061956 1.49476482 4.11965616
168100 -0.47341834 1.49753355 2.69816811
168200 -0.48133057 1.47999769 3.50737699
168300 -0.44338474 1.52994762 1.38954808
168400 -0.43631696 1.52426349 0.95381921
168500 -0.46305740 1.50273812 1.99186653
168600 -0.49761074 1.47897369 4.98498102
168700 -0.48394009 1.49338660 3.54483767
168800 -0.51043022 1.51131832 6.16146901
168900 -0.46348438 1.49007281 2.06440749
169000 -0.47327238 1.51561377 2.80631543
169100 -0.43361325 1.53568374 1.20158985
169200 -0.49929144 1.49301319 4.95380255
169300 -0.51722216 1.47189510 7.26546050
169400 -0.48659422 1.48942091 3.80523793
169500 -0.48452519 1.52843419 3.97650503
169600 -0.52822208 1.46531024 8.82214109
169700 -0.46429287 1.48549083 2.17204489
169800 -0.46914126 1.48086533 2.57332496
169900 -0.50076159 1.49628890 5.08333540
170000 -0.51737968 1.50394426 6.89677310
170100 -0.46112730 1.53192902 2.37800459
170200 -0.46530119 1.50057824 2.13228960
170300 -0.47593244 1.49274154 2.90921058
170400 -0.49889634 1.49857694 4.89125535
170500 -0.51025228 1.49192367 6.11039657
170600 -0.47319696 1.48295894 2.82409672
170700 -0.47257660 1.52115804 2.85751319
170800 -0.47324046 1.54378145 3.64049010
170900 -0.46842237 1.50086094 2.34118109
171000 -0.46894354 1.49881147 2.37731206
171100 -0.48404164 1.52232907 3.78079190
171200 -0.48775028 1.49879201 3.85078569
171300 -0.48872220 1.50725327 3.96211948
171400 -0.48870485 1.49033519 3.98097953
171500 -0.47658017 1.51470316 3.04035309
171600 -0.45564925 1.50766530 1.57779789
171700 -0.44806853 1.51848409 1.32612244
171800 -0.49246354 1.49856358 4.27578488
171900 -0.50181020 1.53235607 5.70611582
172000 -0.46687212 1.51708878 2.38195361
172100 -0.45663248 1.54734797 2.72453418
172200 -0.46301887 1.48179118 2.15146943
172300 -0.46887635 1.50969464 2.41896897
172400 -0.51988190 1.49022142 7.23364504
172500 -0.46901081 1.51095811 2.44128623
172600 -0.46282249 1.51147333 2.03915113
172700 -0.47948381 1.49485624 3.17206723
172800 -0.47607745 1.53229475 3.41536495
172900 -0.44331838 1.52477499 1.24514124
173000 -0.47044294 1.50251550 2.48426769
173100 -0.49941395 1.49086734 4.98326942
173200 -0.49168950 1.49854316 4.20454378
173300 -0.48325571 1.52684644 3.82612201
173400 -0.44755578 1.47771726 1.37903623
173500 -0.48240670 1.51939843 3.58358152
173600 -0.42987832 1.55410033 1.90977962
173700 -0.50130462 1.47823756 5.36811483
173800 -0.46543383 1.49320702 2.16386505
173900 -0.43309131 1.52082849 0.76443054
174000 -0.47980656 1.49854626 3.18560054
174100 -0.49454784 1.48864553 4.53410909
174200 -0.45701836 1.52964903 2.06507898
174300 -0.46648241 1.51010950 2.26105665
174400 -0.46493278 1.50599698 2.12611504
174500 -0.45360370 1.53392604 2.01216657
174600 -0.49914047 1.48664259 5.00362704
174700 -0.50771197 1.50669361 5.82333691
174800 -0.47404560 1.49265580 2.76834405
174900 -0.47984325 1.48799468 3.25953620
175000 -0.47638325 1.51333481 3.00610915
175100 -0.42595783 1.51048826 0.39190635
175200 -0.47476012 1.48123441 2.97061161
175300 -0.46659244 1.50438123 2.22687431
175400 -0.45934494 1.51629477 1.89367063
175500 -0.48953058 1.50014210 4.00787211
175600 -0.49458755 1.48668692 4.56202123
175700 -0.46555083 1.52829870 2.54886381
175800 -0.45129113 1.49151934 1.35135053
175900 -0.48375650 1.48059970 3.69576131
176000 -0.46337563 1.51064152 2.06485605
176100 -0.42327747 1.52079064 0.48704546
176200 -0.47003744 1.48541498 2.55898290
176300 -0.49460982 1.48138705 4.64873050
176400 -0.48446031 1.47445004 3.89317210
176500 -0.50157620 1.50802328 5.19104906
176600 -0.44351880 1.54232480 1.84263747
176700 -0.47030169 1.52067765 2.68494601
176800 -0.50930762 1.53852686 6.71623684
176900 -0.50704179 1.50400440 5.73699032
177000 -0.47996466 1.52945257 3.63090031
177100 -0.48905335 1.51162094 4.03277288
177200 -0.47181853 1.48374217 2.71110925
177300 -0.50266790 1.48656583 5.36058713
177400 -0.46457189 1.49882547 2.08545423
177500 -0.47484027 1.49565459 2.80997443
177600 -0.46819820 1.52871842 2.73787095
177700 -0.47663838 1.52968888 3.37743524
177800 -0.51212690 1.46379426 6.94164903
177900 -0.49105392 1.50214909 4.14771724
178000 -0.50833967 1.50903344 5.90954361
178100 -0.49687300 1.49830245 4.69362975
178200 -0.47484659 1.52129687 3.02778467
178300 -0.51237137 1.48126551 6.48915321
178400 -0.47572819 1.44911195 4.16217667
178500 -0.45944502 1.51460752 1.87354481
178600 -0.44303831 1.50577757 0.94283824
178700 -0.48809664 1.48733478 3.96071263
178800 -0.44175249 1.52478903 1.17888313
178900 -0.45445725 1.47943157 1.69432621
179000 -0.46095467 1.50199230 1.85972033
179100 -0.43578379 1.49661409 0.64597199
179200 -0.50441676 1.47545387 5.75268565
179300 -0.46454464 1.53117504 2.56894709
179400 -0.47270775 1.50250186 2.64633812
179500 -0.49125856 1.50521997 4.17768650
179600 -0.51237568 1.45183398 7.47412901
179700 -0.47227603 1.48915889 2.67067705
179800 -0.49074676 1.49342949 4.13907286
179900 -0.50444501 1.50947386 5.49925740
180000 -0.48627480 1.50975880 3.76928753
180100 -0.46463768 1.52024066 2.29385723
180200 -0.44722583 1.53425422 1.70181526
180300 -0.43585803 1.49217863 0.67348603
180400 -0.46086802 1.52674520 2.21011071
180500 -0.48488362 1.48215397 3.76185472
180600 -0.51958159 1.49241584 7.17863855
180700 -0.48809659 1.51796325 4.04184389
180800 -0.47160655 1.50575418 2.58030393
180900 -0.48194072 1.52750465 3.73539364
181000 -0.49633792 1.49398952 4.65856016
181100 -0.47823755 1.50051896 3.06069183
181200 -0.49185581 1.49752239 4.22181405
181300 -0.49637168 1.52712578 5.01165446
181400 -0.46716114 1.52412148 2.54623197
181500 -0.44709036 1.50803948 1.14106773
181600 -0.48745855 1.51972920 4.01911990
181700 -0.48758936 1.48766921 3.91197234
181800 -0.44998281 1.53801379 1.97166462
181900 -0.51502271 1.49176595 6.64901157
182000 -0.50705050 1.48362902 5.86390945
182100 -0.50018839 1.49467443 5.03303781
182200 -0.47730217 1.50837046 3.02284488
182300 -0.45380736 1.51056457 1.50342138
182400 -0.45189587 1.53769463 2.05703301
182500 -0.47183369 1.49950448 2.58016262
182600 -0.48153318 1.50203135 3.32589283
182700 -0.44560257 1.52326240 1.31036677
182800 -0.43027765 1.54042721 1.27554754
182900 -0.45886722 1.51348588 1.82360924
183000 -0.43767141 1.53015645 1.16427306
183100 -0.48333005 1.50147737 3.47303961
183200 -0.43941761 1.56583840 2.94422125
183300 -0.46329137 1.52663766 2.35768113
183400 -0.49764107 1.49671484 4.77228495
183500 -0.49385771 1.49591838 4.41296461
183600 -0.46887589 1.51241905 2.44906039
183700 -0.48642908 1.47668322 4.00682938
183800 -0.50572733 1.47036002 6.02839849
183900 -0.44460110 1.51822347 1.16067662
184000 -0.45354946 1.49279248 1.45974637
184100 -0.45537377 1.53167880 2.03490024
184200 -0.45067546 1.47931005 1.49803837
184300 -0.50818438 1.49472227 5.86585683
184400 -0.49004276 1.50343602 4.05975281
184500 -0.45241470 1.48004754 1.57270093
184600 -0.46125624 1.49827575 1.87765023
184700 -0.49518479 1.47893282 4.75198476
184800 -0.46204624 1.53222694 2.44415598
184900 -0.48562623 1.50278663 3.66980806
185000 -0.50001591 1.50728916 5.02815726
185100 -0.47101638 1.47164951 2.92353816
185200 -0.42949846 1.52588724 0.77015436
185300 -0.50594633 1.44746928 6.99205105
185400 -0.49830984 1.50869201 4.87018774
185500 -0.44535354 1.47853869 1.25876552
185600 -0.48770557 1.47575941 4.13993693
185700 -0.48455446 1.48728111 3.65561343
185800 -0.50755956 1.48636545 5.87747971
185900 -0.47140177 1.48838631 2.61654507
186000 -0.46111626 1.53117180 2.35343924
186100 -0.44669571 1.51389073 1.18672065
186200 -0.44121564 1.53798799 1.57090795
186300 -0.51426220 1.49670911 6.53334012
186400 -0.46712949 1.50693037 2.27719924
186500 -0.50164706 1.50660901 5.18790208
186600 -0.51656209 1.50269838 6.79700161
186700 -0.48185572 1.51353908 3.44183313
186800 -0.46229387 1.50757722 1.96897027
186900 -0.47633106 1.51605954 3.04217011
187000 -0.47885624 1.50009119 3.10915763
187100 -0.49371486 1.54831129 5.55822725
187200 -0.46441464 1.49237476 2.10369503
187300 -0.49289460 1.48237565 4.47001167
187400 -0.46243682 1.58827547 5.84545709
187500 -0.46112346 1.51789498 2.02815399
187600 -0.43628814 1.55355780 2.09263361
187700 -0.52413184 1.48484461 7.81919956
187800 -0.48441061 1.49717749 3.56655924
187900 -0.50510672 1.48692596 5.60917671
188000 -0.46459699 1.46906367 2.56491391
188100 -0.47050555 1.51971584 2.67987369
188200 -0.43432624 1.52310903 0.85615900
188300 -0.48680634 1.46217517 4.48302926
188400 -0.47925040 1.49880661 3.14102534
188500 -0.50250429 1.49900285 5.25406203
188600 -0.46777088 1.51184655 2.36661637
188700 -0.48242506 1.50334620 3.40254368
188800 -0.48387149 1.47712950 3.77874362
188900 -0.49155445 1.50446544 4.20107886
189000 -0.44543453 1.49087889 1.07374555
189100 -0.45301049 1.50482631 1.41670288
189200 -0.48164637 1.51307815 3.41858377
189300 -0.49849294 1.49352266 4.87140722
189400 -0.47773611 1.48664033 3.11069190
189500 -0.50578049 1.48198125 5.75709339
189600 -0.48231520 1.49706373 3.39220675
189700 -0.48369939 1.47866246 3.73043930
189800 -0.48233843 1.52364629 3.66938207
189900 -0.47590610 1.51273324 2.96193584
190000 -0.47782932 1.48737924 3.10834293
190100 -0.44954255 1.51425902 1.32889218
190200 -0.45862350 1.50603572 1.73657229
190300 -0.45242731 1.54026917 2.18511415
190400 -0.53087156 1.45293398 9.67128749
190500 -0.44672611 1.52010519 1.29377391
190600 -0.45940677 1.51813728 1.92906263
190700 -0.44557721 1.53173359 1.54215135
190800 -0.55957067 1.46811737 13.23964983
190900 -0.47277420 1.51216115 2.72198868
191000 -0.42710843 1.48978187 0.41963854
191100 -0.50012539 1.49070079 5.05578427
191200 -0.46654194 1.50699402 2.23837316
191300 -0.48865129 1.48922420 3.98758477
191400 -0.44356539 1.52422367 1.24236481
191500 -0.45205755 1.50613577 1.37381792
191600 -0.48118994 1.50337028 3.30158239
191700 -0.48978336 1.51458181 4.13684027
191800 -0.48084909 1.49742120 3.27161261
191900 -0.45307982 1.52964901 1.84826571
192000 -0.44812114 1.55200645 2.51015754
192100 -0.45492997 1.53021743 1.96519713
192200 -0.50586609 1.50592047 5.62134078
192300 -0.51479634 1.47173280 6.98861704
192400 -0.48867916 1.50606914 3.95041431
192500 -0.43104216 1.54279012 1.39730478
192600 -0.46140167 1.51880266 2.06185252
192700 -0.46877306 1.51536320 2.48288044
192800 -0.45456880 1.51179561 1.55844531
192900 -0.47265980 1.48418703 2.76474829
193000 -0.43509498 1.52417713 0.90809556
193100 -0.51287101 1.48468192 6.48725441
193200 -0.42335263 1.54739614 1.39586958
193300 -0.48179812 1.51859833 3.51841484
193400 -0.48483942 1.49480038 3.61238167
193500 -0.46966667 1.50884753 2.46586198
193600 -0.50060413 1.52586075 5.39498416
193700 -0.47317391 1.50272965 2.68093613
193800 -0.44751028 1.53374813 1.69808135
193900 -0.46280964 1.53278619 2.50999233
194000 -0.46310725 1.52020080 2.19529893
194100 -0.50188057 1.51998988 5.38962284
194200 -0.46136472 1.51571811 2.00634404
194300 -0.45397576 1.54524361 2.48018356
194400 -0.47433339 1.47170740 3.16296229
194500 -0.49280708 1.49407640 4.32412110
194600 -0.43970866 1.50243735 0.79135929
194700 -0.47592898 1.49297048 2.90731177
194800 -0.48086828 1.49606423 3.27758486
194900 -0.48584320 1.53524601 4.30566804
195000 -0.47412847 1.51959785 2.93955302
195100 -0.45817149 1.52424407 1.98584845
195200 -0.50320425 1.47415340 5.65958185
195300 -0.45720631 1.49317971 1.65953924
195400 -0.48456712 1.51161985 3.64330952
195500 -0.48898923 1.47581218 4.25206697
195600 -0.49870309 1.46714450 5.41089202
195700 -0.49369079 1.54110923 5.23396679
195800 -0.44466149 1.51184385 1.06746280
195900 -0.44174156 1.51304491 0.95626385
196000 -0.50564321 1.45377205 6.64875620
196100 -0.45681844 1.52448904 1.91402427
196200 -0.49805450 1.52027482 5.01287684
196300 -0.49358430 1.51179645 4.44858838
196400 -0.46301591 1.50800045 2.01750612
196500 -0.49976470 1.51782555 5.13537308
196600 -0.50683224 1.50968240 5.75343851
196700 -0.45878890 1.52716061 2.09691662
196800 -0.50070498 1.49884368 5.07141474
196900 -0.43404120 1.54866252 1.76342207
197000 -0.42406034 1.54095953 1.12829133
197100 -0.42673175 1.51498981 0.46964036
197200 -0.46133012 1.52474846 2.18693514
197300 -0.48534390 1.53752105 4.34570503
197400 -0.49746289 1.49484035 4.76281801
197500 -0.48595508 1.48068607 3.88065219
197600 -0.47275435 1.47600594 2.93445516
197700 -0.48998473 1.50453221 4.05889625
197800 -0.50953094 1.51324486 6.08622697
197900 -0.47984594 1.47041138 3.62543005
198000 -0.47427429 1.47384862 3.10028226
198100 -0.44059641 1.55066214 2.10736043
198200 -0.44463617 1.54623198 2.06489180
198300 -0.42444395 1.51720529 0.44676444
198400 -0.49880453 1.49521152 4.89263200
198500 -0.49225149 1.49450643 4.27025853
198600 -0.45910991 1.51923013 1.93188932
198700 -0.48730381 1.48914529 3.86989019
198800 -0.49810132 1.49339297 4.83376054
198900 -0.48650688 1.51690739 3.88465021
199000 -0.46014280 1.49565908 1.81800005
199100 -0.45071082 1.52838808 1.68873527
199200 -0.49303471 1.49462216 4.34218919
199300 -0.46630282 1.50743402 2.22566457
199400 -0.44581839 1.51277292 1.13123594
199500 -0.47333541 1.49478384 2.70264540
199600 -0.48973166 1.50105836 4.02644529
199700 -0.46132170 1.53389176 2.45450095
199800 -0.45756849 1.51777130 1.81497522
199900 -0.49996647 1.50099157 4.99713951
