0 -0.16192560 1.45159156 5.69444380
100 -0.67322410 1.47555972 16.06530945
200 -0.31301668 1.29284948 9.87747235
300 -0.29316408 1.22342764 10.48133574
400 -0.75669858 1.72528376 17.10453015
500 -0.48561558 1.40569712 12.06985117
600 -0.52216684 1.35995307 13.39346562
700 -0.39765969 1.36870436 10.58820014
800 -0.47163890 1.44844761 11.35009089
900 -0.51855793 1.38906167 12.99261137
1000 -0.69509873 1.76277009 15.29342339
1100 -0.21169358 1.26279613 8.57418724
1200 -0.79021908 1.51291960 19.10978242
1300 -0.51218065 1.56613206 11.37360902
1400 -0.53524321 1.37728128 13.50912780
1500 -0.41914101 1.22012472 12.94284572
1600 -0.24806869 1.40031461 7.51120657
1700 -0.54358039 1.57300128 12.06854932
1800 -0.63332957 1.52090155 14.65143125
1900 -0.27480265 1.24742687 9.81803998
2000 -0.63341356 1.66103881 13.88626630
2100 -0.42743280 1.36620672 11.22807715
2200 -0.35936040 1.29535204 10.70972426
2300 -0.54319357 1.66339347 11.62589315
2400 -0.73600092 1.67828571 16.63333459
2500 -0.54149910 1.44625083 12.97079999
2600 -0.38628496 1.17476759 12.96987445
2700 -0.66589289 1.56883852 15.19630468
2800 -0.51102173 1.45022303 12.22150624
2900 -0.68802048 1.65226676 15.38160933
3000 -0.82448714 1.51000997 20.17440657
3100 -0.44789281 1.40638858 11.23602816
3200 -0.66840603 1.50628193 15.69005297
3300 -0.53720614 1.46216320 12.72737391
3400 -0.29777860 1.24937851 10.19058751
3500 -0.37144275 1.25313006 11.50946120
3600 -0.72638581 1.73057175 16.22101934
3700 -0.43570366 1.43005015 10.74470711
3800 -0.32653520 1.27076968 10.41566812
3900 -0.25516760 1.33361853 8.36734051
4000 -0.50068784 1.39841304 12.48445199
4100 -0.46459472 1.40486331 11.61314573
4200 -0.59038940 1.48069405 13.86526698
4300 -0.68974089 1.58716287 15.73858015
4400 -0.26675087 1.32586587 8.65472004
4500 -0.29468421 1.22124068 10.54021720
4600 -0.42834555 1.29440406 12.10828046
4700 -0.71466398 1.63275796 16.20354745
4800 -0.53321371 1.37625542 13.47233083
4900 -0.65901115 1.54304195 15.17564284
5000 -0.48785795 1.50120082 11.26882281
5100 -0.69816533 1.68135668 15.55724382
5200 -0.57459141 1.52157947 13.15758301
5300 -0.70349366 1.61043714 15.99616836
5400 -0.38843142 1.33418517 10.79865617
5500 -0.27470222 1.42701804 7.69365385
5600 -0.72734497 1.66027624 16.44963491
5700 -0.66701857 1.57103848 15.21339508
5800 -0.30606081 1.26822354 10.07831020
5900 -0.31106160 1.23818136 10.58632988
6000 -0.68278258 1.43428624 16.69168242
6100 -0.35512142 1.40864625 9.33119525
6200 -0.29870465 1.28581146 9.71294894
6300 -0.63304628 1.48847082 14.89158205
6400 -0.38884108 1.13746782 13.63058253
6500 -0.38102975 1.24171695 11.85842111
6600 -0.33076936 1.42419808 8.71977955
6700 -0.69984768 1.82504577 15.39985323
6800 -0.55737521 1.51464763 12.78809770
6900 -0.62908894 1.58198838 14.14618897
7000 -0.48823248 1.47127236 11.51947499
7100 -0.67796492 1.66532941 15.05746546
7200 -0.40038337 1.30213370 11.43311723
7300 -0.44836597 1.36874347 11.64374336
7400 -0.52214106 1.44304365 12.54429894
7500 -0.74096990 1.57439421 17.25302261
7600 -0.49337484 1.35155305 12.82824628
7700 -0.68033351 1.66694071 15.11616402
7800 -0.56584156 1.51726254 12.97452463
7900 -0.77848455 1.50698708 18.80390457
8000 -0.76396110 1.63857587 17.59463615
8100 -0.44538097 1.27582805 12.71270346
8200 -0.70562603 1.74901336 15.60426004
8300 -0.42310014 1.23726504 12.77601471
8400 -0.44324353 1.43663297 10.84284328
8500 -0.67158293 1.62832212 15.03535597
8600 -0.74427583 1.64039822 17.01396834
8700 -0.72200604 1.60095238 16.56423236
8800 -0.35777548 1.17473380 12.41302915
8900 -0.29044043 1.30531158 9.31658988
9000 -0.43729563 1.28404107 12.43178356
9100 -0.28392634 1.17620048 11.04044491
9200 -0.73708696 1.76265817 16.47562168
9300 -0.78808730 1.67119364 18.18350468
9400 -0.51444092 1.47203889 12.11010910
9500 -0.33253783 1.26502458 10.60450797
9600 -0.52361205 1.45086611 12.50760751
9700 -0.61117651 1.74556934 13.08690967
9800 -0.53398270 1.56497140 11.88927934
9900 -0.74030690 1.62042661 16.98930039
10000 -0.68880302 1.49938321 16.29813573
10100 -0.34217266 1.28913516 10.46329861
10200 -0.73973421 1.75120268 16.56682347
10300 -0.86051766 1.71850294 20.28233561
10400 -0.56163728 1.50116935 12.99319204
10500 -0.53319687 1.51131404 12.23542037
10600 -0.68741024 1.67767958 15.27272423
10700 -0.77298865 1.72596964 17.58154073
10800 -0.33862558 1.20809688 11.53409531
10900 -0.33849275 1.43738014 8.73858684
11000 -0.51590321 1.49057873 11.99158373
11100 -0.83382867 1.69806392 19.49549320
11200 -0.75072841 1.73583615 16.90988386
11300 -0.52805928 1.30645166 14.16895182
11400 -0.44158833 1.68012826 9.27586683
11500 -0.68316795 1.56486511 15.68884092
11600 -0.50207539 1.51313845 11.50010370
11700 -0.53375432 1.51734225 12.20400963
11800 -0.58400536 1.37922748 14.67014524
11900 -0.52638322 1.50062581 12.15657405
12000 -0.55772557 1.40455738 13.76095629
12100 -0.61947727 1.52737952 14.24622223
12200 -0.70485523 1.69035109 15.71522552
12300 -0.32024490 1.24776527 10.61706892
12400 -0.56032758 1.60828787 12.27779236
12500 -0.39062919 1.29934048 11.27225299
12600 -0.34829685 1.36434216 9.67031286
12700 -0.26859321 1.17381798 10.81520384
12800 -0.28701423 1.33617139 8.87927983
12900 -0.67770994 1.36340876 17.28195811
13000 -0.47259309 1.39551939 11.88455917
13100 -0.54007608 1.62117481 11.72874376
13200 -0.26996844 1.25957778 9.56652119
13300 -0.62230675 1.57598566 14.00524926
13400 -0.49509105 1.47125923 11.67418902
13500 -0.78065670 1.69971705 17.87282128
13600 -0.65466298 1.61709734 14.63398361
13700 -0.72009279 1.57875893 16.63227692
13800 -0.31074451 1.35285717 9.10565260
13900 -0.29045630 1.26384045 9.86161593
14000 -0.66848378 1.55903416 15.32638897
14100 -0.74561773 1.72525792 16.78291939
14200 -0.52174886 1.35030417 13.49345237
14300 -0.77987756 1.71165896 17.81849449
14400 -0.69626934 1.57866588 15.96684155
14500 -0.56367323 1.58050673 12.50883407
14600 -0.35600568 1.22106737 11.67007943
14700 -0.71195442 1.76490530 15.76019074
14800 -0.53826723 1.54959282 12.08778287
14900 -0.82662015 1.68150885 19.32174227
15000 -0.77369070 1.62905457 17.92331154
15100 -0.70873826 1.56765332 16.37884011
15200 -0.74104830 1.67251118 16.79769220
15300 -0.46818706 1.51637115 10.71788024
15400 -0.25047653 1.25368085 9.32150304
15500 -0.55337624 1.45289861 13.19518983
15600 -0.48983787 1.44864801 11.75354317
15700 -0.32684948 1.19640319 11.49310245
15800 -0.76036459 1.68865561 17.30597179
15900 -0.78033975 1.71208675 17.83119654
16000 -0.60868562 1.49352527 14.22345800
16100 -0.73323697 1.64809060 16.66506792
16200 -0.29138041 1.28533029 9.59015972
16300 -0.54130315 1.41080196 13.30420954
16400 -0.62712767 1.52273531 14.47693502
16500 -0.75413795 1.73492117 17.01067498
16600 -0.33658144 1.30472631 10.15856690
16700 -0.68210869 1.74237276 14.96593544
16800 -0.78539040 1.70039048 18.01215557
16900 -0.70161705 1.79069630 15.45081366
17000 -0.70490830 1.55580787 16.34542700
17100 -0.67960506 1.65849968 15.12739407
17200 -0.47792893 1.49602777 11.08745428
17300 -0.69311540 1.65741565 15.50181964
17400 -0.34567305 1.35425559 9.73430906
17500 -0.69341298 1.57579945 15.90462631
17600 -0.38307953 1.24513679 11.85056981
17700 -0.77377982 1.71099324 17.63921237
17800 -0.72968673 1.68728079 16.42432319
17900 -0.30491009 1.25982667 10.17233904
18000 -0.32104897 1.25369527 10.54884447
18100 -0.65374773 1.56751507 14.87947719
18200 -0.47065905 1.37921318 12.01422049
18300 -0.45637996 1.30341878 12.59048467
18400 -0.67363003 1.71810167 14.78374189
18500 -0.43999110 1.40460859 11.08533834
18600 -0.25927726 1.23461967 9.73743219
18700 -0.83875938 1.64766817 19.82189511
18800 -0.68588711 1.53878123 15.93160214
18900 -0.74315033 1.72197167 16.71880831
19000 -0.34294364 1.28427464 10.54139098
19100 -0.52595602 1.48504155 12.27014573
19200 -0.46548957 1.54681939 10.44682529
19300 -0.86397457 1.60802370 20.79757050
19400 -0.19072789 1.27782998 8.05098667
19500 -0.42056802 1.34399979 11.33749278
19600 -0.51980691 1.52219036 11.84219101
19700 -0.56986338 1.51740269 13.07181783
19800 -0.27567763 1.27860683 9.40665645
19900 -0.67488201 1.72168990 14.80959556
20000 -0.20486083 1.31953224 7.73265578
20100 -0.65087887 1.57170954 14.77807911
20200 -0.56870862 1.39216474 14.15571096
20300 -0.50733966 1.20896597 15.03442437
20400 -0.24391680 1.25013549 9.26319314
20500 -0.49692411 1.32408659 13.23278980
20600 -0.49227102 1.35937932 12.71439994
20700 -0.43411069 1.59056062 9.50845617
20800 -0.53206932 1.34758283 13.76655300
20900 -0.38583902 1.28574374 11.35255461
21000 -0.32491662 1.26979727 10.39901782
21100 -0.25309153 1.30340358 8.70412885
21200 -0.61502539 1.60274576 13.67039219
21300 -0.68008638 1.75392135 14.89291426
21400 -0.65252246 1.42076463 16.00572688
21500 -0.35647775 1.20688482 11.89045068
21600 -0.31350434 1.28407537 10.00069053
21700 -0.32060103 1.38953199 8.88214016
21800 -0.78276498 1.51136049 18.89842306
21900 -0.73634303 1.71007178 16.55109982
22000 -0.57447658 1.55701894 12.91491950
22100 -0.29537628 1.33569565 9.03150397
22200 -0.69215707 1.72300680 15.27897529
22300 -0.67777253 1.46757940 16.25626178
22400 -0.20771523 1.27777486 8.31044631
22500 -0.78708296 1.59327179 18.49973402
22600 -0.51219674 1.53438371 11.58013954
22700 -0.37400383 1.39804172 9.80464536
22800 -0.69181702 1.65171957 15.48816786
22900 -0.39537054 1.20886767 12.62477228
23000 -0.73330546 1.62447451 16.76958843
23100 -0.69421942 1.64129727 15.59701430
23200 -0.53936028 1.52358725 12.29146501
23300 -0.33830249 1.32731594 9.91175654
23400 -0.26687152 1.36705928 8.17939424
23500 -0.32072024 1.20563362 11.24013485
23600 -0.35929242 1.21147155 11.87558920
23700 -0.54707100 1.38108078 13.74945735
23800 -0.45151670 1.37506786 11.64221233
23900 -0.75868254 1.70015057 17.22357223
24000 -0.69000718 1.64124667 15.48116869
24100 -0.39861354 1.34633870 10.86047076
24200 -0.73351941 1.55509549 17.15766175
24300 -0.32263423 1.36773640 9.15437503
24400 -0.24587094 1.26482407 9.09229360
24500 -0.33580545 1.24185181 10.98772672
24600 -0.38668446 1.28212520 11.41697426
24700 -0.39435909 1.23230767 12.25902468
24800 -0.59321347 1.65600617 12.87689216
24900 -0.77785593 1.73163406 17.71428658
25000 -0.64489039 1.64541072 14.24854216
25100 -0.72091682 1.76142162 16.01665888
25200 -0.26974716 1.21378717 10.21907433
25300 -0.29805467 1.13068994 12.03504480
25400 -0.63796671 1.54879203 14.58079790
25500 -0.25722897 1.28990695 8.94614094
25600 -0.55264370 1.47315916 13.00180793
25700 -0.77865157 1.74205013 17.71887166
25800 -0.65216215 1.58204299 14.75191042
25900 -0.71646296 1.64705811 16.19336085
26000 -0.38985282 1.29533586 11.30804638
26100 -0.32820947 1.25699509 10.63459566
26200 -0.37948716 1.24497517 11.78178788
26300 -0.71010207 1.73140496 15.76007284
26400 -0.32874511 1.24164242 10.85968346
26500 -0.52666148 1.46714627 12.43604265
26600 -0.42761241 1.28962424 12.15481854
26700 -0.28404296 1.37581239 8.37768139
26800 -0.76102943 1.57187316 17.85017907
26900 -0.61277160 1.57944844 13.74019707
27000 -0.29888122 1.25915375 10.07430219
27100 -0.36029736 1.25806726 11.22484723
27200 -0.38051033 1.20068100 12.45220266
27300 -0.51321551 1.46910499 12.10670371
27400 -0.29533422 1.22452581 10.50345497
27500 -0.55797044 1.51743481 12.78201451
27600 -0.36161801 1.32753304 10.35210896
27700 -0.58020924 1.43898822 13.97705108
27800 -0.25967329 1.26245421 9.35335890
27900 -0.47485146 1.42711575 11.61953066
28000 -0.32706210 1.29106511 10.15692444
28100 -0.66508715 1.56829194 15.17793952
28200 -0.32514324 1.22040153 11.10077421
28300 -0.50324276 1.44704210 12.07188458
28400 -0.67233768 1.59727567 15.20883110
28500 -0.66607782 1.68793522 14.66054120
28600 -0.30503478 1.22227049 10.70875893
28700 -0.65204620 1.55840232 14.89054397
28800 -0.42033677 1.24684134 12.58258540
28900 -0.76642292 1.61388410 17.78040429
29000 -0.23725410 1.31743966 8.26941942
29100 -0.24718786 1.32884714 8.29254959
29200 -0.32416889 1.32310699 9.70085945
29300 -0.50516989 1.56252756 11.23473170
29400 -0.65329922 1.73445629 14.20390117
29500 -0.53375762 1.44453882 12.80300395
29600 -0.33641842 1.26767386 10.64072631
29700 -0.32683615 1.24183975 10.82166972
29800 -0.42746395 1.37458141 11.13669022
29900 -0.35240364 1.28187555 10.75218439
30000 -0.43770716 1.19140648 13.76581707
30100 -0.63176727 1.48888225 14.85494570
30200 -0.61027015 1.62061363 13.46022976
30300 -0.60249659 1.45847260 14.35901073
30400 -0.48841018 1.53921847 11.00579357
30500 -0.70999881 1.67303845 15.91444748
30600 -0.50140495 1.29607785 13.68468694
30700 -0.47457811 1.46249027 11.29051797
30800 -0.35211367 1.25480051 11.11329642
30900 -0.36445176 1.31798114 10.52322609
31000 -0.49821702 1.29206409 13.66394698
31100 -0.35600895 1.29225130 10.68541790
31200 -0.64729012 1.53071994 14.94824674
31300 -0.75140335 1.58757136 17.47915305
31400 -0.59832943 1.52534743 13.72194157
31500 -0.58432513 1.31106184 15.47027192
31600 -0.53528921 1.32554593 14.10334297
31700 -0.46294760 1.33166933 12.38547180
31800 -0.41378935 1.41296473 10.45332370
31900 -0.64676129 1.56896267 14.68554282
32000 -0.43732954 1.34305514 11.70006059
32100 -0.76789165 1.63176072 17.73997480
32200 -0.62931130 1.57849827 14.17201297
32300 -0.48625027 1.52073225 11.08675469
32400 -0.48915338 1.61504792 10.58103893
32500 -0.73318580 1.69532397 16.50030451
32600 -0.68277203 1.58373501 15.56683186
32700 -0.26446096 1.16980488 10.80934215
32800 -0.69754586 1.58128064 15.98712972
32900 -0.36096128 1.29536054 10.74043832
33000 -0.60426937 1.29086954 16.22798486
33100 -0.74932800 1.59663268 17.36958789
33200 -0.36202732 1.28892776 10.84428069
33300 -0.50436719 1.46789605 11.91378093
33400 -0.47736231 1.41572992 11.78575963
33500 -0.32498311 1.25102702 10.65813702
33600 -0.56086192 1.61616189 12.25182603
33700 -0.74228783 1.71374273 16.71290874
33800 -0.27959701 1.45282480 7.53897705
33900 -0.44308007 1.42176406 10.98090934
34000 -0.46614258 1.36996557 12.01570141
34100 -0.69747568 1.58301278 15.97531969
34200 -0.70744605 1.56256962 16.37384325
34300 -0.40701139 1.31905267 11.35671109
34400 -0.70899535 1.66114739 15.92884615
34500 -0.58141577 1.39275983 14.46243226
34600 -0.21317858 1.25218680 8.74383896
34700 -0.67467258 1.62508199 15.13386598
34800 -0.46904048 1.33443194 12.48596436
34900 -0.61270007 1.61247011 13.56166869
35000 -0.23132301 1.29092176 8.50921771
35100 -0.76186034 1.53107095 18.13822579
35200 -0.66759858 1.53946527 15.43009683
35300 -0.59966765 1.43689516 14.48294982
35400 -0.68837020 1.67177287 15.31904798
35500 -0.38657198 1.28103048 11.42919586
35600 -0.66301868 1.43738124 16.12767290
35700 -0.30806809 1.31933919 9.45462268
35800 -0.74017774 1.67191100 16.77471771
35900 -0.34518940 1.45438562 8.70965778
36000 -0.71550012 1.56721320 16.57119930
36100 -0.44551445 1.38291239 11.42885995
36200 -0.56360958 1.53560040 12.79013437
36300 -0.63220845 1.62008569 14.02832375
36400 -0.41310796 1.37193662 10.86757796
36500 -0.40305995 1.37707225 10.60616160
36600 -0.33158764 1.22065480 11.21599996
36700 -0.28003191 1.26836542 9.61890079
36800 -0.73319438 1.65013887 16.65561223
36900 -0.78540265 1.66384795 18.12934887
37000 -0.39724537 1.34878659 10.80453616
37100 -0.35774992 1.34376504 10.08518723
37200 -0.31541220 1.16309915 11.80879447
37300 -0.68036083 1.59695708 15.42842520
37400 -0.63344867 1.57203533 14.31765391
37500 -0.31436733 1.22526913 10.83272772
37600 -0.70647562 1.75333540 15.62160869
37700 -0.37735822 1.24293814 11.76865156
37800 -0.67623809 1.61690825 15.21497021
37900 -0.32313922 1.21148580 11.19640458
38000 -0.41307261 1.28369632 11.93055111
38100 -0.54852211 1.57362236 12.18298773
38200 -0.45698995 1.45986508 10.92832555
38300 -0.66325184 1.56809028 15.12987270
38400 -0.63310066 1.44642084 15.25310983
38500 -0.50458162 1.35421186 13.05252970
38600 -0.36189775 1.27470480 11.02958858
38700 -0.52080843 1.56604472 11.57398128
38800 -0.66079325 1.41279903 16.30458500
38900 -0.74730960 1.66841383 16.99265194
39000 -0.28425178 1.20681393 10.57273707
39100 -0.81533779 1.68211302 18.97259717
39200 -0.28440502 1.27716090 9.57644799
39300 -0.39210330 1.39556388 10.18908748
39400 -0.28821966 1.28882641 9.48915747
39500 -0.58366148 1.55746096 13.13923876
39600 -0.34681232 1.35747318 9.71931759
39700 -0.72728223 1.62672315 16.58751597
39800 -0.47606552 1.46917245 11.26594412
39900 -0.54334104 1.32756737 14.27000473
40000 -0.44402938 1.39110185 11.31052307
40100 -0.37762918 1.36831631 10.19305268
40200 -0.38931253 1.31337595 11.06919972
40300 -0.56458990 1.52702887 12.87372665
40400 -0.26650289 1.29115090 9.08575692
40500 -0.38762742 1.31458680 11.02054671
40600 -0.62244621 1.47953687 14.68938830
40700 -0.73155369 1.63167777 16.68679548
40800 -0.44768796 1.45804965 10.74372112
40900 -0.28984534 1.28416665 9.57855269
41000 -0.66190247 1.68340397 14.56251819
41100 -0.29221735 1.30867383 9.30546418
41200 -0.65082092 1.70799331 14.19682976
41300 -0.65189853 1.45199680 15.69743473
41400 -0.72714134 1.55288055 16.99001044
41500 -0.23971685 1.34645127 7.96261766
41600 -0.58277567 1.59578946 12.89362111
41700 -0.30854517 1.19260829 11.21849601
41800 -0.66488025 1.66276176 14.71308316
41900 -0.83899920 1.65370483 19.80533978
42000 -0.78064354 1.60144493 18.26409072
42100 -0.66934088 1.54582393 15.43457168
42200 -0.68405622 1.68950756 15.14346806
42300 -0.75869566 1.61306403 17.55791661
42400 -0.38630680 1.35091961 10.56074160
42500 -0.50248278 1.47575261 11.80432687
42600 -0.76079160 1.60109705 17.67991773
42700 -0.57523999 1.43336291 13.90691674
42800 -0.64966913 1.69060872 14.21441175
42900 -0.38545574 1.30232093 11.13109840
43000 -0.41345580 1.30205540 11.70108960
43100 -0.66415853 1.73910450 14.48553407
43200 -0.41309882 1.40873272 10.48133880
43300 -0.72319091 1.70109963 16.19976147
43400 -0.46629304 1.57407849 10.29435554
43500 -0.49281768 1.53907743 11.10598499
43600 -0.44623190 1.31902134 12.17741387
43700 -0.66877872 1.72831949 14.63044054
43800 -0.39475319 1.27890818 11.62107759
43900 -0.64542414 1.54589371 14.79590320
44000 -0.60339216 1.39564592 14.98316222
44100 -0.29885041 1.28024477 9.78886877
44200 -0.55230894 1.43383281 13.34425305
44300 -0.64069828 1.63729583 14.17242017
44400 -0.79821377 1.75072437 18.29117649
44500 -0.33754670 1.33082944 9.85538125
44600 -0.54987691 1.50794819 12.65748718
44700 -0.71654281 1.59278578 16.45350908
44800 -0.44256539 1.34273326 11.81507443
44900 -0.52106396 1.39547117 12.98392809
45000 -0.60997342 1.44574382 14.66285431
45100 -0.70944789 1.66820190 15.91587851
45200 -0.24013326 1.38278200 7.56485591
45300 -0.37537438 1.33374044 10.54545107
45400 -0.77307971 1.62913439 17.90487468
45500 -0.40219874 1.30377497 11.44913208
45600 -0.29119280 1.28984508 9.52790605
45700 -0.40098102 1.32291940 11.18672160
45800 -0.38866040 1.26902450 11.63141167
45900 -0.67384650 1.62222566 15.12478054
46000 -0.25763727 1.29106132 8.93796087
46100 -0.62095655 1.65353167 13.59192194
46200 -0.36829534 1.22128794 11.90406906
46300 -0.62996169 1.51328422 14.61950715
46400 -0.51678751 1.52549148 11.74850242
46500 -0.38455283 1.18431742 12.78491110
46600 -0.34232957 1.25909300 10.86872880
46700 -0.63516685 1.79716989 13.65672952
46800 -0.64253688 1.62433038 14.27883867
46900 -0.44135002 1.30252986 12.27903507
47000 -0.47342965 1.38157110 12.04999083
47100 -0.72967387 1.62224395 16.67636091
47200 -0.71834030 1.58265540 16.56046759
47300 -0.34158273 1.25223217 10.94976942
47400 -0.33498827 1.22350488 11.23730064
47500 -0.41399800 1.26924130 12.14240834
47600 -0.72040923 1.66135342 16.24901044
47700 -0.55198254 1.40835909 13.58407299
47800 -0.31706096 1.24169955 10.64478794
47900 -0.36621021 1.42110818 9.42173912
48000 -0.44987030 1.39966490 11.34689777
48100 -0.29291954 1.18055762 11.12866997
48200 -0.57677166 1.59016695 12.77556094
48300 -0.45447258 1.39616461 11.48215724
48400 -0.34671123 1.32568995 10.08960145
48500 -0.33977598 1.34603991 9.71778732
48600 -0.81188177 1.63635619 19.03934036
48700 -0.61446939 1.61652077 13.58714684
48800 -0.31657380 1.16962075 11.72493829
48900 -0.69264242 1.45159838 16.80340038
49000 -0.55272852 1.35622710 14.15945067
49100 -0.30824459 1.20835332 10.97317530
49200 -0.40115809 1.33989127 10.98724582
49300 -0.62752084 1.49021770 14.73387773
49400 -0.35306981 1.34590159 9.97078586
49500 -0.32539224 1.23794636 10.85058893
49600 -0.39545528 1.35237531 10.72723203
49700 -0.26095472 1.34907824 8.28286380
49800 -0.75562445 1.57695915 17.66235504
49900 -0.52352920 1.41039375 12.88952404
50000 -0.58331860 1.50877671 13.46771639
50100 -0.40346621 1.30456719 11.46486996
50200 -0.72142417 1.68294846 16.20328443
50300 -0.45506127 1.50599917 10.50934394
50400 -0.34772330 1.26429529 10.89922779
50500 -0.41473638 1.46475486 9.99230385
50600 -0.50917296 1.45592238 12.12812364
50700 -0.47896611 1.46513745 11.36488662
50800 -0.31133857 1.25943838 10.29309296
50900 -0.38811666 1.14148319 13.54881167
51000 -0.29298278 1.34005125 8.93795762
51100 -0.43832429 1.35886243 11.53974012
51200 -0.29445092 1.26244933 9.95078545
51300 -0.40830577 1.32262997 11.33942341
51400 -0.41078744 1.32295703 11.38628585
51500 -0.37002676 1.41464517 9.55933986
51600 -0.32198455 1.27508777 10.27415600
51700 -0.66130646 1.56433050 15.10063803
51800 -0.39083617 1.16425921 13.22899680
51900 -0.43320516 1.48373087 10.21808103
52000 -0.30582126 1.15777305 11.72250073
52100 -0.73940081 1.62861745 16.92527309
52200 -0.66679268 1.48017213 15.85336130
52300 -0.84426942 1.61099056 20.15995662
52400 -0.58259429 1.51356519 13.41396279
52500 -0.78386203 1.69768690 17.97400965
52600 -0.49530560 1.36131162 12.76124374
52700 -0.39631733 1.32827483 11.02758462
52800 -0.36934424 1.39313673 9.76440535
52900 -0.43220061 1.40893133 10.87697442
53000 -0.57916314 1.51992649 13.28232938
53100 -0.45692724 1.42711536 11.22704362
53200 -0.63746959 1.53454866 14.66332490
53300 -0.77285688 1.58085770 18.14570750
53400 -0.51329532 1.44895289 12.28536572
53500 -0.74296124 1.58804802 17.23227889
53600 -0.45294019 1.38785598 11.53589186
53700 -0.69446467 1.64398965 15.59252060
53800 -0.66619499 1.50550456 15.63641407
53900 -0.80925466 1.57601443 19.26663955
54000 -0.30491397 1.28843032 9.78921151
54100 -0.44811568 1.27944299 12.72316564
54200 -0.78865805 1.58733837 18.57949151
54300 -0.47833666 1.49465733 11.10728780
54400 -0.30752811 1.28113211 9.93184779
54500 -0.66124301 1.77768409 14.35757376
54600 -0.76224587 1.58537512 17.80770896
54700 -0.42678107 1.26424730 12.47560714
54800 -0.69359637 1.64299960 15.57267615
54900 -0.73448785 1.67308689 16.60747042
55000 -0.38011324 1.42004840 9.70426479
55100 -0.71238210 1.66111235 16.02386384
55200 -0.66000707 1.66197016 14.58534950
55300 -0.66525048 1.52917843 15.43780444
55400 -0.32485103 1.38911334 8.96439532
55500 -0.42031437 1.31105586 11.72959010
55600 -0.43049551 1.28280061 12.30464877
55700 -0.69541589 1.53985441 16.18653672
55800 -0.37761504 1.30528571 10.93842450
55900 -0.59746419 1.47999120 14.04862381
56000 -0.66513339 1.65217254 14.76026641
56100 -0.63227454 1.52446660 14.59831932
56200 -0.67554949 1.68345222 14.93040043
56300 -0.33264043 1.23410827 11.03957604
56400 -0.62550162 1.47889847 14.77364792
56500 -0.43818699 1.17487587 14.03504783
56600 -0.53531727 1.36325846 13.66503416
56700 -0.56630597 1.51958068 12.96895903
56800 -0.68824441 1.51747485 16.14639678
56900 -0.77786503 1.64560801 17.97560080
57000 -0.41752148 1.17176906 13.65163160
57100 -0.68056599 1.73883354 14.92998560
57200 -0.57375661 1.62657156 12.51778834
57300 -0.81606050 1.66273535 19.06139019
57400 -0.35276663 1.17490103 12.31454547
57500 -0.76137006 1.62019714 17.60166191
57600 -0.61242562 1.66584391 13.32668895
57700 -0.51395579 1.29518308 13.98413446
57800 -0.74969908 1.69437198 16.97839750
57900 -0.85487262 1.62801926 20.41274659
58000 -0.63309574 1.44891673 15.23037305
58100 -0.61888270 1.48765306 14.53133940
58200 -0.43226565 1.30333858 12.07646531
58300 -0.77759637 1.61307087 18.11457761
58400 -0.35810798 1.21224583 11.84124887
58500 -0.55167130 1.52925442 12.54537208
58600 -0.54678675 1.53448900 12.39183991
58700 -0.79756609 1.59490094 18.80604348
58800 -0.44643584 1.49134551 10.43778796
58900 -0.57635511 1.53294183 13.12072033
59000 -0.56868022 1.52009336 13.02326035
59100 -0.28517681 1.40219634 8.11968278
59200 -0.50238046 1.36777897 12.84996938
59300 -0.36130292 1.33445381 10.26315464
59400 -0.68694311 1.62690149 15.46011561
59500 -0.77266876 1.60458493 18.01125927
59600 -0.48894713 1.52137480 11.14263061
59700 -0.33004538 1.28259705 10.32276300
59800 -0.30036991 1.27616805 9.87002459
59900 -0.45912384 1.34528650 12.14168612
60000 -0.65305692 1.57073376 14.84172940
60100 -0.49210885 1.60035524 10.72189141
60200 -0.60910231 1.32785492 15.88791750
60300 -0.61817748 1.55367628 14.03563484
60400 -0.48114100 1.44518273 11.59029909
60500 -0.55052242 1.58696476 12.15435044
60600 -0.46863838 1.41412676 11.60901282
60700 -0.58029669 1.63395962 12.64597192
60800 -0.78257091 1.59554566 18.35270061
60900 -0.54539651 1.57427912 12.10433535
61000 -0.66911145 1.70803546 14.68597851
61100 -0.46265076 1.42881522 11.33526470
61200 -0.29931477 1.22563783 10.55758235
61300 -0.53630390 1.49454901 12.43750486
61400 -0.64781586 1.65519994 14.28671824
61500 -0.31811043 1.28807421 10.03189161
61600 -0.60375750 1.67111185 13.08742745
61700 -0.66242610 1.54173129 15.27582310
61800 -0.71743021 1.49407673 17.13632976
61900 -0.37808982 1.31078185 10.87880398
62000 -0.58059868 1.45449561 13.84586388
62100 -0.53407477 1.57607504 11.82497575
62200 -0.37136936 1.39047434 9.83174815
62300 -0.71780268 1.73865760 15.96285782
62400 -0.76522056 1.63739680 17.63669044
62500 -0.57262323 1.58848775 12.68270119
62600 -0.72402078 1.67588072 16.29988883
62700 -0.18440794 1.34442455 7.12601616
62800 -0.57014184 1.37813959 14.33976787
62900 -0.63042116 1.48786693 14.82807368
63000 -0.69738195 1.49528824 16.56672847
63100 -0.36709172 1.42216673 9.42857732
63200 -0.56941482 1.51577729 13.07275497
63300 -0.41346904 1.23301997 12.63759025
63400 -0.29162664 1.30564383 9.33318856
63500 -0.68298130 1.68734123 15.12066624
63600 -0.20236535 1.31522252 7.74745094
63700 -0.21172117 1.23144261 9.01582331
63800 -0.52089019 1.57517066 11.52126710
63900 -0.74067962 1.70142199 16.69815970
64000 -0.34460390 1.31885603 10.13311797
64100 -0.49893330 1.31417102 13.40007644
64200 -0.51074566 1.53871369 11.51711038
64300 -0.37267108 1.34713666 10.33520606
64400 -0.41689097 1.45388253 10.13210423
64500 -0.56794961 1.45337649 13.54457198
64600 -0.54464081 1.47914416 12.76005836
64700 -0.42678250 1.25167200 12.64918883
64800 -0.36286886 1.20329126 12.06777218
64900 -0.44693022 1.23255759 13.34711413
65000 -0.65344373 1.57031654 14.85450911
65100 -0.69464881 1.71392909 15.36848264
65200 -0.44103219 1.27060598 12.69002116
65300 -0.31178674 1.36484434 8.98924574
65400 -0.40120873 1.33109756 11.09258946
65500 -0.38857283 1.50464667 9.13699023
65600 -0.29048116 1.25841047 9.93656083
65700 -0.53730723 1.51957460 12.27172376
65800 -0.70668636 1.75661814 15.62297565
65900 -0.62778655 1.71336483 13.57924101
66000 -0.74642357 1.71959738 16.81860127
66100 -0.27935484 1.21769783 10.32539937
66200 -0.69586998 1.45649299 16.84894512
66300 -0.61105520 1.51007448 14.15636291
66400 -0.61148104 1.53316556 14.00076021
66500 -0.45526331 1.29130419 12.72157439
66600 -0.73530853 1.64773246 16.72577985
66700 -0.47633262 1.35867337 12.36601560
66800 -0.37440118 1.21615036 12.09928249
66900 -0.49409813 1.35548032 12.79976959
67000 -0.45213709 1.47737681 10.67398181
67100 -0.75994374 1.59306731 17.69785169
67200 -0.76756941 1.72482696 17.42405203
67300 -0.26128479 1.26949033 9.28467478
67400 -0.44174930 1.29124168 12.43233836
67500 -0.67787305 1.63414115 15.17992630
67600 -0.74860370 1.64156124 17.13417702
67700 -0.40316060 1.20013149 12.91462194
67800 -0.74073092 1.63772090 16.92327175
67900 -0.75861948 1.63191349 17.46732856
68000 -0.75860364 1.67023946 17.31459349
68100 -0.28959018 1.31238719 9.21306166
68200 -0.53554308 1.49611764 12.40717307
68300 -0.46810961 1.36318336 12.13401990
68400 -0.40038232 1.22422814 12.49810226
68500 -0.60277733 1.56666718 13.56160984
68600 -0.69416456 1.55832560 16.03149219
68700 -0.32083651 1.20409918 11.26547263
68800 -0.74840660 1.73331217 16.84733591
68900 -0.33707095 1.10044714 13.26975337
69000 -0.31063484 1.24927828 10.42154279
69100 -0.64917919 1.54419834 14.90638840
69200 -0.61712642 1.55321390 14.01159734
69300 -0.28282858 1.33377195 8.83505754
69400 -0.43732119 1.35082678 11.60991553
69500 -0.57849783 1.47746770 13.59632109
69600 -0.43541206 1.41647779 10.86976590
69700 -0.83569916 1.67561005 19.62283805
69800 -0.85712270 1.60392453 20.60083805
69900 -0.45453920 1.40245632 11.41899837
70000 -0.39501562 1.43524343 9.85615789
70100 -0.75765289 1.63863541 17.40973861
70200 -0.62536852 1.47536669 14.79959285
70300 -0.36582044 1.25655004 11.35255264
70400 -0.34791840 1.35002680 9.82519560
70500 -0.43922970 1.45123283 10.62381207
70600 -0.39174766 1.38184594 10.32644009
70700 -0.34968120 1.34405207 9.92778747
70800 -0.72444922 1.68751294 16.27472634
70900 -0.60978482 1.31705474 16.03695143
71000 -0.36595800 1.38699288 9.76307315
71100 -0.37105133 1.39322958 9.79673460
71200 -0.63094252 1.61447615 14.02238645
71300 -0.60347464 1.57581296 13.52468024
71400 -0.30967997 1.23891547 10.55096000
71500 -0.26904001 1.23913924 9.83721681
71600 -0.48808511 1.35883822 12.62629769
71700 -0.42726453 1.20431705 13.34829659
71800 -0.78542307 1.62707618 18.28121790
71900 -0.71146659 1.66767779 15.97428661
72000 -0.28925102 1.28676508 9.53408460
72100 -0.31535121 1.24296117 10.59584255
72200 -0.37891042 1.40465781 9.83352428
72300 -0.41779091 1.40868569 10.57863708
72400 -0.56670891 1.50084160 13.11923999
72500 -0.39561258 1.27801485 11.65024791
72600 -0.57658032 1.66024387 12.44709526
72700 -0.54619400 1.18489200 16.31333722
72800 -0.53332656 1.37572958 13.48069742
72900 -0.75294062 1.69885947 17.05978880
73000 -0.55345310 1.59233748 12.19523551
73100 -0.32033381 1.33671948 9.46727419
73200 -0.56023417 1.41570814 13.71025511
73300 -0.64130209 1.46423176 15.30989701
73400 -0.84723643 1.74434040 19.81193288
73500 -0.57247795 1.42476935 13.92081960
73600 -0.23244699 1.21126471 9.64027610
73700 -0.36105718 1.26659846 11.12268021
73800 -0.74418115 1.61514557 17.12627966
73900 -0.35203907 1.32462582 10.20364550
74000 -0.48781199 1.35444014 12.67001445
74100 -0.26058462 1.34918236 8.27545788
74200 -0.71874686 1.73327632 15.99944995
74300 -0.61098808 1.54488355 13.90879248
74400 -0.29654685 1.27285435 9.84667380
74500 -0.27526374 1.31302771 8.95709806
74600 -0.66379504 1.59966879 14.96593765
74700 -0.48200565 1.36252278 12.44887434
74800 -0.72808003 1.68547354 16.38416254
74900 -0.69339351 1.58155860 15.87078392
75000 -0.69761820 1.63100230 15.73572815
75100 -0.64194899 1.61674272 14.29931326
75200 -0.38665963 1.26831359 11.60113407
75300 -0.58416836 1.45060553 13.96918891
75400 -0.39688428 1.41758269 10.06316969
75500 -0.69062880 1.60858251 15.64940959
75600 -0.24353287 1.28165419 8.82818134
75700 -0.34013293 1.30031671 10.28095585
75800 -0.43883721 1.39174622 11.19326038
75900 -0.75648919 1.60670080 17.52534507
76000 -0.54680248 1.50666290 12.59355474
76100 -0.39424271 1.40665663 10.11865258
76200 -0.55572498 1.41668715 13.59149660
76300 -0.31221104 1.42065700 8.41470957
76400 -0.54114130 1.35485674 13.89781457
76500 -0.34597710 1.31860024 10.16218870
76600 -0.27900689 1.30209117 9.15877337
76700 -0.45147972 1.49235091 10.53810325
76800 -0.34216569 1.18445300 11.96327842
76900 -0.35879591 1.25777287 11.20002454
77000 -0.38505796 1.27259457 11.51152188
77100 -0.71485887 1.65044017 16.13458524
77200 -0.52533655 1.56499356 11.68603272
77300 -0.32421148 1.18617875 11.60274305
77400 -0.38901000 1.21277357 12.43870480
77500 -0.44546970 1.25189170 13.04141602
77600 -0.76282454 1.69954168 17.34648047
77700 -0.37990717 1.40320392 9.86795487
77800 -0.28268757 1.34939702 8.64963967
77900 -0.73868515 1.60619963 17.01265194
78000 -0.35371393 1.34633138 9.97809437
78100 -0.44173344 1.65736575 9.35933831
78200 -0.28896227 1.30675851 9.27250320
78300 -0.56604346 1.45069299 13.52202943
78400 -0.47312777 1.26287412 13.49076746
78500 -0.75867748 1.74703437 17.12214651
78600 -0.29352700 1.18964489 10.99738386
78700 -0.72910684 1.61154767 16.71184636
78800 -0.72206541 1.71400935 16.13482879
78900 -0.68932208 1.68696633 15.29557911
79000 -0.62185207 1.62833917 13.72149197
79100 -0.71404930 1.63023515 16.19752796
79200 -0.65060840 1.52476012 15.07814961
79300 -0.73711265 1.59270381 17.03856321
79400 -0.17151233 1.24869510 8.16524719
79500 -0.31455069 1.21640953 10.96654180
79600 -0.66553424 1.72562887 14.54865479
79700 -0.59081056 1.68213712 12.72463362
79800 -0.45434434 1.39823747 11.45799393
79900 -0.41798176 1.34035924 11.32645293
80000 -0.31772506 1.35980028 9.15329443
80100 -0.67126553 1.49599849 15.84665119
80200 -0.36984886 1.22189183 11.92544341
80300 -0.70750082 1.74128138 15.66912924
80400 -0.78661951 1.71628984 18.00849793
80500 -0.23471170 1.24282957 9.21669346
80600 -0.55631201 1.61518940 12.14637581
80700 -0.62566654 1.60844343 13.91537783
80800 -0.62687143 1.51924271 14.49552699
80900 -0.37739591 1.26868204 11.41271820
81000 -0.43887738 1.33670595 11.80750086
81100 -0.43030507 1.41783962 10.74877970
81200 -0.75626762 1.63035925 17.40563704
81300 -0.50280258 1.37307658 12.80138281
81400 -0.59567740 1.67733745 12.86232993
81500 -0.57506766 1.61805354 12.59002182
81600 -0.27470484 1.29900661 9.12418708
81700 -0.42464809 1.62736276 9.12492250
81800 -0.71469782 1.68089403 16.02016917
81900 -0.51341290 1.49326194 11.91267980
82000 -0.64314396 1.47371413 15.27750479
82100 -0.41393605 1.45208800 10.08714518
82200 -0.43596728 1.44069080 10.65062409
82300 -0.63350629 1.31502861 16.67377561
82400 -0.65365042 1.67751297 14.36131290
82500 -0.33392309 1.19388439 11.66275012
82600 -0.55999066 1.64335722 12.10814632
82700 -0.36412987 1.20425123 12.07760783
82800 -0.68605109 1.65731409 15.30801217
82900 -0.34586833 1.39944827 9.24862077
83000 -0.43153650 1.54356997 9.73960796
83100 -0.77870736 1.79714474 17.66488055
83200 -0.43443792 1.26752973 12.59186750
83300 -0.64929786 1.52102909 15.07020185
83400 -0.48275598 1.46997863 11.40784705
83500 -0.50451652 1.50725918 11.59990580
83600 -0.79760206 1.66191502 18.50289879
83700 -0.41957753 1.30535906 11.78576687
83800 -0.56605468 1.67925763 12.12220382
83900 -0.51705362 1.38900594 12.95830524
84000 -0.37244352 1.14862134 13.12049495
84100 -0.69761875 1.67932122 15.54870302
84200 -0.25145197 1.30249044 8.68855835
84300 -0.32396114 1.17606458 11.75716334
84400 -0.67524964 1.56778845 15.45541513
84500 -0.63731596 1.61170027 14.20241877
84600 -0.73465915 1.70479693 16.51640310
84700 -0.51516545 1.53887335 11.61800976
84800 -0.60910848 1.49500710 14.22253283
84900 -0.49131785 1.51764156 11.22309153
85000 -0.77496281 1.64271165 17.90152821
85100 -0.30736952 1.31070900 9.54888169
85200 -0.64086059 1.60429469 14.33278316
85300 -0.68892324 1.60347124 15.62858016
85400 -0.65426690 1.52539229 15.17081980
85500 -0.71087338 1.53267358 16.66583848
85600 -0.58501111 1.61605936 12.84575102
85700 -0.33162522 1.26125239 10.63914885
85800 -0.35295489 1.28738062 10.69038970
85900 -0.68500736 1.70314084 15.13074996
86000 -0.30330870 1.22522865 10.63458542
86100 -0.23557246 1.25359488 9.07938077
86200 -0.51811502 1.46895397 12.22137362
86300 -0.55067368 1.47413240 12.94626196
86400 -0.44404214 1.29235218 12.46684053
86500 -0.52526174 1.39710298 13.06498082
86600 -0.57529601 1.57685191 12.81457818
86700 -0.34402058 1.26759644 10.78435814
86800 -0.46714343 1.25854170 13.41858569
86900 -0.50051708 1.34955411 13.01314703
87000 -0.70821929 1.60843263 16.13804728
87100 -0.34635868 1.24008016 11.21108838
87200 -0.63587529 1.61078952 14.16924934
87300 -0.37633658 1.30708567 10.89060050
87400 -0.33510523 1.34961427 9.58921021
87500 -0.33824322 1.30945683 10.13014232
87600 -0.78343043 1.67695523 18.02471382
87700 -0.57843986 1.55983426 12.99495318
87800 -0.26757098 1.26616158 9.43578331
87900 -0.62486663 1.46104180 14.90900962
88000 -0.79130468 1.73469276 18.11005140
88100 -0.62352274 1.71571766 13.46323007
88200 -0.21639415 1.29863110 8.17334721
88300 -0.29740485 1.19810735 10.93542797
88400 -0.67178287 1.67558404 14.85402279
88500 -0.73787701 1.68694966 16.65953765
88600 -0.67346202 1.71742773 14.78074470
88700 -0.58157176 1.49399117 13.53845165
88800 -0.52950342 1.49326769 12.28732550
88900 -0.68588863 1.51137960 16.12682539
89000 -0.30364464 1.27076342 10.00080948
89100 -0.58146471 1.57255589 12.99227467
89200 -0.51897289 1.37826980 13.11727003
89300 -0.79453324 1.61841650 18.59505703
89400 -0.69285352 1.66356274 15.47162209
89500 -0.72566442 1.61829069 16.58107680
89600 -0.37017753 1.24643683 11.57850522
89700 -0.66456512 1.65022982 14.75270883
89800 -0.77682302 1.62655949 18.02749138
89900 -0.64887342 1.54386212 14.90052853
90000 -0.66626251 1.54649346 15.34720870
90100 -0.67024723 1.68075817 14.79546908
90200 -0.23247281 1.24896598 9.09413103
90300 -0.67348077 1.53785219 15.59993761
90400 -0.48064447 1.43678092 11.65675068
90500 -0.70797317 1.58970244 16.22993768
90600 -0.36800894 1.21622592 11.97331960
90700 -0.56270475 1.53737683 12.75597413
90800 -0.42681644 1.34001115 11.51439079
90900 -0.70568911 1.58279334 16.20481331
91000 -0.70966041 1.70790632 15.80078184
91100 -0.70426029 1.71941118 15.62227899
91200 -0.65259794 1.67080320 14.35612671
91300 -0.56437653 1.52367730 12.89237890
91400 -0.42701766 1.43478770 10.51728551
91500 -0.39190608 1.42948000 9.84811031
91600 -0.65908333 1.65283662 14.59549362
91700 -0.68914266 1.62490794 15.52967076
91800 -0.62168348 1.46889254 14.75906379
91900 -0.35765599 1.24015390 11.42525367
92000 -0.61426413 1.50517771 14.27542040
92100 -0.50771141 1.39748467 12.65453923
92200 -0.74023007 1.70240820 16.68256525
92300 -0.45251335 1.51986965 10.35131122
92400 -0.48455440 1.50859292 11.13842248
92500 -0.26037549 1.23386711 9.76665511
92600 -0.62048445 1.46638186 14.74964532
92700 -0.77452070 1.65692912 17.83149970
92800 -0.54811829 1.53490969 12.42081675
92900 -0.53814050 1.58686456 11.85949796
93000 -0.42192130 1.27139069 12.27741290
93100 -0.31886138 1.24007446 10.70067542
93200 -0.59318280 1.33063411 15.45209245
93300 -0.53118038 1.45353937 12.66105859
93400 -0.40018399 1.36200956 10.71366908
93500 -0.31986290 1.25304787 10.53619407
93600 -0.60712647 1.55875213 13.72089676
93700 -0.46177747 1.42584864 11.34460282
93800 -0.62560763 1.32468447 16.35017908
93900 -0.72538679 1.63706006 16.48764222
94000 -0.62993460 1.56899256 14.24435691
94100 -0.74237778 1.61680974 17.06621274
94200 -0.39263450 1.33448791 10.87917348
94300 -0.57104470 1.32666560 14.95076063
94400 -0.55909938 1.49296418 12.99581657
94500 -0.55985776 1.48346497 13.09061502
94600 -0.33982259 1.11652580 13.03925472
94700 -0.50767034 1.39842277 12.64393345
94800 -0.25978730 1.32113328 8.59507120
94900 -0.40619870 1.25436246 12.18641748
95000 -0.75443142 1.52173843 17.98744088
95100 -0.67111872 1.59115139 15.20890499
95200 -0.77415357 1.62930031 17.93590065
95300 -0.45729267 1.31839107 12.42344893
95400 -0.43199519 1.33269692 11.70967663
95500 -0.55808089 1.33710909 14.51008039
95600 -0.77813889 1.78030176 17.65695024
95700 -0.65841278 1.59666227 14.83773557
95800 -0.60660692 1.69077843 13.09629268
95900 -0.33432590 1.34061532 9.67928785
96000 -0.46175734 1.49035481 10.77667373
96100 -0.57303752 1.47642185 13.47046424
96200 -0.47131964 1.37619847 12.06135088
96300 -0.50031514 1.46999208 11.80348794
96400 -0.38157423 1.28711345 11.25000136
96500 -0.33666857 1.31549532 10.02561039
96600 -0.76922187 1.72686676 17.46844198
96700 -0.73226003 1.61474221 16.78604464
96800 -0.36413109 1.39158706 9.67935420
96900 -0.39961825 1.38137648 10.48999782
97000 -0.58310137 1.56638337 13.06999251
97100 -0.36060519 1.31816699 10.44665077
97200 -0.29419728 1.24747764 10.15406523
97300 -0.40278716 1.29750379 11.54094164
97400 -0.62229632 1.48627636 14.63040863
97500 -0.42860830 1.25649971 12.62033051
97600 -0.66475035 1.54651281 15.30642268
97700 -0.29107250 1.15664678 11.47966353
97800 -0.65676038 1.53762120 15.15209889
97900 -0.42465009 1.14890578 14.17107920
98000 -0.47224352 1.29283881 13.07261654
98100 -0.39760438 1.33552517 10.96688995
98200 -0.75667620 1.66244378 17.28632738
98300 -0.53773309 1.57841630 11.89786270
98400 -0.72765202 1.56451987 16.93140760
98500 -0.65721843 1.48851855 15.52881873
98600 -0.71266149 1.62287758 16.19229523
98700 -0.76880999 1.67287320 17.60495932
98800 -0.72822756 1.68762893 16.38170825
98900 -0.52334445 1.37898675 13.21130361
99000 -0.48479531 1.34104166 12.75725721
99100 -0.75036891 1.62948953 17.23800041
99200 -0.34725791 1.29169131 10.52604300
99300 -0.34941446 1.27971146 10.72395327
99400 -0.58528719 1.57204614 13.09023286
99500 -0.62629654 1.59345575 14.01002405
99600 -0.34456831 1.26212064 10.86931406
99700 -0.33857212 1.28048942 10.50927089
99800 -0.44105068 1.49339367 10.30658536
99900 -0.33890100 1.17875256 11.99157543
100000 -0.47884561 1.32982965 12.75762598
100100 -0.30142413 1.25871483 10.12549544
100200 -0.35382379 1.24595378 11.26968658
100300 -0.57928052 1.46469474 13.72389592
100400 -0.44293188 1.41317555 11.06203049
100500 -0.67684483 1.68191208 14.97047739
100600 -0.65390250 1.63015256 14.55292026
100700 -0.34577083 1.25156588 11.03797757
100800 -0.63110327 1.61384259 14.02967179
100900 -0.65973974 1.75413686 14.34329755
101000 -0.52292287 1.50272499 12.05953757
101100 -0.26064780 1.28966908 9.00640916
101200 -0.71607615 1.72717131 15.93635114
101300 -0.75919031 1.59294899 17.67646402
101400 -0.58167014 1.60974647 12.79388932
101500 -0.21701578 1.25373750 8.78220938
101600 -0.64163017 1.69387282 13.99264431
101700 -0.35837789 1.26575874 11.08253908
101800 -0.38771567 1.38294380 10.23409117
101900 -0.58491958 1.57198902 13.08142747
102000 -0.35758443 1.29496708 10.68055948
102100 -0.66773856 1.67765730 14.73793738
102200 -0.42562810 1.39358056 10.89599353
102300 -0.64565330 1.58524569 14.56148001
102400 -0.42266760 1.37530669 11.02867022
102500 -0.61706233 1.47462192 14.59169342
102600 -0.51132845 1.37921215 12.93030362
102700 -0.63107978 1.48513235 14.86732639
102800 -0.56054805 1.52412884 12.79607292
102900 -0.53727825 1.35264770 13.83134006
103000 -0.63683423 1.45467811 15.27644436
103100 -0.66366474 1.57878353 15.07771289
103200 -0.50668100 1.55027262 11.34702962
103300 -0.58627926 1.41217586 14.38545515
103400 -0.18078596 1.25376744 8.23028396
103500 -0.71394637 1.74048556 15.85109614
103600 -0.31497675 1.23203323 10.74546088
103700 -0.71999835 1.55723961 16.75980116
103800 -0.80375020 1.69867855 18.56977509
103900 -0.70955024 1.57973233 16.33019918
104000 -0.49903515 1.54880894 11.18207090
104100 -0.72348932 1.70540146 16.19673614
104200 -0.55766164 1.59807643 12.26600823
104300 -0.39093618 1.30943837 11.15075884
104400 -0.38361548 1.23247295 12.04203779
104500 -0.38150116 1.23496628 11.96422320
104600 -0.33696905 1.19049425 11.77187654
104700 -0.53056872 1.36914489 13.48778420
104800 -0.66818076 1.62690001 14.94999187
104900 -0.39522643 1.38375061 10.37597677
105000 -0.44372141 1.35532144 11.69466044
105100 -0.63457287 1.59815493 14.20013521
105200 -0.24290229 1.24756098 9.28273809
105300 -0.40194280 1.25636497 12.07203568
105400 -0.62849932 1.60550853 14.00372006
105500 -0.43844486 1.45344681 10.58736079
105600 -0.72680588 1.54206437 17.05146400
105700 -0.75601326 1.74206902 17.05251915
105800 -0.63597465 1.59467083 14.25537018
105900 -0.72227948 1.69459015 16.19220307
106000 -0.71202549 1.60996894 16.23692042
106100 -0.65193510 1.62312892 14.53283705
106200 -0.35816874 1.37651129 9.72494592
106300 -0.45690819 1.29892054 12.65915040
106400 -0.48465357 1.42766118 11.83234971
106500 -0.36361101 1.20066488 12.12204098
106600 -0.42626330 1.19678571 13.44210087
106700 -0.69022067 1.62553567 15.55640774
106800 -0.38670336 1.28527895 11.37585525
106900 -0.41483367 1.31580984 11.55718117
107000 -0.69624999 1.67415193 15.52804673
107100 -0.73870568 1.66565876 16.75448926
107200 -0.25111095 1.24690379 9.42681289
107300 -0.34136845 1.28447355 10.50915753
107400 -0.58744921 1.61275647 12.92262423
107500 -0.38620712 1.26906567 11.58194662
107600 -0.68146343 1.52871442 15.88017487
107700 -0.79461870 1.68031306 18.34906138
107800 -0.66353328 1.58244001 15.05321570
107900 -0.70363744 1.48427087 16.82859761
108000 -0.27509281 1.19523264 10.59113833
108100 -0.48972567 1.44703044 11.76566483
108200 -0.54904424 1.35438347 14.09190346
108300 -0.38143678 1.39030073 10.03149562
108400 -0.21860058 1.17310118 10.00973497
108500 -0.32574978 1.27784342 10.30647947
108600 -0.34433106 1.24967750 11.03720815
108700 -0.38137355 1.22516066 12.10386433
108800 -0.30632562 1.23718358 10.51551304
108900 -0.67762578 1.70212589 14.93208322
109000 -0.58885124 1.40157181 14.55646730
109100 -0.44324819 1.42881399 10.91669064
109200 -0.35394668 1.40055092 9.39078853
109300 -0.79278696 1.65278521 18.39266217
109400 -0.55316599 1.48031210 12.95478532
109500 -0.65282585 1.63569836 14.49974802
109600 -0.63905817 1.62393041 14.18931162
109700 -0.25565903 1.28885143 8.93372224
109800 -0.31803801 1.34964154 9.27461571
109900 -0.28863962 1.30882821 9.24088101
110000 -0.67971154 1.61696579 15.30916813
110100 -0.38579804 1.38248872 10.20075524
110200 -0.26358350 1.19867708 10.34288067
110300 -0.29990529 1.21146637 10.77760029
110400 -0.73943568 1.56875851 17.24249806
110500 -0.46435842 1.39326815 11.72710095
110600 -0.51599751 1.45476840 12.29576101
110700 -0.48780608 1.22607808 14.33775720
110800 -0.64568225 1.47651103 15.32099896
110900 -0.60735451 1.46736745 14.40509089
111000 -0.56298338 1.42977502 13.64084604
111100 -0.40355374 1.36276377 10.77362414
111200 -0.53903956 1.40751638 13.28336435
111300 -0.35277384 1.26538474 10.98037140
111400 -0.71215084 1.56074939 16.51685477
111500 -0.42674018 1.26559446 12.45639408
111600 -0.28958554 1.22801982 10.35151064
111700 -0.77287433 1.70275234 17.63367190
111800 -0.69039684 1.45599573 16.70240302
111900 -0.46018064 1.47884174 10.83600172
112000 -0.32207052 1.23541276 10.82597177
112100 -0.35186518 1.35593804 9.83263531
112200 -0.33392390 1.25198362 10.81006313
112300 -0.43359466 1.25981030 12.67950820
112400 -0.66543741 1.75530802 14.49446054
112500 -0.65989105 1.49533307 15.54602675
112600 -0.51037262 1.44191796 12.28212692
112700 -0.26893276 1.34815423 8.42814014
112800 -0.65296279 1.54562421 14.99730553
112900 -0.38791610 1.36467159 10.43734372
113000 -0.45244595 1.47811591 10.67450089
113100 -0.76752557 1.76088289 17.36223688
113200 -0.24702364 1.19012906 10.19900056
113300 -0.46326190 1.41530696 11.47961166
113400 -0.24316334 1.29139454 8.69467470
113500 -0.63902051 1.67138290 13.99573407
113600 -0.43445850 1.53012678 9.89298964
113700 -0.42752988 1.38806519 10.99356594
113800 -0.28574533 1.30440806 9.24605960
113900 -0.38772438 1.16916057 13.08799211
114000 -0.74739391 1.79507360 16.74729328
114100 -0.64856977 1.55863932 14.79690186
114200 -0.61383402 1.55427180 13.92041273
114300 -0.65795045 1.59837954 14.81626740
114400 -0.75873204 1.64809507 17.40184740
114500 -0.58604179 1.48000593 13.76244178
114600 -0.28518350 1.28667804 9.46432464
114700 -0.62840331 1.50921679 14.60939962
114800 -0.76452261 1.61826787 17.70330702
114900 -0.69397936 1.61550989 15.70746028
115000 -0.38190327 1.29028111 11.21523154
115100 -0.35844128 1.34014873 10.14077765
115200 -0.24082408 1.44087596 6.99780666
115300 -0.32495254 1.33033530 9.62791833
115400 -0.50312595 1.52936843 11.40691334
115500 -0.38036861 1.35652204 10.37905994
115600 -0.44794450 1.35629362 11.77397808
115700 -0.34302901 1.25702915 10.91036803
115800 -0.68337624 1.73671802 15.01052316
115900 -0.32786112 1.24688641 10.76919938
116000 -0.34905639 1.20657252 11.75364151
116100 -0.42145189 1.25343516 12.51345821
116200 -0.38487022 1.28251221 11.37577549
116300 -0.47806081 1.43365779 11.62856821
116400 -0.68382075 1.57942891 15.62008588
116500 -0.38399186 1.20466121 12.46072663
116600 -0.60796509 1.57122261 13.66584447
116700 -0.68462351 1.70860531 15.10601881
116800 -0.73641914 1.65296771 16.73669968
116900 -0.50058117 1.31667265 13.40662427
117000 -0.54721397 1.51298017 12.55599208
117100 -0.57502061 1.55966537 12.91166288
117200 -0.68769453 1.66689993 15.31763627
117300 -0.37305845 1.52811585 8.65799008
117400 -0.35039899 1.26968849 10.87678932
117500 -0.68185813 1.53532369 15.84501562
117600 -0.46529011 1.27156604 13.20054897
117700 -0.52310553 1.55318665 11.70798772
117800 -0.51678279 1.49044628 12.01301143
117900 -0.33547767 1.30337073 10.15512719
118000 -0.60945430 1.47500535 14.39385608
118100 -0.24144025 1.27449388 8.88926499
118200 -0.48198623 1.34537989 12.64389106
118300 -0.46395825 1.29564586 12.85454006
118400 -0.81848606 1.68122189 19.07202239
118500 -0.70082375 1.66309008 15.69389917
118600 -0.25336801 1.20779216 10.03389257
118700 -0.44858431 1.35786631 11.76989864
118800 -0.64282791 1.54154364 14.75644287
118900 -0.66841448 1.60924674 15.04099582
119000 -0.70070951 1.54505953 16.29836335
119100 -0.40909795 1.26139734 12.14857915
119200 -0.47490341 1.48678131 11.09405455
119300 -0.56473766 1.54848171 12.73131650
119400 -0.39940349 1.35879309 10.73402111
119500 -0.45760743 1.35709133 11.97336146
119600 -0.58285569 1.47830027 13.69733924
119700 -0.60253690 1.46504144 14.30284225
119800 -0.55028149 1.55018848 12.37053198
119900 -0.68522529 1.64171739 15.34796843
120000 -0.41990581 1.47556436 10.00738566
120100 -0.53024064 1.45417652 12.63328516
120200 -0.71718022 1.70253185 16.02605817
120300 -0.46390941 1.25223803 13.43520082
120400 -0.37404100 1.14717587 13.17570156
120500 -0.37876048 1.31185411 10.87865538
120600 -0.60690827 1.45399921 14.51048748
120700 -0.48842148 1.40437352 12.14617503
120800 -0.53174863 1.60700991 11.60119312
120900 -0.75508957 1.59447105 17.54858028
121000 -0.33672374 1.36118858 9.48785050
121100 -0.36959871 1.48145733 8.94643046
121200 -0.43794465 1.23409720 13.13342713
121300 -0.47295931 1.32444541 12.69225507
121400 -0.36999428 1.13936355 13.22680408
121500 -0.58954467 1.66507481 12.75116061
121600 -0.27380754 1.30917421 8.98024038
121700 -0.20890332 1.34198698 7.52596882
121800 -0.41555813 1.31130841 11.62799401
121900 -0.41243192 1.11047732 14.57157819
122000 -0.53255153 1.58804990 11.72081539
122100 -0.34853568 1.23235099 11.36318448
122200 -0.19758175 1.32260122 7.58391448
122300 -0.58859738 1.39212634 14.64768912
122400 -0.47173064 1.50092172 10.91222877
122500 -0.30788554 1.17342673 11.50731469
122600 -0.48806903 1.38496824 12.33974983
122700 -0.35361675 1.18162727 12.22453533
122800 -0.72513766 1.64852197 16.43265836
122900 -0.72335103 1.68211529 16.26048819
123000 -0.20670211 1.24213145 8.78495224
123100 -0.63671630 1.59867260 14.25342859
123200 -0.83408027 1.63736939 19.71921310
123300 -0.46461993 1.54364426 10.44881747
123400 -0.62459905 1.47581129 14.77596615
123500 -0.53300310 1.63324187 11.50622846
123600 -0.29662426 1.26400882 9.96780267
123700 -0.43193491 1.39390286 11.02489028
123800 -0.72816107 1.73222788 16.26823896
123900 -0.70435970 1.71291285 15.64029319
124000 -0.35871105 1.41129046 9.37357465
124100 -0.65188319 1.61648078 14.56307002
124200 -0.79512142 1.45308234 19.74634818
124300 -0.58919347 1.49841903 13.69337862
124400 -0.53362894 1.38704739 13.36655607
124500 -0.46646528 1.33594206 12.41152896
124600 -0.56111497 1.53925179 12.70461098
124700 -0.36310645 1.30754364 10.62694984
124800 -0.61618096 1.62671548 13.58300732
124900 -0.35627808 1.18227290 12.26529273
125000 -0.71810988 1.60083978 16.45474874
125100 -0.78151445 1.63422948 18.13252439
125200 -0.34940019 1.23371505 11.35991246
125300 -0.35120488 1.30991851 10.36892943
125400 -0.33065989 1.27712798 10.40662081
125500 -0.58343370 1.45833300 13.88225244
125600 -0.62580882 1.61332826 13.89474596
125700 -0.69259115 1.54581673 16.06875049
125800 -0.74548552 1.52267377 17.72128944
125900 -0.37367721 1.20434533 12.26209444
126000 -0.74534484 1.52686977 17.68730524
126100 -0.32245360 1.23299625 10.86777000
126200 -0.69355488 1.72618151 15.31073653
126300 -0.63750218 1.67739753 13.93555295
126400 -0.69909230 1.69627799 15.53773042
126500 -0.62836329 1.58142909 14.13053721
126600 -0.30826280 1.34523802 9.14881443
126700 -0.66884678 1.68093611 14.75709833
126800 -0.54650297 1.56234882 12.20286294
126900 -0.80392643 1.65929983 18.70409898
127000 -0.40040506 1.25975005 11.99414203
127100 -0.48879010 1.41436087 12.05442449
127200 -0.66657199 1.55642692 15.29133209
127300 -0.61596485 1.49230046 14.41921093
127400 -0.42168580 1.38733446 10.87934282
127500 -0.55060727 1.33712520 14.32971122
127600 -0.32692567 1.25738227 10.60557255
127700 -0.65198687 1.64461675 14.43959666
127800 -0.50666752 1.42348434 12.37092127
127900 -0.66702430 1.72112684 14.59849729
128000 -0.48072648 1.25432719 13.77707402
128100 -0.66905800 1.56286976 15.31799413
128200 -0.60861326 1.55704268 13.76950489
128300 -0.38605125 1.28426468 11.37619039
128400 -0.69765264 1.41907572 17.24645198
128500 -0.33606600 1.31807797 9.98252212
128600 -0.48033436 1.35749632 12.46818573
128700 -0.21269383 1.23285544 9.01054315
128800 -0.61967211 1.63510497 13.63516166
128900 -0.78830265 1.67985514 18.16083660
129000 -0.76608152 1.63676302 17.66473489
129100 -0.36127957 1.36977101 9.85842180
129200 -0.41134100 1.38393646 10.70163984
129300 -0.53299684 1.41248059 13.09080903
129400 -0.78358669 1.74423753 17.86217353
129500 -0.36149999 1.21332270 11.89045043
129600 -0.71372264 1.77685861 15.79813663
129700 -0.34179042 1.24166586 11.10240669
129800 -0.20652033 1.24804399 8.69864840
129900 -0.51832689 1.24411492 14.77520928
130000 -0.41566958 1.38584458 10.77047595
130100 -0.41814995 1.30509534 11.75951321
130200 -0.33743283 1.26364475 10.71449872
130300 -0.70038539 1.66464793 15.67603665
130400 -0.65904846 1.66168796 14.56076328
130500 -0.66722843 1.81344470 14.50541195
130600 -0.45811332 1.25910800 13.21378416
130700 -0.72198700 1.56868768 16.74532740
130800 -0.80373489 1.68526522 18.60888923
130900 -0.34517228 1.13836439 12.76724443
131000 -0.72726914 1.56399522 16.92374304
131100 -0.33955926 1.31665762 10.06532233
131200 -0.33544691 1.31742021 9.97907436
131300 -0.43157609 1.27532797 12.42655624
131400 -0.31876951 1.09116714 13.09782089
131500 -0.31035931 1.36764649 8.93242706
131600 -0.29324665 1.25245618 10.06763716
131700 -0.59449710 1.39648428 14.75012091
131800 -0.33091992 1.33343431 9.70096472
131900 -0.57507939 1.57630836 12.81241498
132000 -0.62644026 1.61710052 13.89273287
132100 -0.86151514 1.65568155 20.50706163
132200 -0.35570706 1.18754926 12.17190277
132300 -0.56133780 1.37339948 14.17646426
132400 -0.44817263 1.32996328 12.08619391
132500 -0.34374562 1.22957731 11.31278692
132600 -0.52977790 1.54836127 11.89546662
132700 -0.72442973 1.67425507 16.31696866
132800 -0.69341036 1.65255217 15.52880291
132900 -0.69139559 1.59999969 15.71465465
133000 -0.48571538 1.37149870 12.43236788
133100 -0.32017132 1.34450324 9.37296741
133200 -0.47038107 1.35741079 12.24884774
133300 -0.61128073 1.51161592 14.15059243
133400 -0.54252807 1.47629364 12.73337069
133500 -0.30925630 1.38411323 8.73386451
133600 -0.51481805 1.41852182 12.60679483
133700 -0.73941884 1.74832695 16.56209040
133800 -0.30820446 1.27751446 9.99198118
133900 -0.30543816 1.22693838 10.64765763
134000 -0.67663206 1.54062393 15.66665873
134100 -0.32807949 1.25802084 10.61802909
134200 -0.36318457 1.27427074 11.06025268
134300 -0.29680136 1.26810202 9.91526981
134400 -0.36372777 1.27213986 11.09935233
134500 -0.44310738 1.44482133 10.76434571
134600 -0.58801520 1.28241165 15.92979756
134700 -0.51309235 1.32210354 13.62678058
134800 -0.59886474 1.55675949 13.52423512
134900 -0.46275303 1.33371059 12.35686823
135000 -0.57554236 1.42774252 13.96768166
135100 -0.65614020 1.63780018 14.57884641
135200 -0.32216887 1.28983402 10.08304869
135300 -0.63986143 1.74277722 13.83409914
135400 -0.74717827 1.62444201 17.16866659
135500 -0.35635810 1.28477197 10.78961525
135600 -0.73680194 1.65964048 16.72203332
135700 -0.77073137 1.70993641 17.55174106
135800 -0.60981903 1.55878029 13.78927738
135900 -0.49217978 1.28714721 13.59129230
136000 -0.70546434 1.63694595 15.92760493
136100 -0.44201380 1.33322594 11.91551278
136200 -0.71632595 1.73263273 15.93244808
136300 -0.73882092 1.62453174 16.92734972
136400 -0.65344799 1.62587624 14.56028982
136500 -0.66331696 1.50231446 15.58349611
136600 -0.69362786 1.60741889 15.73791944
136700 -0.27157774 1.31971159 8.81163673
136800 -0.70043998 1.49900069 16.62246901
136900 -0.75425938 1.61915011 17.39904485
137000 -0.80484160 1.71152601 18.56921545
137100 -0.60069165 1.50650673 13.92007229
137200 -0.32279594 1.20017068 11.36102117
137300 -0.57867894 1.47585217 13.61426022
137400 -0.35489172 1.33232697 10.16538594
137500 -0.45163798 1.51546189 10.36465881
137600 -0.80425824 1.73193578 18.50646362
137700 -0.38881083 1.48170326 9.32346860
137800 -0.58418715 1.40306003 14.42510286
137900 -0.39671693 1.28435207 11.58872456
138000 -0.28631342 1.27770955 9.60231883
138100 -0.28990081 1.22413870 10.41368264
138200 -0.74355270 1.76371391 16.66032783
138300 -0.42092131 1.17219747 13.71527861
138400 -0.58588171 1.52625013 13.40367969
138500 -0.32382244 1.35427013 9.32731356
138600 -0.65999209 1.70160522 14.45790628
138700 -0.30640015 1.26725437 10.09752487
138800 -0.50817233 1.28104189 14.03546392
138900 -0.28887058 1.36069103 8.62873294
139000 -0.31357624 1.23169703 10.72496125
139100 -0.38963749 1.25423844 11.85363798
139200 -0.71333289 1.71816073 15.87889042
139300 -0.59045781 1.56560661 13.25804958
139400 -0.35724544 1.10092571 13.64314891
139500 -0.25076051 1.30441112 8.65280719
139600 -0.56757949 1.51670942 13.02101282
139700 -0.77745960 1.66253012 17.89759598
139800 -0.35094030 1.18334735 12.14654589
139900 -0.37835868 1.45681821 9.32808470
140000 -0.41565256 1.47746840 9.90349256
140100 -0.75337121 1.71395276 17.03322062
140200 -0.28838134 1.17930607 11.06889155
140300 -0.53459510 1.27381712 14.74689970
140400 -0.39153315 1.25407533 11.89384542
140500 -0.67760140 1.58808216 15.40155407
140600 -0.45316235 1.46534976 10.79791273
140700 -0.29530466 1.31791329 9.24504994
140800 -0.33047419 1.22217600 11.17298852
140900 -0.49656505 1.38831732 12.49595586
141000 -0.70644919 1.70967384 15.70655175
141100 -0.31792982 1.25323486 10.49836563
141200 -0.60666870 1.53623861 13.85700691
141300 -0.80299854 1.62898135 18.80166525
141400 -0.67753564 1.63187251 15.18078964
141500 -0.28721405 1.31910184 9.08860550
141600 -0.62000296 1.47493632 14.66467213
141700 -0.27239488 1.37207374 8.21802718
141800 -0.52134462 1.55437101 11.65936228
141900 -0.28694755 1.41740633 7.99832095
142000 -0.35453606 1.25620337 11.14007613
142100 -0.19114291 1.28307417 7.98779535
142200 -0.69751407 1.58738478 15.95181174
142300 -0.75629507 1.60177637 17.54501593
142400 -0.59025245 1.79319292 12.50984313
142500 -0.73808956 1.67531255 16.70312935
142600 -0.67125355 1.70063908 14.76336314
142700 -0.42774114 1.52798338 9.76679498
142800 -0.42437635 1.43639176 10.44708763
142900 -0.38167179 1.32033315 10.83147307
143000 -0.57627712 1.72408300 12.25155368
143100 -0.84635654 1.64210816 20.08274267
143200 -0.54247347 1.45547697 12.91115358
143300 -0.40642305 1.32252199 11.30226758
143400 -0.48407528 1.30775712 13.14523140
143500 -0.77999701 1.59963702 18.25431838
143600 -0.32275896 1.30910426 9.84790301
143700 -0.51086028 1.27476308 14.18077757
143800 -0.59315759 1.42521169 14.42983993
143900 -0.42594361 1.39466426 10.89131869
144000 -0.61634914 1.48729572 14.46913265
144100 -0.80805808 1.56860324 19.27422362
144200 -0.65636609 1.51151230 15.32789434
144300 -0.79643876 1.62362356 18.62788335
144400 -0.35382135 1.36791437 9.73578445
144500 -0.28650248 1.30456796 9.25721569
144600 -0.48839196 1.37343845 12.47117629
144700 -0.65892582 1.61529558 14.75640271
144800 -0.51672938 1.19074702 15.52876996
144900 -0.24686146 1.37012987 7.81190882
145000 -0.35037659 1.19739869 11.91816149
145100 -0.48722815 1.48019705 11.42235426
145200 -0.42783635 1.45673130 10.33460648
145300 -0.75864339 1.71615021 17.18168934
145400 -0.37530174 1.16089250 12.97549215
145500 -0.47623211 1.47828005 11.19306858
145600 -0.37972074 1.13906794 13.42260846
145700 -0.32691058 1.26427297 10.51068997
145800 -0.73463105 1.54929170 17.22686311
145900 -0.34337129 1.27664826 10.65040476
146000 -0.42397384 1.30050829 11.93867714
146100 -0.63946381 1.59155484 14.36365722
146200 -0.29456010 1.28015055 9.71431717
146300 -0.60130155 1.56856487 13.51277176
146400 -0.55233946 1.48266864 12.91553812
146500 -0.49545304 1.29095137 13.61570864
146600 -0.61067280 1.48467958 14.34507925
146700 -0.65340693 1.67993019 14.34690562
146800 -0.36819891 1.37637800 9.92026975
146900 -0.53354303 1.50829787 12.26622043
147000 -0.48915413 1.38408949 12.37347383
147100 -0.81856828 1.63597844 19.24579404
147200 -0.50345597 1.47421142 11.83944711
147300 -0.76132213 1.61102714 17.64482168
147400 -0.54876279 1.34404050 14.20430427
147500 -0.19585919 1.30403205 7.78836161
147600 -0.29153011 1.26726542 9.83381646
147700 -0.73683317 1.59695279 17.00769288
147800 -0.71574874 1.56426217 16.59621622
147900 -0.47861725 1.38969477 12.07871382
148000 -0.84317738 1.52789967 20.62542691
148100 -0.33308105 1.46900037 8.35562738
148200 -0.24848094 1.31381913 8.49740744
148300 -0.55262135 1.41118585 13.57115734
148400 -0.49147914 1.49289275 11.41527066
148500 -0.57394923 1.57788313 12.77542901
148600 -0.76097359 1.69279052 17.31146500
148700 -0.36956222 1.40207612 9.67648929
148800 -0.46786564 1.40906471 11.64246478
148900 -0.36793591 1.36917996 9.99383232
149000 -0.64707452 1.63858705 14.33486163
149100 -0.67634256 1.55081115 15.59148783
149200 -0.55214097 1.71273884 11.68968724
149300 -0.57146706 1.46462088 13.53205402
149400 -0.31783555 1.29903749 9.88534097
149500 -0.30880132 1.28375081 9.92016932
149600 -0.41549422 1.44199469 10.21085760
149700 -0.63446183 1.53206276 14.60187040
149800 -0.45364220 1.26637270 13.01760614
149900 -0.52793452 1.38443256 13.26036011
150000 -0.52086861 1.42406580 12.69326967
150100 -0.73421718 1.61944742 16.81929047
150200 -0.58121457 1.57461431 12.97390922
150300 -0.53530603 1.38291486 13.45006503
150400 -0.35548902 1.18253980 12.24599685
150500 -0.73604997 1.67306383 16.65227555
150600 -0.28804404 1.28035388 9.59738112
150700 -0.29291191 1.36881897 8.60907326
150800 -0.64077881 1.44760279 15.44334808
150900 -0.40574581 1.20545261 12.88648473
151000 -0.25688798 1.20699809 10.10438608
151100 -0.68573787 1.64118396 15.36425413
151200 -0.72577136 1.56452239 16.87794792
151300 -0.25512108 1.24673748 9.49563399
151400 -0.70711779 1.54262892 16.49299307
151500 -0.59201355 1.50824740 13.68857230
151600 -0.73196181 1.68603853 16.49304037
151700 -0.75379431 1.71299057 17.04785036
151800 -0.74137626 1.32532795 19.50717874
151900 -0.61990776 1.60554639 13.78139098
152000 -0.74558158 1.72676723 16.77870608
152100 -0.44024387 1.25462835 12.89190387
152200 -0.49179185 1.48575275 11.47956026
152300 -0.76256396 1.68378106 17.38546836
152400 -0.73023100 1.60031555 16.80117868
152500 -0.37677625 1.28012481 11.24730728
152600 -0.70986744 1.72816148 15.76000790
152700 -0.61251279 1.53246187 14.03199764
152800 -0.57655738 1.70420799 12.30609265
152900 -0.80216496 1.72868517 18.44944997
153000 -0.61262233 1.59249248 13.66332432
153100 -0.56458246 1.43791359 13.60324079
153200 -0.59002119 1.48872783 13.79072733
153300 -0.49401965 1.37928063 12.53463382
153400 -0.53683845 1.64158066 11.56085156
153500 -0.33198985 1.30742190 10.03917114
153600 -0.29035681 1.31116004 9.24176214
153700 -0.54381814 1.38409978 13.63950063
153800 -0.37440249 1.19608852 12.40218211
153900 -0.83688893 1.79365639 19.43748899
154000 -0.42718512 1.44183184 10.45533387
154100 -0.43947507 1.45773364 10.57124346
154200 -0.78853446 1.62938588 18.36382886
154300 -0.74320477 1.58842401 17.23721447
154400 -0.41466943 1.33029511 11.37745567
154500 -0.70077626 1.62460928 15.85242016
154600 -0.24733861 1.23801714 9.49073046
154700 -0.32286522 1.21895630 11.08030110
154800 -0.69995730 1.62052538 15.84882297
154900 -0.61467360 1.43852306 14.84938873
155000 -0.44446881 1.39028230 11.32849880
155100 -0.82031129 1.70400401 19.06126288
155200 -0.40908834 1.26619443 12.08287763
155300 -0.56014425 1.49435733 13.01012710
155400 -0.29556507 1.18697558 11.07476883
155500 -0.67492962 1.69044973 14.89205678
155600 -0.59151911 1.50625762 13.69124943
155700 -0.75423586 1.64324125 17.29067034
155800 -0.53469080 1.45568776 12.72472333
155900 -0.48633629 1.22084269 14.38156358
156000 -0.67197017 1.60236256 15.17215956
156100 -0.31392504 1.34045577 9.30674066
156200 -0.45324787 1.31146313 12.42169858
156300 -0.77018072 1.65562006 17.70824632
156400 -0.62009016 1.38192625 15.55416084
156500 -0.41057983 1.39264546 10.59420097
156600 -0.35334265 1.28467821 10.73318730
156700 -0.53972704 1.64177948 11.62849499
156800 -0.51961187 1.58292286 11.44677824
156900 -0.53992973 1.40350006 13.34510858
157000 -0.40434759 1.38787809 10.51686133
157100 -0.73258636 1.71968692 16.42075042
157200 -0.31628204 1.33754904 9.38369392
157300 -0.31512307 1.34228627 9.30699504
157400 -0.65872500 1.56753629 15.01202222
157500 -0.62907553 1.55795775 14.29004057
157600 -0.66312248 1.59566744 14.96912875
157700 -0.41027370 1.38400459 10.67901294
157800 -0.60189591 1.31734264 15.83305751
157900 -0.65865498 1.51673585 15.35034147
158000 -0.44643207 1.29919250 12.43000239
158100 -0.69243161 1.43814928 16.92035500
158200 -0.56076303 1.51038501 12.90187503
158300 -0.29539368 1.33146195 9.08223643
158400 -0.73813821 1.60550848 17.00047668
158500 -0.30952065 1.35124167 9.10211459
158600 -0.31406871 1.28904044 9.94592942
158700 -0.68215652 1.44303141 16.59339757
158800 -0.46460738 1.33171458 12.42118758
158900 -0.43386232 1.32730467 11.81372990
159000 -0.34694969 1.27005060 10.80647728
159100 -0.39075595 1.33662120 10.81621978
159200 -0.45215857 1.23900483 13.36691106
159300 -0.74498099 1.64402817 17.01909656
159400 -0.82345466 1.66074342 19.29609914
159500 -0.50896618 1.47239056 11.98098715
159600 -0.67313189 1.55422221 15.48246215
159700 -0.63507488 1.55450738 14.46822490
159800 -0.65414468 1.52039679 15.20342406
159900 -0.24748970 1.26550778 9.10955603
160000 -0.56804323 1.44957932 13.58089540
160100 -0.39524644 1.32986555 10.98688658
160200 -0.62993118 1.62528088 13.94472518
160300 -0.64603292 1.56592753 14.68471137
160400 -0.58896482 1.57231615 13.18030411
160500 -0.45233958 1.41754909 11.22059089
160600 -0.48693220 1.40198435 12.13705177
160700 -0.47257681 1.41604586 11.67677121
160800 -0.56390682 1.53295462 12.81560791
160900 -0.59815005 1.53687358 13.63705720
161000 -0.39386953 1.55682835 8.87877634
161100 -0.53026412 1.39468518 13.20728765
161200 -0.35801595 1.26226975 11.12321157
161300 -0.67285812 1.68509354 14.85229155
161400 -0.64129363 1.52967251 14.79752242
161500 -0.37630710 1.32016060 10.72776855
161600 -0.48261972 1.29642020 13.25667719
161700 -0.70772658 1.67826966 15.83331980
161800 -0.63230764 1.51734139 14.65067846
161900 -0.35138485 1.29164093 10.60503768
162000 -0.53914184 1.37375074 13.63979562
162100 -0.36735176 1.39206609 9.73680633
162200 -0.54294234 1.37516106 13.71480014
162300 -0.24830182 1.26464681 9.13464241
162400 -0.27004844 1.19856411 10.45399655
162500 -0.49738793 1.48196515 11.63699650
162600 -0.49261616 1.61028283 10.68253604
162700 -0.63212938 1.50209800 14.76046620
162800 -0.36411758 1.31514355 10.55176177
162900 -0.46288823 1.44593426 11.18097160
163000 -0.76813980 1.54212611 18.24712263
163100 -0.37733430 1.29173445 11.10618097
163200 -0.41153728 1.21027011 12.93249307
163300 -0.57810802 1.41008814 14.20358693
163400 -0.24846723 1.37381071 7.79800232
163500 -0.61395409 1.63700839 13.48010093
163600 -0.57750984 1.60387464 12.72079192
163700 -0.75998125 1.67651886 17.33341678
163800 -0.67163816 1.71786889 14.73036554
163900 -0.37012394 1.22490701 11.88658964
164000 -0.36959578 1.41175469 9.57961136
164100 -0.69489598 1.57736428 15.93643119
164200 -0.68915209 1.72383387 15.19449885
164300 -0.67931028 1.58053355 15.49064661
164400 -0.33501775 1.23799712 11.02798422
164500 -0.46804843 1.28115618 13.13306029
164600 -0.70418299 1.67871717 15.73298641
164700 -0.76785725 1.71424642 17.45645557
164800 -0.52600774 1.76630958 10.97524172
164900 -0.76514699 1.62895004 17.67186924
165000 -0.28996614 1.26389507 9.85228992
165100 -0.60932547 1.45864688 14.53091794
165200 -0.39258135 1.39680715 10.18581449
165300 -0.38195894 1.39098988 10.03460553
165400 -0.40184043 1.27257813 11.84883935
165500 -0.60830109 1.52796441 13.95601477
165600 -0.66698025 1.58363216 15.13911071
165700 -0.37213299 1.29710448 10.93492285
165800 -0.43965213 1.33956543 11.79021797
165900 -0.78396151 1.65408035 18.12318772
166000 -0.75564092 1.77976147 16.99541412
166100 -0.44469412 1.36884159 11.56403470
166200 -0.38335474 1.24281108 11.88893773
166300 -0.39155564 1.43030157 9.83327925
166400 -0.47098089 1.47624229 11.09401927
166500 -0.41938042 1.34088353 11.34927681
166600 -0.28056088 1.23742745 10.05892061
166700 -0.41475419 1.50337030 9.67801551
166800 -0.59926584 1.55024170 13.57614900
166900 -0.62498947 1.41813849 15.30948298
167000 -0.55969619 1.64027320 12.11397359
167100 -0.40638822 1.33653541 11.13323052
167200 -0.84274725 1.60099550 20.16323188
167300 -0.32582067 1.24382822 10.77478178
167400 -0.72483190 1.73799461 16.16285271
167500 -0.60595585 1.56232118 13.66888851
167600 -0.70717209 1.57722208 16.27823797
167700 -0.57497906 1.39653885 14.26417343
167800 -0.33300229 1.20551051 11.46824945
167900 -0.67624038 1.57735601 15.42551731
168000 -0.56689508 1.54256616 12.82306065
168100 -0.34303965 1.29276635 10.43249199
168200 -0.61041752 1.42903996 14.82978078
168300 -0.69546495 1.65472069 15.57705520
168400 -0.46671675 1.41407255 11.56738501
168500 -0.73892511 1.84029996 16.51183731
168600 -0.32351425 1.25288054 10.60531575
168700 -0.22002946 1.31055574 8.07977107
168800 -0.57510429 1.59058008 12.73219454
168900 -0.66171404 1.46290107 15.86310810
169000 -0.77737510 1.63380590 18.01129975
169100 -0.71288442 1.66992279 16.00613794
169200 -0.45046153 1.38831990 11.47760193
169300 -0.44576289 1.44206508 10.84632794
169400 -0.22743301 1.28480811 8.52684197
169500 -0.31339355 1.34119754 9.28842468
169600 -0.72526142 1.56473000 16.86219821
169700 -0.74386172 1.58074480 17.29943507
169800 -0.40091054 1.14620297 13.72753005
169900 -0.48207327 1.45261374 11.54399571
170000 -0.66004144 1.70963918 14.43826211
170100 -0.52187038 1.38358203 13.12768361
170200 -0.66621352 1.70084671 14.62687470
170300 -0.41944217 1.34413148 11.31259731
170400 -0.60480923 1.57140998 13.58453728
170500 -0.70941275 1.76106395 15.69349548
170600 -0.62050653 1.58783563 13.89125888
170700 -0.34481229 1.21492990 11.54812527
170800 -0.73764196 1.62862709 16.87472764
170900 -0.18332924 1.24372980 8.40876915
171000 -0.26946832 1.21416050 10.20877382
171100 -0.38811866 1.24263630 11.98618711
171200 -0.73108456 1.65395448 16.58030236
171300 -0.21622456 1.25758180 8.71653838
171400 -0.63730398 1.60811640 14.22003257
171500 -0.63388964 1.54963170 14.46871552
171600 -0.42400532 1.32501521 11.63468906
171700 -0.73509427 1.57728890 17.06744177
171800 -0.27684710 1.28093908 9.39580489
171900 -0.36073851 1.26717673 11.10868689
172000 -0.44591220 1.50345223 10.33196538
172100 -0.62374438 1.23624192 17.47282209
172200 -0.40316212 1.25444790 12.12338453
172300 -0.26030684 1.31297086 8.70436541
172400 -0.65338098 1.48968514 15.41725893
172500 -0.73275564 1.67793401 16.54164845
172600 -0.32775791 1.28960386 10.18873601
172700 -0.53426413 1.55777766 11.94063582
172800 -0.46008370 1.14003305 15.07376699
172900 -0.32428880 1.29902842 10.00339998
173000 -0.38466007 1.32876261 10.78842569
173100 -0.65546005 1.58466767 14.82474721
173200 -0.60704770 1.61098618 13.42490666
173300 -0.67551882 1.61336888 15.21268644
173400 -0.45837768 1.47610815 10.81954443
173500 -0.61080798 1.56937832 13.74934663
173600 -0.64199093 1.40387667 15.89526331
173700 -0.44839021 1.21119818 13.69246722
173800 -0.34212349 1.26424440 10.79423633
173900 -0.37015028 1.15728691 12.93336058
174000 -0.35222540 1.21806796 11.64213862
174100 -0.75748336 1.67775450 17.25632844
174200 -0.65654228 1.45603934 15.78500726
174300 -0.72624344 1.73489722 16.20861989
174400 -0.27759932 1.20917530 10.42228923
174500 -0.67516964 1.82479533 14.72265057
174600 -0.31163321 1.24021557 10.56760985
174700 -0.34763737 1.37033925 9.59144946
174800 -0.59747766 1.45430137 14.26915942
174900 -0.54445752 1.55548957 12.19705906
175000 -0.46315010 1.35153845 12.15722605
175100 -0.49232416 1.57717865 10.85493334
175200 -0.62865550 1.45479120 15.06223161
175300 -0.53123680 1.37697885 13.41792527
175400 -0.31135469 1.34113562 9.25232998
175500 -0.46881725 1.33261295 12.50272683
175600 -0.71868128 1.64826762 16.25098506
175700 -0.33132851 1.24546913 10.85328822
175800 -0.41927004 1.26283935 12.33841970
175900 -0.63768522 1.65416344 14.02411687
176000 -0.54261973 1.55710400 12.14300928
176100 -0.77845282 1.61098164 18.15035524
176200 -0.71528660 1.64892951 16.15267052
176300 -0.41216637 1.23253957 12.61772613
176400 -0.31372818 1.32448878 9.49379538
176500 -0.63448183 1.45595002 15.20367111
176600 -0.58010797 1.65189556 12.56638498
176700 -0.37262128 1.28061851 11.15926035
176800 -0.69658841 1.58032989 15.96607826
176900 -0.25294137 1.34704766 8.17270159
177000 -0.64002592 1.52340687 14.80862559
177100 -0.70590718 1.66363386 15.83339845
177200 -0.76325851 1.73587750 17.27537087
177300 -0.57535672 1.44997349 13.75683686
177400 -0.25346106 1.33212280 8.35684005
177500 -0.44504949 1.27525266 12.71330443
177600 -0.66561339 1.63850774 14.82942196
177700 -0.44145899 1.43264069 10.84228078
177800 -0.63072399 1.72558567 13.62790263
177900 -0.27473358 1.26647582 9.55348262
178000 -0.61246285 1.61272206 13.55436092
178100 -0.82244438 1.74167425 19.04484446
178200 -0.30631635 1.40109665 8.50388828
178300 -0.50362370 1.54503302 11.31144709
178400 -0.34798807 1.29490355 10.49837848
178500 -0.17253839 1.27523902 7.81650361
178600 -0.35522366 1.19234204 12.08835759
178700 -0.52162098 1.37843060 13.17712259
178800 -0.75622424 1.69234347 17.17402546
178900 -0.56102765 1.46909569 13.23888051
179000 -0.64386345 1.70550699 14.01933693
179100 -0.48370900 1.40165681 12.06824920
179200 -0.80993708 1.67928873 18.81664879
179300 -0.56588392 1.64771648 12.23356716
179400 -0.43313130 1.39754071 11.01241324
179500 -0.85230778 1.69780265 20.07511483
179600 -0.82133573 1.73015803 19.03203041
179700 -0.86492646 1.59065856 20.91935191
179800 -0.32405591 1.38769154 8.96478140
179900 -0.63669005 1.42113748 15.58467636
180000 -0.68350632 1.53190693 15.91364790
180100 -0.69177453 1.57477444 15.86547721
180200 -0.40952541 1.35664828 10.96437105
180300 -0.25408443 1.18731130 10.35936683
180400 -0.41811407 1.29463738 11.89214441
180500 -0.56922744 1.53057363 12.96206839
180600 -0.67470883 1.55613159 15.51303020
180700 -0.60742439 1.41052205 14.93418771
180800 -0.70718338 1.76235364 15.62961112
180900 -0.71395342 1.64854175 16.11675061
181000 -0.41762426 1.41104543 10.55158327
181100 -0.63443512 1.47103964 15.07173573
181200 -0.53841979 1.44432729 12.91520780
181300 -0.66942751 1.24889942 18.49997024
181400 -0.79407604 1.70395345 18.26306222
181500 -0.47208760 1.37265689 12.11684407
181600 -0.27498906 1.42689074 7.69978401
181700 -0.58575189 1.52407780 13.41591654
181800 -0.64244553 1.71449672 13.95953077
181900 -0.76515175 1.56667377 18.00236609
182000 -0.79550758 1.65373459 18.47084265
182100 -0.35641115 1.23763844 11.43729770
182200 -0.46972166 1.38169718 11.96691887
182300 -0.45456431 1.33066727 12.21539148
182400 -0.46569373 1.36865060 12.02036007
182500 -0.41665375 1.52934604 9.52653846
182600 -0.61852335 1.48957717 14.50663832
182700 -0.24608934 1.21596330 9.79166025
182800 -0.27149163 1.33799079 8.59029422
182900 -0.77378021 1.67056551 17.75971957
183000 -0.71771326 1.69981113 16.04848486
183100 -0.46650867 1.42607677 11.44580614
183200 -0.53085305 1.51824012 12.12910376
183300 -0.57532979 1.35505881 14.72307861
183400 -0.41024133 1.21602886 12.81996942
183500 -0.65417897 1.57790717 14.82929958
183600 -0.38082658 1.31791878 10.84438258
183700 -0.30966687 1.29429892 9.79835016
183800 -0.43200427 1.48000855 10.22331923
183900 -0.81864575 1.59820159 19.43036167
184000 -0.30436095 1.23784789 10.47087000
184100 -0.74717719 1.69091430 16.91550572
184200 -0.33178822 1.22671065 11.13095282
184300 -0.50952178 1.26604071 14.26765022
184400 -0.40165241 1.33940647 11.00297370
184500 -0.33677082 1.20294332 11.57730596
184600 -0.49746580 1.47840340 11.66813116
184700 -0.54147795 1.51886413 12.37587974
184800 -0.32608231 1.24939992 10.70112013
184900 -0.63734193 1.52184691 14.74946643
185000 -0.50210761 1.41678919 12.33193791
185100 -0.42107535 1.31795971 11.65987359
185200 -0.26784278 1.34138780 8.48835295
185300 -0.72542433 1.54114814 17.01837168
185400 -0.71483682 1.74223807 15.87311930
185500 -0.75523873 1.67328436 17.20590579
185600 -0.63324867 1.57356071 14.30339147
185700 -0.43735628 1.38039310 11.28218435
185800 -0.79210522 1.59175732 18.65858518
185900 -0.52151704 1.39914554 12.95656735
186000 -0.65737478 1.67293405 14.47594983
186100 -0.49398952 1.57489481 10.90589370
186200 -0.35291127 1.25891773 11.07156585
186300 -0.80786026 1.62384664 18.97295851
186400 -0.53562933 1.47218506 12.60417215
186500 -0.48202486 1.37591850 12.30168867
186600 -0.61854610 1.46338580 14.72560605
186700 -0.43398664 1.47676427 10.29199378
186800 -0.74522140 1.70370715 16.82293326
186900 -0.60242373 1.54690951 13.67773022
187000 -0.55888889 1.50490023 12.89789441
187100 -0.51389579 1.47090569 12.10710485
187200 -0.48707313 1.52819084 11.05195750
187300 -0.30765205 1.25339454 10.31042620
187400 -0.48697051 1.41672419 11.99027440
187500 -0.27277881 1.26912186 9.48420094
187600 -0.56741863 1.60774119 12.45319742
187700 -0.47510862 1.45022266 11.41071260
187800 -0.62689473 1.47715837 14.82417783
187900 -0.46843699 1.21080156 14.13362899
188000 -0.31218118 1.27186376 10.13920338
188100 -0.30381688 1.36691913 8.82318995
188200 -0.43980345 1.38579904 11.27640449
188300 -0.34697279 1.23012958 11.36571899
188400 -0.39247107 1.27508852 11.62612640
188500 -0.41857288 1.25803393 12.38999444
188600 -0.70806040 1.65103803 15.94159951
188700 -0.41808364 1.40118495 10.66065314
188800 -0.27957265 1.19311780 10.70067603
188900 -0.66945726 1.60826842 15.07404519
189000 -0.71155796 1.71268935 15.84202032
189100 -0.52254413 1.51425698 11.96378120
189200 -0.65840776 1.55834974 15.06028754
189300 -0.48536910 1.43283404 11.79924984
189400 -0.64141401 1.62557030 14.24357160
189500 -0.33500766 1.26170652 10.69577700
189600 -0.51853008 1.54878477 11.63001885
189700 -0.34402500 1.29043298 10.48129481
189800 -0.34990730 1.23520417 11.34811703
189900 -0.71769048 1.64376474 16.24149982
190000 -0.55013389 1.46361843 13.02296599
190100 -0.30006760 1.34014306 9.06201917
190200 -0.74110727 1.53327973 17.52027563
190300 -0.30115613 1.33456697 9.14724517
190400 -0.67309847 1.66878587 14.91304646
190500 -0.67499225 1.62355026 15.14964605
190600 -0.40891274 1.13434813 14.08904407
190700 -0.38968516 1.35473747 10.58450412
190800 -0.63548414 1.51650579 14.73969926
190900 -0.78615230 1.50823658 19.02301867
191000 -0.40823780 1.24832030 12.31246469
191100 -0.35427841 1.33889003 10.07582610
191200 -0.64682869 1.39760047 16.08700311
191300 -0.60613976 1.50859794 14.04229015
191400 -0.38145264 1.27673795 11.38457130
191500 -0.33601472 1.21456286 11.38854189
191600 -0.64891401 1.58770768 14.63390942
191700 -0.35877023 1.38050577 9.69341210
191800 -0.66702781 1.64436002 14.84281884
191900 -0.55638010 1.50362676 12.84693823
192000 -0.45412451 1.60949043 9.83644066
192100 -0.46849541 1.44324686 11.32827557
192200 -0.69627241 1.64016771 15.65852061
192300 -0.50000742 1.33789504 13.13745754
192400 -0.65200053 1.49819861 15.31331530
192500 -0.75978055 1.64531407 17.44384980
192600 -0.33235144 1.27810923 10.42491823
192700 -0.70758047 1.54985847 16.45824646
192800 -0.45154433 1.40199072 11.35912771
192900 -0.55445062 1.59167770 12.22287033
193000 -0.42527788 1.26040414 12.49680933
193100 -0.59523899 1.73235827 12.70667083
193200 -0.67241519 1.70304590 14.78827272
193300 -0.52491943 1.51683596 12.00024366
193400 -0.63175507 1.65782736 13.85512683
193500 -0.72352557 1.66099970 16.33851629
193600 -0.73165897 1.66858798 16.54228197
193700 -0.43994551 1.37291296 11.41815563
193800 -0.70758862 1.77820731 15.62518865
193900 -0.36125690 1.27965826 10.95124450
194000 -0.64727915 1.48511638 15.29235701
194100 -0.49201661 1.39063687 12.36874256
194200 -0.39392925 1.32218507 11.05332041
194300 -0.51597692 1.37557462 13.07698337
194400 -0.41220046 1.36853942 10.88626304
194500 -0.45773002 1.46508427 10.89902815
194600 -0.23544824 1.20427481 9.79383043
194700 -0.33082311 1.35317416 9.46885907
194800 -0.49448165 1.36164308 12.73888722
194900 -0.32669512 1.26605007 10.48251518
195000 -0.36981696 1.36798226 10.04367714
195100 -0.57198954 1.41755201 13.97898604
195200 -0.54843712 1.42574007 13.32821750
195300 -0.30217460 1.22485880 10.61978601
195400 -0.61486076 1.69601783 13.29164382
195500 -0.42691147 1.43200034 10.54130695
195600 -0.46081730 1.53002066 10.45888999
195700 -0.77294559 1.71112464 17.61420743
195800 -0.39302861 1.30362337 11.26590291
195900 -0.80409244 1.62482423 18.85388164
196000 -0.77633703 1.70859708 17.72097637
196100 -0.69811634 1.62338656 15.78432991
196200 -0.48097951 1.37579856 12.27969231
196300 -0.58844790 1.50378829 13.63329781
196400 -0.32003932 1.25367211 10.53072664
196500 -0.34055804 1.22659255 11.29627029
196600 -0.29934210 1.20549055 10.85747362
196700 -0.64228511 1.59411261 14.42389159
196800 -0.75464956 1.63288243 17.34724028
196900 -0.63545264 1.60613226 14.18166600
197000 -0.45457220 1.38209643 11.63233180
197100 -0.53293154 1.49097915 12.38617737
197200 -0.57976355 1.53084754 13.21947489
197300 -0.28340246 1.24532243 9.99584652
197400 -0.73262893 1.56835262 17.04992922
197500 -0.74060374 1.64010820 16.90940252
197600 -0.83992307 1.61554261 20.00151701
197700 -0.58468047 1.59735162 12.93260711
197800 -0.26723880 1.43971690 7.44702456
197900 -0.71302880 1.72814276 15.84867866
198000 -0.80289546 1.66296128 18.65919731
198100 -0.81019167 1.67145189 18.85079121
198200 -0.31953263 1.24942491 10.58077848
198300 -0.86449496 1.54934791 21.15346159
198400 -0.25687410 1.18107736 10.50330945
198500 -0.37478553 1.20512172 12.27207590
198600 -0.74655863 1.70975993 16.84594923
198700 -0.64414703 1.54945587 14.73886505
198800 -0.58716693 1.44383573 14.10522701
198900 -0.64740351 1.52859782 14.96611726
199000 -0.33309933 1.25777387 10.71437889
199100 -0.74540963 1.63083335 17.08840140
199200 -0.42643496 1.25583638 12.58400949
199300 -0.61004940 1.48299358 14.34292476
199400 -0.72426302 1.68229735 16.28575701
199500 -0.57808923 1.60113335 12.74932007
199600 -0.76695641 1.74219635 17.37279656
199700 -0.74569730 1.58871611 17.30753498
199800 -0.48771525 1.57059559 10.79008935
199900 -0.74985209 1.64955938 17.13747588
