0 -0.38482412 -0.38094791 0.29664484
100 -0.39136154 -0.19513721 21.02169228
200 -0.35405900 -0.28177646 8.04369082
300 -0.38165896 -0.20796872 18.60620299
400 -0.35065466 -0.25022595 12.43361494
500 -0.33225924 -0.27830461 9.69928959
600 -0.41184072 -0.27529268 7.84605873
700 -0.37206106 -0.28478136 7.02796010
800 -0.30956549 -0.24949900 15.41447643
900 -0.32834462 -0.23812987 15.66821564
1000 -0.42218224 -0.26155383 9.82969689
1100 -0.39529356 -0.28349512 6.79776869
1200 -0.34863158 -0.23785435 14.46496330
1300 -0.34329571 -0.27704518 9.16663185
1400 -0.28866097 -0.27357224 14.19017888
1500 -0.29663514 -0.24348519 17.59058997
1600 -0.41417448 -0.28626085 6.56875491
1700 -0.41963429 -0.31511290 3.79566256
1800 -0.32153743 -0.21128643 20.88459380
1900 -0.37681360 -0.29487964 5.79394959
2000 -0.35950517 -0.22863504 15.50288984
2100 -0.38767503 -0.26734354 8.87482103
2200 -0.35032331 -0.30491780 5.75419909
2300 -0.39357490 -0.25767907 10.14826397
2400 -0.37749686 -0.29429907 5.83953845
2500 -0.41007952 -0.23836838 13.11318881
2600 -0.32605829 -0.28394535 9.46802897
2700 -0.44528862 -0.30622170 5.42271433
2800 -0.33507059 -0.26487223 11.23767091
2900 -0.41072075 -0.27509274 7.85837953
3000 -0.40059067 -0.27181111 8.21637065
3100 -0.31978753 -0.28644394 9.66450928
3200 -0.37329317 -0.28700997 6.74000113
3300 -0.36003373 -0.22264282 16.52643509
3400 -0.38430244 -0.24750089 11.75119663
3500 -0.34559098 -0.32206278 4.51727559
3600 -0.35533983 -0.27200024 9.18923520
3700 -0.36175151 -0.23319199 14.64392883
3800 -0.39685640 -0.30138638 4.86726376
3900 -0.33887930 -0.31318755 5.63607041
4000 -0.34304425 -0.22460386 17.00388254
4100 -0.35372667 -0.21903632 17.44453646
4200 -0.35329354 -0.29947087 6.14379946
4300 -0.33059432 -0.27118281 10.70550809
4400 -0.37606860 -0.33434278 2.44179146
4500 -0.32327190 -0.27295345 11.01401405
4600 -0.36550738 -0.23032685 14.98935977
4700 -0.35018120 -0.34893244 2.54490418
4800 -0.36125238 -0.30046492 5.70430541
4900 -0.35167520 -0.25312614 11.95360850
5000 -0.36517063 -0.25590003 10.98894349
5100 -0.37725521 -0.24243429 12.67213972
5200 -0.36965881 -0.27201439 8.65045245
5300 -0.42028788 -0.29546770 5.66930004
5400 -0.38690511 -0.23170075 14.24805598
5500 -0.39418897 -0.26577499 9.02506091
5600 -0.31708579 -0.21753182 20.08470099
5700 -0.39021463 -0.29819488 5.23001803
5800 -0.35809660 -0.24397137 13.05041382
5900 -0.33755899 -0.25274176 12.79193419
6000 -0.32989659 -0.26037305 12.20508610
6100 -0.34681354 -0.28663187 7.84056628
6200 -0.36392611 -0.30502979 5.16033302
6300 -0.41042395 -0.38078240 0.23898757
6400 -0.39106142 -0.23125842 14.27680956
6500 -0.38658973 -0.25287810 10.91234374
6600 -0.37782763 -0.29159349 6.12179244
6700 -0.32034085 -0.21783661 19.76454057
6800 -0.36273839 -0.23102339 14.97076097
6900 -0.40628692 -0.27579335 7.73340911
7000 -0.33666230 -0.26336210 11.34079030
7100 -0.40715289 -0.28081126 7.12856036
7200 -0.39950145 -0.30535501 4.47896154
7300 -0.37853168 -0.29205791 6.05619164
7400 -0.35401499 -0.21597858 17.98925106
7500 -0.38241097 -0.24692687 11.87037884
7600 -0.32963825 -0.21632127 19.34432699
7700 -0.37089268 -0.26035038 10.17462652
7800 -0.34227542 -0.28831363 7.90298636
7900 -0.38538985 -0.29432999 5.68980367
8000 -0.40219307 -0.26099563 9.66351153
8100 -0.40914297 -0.27788495 7.49783927
8200 -0.36099679 -0.24125095 13.36125537
8300 -0.35948669 -0.30273872 5.55054228
8400 -0.31201981 -0.23390096 17.66470344
8500 -0.33768145 -0.23878487 14.93696028
8600 -0.36559389 -0.21359254 17.96576142
8700 -0.36519905 -0.29197292 6.44047807
8800 -0.38332616 -0.24596036 12.00311365
8900 -0.37095654 -0.29318455 6.12653153
9000 -0.33568615 -0.22604538 17.19824136
9100 -0.40692597 -0.29164726 5.89414300
9200 -0.35307814 -0.28697464 7.48819590
9300 -0.38644853 -0.33602912 2.13795779
9400 -0.37871063 -0.22744904 15.11353548
9500 -0.35005839 -0.22375033 16.77905481
9600 -0.32320875 -0.19955264 23.03801978
9700 -0.33213012 -0.23397733 16.08492372
9800 -0.36048696 -0.28394521 7.51499735
9900 -0.36680341 -0.27936387 7.82754440
10000 -0.38042960 -0.27610080 7.86700608
10100 -0.38604703 -0.28707053 6.47387534
10200 -0.32653136 -0.27913204 10.00335271
10300 -0.32569572 -0.26920019 11.31485794
10400 -0.35479995 -0.24975929 12.30765765
10500 -0.28592563 -0.24021899 19.27146548
10600 -0.39859719 -0.34040904 1.77652527
10700 -0.39489249 -0.28548402 6.56999830
10800 -0.40205999 -0.26158625 9.58130550
10900 -0.36014580 -0.26801726 9.50390041
11000 -0.35402389 -0.30153377 5.90470081
11100 -0.34437501 -0.24137772 14.12758349
11200 -0.35018612 -0.28073342 8.35296965
11300 -0.33788685 -0.25467383 12.48886931
11400 -0.35154654 -0.26725967 9.98386702
11500 -0.29596996 -0.23831051 18.48287108
11600 -0.36367200 -0.24812203 12.19332016
11700 -0.39253537 -0.29915191 5.11302928
11800 -0.36207669 -0.24615546 12.55316054
11900 -0.37762607 -0.22542038 15.48931886
12000 -0.34997706 -0.28012452 8.43621307
12100 -0.40540742 -0.24588045 11.89103807
12200 -0.37491549 -0.27299840 8.37931986
12300 -0.36258021 -0.29273193 6.45333994
12400 -0.30221067 -0.29683487 10.10289860
12500 -0.30617032 -0.30735837 8.69324075
12600 -0.33941399 -0.30014050 6.82129235
12700 -0.39345272 -0.27171254 8.25026975
12800 -0.38815819 -0.24135843 12.65368793
12900 -0.40176819 -0.34130275 1.72424664
13000 -0.36065473 -0.27988709 7.98758102
13100 -0.39930003 -0.30683032 4.34053997
13200 -0.32866163 -0.22648901 17.59761349
13300 -0.34719401 -0.25672690 11.65782666
13400 -0.34325039 -0.24062494 14.31046396
13500 -0.38990069 -0.26893620 8.63985832
13600 -0.35048292 -0.25069604 12.37180674
13700 -0.32915359 -0.29600554 7.91703067
13800 -0.41034571 -0.29429055 5.64076086
13900 -0.36363737 -0.32547420 3.43816812
14000 -0.35525275 -0.26488504 10.12918484
14100 -0.34946109 -0.24438143 13.38565999
14200 -0.39645376 -0.22439656 15.42457199
14300 -0.37927514 -0.27635381 7.85895050
14400 -0.39237132 -0.26433036 9.23222366
14500 -0.32346495 -0.27880892 10.27244638
14600 -0.37596284 -0.23119534 14.53639925
14700 -0.37392032 -0.23659892 13.69003167
14800 -0.34460663 -0.25942814 11.41443704
14900 -0.37969301 -0.28537241 6.77592903
15000 -0.37950337 -0.27807891 7.64243204
15100 -0.38505433 -0.23621622 13.52424973
15200 -0.45143308 -0.22338337 16.91939746
15300 -0.35861899 -0.34341232 2.45727677
15400 -0.39424772 -0.25303977 10.81519919
15500 -0.32742510 -0.29067703 8.60931388
15600 -0.42202171 -0.36597098 0.82146502
15700 -0.32988578 -0.20301434 21.85967785
15800 -0.40072219 -0.27540290 7.76247925
15900 -0.34259691 -0.21875163 18.07304342
16000 -0.34310194 -0.24129004 14.21312018
16100 -0.33840829 -0.24831076 13.40158199
16200 -0.36740352 -0.27939447 7.80411257
16300 -0.36217622 -0.25395288 11.38019931
16400 -0.36921006 -0.22560749 15.68038355
16500 -0.40786875 -0.27393619 7.97700109
16600 -0.32666621 -0.18304565 26.22351712
16700 -0.31481035 -0.24874997 15.06692451
16800 -0.36530953 -0.26155413 10.18534375
16900 -0.35341924 -0.30368084 5.72357364
17000 -0.39599506 -0.32911926 2.52005975
17100 -0.36839092 -0.20775696 18.97825956
17200 -0.33201537 -0.29725391 7.58933432
17300 -0.34200258 -0.29016163 7.71408426
17400 -0.35872064 -0.22899532 15.47329203
17500 -0.38874375 -0.28732151 6.41157238
17600 -0.41803269 -0.21985635 16.38845712
17700 -0.34551873 -0.21123026 19.30111099
17800 -0.39057932 -0.26826049 8.72202400
17900 -0.34080390 -0.27511883 9.54974199
18000 -0.38255547 -0.19617882 20.92369167
18100 -0.37685111 -0.22464842 15.64202316
18200 -0.35630272 -0.21803371 17.51059173
18300 -0.36675077 -0.21325204 17.99015595
18400 -0.37874104 -0.28247167 7.13242586
18500 -0.34709317 -0.30785365 5.64504148
18600 -0.38228744 -0.24890165 11.57222283
18700 -0.39497996 -0.27145146 8.27496367
18800 -0.33801515 -0.17184783 27.94776710
18900 -0.33303130 -0.30449620 6.80289166
19000 -0.40089941 -0.28046352 7.14488997
19100 -0.36045204 -0.29803598 5.98035133
19200 -0.33608089 -0.23989989 14.85884880
19300 -0.39010169 -0.28172473 7.04350784
19400 -0.33535860 -0.27943661 9.35702052
19500 -0.38653218 -0.24206137 12.56299677
19600 -0.37872825 -0.24659431 11.99289692
19700 -0.35434139 -0.26662255 9.93712695
19800 -0.36603483 -0.32387062 3.47465751
19900 -0.33121305 -0.24154945 14.91911131
20000 -0.35991606 -0.30354997 5.45466545
20100 -0.35103937 -0.23957531 14.06661286
20200 -0.32761823 -0.29329763 8.31225805
20300 -0.36907005 -0.25877640 10.45038410
20400 -0.39985181 -0.29696857 5.30774866
20500 -0.36255651 -0.26815795 9.39217014
20600 -0.40165107 -0.30517591 4.49716715
20700 -0.36421224 -0.30499799 5.15307292
20800 -0.38499318 -0.26825668 8.79075411
20900 -0.35810871 -0.27869715 8.23463140
21000 -0.31469103 -0.28051024 10.77771186
21100 -0.36027497 -0.20823188 19.17654442
21200 -0.32091780 -0.30981555 7.19361432
21300 -0.37145378 -0.18263777 24.03061343
21400 -0.38705434 -0.26918040 8.64067904
21500 -0.34800924 -0.22414932 16.81325055
21600 -0.40776063 -0.22375257 15.56169258
21700 -0.36389842 -0.26387264 9.91699050
21800 -0.34823805 -0.25220922 12.26070773
21900 -0.35212235 -0.28781408 7.43897481
22000 -0.35321025 -0.25766599 11.22412518
22100 -0.37513468 -0.20813484 18.71526098
22200 -0.39516959 -0.27148404 8.26984241
22300 -0.32913444 -0.29876155 7.63557554
22400 -0.39544560 -0.29221617 5.81904846
22500 -0.33266368 -0.27758943 9.75926330
22600 -0.37268914 -0.29525429 5.85877360
22700 -0.33684454 -0.24491783 14.01954550
22800 -0.35056793 -0.28052361 8.35906896
22900 -0.32673999 -0.27662169 10.29461894
23000 -0.32673834 -0.22232242 18.46829751
23100 -0.36350279 -0.28903049 6.82313903
23200 -0.38272064 -0.28095002 7.23573742
23300 -0.42281180 -0.30347218 4.91899947
23400 -0.38902345 -0.21614364 16.96182352
23500 -0.33951213 -0.22133495 17.78999074
23600 -0.40439621 -0.24073589 12.69219235
23700 -0.34289569 -0.25715649 11.83258531
23800 -0.34426601 -0.27669630 9.15503979
23900 -0.37053694 -0.28472024 7.07874795
24000 -0.36164193 -0.23225724 14.80448744
24100 -0.38467982 -0.24636887 11.91861622
24200 -0.32143045 -0.24531290 15.05063734
24300 -0.42084533 -0.29347474 5.89107950
24400 -0.33561459 -0.30530963 6.55587404
24500 -0.37870681 -0.24817762 11.75171702
24600 -0.33974195 -0.21371080 19.16734905
24700 -0.33600646 -0.28825361 8.29121448
24800 -0.30830926 -0.20415015 23.38217740
24900 -0.34802896 -0.29502509 6.86036074
25000 -0.34774941 -0.24725733 13.03022362
25100 -0.34719575 -0.27569915 9.11949482
25200 -0.34913243 -0.26914738 9.85495944
25300 -0.33248623 -0.18624037 25.12564390
25400 -0.37168723 -0.24117241 13.01390838
25500 -0.37218205 -0.27789594 7.84161981
25600 -0.38103289 -0.32295886 3.14754433
25700 -0.38908636 -0.25312418 10.84580723
25800 -0.28980016 -0.24468755 18.13298054
25900 -0.38715462 -0.29990928 5.09157797
26000 -0.34330215 -0.22030143 17.75311047
26100 -0.40007833 -0.31634821 3.49881429
26200 -0.40940836 -0.26903329 8.62039760
26300 -0.36182918 -0.19550549 21.63750890
26400 -0.35612978 -0.25334417 11.71626399
26500 -0.37877524 -0.29935754 5.28969731
26600 -0.34202569 -0.29132436 7.58570791
26700 -0.41929378 -0.25825893 10.23139103
26800 -0.37610735 -0.26398095 9.53601996
26900 -0.34772604 -0.25178509 12.35011301
27000 -0.36688506 -0.26217102 10.04671384
27100 -0.32225983 -0.33406667 5.19536938
27200 -0.34469458 -0.19490482 22.56136076
27300 -0.34321415 -0.22129395 17.58024270
27400 -0.37778054 -0.26701585 9.08924441
27500 -0.35602023 -0.21422985 18.22238535
27600 -0.35824770 -0.23254773 14.89175904
27700 -0.33649560 -0.30191104 6.82712670
27800 -0.40472367 -0.23078011 14.32884219
27900 -0.37456760 -0.29500808 5.83505470
28000 -0.33943179 -0.27304062 9.89359546
28100 -0.29791560 -0.22891999 19.84479754
28200 -0.34301083 -0.18703903 24.30006969
28300 -0.33072317 -0.28401942 9.12538665
28400 -0.37833628 -0.22346402 15.81713467
28500 -0.43689932 -0.24375484 12.88705511
28600 -0.41593298 -0.28902693 6.28444058
28700 -0.35190511 -0.25651566 11.45043692
28800 -0.37312477 -0.30055224 5.30606806
28900 -0.37495804 -0.28816053 6.56758325
29000 -0.35503394 -0.24340543 13.27190348
29100 -0.29034138 -0.21098550 23.87574758
29200 -0.38020232 -0.29740766 5.45856763
29300 -0.40494771 -0.27908843 7.32204357
29400 -0.34846112 -0.27908397 8.63847062
29500 -0.38096136 -0.21321569 17.62542334
29600 -0.32028574 -0.23844830 16.22665784
29700 -0.37163105 -0.28607842 6.89146235
29800 -0.40476749 -0.22100218 16.03147390
29900 -0.37784283 -0.28726927 6.59957836
30000 -0.35071005 -0.23147943 15.41434110
30100 -0.34033672 -0.26131814 11.39618274
30200 -0.34828188 -0.31132525 5.26898706
30300 -0.37571763 -0.26679232 9.16695912
30400 -0.41991306 -0.30733411 4.49174821
30500 -0.36961257 -0.24855600 11.92934060
30600 -0.29487505 -0.29765422 10.76295764
30700 -0.34555148 -0.28185813 8.46107194
30800 -0.31579759 -0.21099791 21.40591835
30900 -0.33730883 -0.27977213 9.19246132
31000 -0.33827148 -0.27534402 9.67476135
31100 -0.31377665 -0.24573230 15.61649514
31200 -0.38024438 -0.24015508 12.97034161
31300 -0.33315805 -0.27029218 10.64598230
31400 -0.38364349 -0.23091290 14.42899194
31500 -0.34501372 -0.24622057 13.33580238
31600 -0.37870861 -0.33707688 2.20632122
31700 -0.34952713 -0.27133872 9.55061761
31800 -0.34378298 -0.25891983 11.53198380
31900 -0.37125543 -0.21941639 16.71834532
32000 -0.33306800 -0.24072948 14.92349486
32100 -0.32975804 -0.28036014 9.62381484
32200 -0.35568379 -0.30311244 5.67556328
32300 -0.38979877 -0.28008029 7.24240115
32400 -0.37951828 -0.21304316 17.68617969
32500 -0.31465256 -0.21264016 21.19394806
32600 -0.32862544 -0.28902132 8.70529816
32700 -0.29469000 -0.26603756 14.51806574
32800 -0.41010729 -0.22872241 14.71908456
32900 -0.38676957 -0.27734675 7.60943158
33000 -0.35069294 -0.26929431 9.75758255
33100 -0.37493682 -0.30716782 4.62298840
33200 -0.41780243 -0.31221357 4.01169170
33300 -0.44294699 -0.27952605 8.17920833
33400 -0.38731958 -0.28080719 7.18385949
33500 -0.30946798 -0.25919753 14.01069085
33600 -0.35146390 -0.24560247 13.09717463
33700 -0.42512964 -0.30177664 5.13966376
33800 -0.38189187 -0.22894399 14.79403068
33900 -0.37289634 -0.24069716 13.05600085
34000 -0.31140367 -0.24587851 15.80137247
34100 -0.36071315 -0.30929472 4.88545262
34200 -0.37683447 -0.30286389 4.98603274
34300 -0.40763193 -0.22258463 15.76722969
34400 -0.38369302 -0.23650907 13.49760124
34500 -0.35925844 -0.28602085 7.32556102
34600 -0.37991588 -0.24749849 11.83004173
34700 -0.37254800 -0.27943183 7.64514731
34800 -0.37619457 -0.27790342 7.73713649
34900 -0.33208878 -0.30783746 6.55293385
35000 -0.40511109 -0.24881350 11.44174076
35100 -0.33794508 -0.26463958 11.08662797
35200 -0.40236564 -0.30884631 4.15729600
35300 -0.34694385 -0.21130524 19.21033390
35400 -0.37774447 -0.27445116 8.12890995
35500 -0.36628456 -0.29796200 5.77424162
35600 -0.38781190 -0.24086206 12.73671712
35700 -0.35111229 -0.26055595 10.91732647
35800 -0.34691749 -0.27769103 8.88861793
35900 -0.32957907 -0.24674525 14.22306192
36000 -0.40681975 -0.24189797 12.52138047
36100 -0.33617239 -0.26751394 10.81325940
36200 -0.39050680 -0.25275251 10.88597146
36300 -0.30242858 -0.27850289 12.14086536
36400 -0.35821116 -0.21274204 18.40592543
36500 -0.36953877 -0.21129122 18.26944584
36600 -0.34506716 -0.25194549 12.46887798
36700 -0.39872535 -0.24837764 11.49548241
36800 -0.39335139 -0.29179382 5.87639035
36900 -0.40487102 -0.25371525 10.71147673
37000 -0.32187351 -0.24187764 15.55321443
37100 -0.39731257 -0.27665094 7.61110609
37200 -0.36456100 -0.28152428 7.64620976
37300 -0.42136523 -0.21336708 17.64416010
37400 -0.37595627 -0.29975296 5.31378503
37500 -0.32377165 -0.29154345 8.78679169
37600 -0.46344172 -0.24183721 14.52015975
37700 -0.33112471 -0.21071178 20.28691902
37800 -0.37992412 -0.29893010 5.30908269
37900 -0.44260294 -0.28902175 7.06559118
38000 -0.37098442 -0.26299645 9.80593882
38100 -0.42628439 -0.31399934 4.04349115
38200 -0.32917392 -0.28973051 8.58784648
38300 -0.40737929 -0.27068973 8.38780009
38400 -0.35131705 -0.18510212 24.27556404
38500 -0.36014045 -0.27018588 9.22024443
38600 -0.35468855 -0.27755531 8.52291550
38700 -0.31350131 -0.26615192 12.69866571
38800 -0.33252519 -0.25180402 13.25744985
38900 -0.38708537 -0.27340510 8.09652827
39000 -0.31889414 -0.26690877 12.14571804
39100 -0.35813459 -0.29857475 6.01989735
39200 -0.41976945 -0.26546626 9.24507863
39300 -0.40605557 -0.24876734 11.45399439
39400 -0.36162666 -0.20130438 20.47623070
39500 -0.37797931 -0.25938170 10.12920867
39600 -0.33017006 -0.21780809 19.03505729
39700 -0.38400821 -0.25829266 10.16835369
39800 -0.37542589 -0.27911940 7.60800278
39900 -0.33168630 -0.19186383 23.99371390
40000 -0.34677735 -0.21169953 19.14485855
40100 -0.37885346 -0.28037427 7.37874538
40200 -0.36188915 -0.27020192 9.14998892
40300 -0.31446131 -0.21611008 20.56618458
40400 -0.35685974 -0.32410268 3.81074265
40500 -0.32283340 -0.20198701 22.58191383
40600 -0.36194389 -0.25786344 10.82553380
40700 -0.41665150 -0.26185300 9.68093291
40800 -0.42397515 -0.23994819 13.09569466
40900 -0.38970690 -0.29224765 5.85825794
41000 -0.34975736 -0.26761954 10.02445480
41100 -0.33758956 -0.24968804 13.24437458
41200 -0.33504857 -0.24479883 14.15304612
41300 -0.34355506 -0.25275324 12.43382006
41400 -0.35224331 -0.27270236 9.24269528
41500 -0.40827347 -0.32012809 3.22398598
41600 -0.36194084 -0.31184151 4.61020968
41700 -0.39124559 -0.27946384 7.30280234
41800 -0.39819622 -0.25472542 10.55397929
41900 -0.41241369 -0.29596669 5.48851508
42000 -0.34539224 -0.22357645 17.05363860
42100 -0.33941591 -0.27227051 9.99262676
42200 -0.31618101 -0.22284362 19.20500322
42300 -0.33054171 -0.25247600 13.29389168
42400 -0.39186718 -0.26106724 9.68422770
42500 -0.31739528 -0.24869878 14.85779938
42600 -0.37448345 -0.27658745 7.94087617
42700 -0.39677380 -0.29128263 5.91493698
42800 -0.34846862 -0.30228203 6.10214236
42900 -0.28785490 -0.20862049 24.60131952
43000 -0.39191153 -0.21155074 17.78927326
43100 -0.34305408 -0.28554568 8.17131495
43200 -0.38029600 -0.28891488 6.36407624
43300 -0.34356268 -0.33352913 3.80177375
43400 -0.35694332 -0.24868273 12.37539648
43500 -0.36512839 -0.29696783 5.91582858
43600 -0.27257645 -0.25845147 18.13637357
43700 -0.34453597 -0.23933490 14.44476609
43800 -0.34163000 -0.25372736 12.40137113
43900 -0.32659383 -0.22813257 17.46343949
44000 -0.40073867 -0.26204642 9.51586754
44100 -0.34284131 -0.21527121 18.69591991
44200 -0.36010857 -0.21709483 17.52281285
44300 -0.38264656 -0.24957466 11.46446240
44400 -0.33452424 -0.31686935 5.59889066
44500 -0.32257427 -0.30016796 7.98059078
44600 -0.39901062 -0.29658499 5.34782201
44700 -0.34265416 -0.24726054 13.30894453
44800 -0.34068694 -0.28035021 8.91705537
44900 -0.37872225 -0.25024765 11.43925471
45000 -0.34740983 -0.26784865 10.11485250
45100 -0.39036619 -0.25815612 10.10624825
45200 -0.38897716 -0.21896568 16.44746410
45300 -0.36305949 -0.26583371 9.68259713
45400 -0.36795785 -0.22380882 16.03501526
45500 -0.31384611 -0.23945897 16.59795745
45600 -0.38835693 -0.22395372 15.56392679
45700 -0.35904464 -0.23719593 14.09125292
45800 -0.35252813 -0.24444368 13.22567384
45900 -0.37376416 -0.20610562 19.14167499
46000 -0.35031022 -0.26925296 9.78193102
46100 -0.36447194 -0.32527486 3.42304491
46200 -0.40846336 -0.26517160 9.12516237
46300 -0.34413012 -0.23131866 15.78741818
46400 -0.33662124 -0.28297557 8.85579231
46500 -0.34964841 -0.27338250 9.28363696
46600 -0.32147648 -0.25952862 12.94907601
46700 -0.40500156 -0.24091603 12.66636221
46800 -0.41207374 -0.22757553 14.93798703
46900 -0.38339163 -0.25292871 10.95290180
47000 -0.35186378 -0.23722525 14.40635693
47100 -0.40536958 -0.21759222 16.65071474
47200 -0.31743067 -0.18642599 26.21577632
47300 -0.37774841 -0.24749153 11.87698272
47400 -0.33543287 -0.25224883 12.99966173
47500 -0.38338127 -0.25395358 10.80286916
47600 -0.40973967 -0.32341370 2.98016089
47700 -0.37510299 -0.27549384 8.06082278
47800 -0.35265330 -0.25089753 12.23662782
47900 -0.34146980 -0.29677024 7.04108363
48000 -0.37594114 -0.28176068 7.27968276
48100 -0.36349636 -0.30010043 5.65622023
48200 -0.35485449 -0.27688254 8.59801313
48300 -0.35435305 -0.27494513 8.86118213
48400 -0.37705163 -0.27260840 8.37762373
48500 -0.32655982 -0.24525069 14.67040456
48600 -0.40634131 -0.22052266 16.12616401
48700 -0.30634166 -0.25354143 15.11099935
48800 -0.36125207 -0.26523349 9.83170686
48900 -0.39438953 -0.23315755 13.93393968
49000 -0.37634315 -0.23464296 13.95129941
49100 -0.40045115 -0.27822790 7.41432409
49200 -0.37885509 -0.33367445 2.42309312
49300 -0.42095093 -0.28909424 6.36951481
49400 -0.33592754 -0.26568388 11.07305017
49500 -0.27971869 -0.32241234 10.24371901
49600 -0.39706152 -0.31724484 3.42852558
49700 -0.35932670 -0.25533147 11.29165073
49800 -0.32604965 -0.23935783 15.63728025
49900 -0.36461874 -0.20231937 20.16473223
50000 -0.36650926 -0.24376488 12.76552170
50100 -0.29000873 -0.21376093 23.39153440
50200 -0.35027424 -0.29195284 7.07341967
50300 -0.30863988 -0.28243718 11.08384405
50400 -0.37277285 -0.30943236 4.47190752
50500 -0.31680713 -0.30037940 8.42265822
50600 -0.34209526 -0.23366260 15.51054416
50700 -0.36638023 -0.27504382 8.37216824
50800 -0.34029053 -0.22686431 16.77059400
50900 -0.32367120 -0.26635698 11.84327121
51000 -0.29294855 -0.25517257 16.21749950
51100 -0.33093595 -0.22782362 17.20727433
51200 -0.37534466 -0.28586886 6.81690098
51300 -0.36442783 -0.20140742 20.35219577
51400 -0.36228856 -0.24126577 13.30935376
51500 -0.37005721 -0.28089939 7.54076258
51600 -0.36157867 -0.30987695 4.79918092
51700 -0.42779087 -0.26677842 9.26016063
51800 -0.37449902 -0.22037991 16.45683840
51900 -0.36332812 -0.23697375 13.96119340
52000 -0.37161297 -0.27225593 8.56218537
52100 -0.32706158 -0.25988259 12.47645056
52200 -0.35472225 -0.24947981 12.35320120
52300 -0.30111293 -0.20820901 23.28121885
52400 -0.39898406 -0.30451432 4.55927387
52500 -0.35654040 -0.29843862 6.10172582
52600 -0.32811940 -0.27524121 10.36578846
52700 -0.40556351 -0.27087394 8.35224650
52800 -0.36811036 -0.26633686 9.44139231
52900 -0.41348645 -0.28530835 6.66802947
53000 -0.35500919 -0.29109897 6.94180375
53100 -0.36770145 -0.26203710 10.03847862
53200 -0.36655845 -0.24333055 12.83182671
53300 -0.34974106 -0.19363608 22.55601409
53400 -0.37913185 -0.24510194 12.21444376
53500 -0.35987048 -0.31178625 4.69602235
53600 -0.39090209 -0.29722120 5.32312653
53700 -0.27672275 -0.22936411 22.15694345
53800 -0.40422178 -0.27673110 7.60652264
53900 -0.38558193 -0.27099037 8.42568286
54000 -0.40743422 -0.23514072 13.61692409
54100 -0.34949172 -0.28466085 7.92710271
54200 -0.40349454 -0.27691996 7.58045409
54300 -0.34656243 -0.26584413 10.42668525
54400 -0.27638178 -0.22976536 22.13064767
54500 -0.33286582 -0.23663101 15.59821269
54600 -0.37393933 -0.25831176 10.37735852
54700 -0.33498289 -0.23980716 14.94448514
54800 -0.37658447 -0.31580081 3.81889521
54900 -0.36484593 -0.29243433 6.40309164
55000 -0.35980121 -0.19470393 21.88120854
55100 -0.38393597 -0.27452582 8.00091127
55200 -0.36437357 -0.30043769 5.59094801
55300 -0.37972965 -0.26764804 8.96396393
55400 -0.37792874 -0.29912134 5.33182199
55500 -0.31885892 -0.22045674 19.40982796
55600 -0.32143094 -0.29414293 8.68940791
55700 -0.31827574 -0.24862772 14.79621087
55800 -0.33356966 -0.26689850 11.06449930
55900 -0.33192570 -0.32669198 5.00408870
56000 -0.40283947 -0.25747411 10.16084556
56100 -0.37891015 -0.27375063 8.19184266
56200 -0.38613191 -0.26437478 9.29326208
56300 -0.38925019 -0.28800420 6.32930922
56400 -0.33702590 -0.21850621 18.45286664
56500 -0.22303859 -0.19882425 35.89351109
56600 -0.32760784 -0.24119827 15.22930748
56700 -0.33796857 -0.27651564 9.54814276
56800 -0.38554380 -0.26591431 9.09397732
56900 -0.33133152 -0.26928646 10.90069475
57000 -0.30903862 -0.18812333 26.58284833
57100 -0.35494333 -0.30051561 5.96362379
57200 -0.35464430 -0.23141246 15.23944874
57300 -0.35489123 -0.24562395 12.93338349
57400 -0.35617114 -0.25230369 11.86758368
57500 -0.39361256 -0.20528311 18.97773263
57600 -0.36372769 -0.31966144 3.88498261
57700 -0.39012667 -0.27354278 8.04445614
57800 -0.33416627 -0.18415401 25.46178559
57900 -0.38792811 -0.23179695 14.21899785
58000 -0.37936927 -0.26162390 9.78678531
58100 -0.36585693 -0.24835197 12.08143664
58200 -0.39322006 -0.26800777 8.73395799
58300 -0.28741879 -0.27782657 13.80043797
58400 -0.36093224 -0.19813926 21.13702418
58500 -0.27770047 -0.27480754 15.31516281
58600 -0.39524726 -0.25077549 11.14527178
58700 -0.36802612 -0.28677859 6.92070852
58800 -0.30748634 -0.27391014 12.22871488
58900 -0.37574694 -0.24494608 12.31496371
59000 -0.34637489 -0.22419943 16.89074636
59100 -0.34511777 -0.30759514 5.77535840
59200 -0.34782972 -0.25545267 11.80783394
59300 -0.36845956 -0.28150279 7.51819460
59400 -0.37339110 -0.30124437 5.23035429
59500 -0.35188096 -0.23600940 14.60417951
59600 -0.33138725 -0.24886140 13.77529285
59700 -0.36332010 -0.23921056 13.59932936
59800 -0.30947219 -0.29159689 9.97326007
59900 -0.32513748 -0.27526940 10.58105994
60000 -0.34197132 -0.23145180 15.88791142
60100 -0.40160974 -0.25241934 10.89132061
60200 -0.37974717 -0.29660404 5.55045070
60300 -0.41430976 -0.28490756 6.72551949
60400 -0.43220920 -0.28641934 6.96899980
60500 -0.32714367 -0.26433319 11.85676503
60600 -0.35862741 -0.29425196 6.44716982
60700 -0.34060287 -0.23760566 14.94997043
60800 -0.36886713 -0.28238062 7.40178640
60900 -0.36957003 -0.24382715 12.65797091
61000 -0.36710727 -0.24957254 11.85517660
61100 -0.32791935 -0.22362666 18.15158819
61200 -0.32759467 -0.27435242 10.51492344
61300 -0.36412958 -0.29671252 5.97749493
61400 -0.28179150 -0.22976426 21.47672774
61500 -0.42472322 -0.21071349 18.22030934
61600 -0.41051291 -0.27346067 8.06136120
61700 -0.37833167 -0.27678948 7.82517423
61800 -0.35980438 -0.26302712 10.18862939
61900 -0.37248264 -0.21373727 17.72550496
62000 -0.37777103 -0.25706922 10.46166753
62100 -0.33877250 -0.31152750 5.78809435
62200 -0.39488687 -0.24879829 11.44405016
62300 -0.37728318 -0.28461251 6.91516399
62400 -0.35313568 -0.27780832 8.56353542
62500 -0.38115975 -0.27511039 7.97618452
62600 -0.36600629 -0.26167119 10.14521638
62700 -0.30167966 -0.25988089 14.65012767
62800 -0.29373677 -0.27707095 13.20171306
62900 -0.38523382 -0.28646227 6.55442746
63000 -0.33998813 -0.30031290 6.76947095
63100 -0.39967102 -0.21955380 16.28046886
63200 -0.30909787 -0.24213166 16.59280398
63300 -0.31662393 -0.23082384 17.78607060
63400 -0.38097721 -0.30135712 5.04614202
63500 -0.36057065 -0.25243813 11.66458884
63600 -0.43088143 -0.29029083 6.49488276
63700 -0.39742306 -0.29199809 5.83552633
63800 -0.37920225 -0.28109466 7.28551340
63900 -0.39339588 -0.27052452 8.40375767
64000 -0.31153385 -0.24125763 16.51269955
64100 -0.37312609 -0.27723372 7.89688284
64200 -0.38328536 -0.28828392 6.37993087
64300 -0.36451081 -0.25745588 10.78915413
64400 -0.33051501 -0.27187599 10.62196251
64500 -0.39575324 -0.21753744 16.65531040
64600 -0.31356303 -0.27143395 12.00028976
64700 -0.35762439 -0.23992434 13.70995441
64800 -0.35075585 -0.27498897 9.02637221
64900 -0.37383829 -0.35033986 1.57528222
65000 -0.36694881 -0.20273055 20.00380887
65100 -0.33883801 -0.23294864 15.82347306
65200 -0.34870092 -0.23135642 15.53612616
65300 -0.37286104 -0.27812513 7.79500353
65400 -0.31665215 -0.25143105 14.50979808
65500 -0.33709953 -0.27365832 9.95934466
65600 -0.34939784 -0.20943082 19.43859493
65700 -0.39294957 -0.25069385 11.17101716
65800 -0.33147685 -0.24199073 14.83117650
65900 -0.35079589 -0.22776533 16.04291343
66000 -0.36847494 -0.27209497 8.67676265
66100 -0.34780121 -0.27362326 9.34789744
66200 -0.34101759 -0.27356831 9.73194775
66300 -0.38105211 -0.24779148 11.76322812
66400 -0.40985561 -0.29929126 5.11969162
66500 -0.32641619 -0.29361069 8.36663183
66600 -0.41011362 -0.24327655 12.33226320
66700 -0.36970625 -0.24659661 12.22515611
66800 -0.36993687 -0.29387339 6.08332445
66900 -0.31845716 -0.25312464 14.11080403
67000 -0.36105266 -0.24606194 12.60691076
67100 -0.38032839 -0.29095118 6.13930860
67200 -0.37667497 -0.25658541 10.55590115
67300 -0.37016996 -0.28810945 6.70466317
67400 -0.36153704 -0.25778308 10.85252605
67500 -0.43004535 -0.33020272 2.88719183
67600 -0.34360754 -0.27578821 9.30433919
67700 -0.38410208 -0.23616658 13.54706709
67800 -0.33985713 -0.30768297 6.06979878
67900 -0.36503438 -0.25584451 11.00169988
68000 -0.38243189 -0.22001738 16.35119034
68100 -0.33616245 -0.29745225 7.29563708
68200 -0.35331272 -0.23125504 15.32728221
68300 -0.30263294 -0.27214354 12.91380990
68400 -0.40714168 -0.25402474 10.67988931
68500 -0.33892160 -0.25111797 12.94821520
68600 -0.34033916 -0.22148139 17.71415577
68700 -0.34081183 -0.24809382 13.28936364
68800 -0.36043264 -0.31298429 4.56865468
68900 -0.34335970 -0.27537132 9.37021591
69000 -0.39697042 -0.21099559 17.86592354
69100 -0.39548366 -0.25511181 10.50649266
69200 -0.37599746 -0.20925022 18.48079933
69300 -0.36006401 -0.24978723 12.07938005
69400 -0.37814675 -0.25744289 10.40004659
69500 -0.40172098 -0.24857724 11.46590678
69600 -0.36419876 -0.26914365 9.20255696
69700 -0.37287601 -0.23395850 14.15274489
69800 -0.38281200 -0.23900573 13.10729140
69900 -0.35979046 -0.28476336 7.44814554
70000 -0.36701618 -0.23882731 13.53228447
70100 -0.34504636 -0.24072182 14.19472114
70200 -0.40004655 -0.19533712 20.94344732
70300 -0.34962125 -0.24954626 12.58717391
70400 -0.31186351 -0.22041126 20.01007840
70500 -0.36072964 -0.27043024 9.16524164
70600 -0.34821329 -0.26833852 10.00830515
70700 -0.37088287 -0.26344316 9.74778955
70800 -0.32033571 -0.18605613 26.05918879
70900 -0.38058996 -0.24784461 11.76400557
71000 -0.39452974 -0.23393281 13.80411693
71100 -0.40694362 -0.18938566 22.20330737
71200 -0.31488197 -0.19204571 25.24503266
71300 -0.35270381 -0.31516439 4.71700499
71400 -0.37563738 -0.21717020 17.01013587
71500 -0.33825969 -0.22421593 17.35595170
71600 -0.37717493 -0.22111541 16.26033942
71700 -0.37036795 -0.27143495 8.70351565
71800 -0.40009801 -0.24944865 11.33285979
71900 -0.38146935 -0.23378882 13.98477114
72000 -0.35640623 -0.27504558 8.75701238
72100 -0.33236957 -0.22150977 18.21631896
72200 -0.32254781 -0.25914512 12.91946958
72300 -0.40288753 -0.26122655 9.63320446
72400 -0.31312686 -0.26253547 13.22171943
72500 -0.36892318 -0.25955476 10.34531652
72600 -0.37902552 -0.26933146 8.75709869
72700 -0.34065156 -0.26708357 10.59450700
72800 -0.39118825 -0.28898034 6.20150575
72900 -0.35226971 -0.26332139 10.47961207
73000 -0.31812773 -0.25327195 14.11609540
73100 -0.35211061 -0.28523217 7.73252365
73200 -0.35177421 -0.29212922 6.98091556
73300 -0.37665252 -0.24861309 11.73155120
73400 -0.37483157 -0.22553408 15.53590414
73500 -0.32057199 -0.25999345 12.95532224
73600 -0.41803992 -0.29439566 5.73885734
73700 -0.35414092 -0.27218360 9.22004335
73800 -0.36476293 -0.23226135 14.68895382
73900 -0.35786333 -0.27397280 8.82917742
74000 -0.40797055 -0.26307047 9.40661250
74100 -0.34915969 -0.28685013 7.69381545
74200 -0.41370711 -0.26274746 9.51307164
74300 -0.37923822 -0.19797996 20.62157481
74400 -0.36239303 -0.24230174 13.14151208
74500 -0.37535834 -0.26950257 8.81839530
74600 -0.33888650 -0.23845194 14.91631768
74700 -0.34262829 -0.26672802 10.52646699
74800 -0.35469947 -0.33245954 3.30692626
74900 -0.37977274 -0.25453298 10.78489831
75000 -0.36020222 -0.21280056 18.31374685
75100 -0.32876995 -0.21507697 19.63512413
75200 -0.37105308 -0.23262357 14.42639660
75300 -0.34606685 -0.23351385 15.31321213
75400 -0.38629429 -0.34559003 1.57414549
75500 -0.34018908 -0.26441706 10.98003939
75600 -0.33821192 -0.30137877 6.77195696
75700 -0.33644637 -0.29232788 7.81617522
75800 -0.38343001 -0.27633499 7.78379958
75900 -0.42347805 -0.28567414 6.81081079
76000 -0.37194367 -0.26472480 9.54326872
76100 -0.31814840 -0.26957632 11.85501107
76200 -0.33982499 -0.27927497 9.09778319
76300 -0.34171058 -0.20772986 20.18273100
76400 -0.37656142 -0.23866771 13.28873755
76500 -0.40344846 -0.29014597 6.03989935
76600 -0.33916508 -0.24374724 14.05790573
76700 -0.30745429 -0.26471685 13.43311984
76800 -0.38885408 -0.20317710 19.43174218
76900 -0.36445420 -0.24189668 13.13008145
77000 -0.34295496 -0.31402193 5.32318257
77100 -0.32520673 -0.18502050 25.90510932
77200 -0.38491574 -0.29524621 5.60044572
77300 -0.38812075 -0.28065530 7.19213726
77400 -0.32613063 -0.23071800 17.05653946
77500 -0.37864224 -0.21196097 17.90741451
77600 -0.38387777 -0.19055127 22.06434735
77700 -0.33515556 -0.23002468 16.54820439
77800 -0.33877834 -0.25160044 12.88526108
77900 -0.35116617 -0.19394013 22.42270613
78000 -0.43877390 -0.22572841 15.93700132
78100 -0.35313186 -0.28206388 8.05277518
78200 -0.36825185 -0.26879479 9.11137549
78300 -0.41085698 -0.24448449 12.15147439
78400 -0.32425573 -0.25919948 12.78099065
78500 -0.32148518 -0.25333918 13.83698719
78600 -0.38030794 -0.19947010 20.30000890
78700 -0.34653651 -0.24562964 13.34427712
78800 -0.31960941 -0.21805255 19.78376090
78900 -0.35145523 -0.26469269 10.33233170
79000 -0.38145954 -0.29081419 6.13264443
79100 -0.35774084 -0.26842166 9.54934803
79200 -0.35198832 -0.27771850 8.62894377
79300 -0.37849729 -0.27035166 8.63553001
79400 -0.36377778 -0.29019759 6.68430922
79500 -0.36880701 -0.28303913 7.32642390
79600 -0.30673291 -0.25344649 15.08834083
79700 -0.33557439 -0.23193491 16.19826713
79800 -0.32912050 -0.29909475 7.60288638
79900 -0.33206638 -0.27258917 10.42424777
80000 -0.37084893 -0.30726624 4.72466779
80100 -0.36733947 -0.26768419 9.28709136
80200 -0.35617924 -0.25706429 11.17543757
80300 -0.33984897 -0.26311152 11.17830162
80400 -0.38685264 -0.26306593 9.46189620
80500 -0.30744379 -0.20243943 23.79841566
80600 -0.33982022 -0.24314356 14.11277507
80700 -0.33535274 -0.25419642 12.71897601
80800 -0.35947199 -0.26760233 9.58583119
80900 -0.39568600 -0.26777790 8.75064771
81000 -0.30657189 -0.24024846 17.12468231
81100 -0.39655952 -0.28362947 6.77696853
81200 -0.32945192 -0.22732308 17.39717515
81300 -0.40405075 -0.29529395 5.48988230
81400 -0.29776534 -0.20170912 24.88559985
81500 -0.33794415 -0.19373262 23.19857953
81600 -0.35451241 -0.24642615 12.82702343
81700 -0.40108506 -0.21265989 17.54874735
81800 -0.39821553 -0.31371937 3.72376580
81900 -0.37357000 -0.24798140 11.90409912
82000 -0.33145721 -0.28669447 8.76812841
82100 -0.33440933 -0.24154958 14.70433619
82200 -0.30806041 -0.19657465 24.91737961
82300 -0.37131695 -0.22367464 15.95667545
82400 -0.33263891 -0.22373335 17.80372397
82500 -0.34925227 -0.25808409 11.35772872
82600 -0.29215842 -0.28612489 12.29867363
82700 -0.30843116 -0.22601767 19.32735202
82800 -0.35301548 -0.24993967 12.36282421
82900 -0.34215914 -0.24828675 13.18123804
83000 -0.33395066 -0.26783477 10.91508104
83100 -0.37334605 -0.29032637 6.36936933
83200 -0.36993421 -0.25339939 11.19784544
83300 -0.44171722 -0.23231045 14.93005667
83400 -0.35001086 -0.24911366 12.63280063
83500 -0.35550840 -0.24509731 12.98717257
83600 -0.34661923 -0.22098918 17.44719057
83700 -0.37533303 -0.27417656 8.21999829
83800 -0.36787173 -0.26946337 9.03601858
83900 -0.39252836 -0.30865114 4.20021972
84000 -0.38372583 -0.25368571 10.83635973
84100 -0.43293653 -0.28202217 7.50179219
84200 -0.34539390 -0.20894066 19.74274856
84300 -0.40117175 -0.30294672 4.71035570
84400 -0.36159303 -0.25192037 11.70133603
84500 -0.35915416 -0.28618054 7.31162645
84600 -0.33655785 -0.25123965 13.07727454
84700 -0.29271588 -0.19225562 27.33380481
84800 -0.32629461 -0.22204166 18.55082760
84900 -0.38566605 -0.31159238 4.01068512
85000 -0.45225455 -0.25511987 11.86039505
85100 -0.38365682 -0.23055994 14.48851648
85200 -0.46763302 -0.30956046 6.37676799
85300 -0.33396170 -0.24032092 14.92923283
85400 -0.38119351 -0.31894802 3.46155375
85500 -0.31496120 -0.25914407 13.53599520
85600 -0.37871948 -0.24381450 12.42338580
85700 -0.32209384 -0.26794792 11.75356140
85800 -0.39079043 -0.19895992 20.25096406
85900 -0.33542258 -0.27739780 9.60077099
86000 -0.39952823 -0.25675201 10.26010401
86100 -0.35905170 -0.22352029 16.41092624
86200 -0.34178351 -0.26937810 10.22561980
86300 -0.31076629 -0.22367061 19.52735534
86400 -0.35159842 -0.24861814 12.62959053
86500 -0.36016804 -0.25094202 11.90243315
86600 -0.32457514 -0.17971756 27.10663135
86700 -0.35768240 -0.23658218 14.24808107
86800 -0.29281569 -0.25374170 16.43998270
86900 -0.36468876 -0.22341116 16.21525030
87000 -0.37530353 -0.24957588 11.61866617
87100 -0.29528967 -0.32024026 8.66293399
87200 -0.36381890 -0.32929560 3.15409197
87300 -0.36344502 -0.24219189 13.11983328
87400 -0.30803565 -0.25173927 15.21934335
87500 -0.35785272 -0.35617976 1.84830352
87600 -0.35291647 -0.23821741 14.19523299
87700 -0.40341085 -0.23317236 13.92154839
87800 -0.36574217 -0.23981236 13.41683939
87900 -0.34816760 -0.25495056 11.86296946
88000 -0.36444247 -0.25154863 11.65107374
88100 -0.31689414 -0.22899760 18.07420164
88200 -0.36986045 -0.27990678 7.66538654
88300 -0.25200680 -0.21128550 28.75757389
88400 -0.41421171 -0.28555216 6.65014062
88500 -0.35539279 -0.24737995 12.64134190
88600 -0.41106395 -0.25971665 9.90091423
88700 -0.31244804 -0.24770569 15.42945181
88800 -0.37584792 -0.26503899 9.39889900
88900 -0.36071738 -0.24123438 13.37482358
89000 -0.35298783 -0.24487824 13.13645179
89100 -0.34931604 -0.33389482 3.46937973
89200 -0.41804524 -0.25834982 10.19520160
89300 -0.39391764 -0.31450418 3.67326499
89400 -0.38341726 -0.23513794 13.72724340
89500 -0.30039662 -0.27341472 12.97233260
89600 -0.33254900 -0.22786157 17.09063728
89700 -0.35557332 -0.25716493 11.18779377
89800 -0.35644506 -0.22670972 15.96327693
89900 -0.36828716 -0.26930048 9.04403469
90000 -0.40767513 -0.23243166 14.06902883
90100 -0.34658733 -0.20567359 20.30783375
90200 -0.34834272 -0.23882030 14.32368495
90300 -0.34659300 -0.26634895 10.35745536
90400 -0.39014154 -0.25860975 10.04419623
90500 -0.31126258 -0.18730194 26.55739663
90600 -0.34695184 -0.25219231 12.33061032
90700 -0.33039850 -0.19883124 22.65661826
90800 -0.33572857 -0.26190272 11.60083770
90900 -0.36570145 -0.28016698 7.76817156
91000 -0.35562668 -0.20135858 20.71370320
91100 -0.32106948 -0.24989441 14.38085741
91200 -0.39402031 -0.24476447 12.06691347
91300 -0.37987981 -0.28918865 6.34198887
91400 -0.33457959 -0.27259095 10.25644801
91500 -0.33605530 -0.23311494 15.96977342
91600 -0.30462263 -0.26567717 13.56973302
91700 -0.30032659 -0.28540324 11.53360279
91800 -0.38160677 -0.30417032 4.76081955
91900 -0.32801658 -0.25786914 12.69139692
92000 -0.39732736 -0.29623539 5.38711885
92100 -0.40575170 -0.23218706 14.09713323
92200 -0.33200306 -0.29223640 8.11828830
92300 -0.48080658 -0.29779931 8.48734197
92400 -0.35515736 -0.19523506 21.96977092
92500 -0.35927971 -0.27304832 8.88743501
92600 -0.37467872 -0.19613521 21.10100921
92700 -0.35918663 -0.36089108 1.59761928
92800 -0.34732328 -0.30893175 5.53413125
92900 -0.38864386 -0.25238385 10.95974431
93000 -0.37347605 -0.28290140 7.20780134
93100 -0.32281823 -0.24318880 15.27338968
93200 -0.31462939 -0.25320548 14.41838630
93300 -0.38560995 -0.23920306 13.03136516
93400 -0.38012072 -0.26209963 9.70584893
93500 -0.33291522 -0.19385759 23.49753033
93600 -0.35785744 -0.25025657 12.09954487
93700 -0.36498548 -0.25679305 10.86712356
93800 -0.36492928 -0.26300932 9.99820139
93900 -0.38049286 -0.29655921 5.54026331
94000 -0.38382815 -0.22326715 15.74801480
94100 -0.40343758 -0.28456192 6.66888366
94200 -0.40427673 -0.32368991 2.92076052
94300 -0.36308304 -0.23924024 13.60328168
94400 -0.42102279 -0.30235691 4.98806513
94500 -0.32364261 -0.26926093 11.46157694
94600 -0.33336249 -0.33827228 4.12543490
94700 -0.35609537 -0.25621413 11.30099638
94800 -0.35469732 -0.30228263 5.80050852
94900 -0.40109229 -0.27967037 7.24020700
95000 -0.39881395 -0.27162818 8.24036519
95100 -0.40573341 -0.30452485 4.57418857
95200 -0.30585238 -0.31303285 8.21352966
95300 -0.37310000 -0.25923287 10.26949677
95400 -0.39507323 -0.26844176 8.66592209
95500 -0.33879748 -0.28465784 8.52478058
95600 -0.37928507 -0.26779320 8.95387305
95700 -0.34408027 -0.19853340 21.85790342
95800 -0.34009647 -0.29224886 7.59937079
95900 -0.31379988 -0.23764399 16.89496657
96000 -0.37494058 -0.23857256 13.34339596
96100 -0.25250616 -0.22060492 26.96851478
96200 -0.36453318 -0.23718914 13.88263497
96300 -0.36402121 -0.17718958 25.46947919
96400 -0.42453572 -0.30378632 4.92953717
96500 -0.35164292 -0.26037496 10.91677883
96600 -0.32406828 -0.24008079 15.66989050
96700 -0.36040182 -0.27338289 8.79995377
96800 -0.37127926 -0.29202461 6.24178280
96900 -0.37821278 -0.27206584 8.42091560
97000 -0.36392124 -0.27707154 8.20654207
97100 -0.34508584 -0.22094057 17.53892261
97200 -0.34353836 -0.25929792 11.49249607
97300 -0.41500433 -0.30349028 4.76962785
97400 -0.36339073 -0.29114373 6.59496292
97500 -0.34705322 -0.22746785 16.28535300
97600 -0.41086587 -0.30450993 4.61821038
97700 -0.36101243 -0.22837502 15.48758209
97800 -0.38361058 -0.30788429 4.37695902
97900 -0.41861767 -0.29402614 5.78853849
98000 -0.31973924 -0.31560969 6.78175712
98100 -0.41583123 -0.31001725 4.17376191
98200 -0.39198095 -0.28176042 7.02245173
98300 -0.37851333 -0.25596426 10.60398590
98400 -0.36754127 -0.26456357 9.69829814
98500 -0.36958846 -0.26777005 9.20481127
98600 -0.36359790 -0.25378269 11.35230661
98700 -0.34110202 -0.28407494 8.45379551
98800 -0.33847345 -0.24983218 13.16794547
98900 -0.37482320 -0.27281622 8.40479274
99000 -0.33993108 -0.28792973 8.08401037
99100 -0.38113401 -0.24455924 12.25887830
99200 -0.39004194 -0.25076402 11.18527052
99300 -0.42105862 -0.22810892 14.99500454
99400 -0.33832535 -0.29755009 7.14987380
99500 -0.45984592 -0.26705246 10.62829106
99600 -0.33255878 -0.24627780 14.08941670
99700 -0.35103426 -0.31868918 4.50454651
99800 -0.34768065 -0.22189728 17.22894685
99900 -0.37054985 -0.26296884 9.82242491
100000 -0.36244851 -0.33380485 2.89595619
100100 -0.37914844 -0.31883423 3.51133459
100200 -0.38661760 -0.32278198 3.07085525
100300 -0.33079152 -0.31787098 5.76749450
100400 -0.35581940 -0.27127339 9.26123278
100500 -0.30596934 -0.20945044 22.57544970
100600 -0.39611602 -0.25093570 11.11762489
100700 -0.35968566 -0.28602879 7.30734151
100800 -0.45519780 -0.29322342 7.22401748
100900 -0.38497377 -0.22530072 15.37281283
101000 -0.40468772 -0.30646075 4.38578305
101100 -0.29705134 -0.30562437 9.75259354
101200 -0.37570644 -0.25516287 10.78398524
101300 -0.33861458 -0.26921316 10.43668425
101400 -0.33189398 -0.28043673 9.46690267
101500 -0.33469236 -0.26594563 11.11783042
101600 -0.34879195 -0.22663677 16.33853727
101700 -0.35640817 -0.29258622 6.71898365
101800 -0.39386404 -0.27793633 7.46859495
101900 -0.35540967 -0.22555558 16.20957645
102000 -0.36185036 -0.31683270 4.18609715
102100 -0.33547876 -0.22507689 17.38054302
102200 -0.35191843 -0.27495502 8.97404217
102300 -0.37133597 -0.25925596 10.31525513
102400 -0.32984561 -0.22411684 17.92826181
102500 -0.35129527 -0.27309168 9.23893592
102600 -0.39340455 -0.29200672 5.85302469
102700 -0.30934787 -0.25286494 14.93326786
102800 -0.39706760 -0.30262374 4.74536731
102900 -0.34671144 -0.22601975 16.55439838
103000 -0.36564950 -0.34974228 1.85289759
103100 -0.34041210 -0.23765453 14.95338416
103200 -0.36026569 -0.18900300 23.04927452
103300 -0.39058325 -0.27177819 8.26475436
103400 -0.36551376 -0.24986470 11.86495467
103500 -0.43790455 -0.26394520 9.97383173
103600 -0.32211312 -0.19680490 23.67730679
103700 -0.34734608 -0.32483496 4.21110868
103800 -0.35497095 -0.23496953 14.63133479
103900 -0.32681915 -0.24768241 14.27804264
104000 -0.43498557 -0.23569634 14.10984131
104100 -0.33836263 -0.25972105 11.73867412
104200 -0.30936648 -0.23700685 17.39060049
104300 -0.36575513 -0.26010792 10.37125217
104400 -0.39582935 -0.23267844 14.00694921
104500 -0.36306708 -0.22602078 15.81640561
104600 -0.32793708 -0.25181574 13.57581995
104700 -0.38716514 -0.23298543 14.02930094
104800 -0.34129779 -0.24224346 14.16653770
104900 -0.35917175 -0.26902115 9.41120261
105000 -0.42023689 -0.28767222 6.51353117
105100 -0.41091868 -0.26992771 8.51900923
105200 -0.36401749 -0.24352859 12.88902249
105300 -0.32394802 -0.26693995 11.74444058
105400 -0.41333253 -0.20925896 18.27995074
105500 -0.35246330 -0.31007378 5.17323135
105600 -0.33692633 -0.20908962 20.21253142
105700 -0.39073956 -0.28579307 6.56448953
105800 -0.31037580 -0.24324123 16.30290484
105900 -0.29694634 -0.22500384 20.62185634
106000 -0.33009900 -0.26156428 12.02529969
106100 -0.32452583 -0.27456766 10.71481131
106200 -0.34705034 -0.26848405 10.05005542
106300 -0.37971158 -0.26668977 9.09161853
106400 -0.42028521 -0.22231954 15.99091752
106500 -0.39109552 -0.21135304 17.83348176
106600 -0.32889696 -0.25142686 13.56481037
106700 -0.39756439 -0.30043037 4.96002154
106800 -0.35344394 -0.23706029 14.35840793
106900 -0.36955403 -0.22132377 16.42607589
107000 -0.31269401 -0.27253581 11.93472825
107100 -0.37172181 -0.29418479 5.99825767
107200 -0.39812550 -0.27283764 8.08688961
107300 -0.35973367 -0.26361653 10.11091460
107400 -0.36380639 -0.26160503 10.23157226
107500 -0.36068675 -0.22032077 16.91507828
107600 -0.29464652 -0.25096096 16.65599623
107700 -0.31931350 -0.24921316 14.62349184
107800 -0.38728176 -0.26955567 8.58873781
107900 -0.35752787 -0.25633539 11.22170081
108000 -0.35039271 -0.28087925 8.32531871
108100 -0.39437892 -0.27449123 7.89202419
108200 -0.39124464 -0.31901040 3.31798563
108300 -0.37188113 -0.24995223 11.65250182
108400 -0.37216405 -0.28010288 7.57508015
108500 -0.35155459 -0.22748224 16.05466802
108600 -0.40396566 -0.23718869 13.26162496
108700 -0.36770360 -0.27457912 8.38672711
108800 -0.24684882 -0.23718461 24.98206887
108900 -0.38408597 -0.26858546 8.76151848
109000 -0.37800118 -0.27056215 8.61905194
109100 -0.36422177 -0.22123404 16.61867563
109200 -0.37578820 -0.33979384 2.10549663
109300 -0.36758503 -0.28881822 6.70605907
109400 -0.25286441 -0.23577821 24.30883890
109500 -0.37986764 -0.26130504 9.82080241
109600 -0.37506813 -0.28290304 7.16664769
109700 -0.36159787 -0.25500134 11.24966694
109800 -0.35764396 -0.24375969 13.10253399
109900 -0.35485481 -0.22392349 16.52051355
110000 -0.37319158 -0.26204351 9.87534239
110100 -0.31661076 -0.30109896 8.36759025
110200 -0.39209878 -0.25789861 10.12761737
110300 -0.32639616 -0.18967626 24.82679942
110400 -0.37383205 -0.27427205 8.24613925
110500 -0.34842060 -0.20703533 19.94789909
110600 -0.27932664 -0.24377997 19.48337774
110700 -0.38159959 -0.26787437 8.89787828
110800 -0.43591253 -0.27780996 8.11005806
110900 -0.42439773 -0.28672908 6.71277535
111000 -0.31578060 -0.24851649 15.02008054
111100 -0.33610625 -0.31437804 5.70676556
111200 -0.40263457 -0.28960035 6.09751129
111300 -0.34158952 -0.26060986 11.42069836
111400 -0.32589772 -0.26352343 12.05850099
111500 -0.36928089 -0.32744973 3.10360257
111600 -0.35966375 -0.27811663 8.24128478
111700 -0.36174487 -0.19252909 22.25381577
111800 -0.34754127 -0.25821641 11.42725242
111900 -0.41451933 -0.28436368 6.79128457
112000 -0.39949054 -0.28064853 7.12251700
112100 -0.38547222 -0.20415115 19.28391379
112200 -0.34272738 -0.24285798 13.98688385
112300 -0.41388806 -0.28150904 7.11649271
112400 -0.37378306 -0.31079661 4.32228627
112500 -0.40293526 -0.30906276 4.13909826
112600 -0.33838156 -0.30004469 6.89394816
112700 -0.39164207 -0.25586254 10.42273176
112800 -0.36430582 -0.25833489 10.67153926
112900 -0.32246643 -0.27555490 10.74901778
113000 -0.38130113 -0.24031377 12.92467003
113100 -0.36272237 -0.26468806 9.84947178
113200 -0.39453982 -0.24529955 11.98102173
113300 -0.31899268 -0.22466885 18.65160002
113400 -0.36507709 -0.20032332 20.54519376
113500 -0.35883082 -0.20075639 20.69645925
113600 -0.36788097 -0.33486526 2.63708322
113700 -0.34130492 -0.28567327 8.25785658
113800 -0.32628995 -0.21777735 19.31913294
113900 -0.35862139 -0.24930467 12.21063577
114000 -0.36203339 -0.30913215 4.84921431
114100 -0.37587446 -0.29123819 6.20558647
114200 -0.40888587 -0.28444791 6.71562178
114300 -0.39437182 -0.31203351 3.88488973
114400 -0.37471791 -0.29386707 5.95169120
114500 -0.40890859 -0.27675266 7.63463490
114600 -0.28864566 -0.29404694 11.81292044
114700 -0.38620411 -0.23931029 13.00575465
114800 -0.33243410 -0.22145613 18.22153301
114900 -0.34376025 -0.24311318 13.88819139
115000 -0.29669780 -0.24318669 17.63088042
115100 -0.36539174 -0.31015344 4.63506852
115200 -0.32975500 -0.23399095 16.24668208
115300 -0.41382915 -0.29499472 5.60867710
115400 -0.37460690 -0.30739937 4.60984352
115500 -0.34157783 -0.26884549 10.30732738
115600 -0.27515297 -0.28424513 14.49298490
115700 -0.37511326 -0.27203188 8.49759441
115800 -0.34929918 -0.34322129 2.89719734
115900 -0.41939793 -0.26681606 9.05712109
116000 -0.29549369 -0.24766005 17.06451508
116100 -0.30778450 -0.23468367 17.91659446
116200 -0.39694110 -0.28576633 6.52934466
116300 -0.40286756 -0.29059919 5.98838014
116400 -0.38886044 -0.29465376 5.61096001
116500 -0.38817942 -0.28785530 6.35807969
116600 -0.36621169 -0.27120240 8.86523531
116700 -0.36287280 -0.23977403 13.52539440
116800 -0.39570481 -0.25775255 10.12639241
116900 -0.34859910 -0.25629317 11.64685291
117000 -0.33379715 -0.22609581 17.31274228
117100 -0.41562548 -0.29572653 5.55855629
117200 -0.31724672 -0.21409082 20.70516400
117300 -0.28923644 -0.23567774 19.63518485
117400 -0.32000822 -0.25223121 14.11714995
117500 -0.40077929 -0.18630078 22.83398265
117600 -0.35120997 -0.26496766 10.30710034
117700 -0.37929745 -0.30395918 4.82621734
117800 -0.41463773 -0.26220020 9.60152424
117900 -0.33483260 -0.22758912 16.98615143
118000 -0.41271053 -0.29469947 5.62487991
118100 -0.30826642 -0.23123752 18.44791186
118200 -0.38267338 -0.26406430 9.38936338
118300 -0.34153561 -0.18340385 25.16598781
118400 -0.32897169 -0.23036184 16.91106401
118500 -0.33071952 -0.21371131 19.75163065
118600 -0.35656330 -0.27102846 9.26020231
118700 -0.36037133 -0.22661682 15.81607895
118800 -0.40073753 -0.30156346 4.84514803
118900 -0.36824251 -0.28929183 6.63241888
119000 -0.32187385 -0.23935155 15.95580982
119100 -0.34024308 -0.25539427 12.24085338
119200 -0.33609913 -0.26543315 11.09577875
119300 -0.31353398 -0.24266704 16.11501707
119400 -0.39616579 -0.26769911 8.75911346
119500 -0.44078723 -0.28883435 7.01070052
119600 -0.33641719 -0.18094566 26.01378963
119700 -0.34546520 -0.22032226 17.62906660
119800 -0.32526478 -0.26380998 12.06653693
119900 -0.36713250 -0.31172371 4.43648804
120000 -0.35740488 -0.22461175 16.28769183
120100 -0.35566475 -0.33457443 3.12306000
120200 -0.36225442 -0.20402735 19.91500391
120300 -0.37142577 -0.26902601 8.98533591
120400 -0.37834527 -0.30820028 4.44805783
120500 -0.32116029 -0.28404173 9.83101040
120600 -0.36951495 -0.28063621 7.58852611
120700 -0.36622898 -0.20244922 20.08339597
120800 -0.38611059 -0.29141590 5.99171107
120900 -0.37063747 -0.25990936 10.24377344
121000 -0.37670346 -0.23878923 13.26582078
121100 -0.32280492 -0.19334059 24.33359662
121200 -0.37990536 -0.29672485 5.53477597
121300 -0.35843287 -0.26345753 10.18583612
121400 -0.29381111 -0.23323766 19.54288031
121500 -0.33084078 -0.24064986 15.08773298
121600 -0.34941289 -0.23587170 14.74857769
121700 -0.34869438 -0.22852174 16.01852971
121800 -0.43786172 -0.24450691 12.80580535
121900 -0.34045484 -0.26945416 10.29392083
122000 -0.33130947 -0.25782035 12.46672082
122100 -0.34595043 -0.23702435 14.74120959
122200 -0.36348870 -0.28426471 7.36386618
122300 -0.31155604 -0.21990643 20.12801403
122400 -0.34208843 -0.28656028 8.11115965
122500 -0.35852473 -0.24079169 13.53374141
122600 -0.38944011 -0.26028458 9.81595462
122700 -0.40018612 -0.31557867 3.56349772
122800 -0.32184382 -0.21970835 19.30673280
122900 -0.46014893 -0.25805434 11.88323172
123000 -0.39717862 -0.27322397 8.04006144
123100 -0.38181513 -0.25736252 10.33806979
123200 -0.32889932 -0.26941033 11.05448454
123300 -0.35605038 -0.23712797 14.22943351
123400 -0.31174870 -0.22497418 19.21116465
123500 -0.33463629 -0.30480755 6.66700891
123600 -0.29966292 -0.21245385 22.62054483
123700 -0.40514127 -0.26384447 9.28238051
123800 -0.37533474 -0.30360697 4.94999564
123900 -0.33188652 -0.25149409 13.34672555
124000 -0.35434855 -0.31477278 4.67386678
124100 -0.35428594 -0.26205435 10.55938859
124200 -0.32926508 -0.19858714 22.78528371
124300 -0.36110925 -0.25931805 10.65195076
124400 -0.33783365 -0.22857989 16.62475477
124500 -0.34283608 -0.28591678 8.14134715
124600 -0.33500144 -0.27831305 9.51626279
124700 -0.34732787 -0.27110568 9.69404876
124800 -0.35157691 -0.21149133 18.94015666
124900 -0.35892312 -0.25234204 11.74509166
125000 -0.38827675 -0.29606928 5.46951439
125100 -0.33177961 -0.25271793 13.17301426
125200 -0.34309802 -0.23612045 15.04717113
125300 -0.39821784 -0.32349641 2.92798746
125400 -0.41512575 -0.28656580 6.54805257
125500 -0.32710775 -0.21454498 19.85342192
125600 -0.42224090 -0.27962459 7.49244894
125700 -0.32162157 -0.27298949 11.13742345
125800 -0.32081236 -0.25727074 13.32116231
125900 -0.37998844 -0.27483308 8.03360951
126000 -0.34292652 -0.25715831 11.83056580
126100 -0.41780734 -0.25677732 10.41491851
126200 -0.37561079 -0.25835795 10.32865157
126300 -0.35188495 -0.27836778 8.55472818
126400 -0.34202209 -0.26404679 10.92235647
126500 -0.37453785 -0.27852684 7.70202473
126600 -0.33270558 -0.28964129 8.35379252
126700 -0.39493722 -0.23336448 13.89651439
126800 -0.31158395 -0.25428295 14.52542764
126900 -0.38771951 -0.25126843 11.13594569
127000 -0.38643709 -0.27927969 7.37867327
127100 -0.35123971 -0.25489121 11.71706293
127200 -0.33015027 -0.26970959 10.92728818
127300 -0.38682463 -0.27473931 7.93191585
127400 -0.34327284 -0.28460271 8.26725220
127500 -0.32021642 -0.27542082 10.94269526
127600 -0.36210638 -0.26116205 10.35595142
127700 -0.38474910 -0.29090004 6.06769552
127800 -0.38231773 -0.22155023 16.07849114
127900 -0.36506447 -0.26186316 10.15113861
128000 -0.34779555 -0.23172726 15.52051028
128100 -0.33881594 -0.27207422 10.05424690
128200 -0.34399344 -0.22099470 17.58981621
128300 -0.41503238 -0.28369720 6.87615675
128400 -0.41051079 -0.29124879 5.96865139
128500 -0.31831597 -0.24699348 15.04163812
128600 -0.35691371 -0.26903711 9.50385380
128700 -0.32464240 -0.23238473 16.88682397
128800 -0.34456368 -0.24162961 14.07718255
128900 -0.32546299 -0.23162996 16.95211726
129000 -0.30841128 -0.25146886 15.22499734
129100 -0.32114496 -0.21665226 19.91725459
129200 -0.32117742 -0.26004640 12.90000443
129300 -0.36370903 -0.27852635 8.03644133
129400 -0.36473389 -0.35092838 1.82586122
129500 -0.35531238 -0.22755694 15.86679618
129600 -0.37028319 -0.31028207 4.46619826
129700 -0.33904411 -0.23760200 15.04436538
129800 -0.33605386 -0.24032316 14.79290031
129900 -0.31124267 -0.26235042 13.41263555
130000 -0.31857943 -0.30284100 8.03458943
130100 -0.35637277 -0.18831074 23.35783917
130200 -0.37682946 -0.26870226 8.88798545
130300 -0.32294037 -0.30273323 7.69950553
130400 -0.32855829 -0.22600713 17.68871805
130500 -0.38199432 -0.33370595 2.35955299
130600 -0.42386477 -0.25162752 11.29195998
130700 -0.33331091 -0.29093187 8.17164530
130800 -0.32457990 -0.21609785 19.75409634
130900 -0.42841511 -0.25865866 10.39239630
131000 -0.33442433 -0.23515522 15.73698488
131100 -0.35184791 -0.23616308 14.58058107
131200 -0.35472847 -0.34023565 2.81064453
131300 -0.36436837 -0.27530718 8.40895674
131400 -0.34211999 -0.25304482 12.47295953
131500 -0.35570427 -0.23507109 14.58182853
131600 -0.43937279 -0.28449284 7.44606007
131700 -0.38202414 -0.28772527 6.46437351
131800 -0.32345525 -0.25819657 12.98365568
131900 -0.28002801 -0.30029428 12.16725446
132000 -0.31930245 -0.23006639 17.69476408
132100 -0.43619195 -0.27624590 8.31246771
132200 -0.32512524 -0.20651868 21.52062501
132300 -0.32163141 -0.26643359 11.99081119
132400 -0.37439278 -0.24661856 12.09079758
132500 -0.31947266 -0.20218838 22.80704463
132600 -0.35753684 -0.27004638 9.34553208
132700 -0.46169596 -0.30592141 6.32858620
132800 -0.33727864 -0.24721459 13.63867499
132900 -0.42753216 -0.29810249 5.57056165
133000 -0.38330993 -0.22792129 14.94481980
133100 -0.38747025 -0.32355636 3.00031238
133200 -0.33227070 -0.25218464 13.21831923
133300 -0.39262486 -0.28336231 6.82937189
133400 -0.39854911 -0.28970033 6.08406148
133500 -0.37522725 -0.29502781 5.81642465
133600 -0.36814813 -0.30833233 4.70875223
133700 -0.42105276 -0.28737649 6.56363740
133800 -0.38570244 -0.29227295 5.90476892
133900 -0.42010743 -0.33753996 2.15278271
134000 -0.40168392 -0.31857147 3.31672053
134100 -0.30447559 -0.22624137 19.65848678
134200 -0.36299204 -0.27662846 8.29506278
134300 -0.36065840 -0.26876326 9.38542140
134400 -0.34067161 -0.27672126 9.35875253
134500 -0.36007805 -0.23083034 15.10606794
134600 -0.36988308 -0.19377277 21.71834937
134700 -0.34615219 -0.22389523 16.95623830
134800 -0.35003633 -0.27782628 8.71139325
134900 -0.37762250 -0.31162404 4.15553099
135000 -0.27849159 -0.30480578 11.91311615
135100 -0.29261015 -0.22630469 20.85132010
135200 -0.39537038 -0.26971531 8.49776751
135300 -0.36892562 -0.30409367 5.08182090
135400 -0.38376577 -0.27356396 8.12481177
135500 -0.37501779 -0.22980727 14.79483863
135600 -0.41500680 -0.25242318 11.00206061
135700 -0.40486651 -0.24458688 12.08846110
135800 -0.33479079 -0.28309961 8.95897159
135900 -0.30443658 -0.28140763 11.59825877
136000 -0.39751307 -0.33252605 2.27945913
136100 -0.36402941 -0.28469865 7.29414177
136200 -0.38870045 -0.25186881 11.03526442
136300 -0.35265833 -0.26622604 10.06835299
136400 -0.29516598 -0.19306466 26.90620384
136500 -0.37315309 -0.29672209 5.69354138
136600 -0.33072988 -0.24566313 14.30910883
136700 -0.36616193 -0.22391613 16.07527144
136800 -0.42618731 -0.28767531 6.65130508
136900 -0.35668963 -0.24428617 13.06129177
137000 -0.34750409 -0.31877334 4.67679571
137100 -0.37691979 -0.27535612 8.03439662
137200 -0.37493065 -0.19827019 20.66169499
137300 -0.35860482 -0.27835157 8.25595016
137400 -0.32755127 -0.18374461 26.00760530
137500 -0.39635074 -0.25331999 10.76417084
137600 -0.40275883 -0.25716116 10.20527202
137700 -0.32780072 -0.26826740 11.28310660
137800 -0.39188210 -0.25667882 10.30343094
137900 -0.38292503 -0.26814559 8.83857049
138000 -0.38861515 -0.22120267 16.04905071
138100 -0.38642703 -0.26107105 9.74273882
138200 -0.31572453 -0.24794878 15.11096421
138300 -0.33906769 -0.24302235 14.17736451
138400 -0.40846070 -0.29440861 5.61056290
138500 -0.30241901 -0.27482632 12.59525097
138600 -0.34637701 -0.26771714 10.18709003
138700 -0.36208588 -0.24572170 12.61963684
138800 -0.42728969 -0.31656619 3.85296434
138900 -0.35389008 -0.22787090 15.87727670
139000 -0.41264803 -0.22909281 14.68461964
139100 -0.33417014 -0.26429825 11.37426748
139200 -0.40302265 -0.28109851 7.07335074
139300 -0.41418823 -0.29395601 5.72331691
139400 -0.32403344 -0.28770577 9.19045591
139500 -0.40214764 -0.26953663 8.51265169
139600 -0.33514368 -0.23023040 16.51402953
139700 -0.35064955 -0.34995732 2.46986861
139800 -0.37290675 -0.31185670 4.25164282
139900 -0.40282478 -0.32398789 2.89291021
140000 -0.35048691 -0.27046271 9.61572781
140100 -0.38545767 -0.24628720 11.91955143
140200 -0.42007238 -0.24805206 11.74553841
140300 -0.36640816 -0.24980762 11.84308081
140400 -0.39612695 -0.27884370 7.34692533
140500 -0.31771686 -0.26138129 12.99283183
140600 -0.37004575 -0.25722079 10.64158057
140700 -0.39066157 -0.25977390 9.87528209
140800 -0.36958598 -0.27607032 8.14178916
140900 -0.35563622 -0.20505473 19.98590229
141000 -0.34336709 -0.27971017 8.83846448
141100 -0.32533361 -0.23212401 16.87870969
141200 -0.32905695 -0.24205635 14.98955585
141300 -0.35463320 -0.24821910 12.54779423
141400 -0.38400866 -0.30379555 4.75550984
141500 -0.36174309 -0.33128047 3.09298250
141600 -0.32827019 -0.22056443 18.67114473
141700 -0.31026518 -0.21058890 21.96445088
141800 -0.31303598 -0.21802731 20.33840050
141900 -0.35054086 -0.25273970 12.06590163
142000 -0.33265504 -0.27878722 9.61394093
142100 -0.34813045 -0.22216948 17.15707120
142200 -0.33240297 -0.22681316 17.28151973
142300 -0.33875217 -0.26775582 10.61991008
142400 -0.39245811 -0.26475194 9.17445843
142500 -0.36159219 -0.18849160 23.10548105
142600 -0.38756791 -0.23862454 13.09829848
142700 -0.32556137 -0.25575557 13.17378277
142800 -0.34880316 -0.31912065 4.58129299
142900 -0.39676539 -0.27563063 7.73910125
143000 -0.36267506 -0.25521142 11.17844226
143100 -0.43445168 -0.32352666 3.51754498
143200 -0.39266176 -0.24918953 11.39882340
143300 -0.35579534 -0.28306223 7.81424741
143400 -0.37013913 -0.31582948 3.98817384
143500 -0.43472383 -0.26601004 9.57952754
143600 -0.34817268 -0.24179484 13.85747205
143700 -0.37259169 -0.30780700 4.62538197
143800 -0.36517624 -0.24535971 12.56315692
143900 -0.38592397 -0.21448274 17.30739510
144000 -0.35053524 -0.26036069 10.97294974
144100 -0.41223321 -0.29776512 5.30081073
144200 -0.40113047 -0.29226612 5.80393375
144300 -0.33324559 -0.22990239 16.69467471
144400 -0.40880587 -0.26936367 8.57169683
144500 -0.40452108 -0.34117429 1.74045235
144600 -0.39097990 -0.26053504 9.76591863
144700 -0.37416233 -0.25151522 11.35765720
144800 -0.32114405 -0.25778732 13.22135366
144900 -0.32867055 -0.28263417 9.43131404
145000 -0.41643054 -0.36009469 0.93119802
145100 -0.31853192 -0.25662496 13.59672441
145200 -0.33737541 -0.28239495 8.87639385
145300 -0.38178959 -0.22718556 15.09822406
145400 -0.35963947 -0.22661161 15.84625221
145500 -0.33526451 -0.29702931 7.39682353
145600 -0.32534376 -0.24288658 15.12908980
145700 -0.36752887 -0.21644538 17.37333640
145800 -0.39280192 -0.30217197 4.81106793
145900 -0.40072187 -0.23392316 13.79101871
146000 -0.32730991 -0.29042566 8.64519224
146100 -0.34471486 -0.29316386 7.23520373
146200 -0.30535764 -0.19512197 25.46609165
146300 -0.35821323 -0.21931060 17.19739566
146400 -0.37911739 -0.20812862 18.62535392
146500 -0.35768137 -0.24987605 12.16403409
146600 -0.33379924 -0.28254439 9.08918040
146700 -0.34198444 -0.28606236 8.17379478
146800 -0.37589742 -0.32898496 2.81203535
146900 -0.33320998 -0.22370356 17.77067048
147000 -0.33712467 -0.32097670 5.09899471
147100 -0.31019967 -0.25505586 14.53645147
147200 -0.36978074 -0.27654608 8.07703646
147300 -0.38326759 -0.26540953 9.19728483
147400 -0.40533530 -0.26322461 9.36798589
147500 -0.39961446 -0.26560418 9.03119243
147600 -0.38377900 -0.22806984 14.91155084
147700 -0.38127062 -0.28087098 7.27125631
147800 -0.33888417 -0.31949426 5.10815890
147900 -0.35145898 -0.21696528 17.92896985
148000 -0.40720971 -0.24482243 12.06602973
148100 -0.34770443 -0.22872757 16.03453609
148200 -0.36251568 -0.34216387 2.37504581
148300 -0.34992561 -0.20316995 20.62475581
148400 -0.34002735 -0.25108440 12.88628734
148500 -0.32148740 -0.25861509 13.07695990
148600 -0.35383522 -0.35114195 2.25914791
148700 -0.40084766 -0.30085373 4.91535110
148800 -0.39635983 -0.29678787 5.33299737
148900 -0.29980409 -0.27700642 12.58332040
149000 -0.31348116 -0.19246892 25.27732840
149100 -0.34079864 -0.31535314 5.33494551
149200 -0.35566453 -0.33365726 3.18349662
149300 -0.31301480 -0.32853498 6.33683658
149400 -0.36914157 -0.26369291 9.76593278
149500 -0.32377540 -0.28149051 9.92734457
149600 -0.36204995 -0.23213584 14.80929171
149700 -0.37190165 -0.23619479 13.81083244
149800 -0.40147772 -0.25175184 10.98984971
149900 -0.31832422 -0.29405093 8.94806936
150000 -0.37657581 -0.24405700 12.43345668
150100 -0.33336507 -0.29521953 7.70958042
150200 -0.36404106 -0.22720123 15.57622991
150300 -0.31085168 -0.22439519 19.39223673
150400 -0.38134555 -0.30017696 5.15631378
150500 -0.34368847 -0.30046014 6.53958627
150600 -0.41737982 -0.24187841 12.65224734
150700 -0.35730419 -0.34992713 2.16511205
150800 -0.33783038 -0.26771877 10.68169263
150900 -0.36750174 -0.28059785 7.65650456
151000 -0.32880258 -0.24485001 14.57029563
151100 -0.40493699 -0.29909090 5.10350991
151200 -0.31538919 -0.24656157 15.35116936
151300 -0.36498281 -0.27851955 7.99185189
151400 -0.36886227 -0.28340202 7.28232374
151500 -0.33996659 -0.29228580 7.60317883
151600 -0.33383761 -0.28843647 8.41194142
151700 -0.36338142 -0.26526192 9.74763526
151800 -0.39674952 -0.23925942 12.92404937
151900 -0.41880641 -0.29673124 5.50905843
152000 -0.29318961 -0.25192085 16.66794798
152100 -0.39076126 -0.23139666 14.25622076
152200 -0.39302676 -0.27489721 7.84966670
152300 -0.39374017 -0.26253321 9.46815207
152400 -0.39493646 -0.28711203 6.38466710
152500 -0.42045461 -0.31250416 4.03695602
152600 -0.31772225 -0.29510990 8.88578043
152700 -0.37503138 -0.26063593 10.02288872
152800 -0.35990257 -0.27938884 8.07742744
152900 -0.40550399 -0.22148721 15.94855563
153000 -0.36596324 -0.21423749 17.83310460
153100 -0.41216472 -0.31901795 3.35303651
153200 -0.37476287 -0.25201701 11.26793930
153300 -0.36599944 -0.26124870 10.20398102
153400 -0.33858556 -0.28084122 8.98527430
153500 -0.37204425 -0.20204887 19.98308770
153600 -0.34402301 -0.23562016 15.07707736
153700 -0.40336778 -0.19822780 20.36168090
153800 -0.35772623 -0.28632236 7.35483882
153900 -0.37961220 -0.22590363 15.36260500
154000 -0.38225814 -0.26218820 9.65343318
154100 -0.32024557 -0.24578377 15.07170680
154200 -0.41526725 -0.31371692 3.83892985
154300 -0.36130158 -0.28060442 7.87643614
154400 -0.33233088 -0.28480587 8.92439905
154500 -0.44492201 -0.25682132 11.25906038
154600 -0.42111735 -0.24607041 12.07013125
154700 -0.39694131 -0.24176163 12.52436840
154800 -0.38761615 -0.29620762 5.46310897
154900 -0.36434718 -0.28070409 7.75131929
155000 -0.36871920 -0.24207156 12.95994072
155100 -0.37542524 -0.28053307 7.43813330
155200 -0.41333608 -0.24407142 12.24578613
155300 -0.30991527 -0.30688723 8.39262296
155400 -0.34451869 -0.22630663 16.62378159
155500 -0.28145580 -0.24265852 19.40453487
155600 -0.34696382 -0.28125232 8.45692368
155700 -0.32001225 -0.23417513 16.94796368
155800 -0.30281379 -0.27563012 12.45651307
155900 -0.38765265 -0.27140606 8.34442949
156000 -0.40205497 -0.22597003 15.14532620
156100 -0.31431375 -0.24927781 15.02965564
156200 -0.39910872 -0.26865548 8.62608836
156300 -0.38675908 -0.26737942 8.88177037
156400 -0.36050563 -0.32335232 3.71733555
156500 -0.32892135 -0.20582235 21.37856741
156600 -0.45487886 -0.27827316 8.91455599
156700 -0.39333825 -0.23647917 13.39172063
156800 -0.34754069 -0.24897924 12.77962374
156900 -0.35487883 -0.22336742 16.61749485
157000 -0.37675149 -0.24468142 12.33217669
157100 -0.35489300 -0.25403324 11.67046820
157200 -0.35759157 -0.30844875 5.09005341
157300 -0.36981025 -0.30279767 5.17985743
157400 -0.36398721 -0.24272477 13.01621024
157500 -0.25178724 -0.20889833 29.24343535
157600 -0.36264639 -0.27522555 8.48197782
157700 -0.34576372 -0.32818885 4.04920716
157800 -0.32942308 -0.29171222 8.35367292
157900 -0.37986203 -0.21834900 16.70131199
158000 -0.39182491 -0.30074671 4.95902430
158100 -0.37910004 -0.26481463 9.35594614
158200 -0.35212474 -0.25746832 11.30366010
158300 -0.28452162 -0.22488681 21.99994303
158400 -0.30705482 -0.21387328 21.64098076
158500 -0.41808864 -0.20870151 18.46115604
158600 -0.41838919 -0.29134870 6.07163312
158700 -0.34408543 -0.27391661 9.51173083
158800 -0.37665762 -0.25256007 11.14170002
158900 -0.34030444 -0.27357628 9.77325824
159000 -0.32114067 -0.28937972 9.22782003
159100 -0.39567836 -0.28713564 6.37852045
159200 -0.38780223 -0.26568611 9.09450298
159300 -0.37212639 -0.27092758 8.71831317
159400 -0.32596499 -0.29293068 8.47251132
159500 -0.30897003 -0.27042731 12.53776854
159600 -0.37061692 -0.31567809 3.98677528
159700 -0.31691086 -0.23464258 17.12344154
159800 -0.38373186 -0.30735203 4.42414953
159900 -0.33442813 -0.23752286 15.34924556
160000 -0.38567632 -0.21533948 17.15233825
160100 -0.44458452 -0.32635797 3.70546401
160200 -0.36160252 -0.26715239 9.56142615
160300 -0.40825889 -0.25622695 10.36944930
160400 -0.37743177 -0.29452712 5.81692701
160500 -0.37405429 -0.27193368 8.53708090
160600 -0.30910054 -0.26200224 13.65304657
160700 -0.33542692 -0.28811883 8.34353901
160800 -0.37199780 -0.27089716 8.72583271
160900 -0.38208642 -0.26415262 9.38770341
161000 -0.35608750 -0.18953997 23.11086478
161100 -0.31928316 -0.30379643 7.88516797
161200 -0.37082668 -0.26520835 9.50993604
161300 -0.39095782 -0.29157322 5.91906399
161400 -0.33913577 -0.28358185 8.62882004
161500 -0.34372199 -0.23097969 15.86753942
161600 -0.31779801 -0.24924522 14.74208522
161700 -0.37456119 -0.25788822 10.42144619
161800 -0.38920634 -0.28478821 6.69512993
161900 -0.34107273 -0.25106569 12.82692554
162000 -0.35595065 -0.25850675 10.98034288
162100 -0.38796845 -0.30564751 4.52357536
162200 -0.38330636 -0.24121488 12.74569594
162300 -0.39997677 -0.23665467 13.34084873
162400 -0.31968640 -0.28780591 9.51889433
162500 -0.29793405 -0.25037411 16.40268267
162600 -0.37508080 -0.30030333 5.28019672
162700 -0.36110792 -0.25555494 11.18848463
162800 -0.40826670 -0.28260895 6.92449840
162900 -0.39534083 -0.27724253 7.54555261
163000 -0.34654586 -0.33452270 3.57231066
163100 -0.26578668 -0.20692953 27.64471126
163200 -0.39224568 -0.26810519 8.72818541
163300 -0.37464800 -0.29873783 5.44837574
163400 -0.35424718 -0.22537478 16.29364350
163500 -0.39945258 -0.22883996 14.64802972
163600 -0.31500446 -0.19817952 23.97787380
163700 -0.32888101 -0.29459093 8.08449115
163800 -0.37511667 -0.32833618 2.87744159
163900 -0.39143178 -0.26458385 9.20547432
164000 -0.32137330 -0.24705804 14.78670113
164100 -0.36218238 -0.24622839 12.53793985
164200 -0.47004306 -0.27562674 10.18736859
164300 -0.33321845 -0.30656759 6.59469547
164400 -0.37125229 -0.28572349 6.94277590
164500 -0.35577119 -0.23461646 14.65395144
164600 -0.35528171 -0.25819405 11.05432664
164700 -0.33954705 -0.26510354 10.92580646
164800 -0.38384141 -0.33650795 2.14617017
164900 -0.32203659 -0.20990742 21.10674072
165000 -0.32870737 -0.25667918 12.81174833
165100 -0.41091564 -0.32669451 2.74642306
165200 -0.36693622 -0.30726174 4.84679918
165300 -0.32276272 -0.25562985 13.40416928
165400 -0.39343994 -0.28980869 6.09257963
165500 -0.31272831 -0.22277173 19.51310279
165600 -0.37978180 -0.29222729 6.01186644
165700 -0.37663993 -0.28366767 7.03945220
165800 -0.34582512 -0.26632696 10.40169929
165900 -0.36452475 -0.37165154 1.03106441
166000 -0.40816051 -0.22235866 15.81151993
166100 -0.36491826 -0.23320841 14.52508215
166200 -0.31378695 -0.28017325 10.89557034
166300 -0.35290869 -0.38136371 1.28245142
166400 -0.29469586 -0.28238601 12.46100603
166500 -0.37093453 -0.29254857 6.19530575
166600 -0.38223537 -0.24477874 12.20461125
166700 -0.36835981 -0.25831777 10.53747786
166800 -0.40130495 -0.30688583 4.33597540
166900 -0.35115125 -0.27812187 8.62023988
167000 -0.38029768 -0.26918611 8.75022732
167100 -0.32771570 -0.26085838 12.29270460
167200 -0.34249223 -0.24987526 12.92229001
167300 -0.39649941 -0.27268902 8.11016978
167400 -0.34530735 -0.32842912 4.05683789
167500 -0.36255782 -0.25231107 11.60696856
167600 -0.28544396 -0.24723843 18.22959085
167700 -0.39515660 -0.25907006 9.94235359
167800 -0.36945504 -0.27391171 8.41562573
167900 -0.37139696 -0.32645797 3.11328190
168000 -0.33949202 -0.29531332 7.31025852
168100 -0.34439542 -0.24464907 13.61289135
168200 -0.43431162 -0.29114259 6.51361119
168300 -0.41163157 -0.31257912 3.88885200
168400 -0.42165220 -0.23654688 13.59286966
168500 -0.39884191 -0.31575476 3.54930115
168600 -0.34060790 -0.26584042 10.76310710
168700 -0.32540484 -0.15855685 31.92961563
168800 -0.37651377 -0.24070796 12.96277838
168900 -0.36545071 -0.30243543 5.35624965
169000 -0.36142062 -0.27287632 8.82439915
169100 -0.38072240 -0.27594480 7.88065862
169200 -0.36265735 -0.31847395 4.02048463
169300 -0.36133127 -0.22265506 16.47324940
169400 -0.35571442 -0.26310009 10.35139811
169500 -0.35170091 -0.24012369 13.94661764
169600 -0.36589129 -0.27829578 7.98766039
169700 -0.37485195 -0.28069019 7.43362730
169800 -0.39771315 -0.31916319 3.26990975
169900 -0.40683053 -0.24971296 11.31642490
170000 -0.39029809 -0.26744936 8.83189943
170100 -0.39385992 -0.26798563 8.73274695
170200 -0.33011294 -0.23765285 15.62039907
170300 -0.36504970 -0.29559016 6.06146935
170400 -0.40449857 -0.26692708 8.86432019
170500 -0.36075604 -0.29070788 6.74242747
170600 -0.32858548 -0.24821782 14.06893156
170700 -0.36398038 -0.23875642 13.64845203
170800 -0.36759954 -0.25032020 11.72691630
170900 -0.38700014 -0.29989133 5.09537149
171000 -0.40130949 -0.24769916 11.59863042
171100 -0.33770125 -0.27537934 9.70572157
171200 -0.35768733 -0.27369335 8.87186576
171300 -0.40837034 -0.22847703 14.74509512
171400 -0.36054774 -0.20776361 19.25565437
171500 -0.33982883 -0.28468669 8.45886441
171600 -0.34644281 -0.25037589 12.62787337
171700 -0.37427929 -0.27099410 8.65203800
171800 -0.34795621 -0.22732610 16.26241591
171900 -0.36903935 -0.27790628 7.93271912
172000 -0.29660371 -0.22831216 20.08375304
172100 -0.32060469 -0.31263486 6.96814207
172200 -0.31229091 -0.26058134 13.56522363
172300 -0.41729934 -0.25725722 10.33738484
172400 -0.35683070 -0.23027750 15.33465851
172500 -0.38472697 -0.22106234 16.12597523
172600 -0.39207428 -0.30337705 4.69940557
172700 -0.40164209 -0.24299375 12.32682950
172800 -0.36893069 -0.30577110 4.92219386
172900 -0.36307026 -0.23752121 13.88158090
173000 -0.35387375 -0.31290380 4.85668966
173100 -0.40605216 -0.30809482 4.24159498
173200 -0.36788034 -0.26300029 9.90029609
173300 -0.36977140 -0.20340326 19.78202239
173400 -0.36704595 -0.27954857 7.79725755
173500 -0.35650565 -0.24963111 12.25127994
173600 -0.34197394 -0.21943907 17.98463596
173700 -0.39524064 -0.23166140 14.18026821
173800 -0.37219315 -0.23493827 14.00929803
173900 -0.34318357 -0.24237784 14.03642537
174000 -0.37037890 -0.30296162 5.14692819
174100 -0.37293983 -0.27529389 8.14193344
174200 -0.36837570 -0.24540515 12.44983180
174300 -0.37637040 -0.31845652 3.60384829
174400 -0.33105135 -0.31621664 5.88678365
174500 -0.38128819 -0.30743404 4.45929427
174600 -0.36911486 -0.23505482 14.08040168
174700 -0.36076754 -0.27858059 8.14092932
174800 -0.38005244 -0.28269397 7.07930455
174900 -0.35262742 -0.25436714 11.72654616
175000 -0.40618317 -0.25626326 10.34924124
175100 -0.41000347 -0.25972416 9.88869041
175200 -0.36980452 -0.24004508 13.24867217
175300 -0.36669202 -0.26074478 10.25071838
175400 -0.32286561 -0.22263118 18.70470595
175500 -0.38393304 -0.25632432 10.45042376
175600 -0.38468468 -0.32519884 2.91488650
175700 -0.36316073 -0.24573086 12.57804963
175800 -0.32123742 -0.29410653 8.70848501
175900 -0.40201181 -0.20697700 18.63096213
176000 -0.41071134 -0.28897531 6.22060752
176100 -0.34340256 -0.25466642 12.16255978
176200 -0.32582114 -0.23169644 16.91429623
176300 -0.34753829 -0.19878679 21.61949429
176400 -0.36511903 -0.29826356 5.78349295
176500 -0.38567985 -0.29884532 5.21866800
176600 -0.38952179 -0.26656520 8.95731967
176700 -0.33207444 -0.22023795 18.46413785
176800 -0.37864586 -0.30580093 4.66473238
176900 -0.32780489 -0.26496653 11.72308654
177000 -0.36557184 -0.31882291 3.88750887
177100 -0.36332773 -0.22018283 16.83953473
177200 -0.38973509 -0.24152801 12.60937057
177300 -0.30603745 -0.20666878 23.10296173
177400 -0.38866997 -0.27011611 8.49909723
177500 -0.33215813 -0.20044713 22.21193246
177600 -0.40188440 -0.24520389 11.98269341
177700 -0.33211050 -0.27077256 10.65435814
177800 -0.40497265 -0.24518889 11.99560408
177900 -0.42367346 -0.29255100 6.05286037
178000 -0.40261795 -0.30132770 4.87153782
178100 -0.39485838 -0.34314570 1.62942387
178200 -0.33150976 -0.20393663 21.56587870
178300 -0.36116070 -0.27454952 8.62315756
178400 -0.34457698 -0.24110397 14.15982896
178500 -0.31184786 -0.28472743 10.52928334
178600 -0.39061748 -0.21891353 16.44017052
178700 -0.40581964 -0.28565890 6.55387786
178800 -0.34693592 -0.28857356 7.61582349
178900 -0.36589800 -0.30239843 5.34450647
179000 -0.36403652 -0.27606696 8.32638538
179100 -0.33988891 -0.28989163 7.86859773
179200 -0.33268765 -0.31736009 5.68015321
179300 -0.37758238 -0.24383424 12.44514689
179400 -0.36196996 -0.24345316 12.97659823
179500 -0.35691691 -0.26067746 10.63346094
179600 -0.36797009 -0.23313335 14.43519708
179700 -0.37879182 -0.27851539 7.60414811
179800 -0.42617038 -0.30339896 5.00832483
179900 -0.37650001 -0.32354750 3.19861729
180000 -0.35850842 -0.27779506 8.32779906
180100 -0.34722417 -0.24711444 13.07964201
180200 -0.42337093 -0.27451074 8.14687781
180300 -0.42790716 -0.30862626 4.56398540
180400 -0.34387255 -0.21252296 19.14896531
180500 -0.37191954 -0.25213384 11.32645667
180600 -0.34482475 -0.24382438 13.71756576
180700 -0.33756077 -0.27618788 9.61404895
180800 -0.33185558 -0.22657037 17.36074817
180900 -0.35436652 -0.30947234 5.13883631
181000 -0.36570563 -0.23754529 13.78381814
181100 -0.42073885 -0.29121787 6.13182563
181200 -0.29235518 -0.21972486 22.04326641
181300 -0.35237465 -0.21914022 17.48921743
181400 -0.34176084 -0.25484076 12.23150245
181500 -0.34226623 -0.28509674 8.26797377
181600 -0.39188424 -0.26253157 9.48171801
181700 -0.33022736 -0.28657660 8.86654436
181800 -0.28048390 -0.27818648 14.56131543
181900 -0.34197576 -0.22974088 16.17748978
182000 -0.35248676 -0.28439426 7.81109702
182100 -0.34480272 -0.26095951 11.18949890
182200 -0.37194017 -0.22782863 15.21516684
182300 -0.31869907 -0.28676475 9.71603161
182400 -0.32461553 -0.24855710 14.30888471
182500 -0.35510709 -0.22274523 16.71731287
182600 -0.38513551 -0.27536705 7.87716280
182700 -0.39424383 -0.26816593 8.70667744
182800 -0.29795057 -0.30965945 9.28775102
182900 -0.30991399 -0.26872403 12.67443494
183000 -0.34400341 -0.29280343 7.31336155
183100 -0.36430364 -0.22256742 16.37827566
183200 -0.28293819 -0.21927735 23.18207305
183300 -0.38532940 -0.27616963 7.77459311
183400 -0.41306158 -0.27221334 8.25001754
183500 -0.33355336 -0.25679616 12.46124750
183600 -0.38061066 -0.23633280 13.58144950
183700 -0.35361531 -0.24238384 13.49719751
183800 -0.40867899 -0.27167413 8.27142651
183900 -0.40959003 -0.21728033 16.73922260
184000 -0.39356673 -0.25711254 10.22910702
184100 -0.39186539 -0.26535896 9.09719025
184200 -0.37066026 -0.27458583 8.29476791
184300 -0.32937471 -0.26885591 11.09335148
184400 -0.36085660 -0.20197944 20.37217444
184500 -0.39629135 -0.26069110 9.71036137
184600 -0.38544398 -0.22114209 16.10101482
184700 -0.33550542 -0.24371838 14.29174770
184800 -0.37523909 -0.21463716 17.48624278
184900 -0.37375191 -0.17327985 26.04549502
185000 -0.37233598 -0.23722177 13.63102575
185100 -0.38262552 -0.25486010 10.68373213
185200 -0.35587910 -0.25233743 11.87544478
185300 -0.37064839 -0.26131820 10.04707931
185400 -0.35642687 -0.29717121 6.23618833
185500 -0.35451535 -0.24174306 13.55705571
185600 -0.35604637 -0.23991790 13.77910059
185700 -0.41347864 -0.25510738 10.58777248
185800 -0.36294744 -0.25227101 11.59837293
185900 -0.33660125 -0.28903493 8.16632431
186000 -0.35670769 -0.22828231 15.68059410
186100 -0.34632733 -0.21848862 17.91356909
186200 -0.34515629 -0.24492008 13.52880752
186300 -0.40275847 -0.27869510 7.36124350
186400 -0.40935817 -0.27766879 7.52625060
186500 -0.38562041 -0.28857725 6.31090122
186600 -0.32277484 -0.21947200 19.27704166
186700 -0.33906238 -0.30391927 6.47245002
186800 -0.36322486 -0.30296325 5.38427114
186900 -0.32977751 -0.30803761 6.69413884
187000 -0.39786008 -0.20764219 18.50305294
187100 -0.37933120 -0.24172222 12.73952739
187200 -0.34680184 -0.27233082 9.56473199
187300 -0.32136483 -0.20573619 21.96095943
187400 -0.37927971 -0.34837449 1.54726206
187500 -0.34476364 -0.24946124 12.85648740
187600 -0.38371899 -0.24079063 12.80634679
187700 -0.41883095 -0.25097178 11.28200769
187800 -0.39838782 -0.31494866 3.61816452
187900 -0.35555377 -0.24223464 13.43268880
188000 -0.40604172 -0.29978201 5.04007392
188100 -0.35661730 -0.22967118 15.44698226
188200 -0.30996352 -0.20270002 23.51692400
188300 -0.31070245 -0.23369671 17.81541862
188400 -0.35955666 -0.25097615 11.92188570
188500 -0.38033703 -0.27525158 7.97440003
188600 -0.32884026 -0.26768587 11.28536898
188700 -0.33232703 -0.25730867 12.47022381
188800 -0.36024754 -0.21147572 18.56083198
188900 -0.36188077 -0.24802082 12.27537320
189000 -0.44195317 -0.34844282 2.20910591
189100 -0.34266922 -0.23409467 15.40569878
189200 -0.31427652 -0.30018924 8.65535082
189300 -0.34207082 -0.28201761 8.63781675
189400 -0.39306415 -0.22460234 15.40622171
189500 -0.35241207 -0.27045416 9.52336768
189600 -0.37400611 -0.22608606 15.46087066
189700 -0.35248481 -0.25058615 12.29109573
189800 -0.34449386 -0.28913153 7.68637396
189900 -0.33235065 -0.19199526 23.92120260
190000 -0.38230889 -0.25548956 10.59812197
190100 -0.37076348 -0.23952725 13.30313817
190200 -0.40639797 -0.30543748 4.49150178
190300 -0.33239933 -0.23337493 16.16688241
190400 -0.42230134 -0.21037395 18.22769450
190500 -0.37552157 -0.23835223 13.36459745
190600 -0.30101648 -0.21546536 21.92538567
190700 -0.31339863 -0.26058121 13.46869842
190800 -0.32916701 -0.25807501 12.58000734
190900 -0.37093701 -0.26455274 9.59530843
191000 -0.36550325 -0.25594683 10.97067140
191100 -0.37641921 -0.26542439 9.33332406
191200 -0.31441284 -0.21750219 20.31530671
191300 -0.33896921 -0.24982571 13.13853635
191400 -0.28262626 -0.19742772 27.40606227
191500 -0.35163313 -0.25373192 11.86685314
191600 -0.36768611 -0.24114847 13.13899778
191700 -0.33183269 -0.28852428 8.53680946
191800 -0.41707126 -0.29773269 5.37501489
191900 -0.45810873 -0.33216273 3.98926006
192000 -0.35720715 -0.27797075 8.36118316
192100 -0.37418404 -0.28159457 7.34315436
192200 -0.37731354 -0.20419100 19.42792078
192300 -0.36980710 -0.26916240 9.01504477
192400 -0.36344533 -0.29168165 6.53455444
192500 -0.34603621 -0.32338801 4.39074383
192600 -0.35556485 -0.21422774 18.24290668
192700 -0.39364682 -0.31377757 3.73733495
192800 -0.34991802 -0.28553180 7.80558678
192900 -0.35084030 -0.20521090 20.17973503
193000 -0.35362644 -0.23760682 14.26102602
193100 -0.37079141 -0.28442351 7.10553289
193200 -0.33666647 -0.25201822 12.95487239
193300 -0.39766940 -0.33351592 2.21278253
193400 -0.41478455 -0.26682535 8.97703528
193500 -0.36484182 -0.26333974 9.95606220
193600 -0.35677825 -0.28545392 7.49446171
193700 -0.39811992 -0.21416842 17.26845544
193800 -0.35767948 -0.24825723 12.40844675
193900 -0.38558996 -0.25906526 10.03512527
194000 -0.40104096 -0.31385625 3.71091475
194100 -0.36660646 -0.32666585 3.24651277
194200 -0.36948068 -0.28684404 6.86785004
194300 -0.34766908 -0.27135121 9.64451791
194400 -0.33158693 -0.27534705 10.10935294
194500 -0.37631477 -0.25109397 11.36699828
194600 -0.39517677 -0.30071277 4.94060865
194700 -0.35410399 -0.26601681 10.02896941
194800 -0.28969488 -0.25886307 16.04342673
194900 -0.36319313 -0.25588420 11.06205457
195000 -0.36506758 -0.30017634 5.59251892
195100 -0.35716318 -0.29472111 6.45931867
195200 -0.37706077 -0.22709644 15.21092480
195300 -0.39458795 -0.28348607 6.80239300
195400 -0.34369858 -0.21638633 18.44191443
195500 -0.35526266 -0.23409410 14.76309932
195600 -0.39768882 -0.24355059 12.24087960
195700 -0.37886592 -0.21829968 16.73082785
195800 -0.37082428 -0.29935716 5.49010232
195900 -0.33820937 -0.32410039 4.78941636
196000 -0.40578875 -0.26869942 8.63667564
196100 -0.31143287 -0.24548995 15.85874610
196200 -0.37166553 -0.26253241 9.85008977
196300 -0.36505240 -0.24252370 13.01006010
196400 -0.34148797 -0.29798156 6.91571008
196500 -0.41494517 -0.26428769 9.32059446
196600 -0.36601002 -0.28728056 6.93049575
196700 -0.32929650 -0.25524984 12.97579683
196800 -0.35336512 -0.30286650 5.80486424
196900 -0.34548580 -0.29647493 6.84461889
197000 -0.36836084 -0.23707699 13.77247230
197100 -0.36966650 -0.27493212 8.28104785
197200 -0.37458002 -0.31542536 3.89952279
197300 -0.38484927 -0.26749255 8.89388457
197400 -0.30889699 -0.25652362 14.44261526
197500 -0.41767555 -0.26140862 9.75999767
197600 -0.39502236 -0.23708191 13.28353978
197700 -0.43529400 -0.28431859 7.31392708
197800 -0.35144695 -0.22879160 15.83485704
197900 -0.35936635 -0.23308742 14.75545213
198000 -0.34571540 -0.26828513 10.14781264
198100 -0.33883657 -0.22517496 17.15237927
198200 -0.41530840 -0.23286862 14.08362303
198300 -0.34712408 -0.24005017 14.18990547
198400 -0.40793187 -0.21965505 16.29360772
198500 -0.36787555 -0.27317975 8.55767822
198600 -0.39657613 -0.28482308 6.63872262
198700 -0.42240370 -0.22949573 14.78681636
198800 -0.34649031 -0.25148821 12.45951970
198900 -0.32286483 -0.24159852 15.52043094
199000 -0.35490705 -0.30348708 5.67405917
199100 -0.40950009 -0.25495595 10.56401411
199200 -0.44960995 -0.25770169 11.35497818
199300 -0.38482042 -0.24331233 12.39072220
199400 -0.35481402 -0.30093844 5.92748233
199500 -0.33554372 -0.31380346 5.79222803
199600 -0.42969381 -0.24030978 13.19134342
199700 -0.26487141 -0.24622963 20.95253121
199800 -0.36605869 -0.21449522 17.78201859
199900 -0.33917054 -0.23950341 14.72969021
