0 0.92529671 0.91604386 3.36680057
100 0.73815493 0.71559369 61.75457920
200 0.71281736 0.79737952 52.88343871
300 0.75929022 0.66968368 68.25921690
400 0.75307595 0.68753798 64.92889853
500 0.74744748 0.74255618 53.40785658
600 0.71661175 0.69213068 73.40274487
700 0.75999303 0.71840022 55.62090345
800 0.76553086 0.66720010 67.47578125
900 0.73632597 0.74372922 56.03581594
1000 0.74067225 0.74232506 55.18988099
1100 0.69644305 0.67438481 84.05527512
1200 0.70318386 0.71484778 71.69819427
1300 0.70166562 0.75203274 64.09721912
1400 0.75655427 0.71817210 56.50500164
1500 0.74091618 0.73244704 57.22685899
1600 0.68977118 0.70658110 77.74734051
1700 0.73492838 0.71581884 62.55188917
1800 0.72743061 0.65845081 79.64750114
1900 0.70594893 0.74148052 64.97320313
2000 0.72880329 0.73112425 60.72712430
2100 0.71460704 0.75152877 60.41998688
2200 0.69554229 0.74557071 67.24291663
2300 0.71296862 0.75554358 60.10015670
2400 0.70337705 0.70604625 73.74930196
2500 0.78083693 0.70639888 53.68697711
2600 0.73899678 0.68045702 70.38804867
2700 0.73448179 0.76399582 52.54873663
2800 0.69614874 0.79784653 57.73813285
2900 0.69423842 0.71021316 75.49393444
3000 0.75896609 0.66468995 69.74958516
3100 0.69930999 0.68703209 79.78330052
3200 0.72693418 0.72601791 62.36645973
3300 0.77415239 0.73880374 47.80550142
3400 0.70031755 0.68779788 79.27976152
3500 0.71751027 0.68954414 73.81885069
3600 0.73157079 0.75640231 54.76715302
3700 0.73820418 0.70562506 64.12808189
3800 0.76373814 0.68929854 61.89245830
3900 0.68367050 0.75602480 68.84536428
4000 0.73091393 0.68925361 70.19799565
4100 0.71997799 0.68989121 73.03445486
4200 0.69963301 0.71525154 72.66358368
4300 0.74705488 0.73308427 55.51683318
4400 0.74123587 0.74259187 54.98850415
4500 0.75740281 0.72246292 55.31325947
4600 0.71173043 0.67471173 79.44148723
4700 0.73406289 0.67371750 73.52728291
4800 0.75725814 0.72421215 54.95188271
4900 0.72533330 0.71486372 65.36543336
5000 0.74111150 0.70056475 64.62060018
5100 0.73915437 0.73807478 56.47637158
5200 0.74836342 0.70352959 62.03431513
5300 0.70208020 0.75596815 63.20228377
5400 0.72941911 0.72068505 62.89968131
5500 0.71669019 0.72210610 66.10003893
5600 0.73247318 0.66262855 77.07647686
5700 0.78745767 0.77484122 37.92742067
5800 0.72002897 0.77304201 54.84895462
5900 0.72920312 0.77663506 51.69317655
6000 0.69609164 0.75748615 64.71093646
6100 0.74342253 0.68264871 68.65435627
6200 0.73985707 0.62956756 85.17564800
6300 0.71756198 0.75305315 59.27965031
6400 0.71067696 0.71798603 68.76915040
6500 0.72713514 0.68070001 73.48885974
6600 0.74052639 0.72971999 57.92491761
6700 0.72634835 0.77569997 52.63286348
6800 0.76889084 0.69542167 59.11078315
6900 0.75387023 0.65222933 74.62361789
7000 0.75847968 0.70904988 58.19451202
7100 0.70623600 0.74823225 63.50375525
7200 0.72219877 0.71217379 66.86741634
7300 0.69448696 0.78652653 60.03089680
7400 0.72282047 0.70372484 68.73997080
7500 0.74890223 0.67011530 70.69276696
7600 0.74163862 0.70401330 63.63003086
7700 0.69677943 0.69622715 78.17168750
7800 0.71496237 0.77876983 55.28310964
7900 0.68818364 0.68427464 83.91970456
8000 0.71411200 0.68711545 75.42011768
8100 0.75434118 0.69330593 63.12004900
8200 0.74574422 0.71382231 60.21295048
8300 0.78798870 0.69457856 55.09445087
8400 0.71633921 0.75866631 58.53601273
8500 0.69574272 0.71068206 74.92278341
8600 0.74577201 0.80269644 43.16510465
8700 0.76897846 0.68929755 60.66836002
8800 0.70915542 0.71826622 69.14555719
8900 0.76770856 0.71401716 54.82360635
9000 0.71046670 0.73734561 64.52570980
9100 0.67957619 0.66908900 90.79120207
9200 0.69504192 0.74216336 68.09775100
9300 0.73752879 0.70284962 64.98722265
9400 0.67891700 0.70290926 82.07406349
9500 0.71239366 0.71258538 69.54155457
9600 0.69584040 0.65876327 88.66594917
9700 0.72289609 0.71432338 66.16502339
9800 0.70303138 0.72021484 70.49579040
9900 0.73987002 0.70018241 65.03821761
10000 0.76178786 0.71270185 56.52771629
10100 0.72840307 0.63567823 86.28153330
10200 0.72438588 0.71014696 66.74631265
10300 0.67673225 0.72222435 78.19189444
10400 0.74262231 0.70660450 62.74232350
10500 0.72391564 0.69158444 71.50058871
10600 0.72616637 0.66563846 77.92317007
10700 0.73992776 0.71194248 62.15447674
10800 0.71581093 0.68579347 75.28425847
10900 0.73373282 0.70120929 66.39751325
11000 0.73375762 0.75725343 54.01812225
11100 0.64671038 0.68768976 96.81010833
11200 0.73621377 0.72779871 59.47829439
11300 0.74263539 0.74361138 54.41640272
11400 0.74363512 0.74469544 53.93645696
11500 0.76647064 0.75928818 45.45348078
11600 0.71098722 0.72640820 66.76084118
11700 0.72372865 0.65543305 81.54777397
11800 0.76988526 0.72952648 50.78068207
11900 0.68562534 0.73779801 71.93055561
12000 0.74410388 0.72637519 57.74543988
12100 0.71288451 0.72704097 66.07301544
12200 0.73578761 0.73108105 58.86684774
12300 0.76673317 0.72664852 52.14964884
12400 0.75035243 0.75037654 51.08671794
12500 0.73251783 0.71381397 63.66527525
12600 0.75046300 0.71684380 58.31526451
12700 0.71633549 0.67652090 77.62818745
12800 0.71639268 0.73145859 64.09673076
12900 0.74448982 0.68244247 68.43624069
13000 0.75285817 0.66750360 70.44165200
13100 0.72157031 0.70524167 68.71486523
13200 0.71359786 0.72960190 65.30075393
13300 0.74319845 0.69978966 64.27612603
13400 0.71919425 0.66116126 81.13984391
13500 0.73399483 0.68732126 69.87943606
13600 0.73022986 0.69941140 67.78528924
13700 0.68788805 0.73239623 72.38263691
13800 0.75139960 0.69623504 63.09940682
13900 0.71523413 0.73063208 64.60694392
14000 0.72097222 0.63558720 88.35595505
14100 0.68575442 0.68578001 84.28124470
14200 0.67445055 0.71530167 80.53287728
14300 0.75078239 0.63770714 79.81812346
14400 0.75021945 0.69904501 62.68436353
14500 0.72981168 0.70843113 65.67862287
14600 0.71616444 0.68215675 76.15131839
14700 0.72898441 0.63359897 86.77952900
14800 0.71140368 0.65953598 83.82859045
14900 0.71595626 0.73362499 63.74949546
15000 0.73120965 0.70757027 65.51021466
15100 0.68338727 0.69207103 83.38548656
15200 0.76567703 0.72279381 53.26495340
15300 0.76237344 0.70346089 58.62395810
15400 0.73247795 0.69047627 69.46030521
15500 0.69565329 0.67845887 83.18075079
15600 0.72367641 0.73347046 61.61988300
15700 0.73568176 0.66723367 74.91046255
15800 0.69370394 0.67939782 83.52140839
15900 0.74770967 0.69846505 63.46011983
16000 0.68672151 0.71014784 77.83623639
16100 0.75943937 0.74118230 50.73712602
16200 0.70117849 0.70672912 74.23750861
16300 0.71040268 0.69004989 75.72033387
16400 0.71982555 0.70777626 68.58502978
16500 0.69718168 0.67989782 82.32706181
16600 0.74054220 0.71668644 60.87678233
16700 0.75967833 0.69900729 60.37592264
16800 0.72058043 0.70183077 69.83163144
16900 0.72958701 0.70175157 67.37523423
17000 0.69590195 0.69582809 78.53949054
17100 0.70979946 0.74055669 64.04142675
17200 0.71757702 0.76990599 56.09829675
17300 0.76282390 0.73018451 52.28567576
17400 0.73519684 0.70199668 65.81317919
17500 0.74668662 0.72070800 58.37124365
17600 0.76149137 0.69493588 60.97203687
17700 0.72801453 0.71683666 64.17061818
17800 0.71422751 0.71781382 67.78816755
17900 0.72079808 0.72029527 65.35898684
18000 0.68544781 0.70930515 78.43854455
18100 0.70220143 0.72942349 68.66899159
18200 0.70025400 0.70385177 75.21830606
18300 0.71048201 0.70582419 71.72124599
18400 0.77458822 0.63715741 74.34047919
18500 0.70546936 0.76830325 59.88100387
18600 0.67072543 0.67000281 93.41008433
18700 0.72524845 0.77906231 52.35405402
18800 0.75700659 0.67861723 66.34720151
18900 0.78388117 0.70365220 53.69729485
19000 0.72951828 0.71347830 64.55143721
19100 0.74342919 0.66937951 72.28821964
19200 0.74003513 0.72351376 59.43887485
19300 0.69621000 0.68023041 82.53200019
19400 0.75772553 0.71028293 58.08059679
19500 0.74259324 0.77662234 48.15902511
19600 0.71432787 0.71403251 68.64461120
19700 0.75375565 0.68481495 65.47969376
19800 0.70160444 0.75812656 62.92766326
19900 0.70281478 0.72684176 69.05932689
20000 0.74177893 0.75424846 52.49839429
20100 0.75632405 0.67414482 67.73702364
20200 0.69860491 0.67887881 82.17285136
20300 0.73145201 0.67699315 73.32538079
20400 0.72157116 0.67372782 76.92446964
20500 0.72558855 0.71782937 64.60242309
20600 0.71921569 0.72074966 65.69777339
20700 0.70688107 0.73823806 65.38091164
20800 0.70305840 0.73642841 66.89356725
20900 0.69976046 0.69100587 78.61086974
21000 0.74228635 0.74321695 54.58777614
21100 0.70223501 0.66534760 84.84549148
21200 0.74028969 0.74089965 55.58620018
21300 0.67567156 0.72777287 77.28691456
21400 0.74749215 0.67082490 70.84947671
21500 0.72872914 0.74032402 58.77594941
21600 0.72287088 0.70866254 67.52215838
21700 0.70959446 0.72103757 68.37958499
21800 0.73776601 0.67977857 70.89314241
21900 0.69543799 0.72931000 70.73104641
22000 0.75714274 0.73164114 53.33012064
22100 0.71069342 0.70994588 70.66214117
22200 0.67981781 0.75906602 69.48621074
22300 0.73245476 0.69728504 67.72265340
22400 0.69976440 0.67534391 82.78869279
22500 0.77575755 0.77417893 40.59886191
22600 0.70978132 0.68062255 78.39554568
22700 0.71331924 0.72786601 65.76468335
22800 0.70725694 0.74453060 63.95808676
22900 0.72587333 0.72381503 63.15253711
23000 0.73419659 0.75766846 53.82143649
23100 0.72948548 0.66369768 77.57356163
23200 0.71391741 0.72470738 66.30000534
23300 0.71180503 0.74284408 62.98495847
23400 0.73383967 0.71331836 63.42976057
23500 0.66576267 0.66872100 95.41623638
23600 0.74381256 0.71245754 61.02921220
23700 0.72104314 0.71034198 67.62644847
23800 0.74071876 0.76731142 50.30093880
23900 0.74562264 0.67150954 71.13238718
24000 0.69096522 0.69840888 79.40029347
24100 0.71798353 0.73573289 62.72184229
24200 0.72295056 0.74982478 58.41325566
24300 0.76826876 0.74408089 48.05102432
24400 0.68905055 0.77822056 63.09886917
24500 0.71343648 0.70655182 70.69283232
24600 0.75460655 0.69220126 63.33906965
24700 0.74904657 0.71101363 60.04605476
24800 0.69130899 0.76754918 64.28922147
24900 0.79329589 0.70084734 52.40181888
25000 0.77408296 0.75807471 43.93691150
25100 0.79069911 0.69424345 54.60913743
25200 0.70210514 0.71658326 71.61236307
25300 0.77140058 0.67318408 64.44237356
25400 0.71058411 0.71343954 69.86120513
25500 0.73011917 0.73607528 59.29972383
25600 0.73900321 0.69668546 66.14378987
25700 0.73972043 0.70010958 65.09533681
25800 0.68042119 0.75773339 69.54853124
25900 0.73723248 0.78869108 47.53366860
26000 0.74011306 0.72410740 59.28434507
26100 0.70910590 0.70885980 71.38398559
26200 0.72526188 0.69522395 70.19593644
26300 0.72845935 0.63894910 85.24349553
26400 0.74685202 0.62593511 84.55097724
26500 0.70762964 0.70941571 71.68061534
26600 0.73561016 0.67823860 71.87812372
26700 0.69018027 0.74523615 68.95824883
26800 0.71245838 0.71516643 68.91349332
26900 0.77091274 0.69970617 57.56398674
27000 0.70674858 0.77037675 59.13045201
27100 0.75704958 0.74396812 50.73702054
27200 0.74605253 0.68701033 66.82644377
27300 0.76107910 0.72840692 53.09334300
27400 0.73574146 0.67033182 74.02343272
27500 0.76737021 0.69054825 60.71591601
27600 0.74063258 0.74021202 55.64122711
27700 0.78172263 0.73235086 47.50807797
27800 0.70597498 0.67109580 82.11913370
27900 0.80192141 0.67390044 57.73304648
28000 0.71971661 0.72774454 63.97813209
28100 0.72688866 0.68234755 73.11381940
28200 0.74274787 0.70795542 62.38211923
28300 0.69946140 0.73182732 68.96138463
28400 0.74125004 0.68304646 69.10786623
28500 0.73867809 0.73528956 57.19485597
28600 0.75080042 0.72812783 55.66384576
28700 0.73671823 0.69205655 67.92605688
28800 0.70755234 0.71661593 69.99687832
28900 0.70099813 0.75311754 64.08241013
29000 0.72869006 0.73256848 60.44277316
29100 0.63832554 0.71615095 92.74689677
29200 0.74084026 0.71641744 60.86228997
29300 0.74148126 0.75387687 52.64811002
29400 0.68328933 0.70448127 80.29254729
29500 0.69578068 0.75491950 65.30289738
29600 0.73723172 0.72240981 60.42223163
29700 0.75703741 0.71140505 57.97918617
29800 0.71404297 0.72562093 66.05869589
29900 0.71358887 0.74770432 61.47743794
30000 0.74992698 0.71280622 59.39870400
30100 0.72141292 0.70327657 69.24160520
30200 0.74959465 0.73273309 54.95387698
30300 0.71875308 0.65916504 81.84240160
30400 0.75947069 0.66496702 69.54907362
30500 0.72894478 0.67179665 75.43401786
30600 0.72415873 0.72020266 64.44760990
30700 0.74175220 0.72295861 59.11985831
30800 0.71066433 0.74663341 62.53655032
30900 0.73148153 0.69533674 68.47777200
31000 0.70251929 0.72318826 69.96916994
31100 0.75505165 0.71103582 58.55178532
31200 0.74472550 0.65843019 75.08901238
31300 0.74740499 0.74690534 52.52584174
31400 0.74912650 0.73871278 53.78990221
31500 0.76164433 0.71458063 56.11785202
31600 0.75714803 0.69989292 60.76531675
31700 0.71902892 0.68388081 74.88208556
31800 0.77993831 0.69681677 56.26444665
31900 0.77260745 0.72105700 52.06113504
32000 0.74496376 0.71133089 61.00321609
32100 0.71299269 0.72803486 65.82086073
32200 0.73930038 0.70777940 63.31755730
32300 0.72547032 0.73505344 60.78428512
32400 0.75650334 0.69853114 61.26360581
32500 0.68217948 0.69485884 83.05344822
32600 0.76764366 0.69415131 59.72401054
32700 0.73591363 0.68388277 70.27999490
32800 0.68861451 0.70345371 78.87299729
32900 0.69475921 0.67514133 84.35961433
33000 0.77331880 0.73878763 47.99751601
33100 0.75284364 0.71060462 59.19820643
33200 0.70392069 0.70762641 73.20395763
33300 0.70528780 0.72144382 69.54660270
33400 0.73160074 0.73892754 58.29487417
33500 0.68107854 0.63026965 101.96919682
33600 0.72630085 0.73113694 61.40613355
33700 0.74760538 0.71539966 59.37018120
33800 0.73694618 0.73666587 57.35438093
33900 0.71052016 0.70671782 71.49239865
34000 0.74185279 0.70224947 64.01015166
34100 0.74149411 0.71504158 61.01537676
34200 0.73204503 0.71760154 62.90445487
34300 0.75197651 0.64524344 77.19610649
34400 0.66523943 0.75963198 74.15231013
34500 0.73379658 0.76349659 52.82389140
34600 0.72229190 0.65490524 82.10135349
34700 0.71886915 0.72584208 64.64066480
34800 0.74646003 0.68646333 66.86704617
34900 0.72751660 0.74101830 58.96027761
35000 0.77237306 0.73604869 48.79459263
35100 0.78404629 0.66797287 63.08765299
35200 0.69870349 0.69239272 78.57054841
35300 0.75339377 0.72747210 55.16665023
35400 0.73222528 0.72970668 60.11622474
35500 0.72863737 0.67506926 74.61229501
35600 0.74793755 0.77982292 46.24785903
35700 0.73831939 0.71120194 62.75062730
35800 0.76889728 0.75400628 45.91100124
35900 0.73680117 0.70161776 65.48367998
36000 0.71522763 0.69582070 72.85120975
36100 0.74041265 0.71731813 60.76322036
36200 0.73985648 0.69745823 65.72599876
36300 0.72980885 0.68667570 71.17147459
36400 0.74221678 0.72261599 59.07783759
36500 0.72355858 0.71011486 66.98237046
36600 0.76333180 0.74738856 48.53161596
36700 0.70270272 0.71543350 71.70355779
36800 0.71822236 0.68739715 74.17944915
36900 0.72072126 0.74707543 59.58749625
37000 0.72943158 0.73035070 60.72654152
37100 0.76290247 0.70036953 59.26530655
37200 0.71201239 0.76073745 59.37858668
37300 0.74197552 0.70139655 64.19015292
37400 0.71578187 0.67108824 79.28585746
37500 0.76508997 0.74024858 49.58919069
37600 0.76436143 0.72307519 53.51020396
37700 0.69362587 0.66145344 88.56211310
37800 0.71879780 0.74460180 60.63155079
37900 0.71624648 0.76013113 58.28312423
38000 0.66457538 0.69401577 89.01880027
38100 0.71396915 0.71730371 67.98060447
38200 0.74914715 0.72657740 56.42240688
38300 0.74166744 0.69062657 67.00514328
38400 0.72950137 0.70837045 65.77717391
38500 0.74707945 0.71907064 58.64858772
38600 0.71139082 0.68429204 76.94798899
38700 0.72945208 0.78639940 49.98066735
38800 0.73898083 0.66643731 74.26940307
38900 0.69719785 0.73285169 69.42126742
39000 0.73220427 0.72640955 60.85362106
39100 0.71049317 0.73923394 64.11826862
39200 0.78870782 0.68812842 56.61055269
39300 0.75999011 0.74598520 49.61339407
39400 0.74805721 0.75528638 50.69428289
39500 0.74425090 0.73455610 55.91183828
39600 0.72869159 0.77832325 51.54058122
39700 0.66423354 0.77465898 71.74179520
39800 0.74160373 0.70672995 62.97447556
39900 0.72623491 0.74107681 59.29811114
40000 0.70943114 0.67081483 81.18730947
40100 0.74284281 0.71291153 61.17038321
40200 0.74394043 0.70534222 62.71196693
40300 0.72486272 0.74760335 58.33246375
40400 0.71984718 0.71378876 67.14067417
40500 0.75148144 0.75585559 49.72676266
40600 0.69753117 0.73705993 68.41543333
40700 0.75435491 0.68536096 65.18766545
40800 0.72220208 0.73537492 61.61780525
40900 0.73921799 0.68487900 69.14820172
41000 0.74319060 0.71531942 60.51302178
41100 0.75271076 0.71812030 57.46008179
41200 0.76155950 0.72829621 53.00321934
41300 0.68101859 0.69526773 83.31883247
41400 0.73755057 0.76388164 51.75987342
41500 0.72067229 0.76986379 55.23651342
41600 0.69156741 0.66024360 89.54471670
41700 0.79135571 0.74704973 42.36062623
41800 0.70314268 0.67019848 83.20657727
41900 0.73113035 0.68574626 71.06046375
42000 0.76424870 0.66480504 68.45742001
42100 0.77844480 0.68606766 59.37349200
42200 0.74093520 0.73966319 55.67807132
42300 0.67887044 0.74092793 73.41766008
42400 0.71758732 0.74432822 61.02890131
42500 0.73496587 0.72838835 59.67740629
42600 0.73079487 0.67020370 75.37868478
42700 0.74873464 0.69302607 64.58493932
42800 0.71355488 0.71674074 68.23034461
42900 0.79366912 0.74939477 41.40744638
43000 0.70254613 0.72815186 68.84770103
43100 0.75273043 0.66082176 72.38314738
43200 0.74617387 0.71995520 58.67415717
43300 0.73573492 0.74677777 55.56765376
43400 0.73928438 0.69114375 67.48959741
43500 0.75399733 0.75722282 48.84017687
43600 0.66689109 0.70693590 85.02085114
43700 0.72922087 0.74446544 57.78289516
43800 0.73448973 0.67219468 73.83574912
43900 0.74160155 0.70231270 64.05937830
44000 0.72760519 0.73382370 60.46556327
44100 0.71216219 0.69256989 74.56043352
44200 0.72260701 0.74814016 58.84713306
44300 0.70519740 0.75461144 62.54263175
44400 0.72423253 0.72128018 64.18022574
44500 0.75727316 0.69277689 62.54002342
44600 0.73597263 0.75578552 53.71485683
44700 0.71879752 0.72201264 65.52653407
44800 0.74043102 0.74961646 53.76480842
44900 0.72094845 0.64926282 84.15631025
45000 0.74941773 0.73649702 54.18749835
45100 0.72204964 0.66778609 78.45054873
45200 0.75303827 0.72817954 55.09720490
45300 0.74457384 0.75062128 52.49719840
45400 0.72192218 0.72372275 64.26433291
45500 0.74130297 0.75239478 52.98598835
45600 0.69574273 0.70638995 75.95917348
45700 0.72105786 0.73523786 61.96574645
45800 0.71586264 0.69673535 72.43851110
45900 0.75974771 0.70613609 58.59538371
46000 0.70230310 0.71113619 72.83968033
46100 0.71264009 0.71960428 67.82895349
46200 0.67494591 0.69007326 86.61103684
46300 0.72729139 0.73621966 60.03600891
46400 0.71351937 0.71475135 68.70653837
46500 0.69815837 0.72695239 70.42930513
46600 0.69040498 0.69877571 79.48136198
46700 0.75783688 0.65971040 71.45551440
46800 0.74432471 0.70247195 63.31999514
46900 0.76052947 0.72556339 53.85896335
47000 0.71522501 0.69665313 72.64071540
47100 0.74936316 0.71980944 57.90325811
47200 0.69992932 0.70416734 75.23805373
47300 0.75416989 0.68239550 66.02230454
47400 0.76184632 0.74988003 48.38258805
47500 0.71621090 0.73622263 63.11850823
47600 0.67740622 0.73467371 75.21607752
47700 0.72459309 0.73582474 60.86000300
47800 0.73554624 0.71633702 62.26708852
47900 0.72272590 0.74169510 60.13593021
48000 0.79719951 0.69688978 52.59641177
48100 0.69971992 0.65941744 87.30317283
48200 0.74452393 0.79541239 44.58267621
48300 0.74148252 0.74930208 53.55547076
48400 0.70147056 0.78751329 57.76087915
48500 0.70782036 0.77987041 57.15650966
48600 0.72868219 0.72309499 62.54961721
48700 0.69726198 0.72848714 70.35912810
48800 0.71532645 0.74043220 62.47884592
48900 0.74548953 0.76949164 48.67942445
49000 0.75620651 0.71041964 58.41700812
49100 0.72703271 0.63543644 86.73068648
49200 0.70484152 0.72046425 69.90259289
49300 0.71904482 0.71191046 67.81122071
49400 0.70398438 0.72010462 70.23856849
49500 0.72089294 0.69955424 70.31191513
49600 0.75941467 0.69549088 61.32809488
49700 0.74126227 0.72227704 59.40147810
49800 0.70049146 0.70516593 74.82454246
49900 0.68745981 0.74663722 69.51889533
50000 0.69085885 0.63995747 95.84731003
50100 0.70058847 0.64071938 92.65088443
50200 0.76181112 0.71209538 56.66627503
50300 0.74873081 0.72586944 56.68535791
50400 0.70655411 0.71570822 70.50156489
50500 0.73292186 0.71863701 62.42978412
50600 0.72891136 0.69330254 69.69131898
50700 0.70074231 0.65988465 86.86104004
50800 0.74813796 0.72754431 56.46051167
50900 0.75551915 0.71581192 57.30747207
51000 0.71014928 0.72968413 66.27626218
51100 0.75683970 0.72872225 54.04538675
51200 0.71442786 0.71376311 68.67965817
51300 0.73527553 0.76472831 52.20232196
51400 0.75881708 0.71032435 57.80680792
51500 0.68899186 0.68444504 83.62275128
51600 0.73955224 0.72175336 59.96478094
51700 0.78477325 0.71557508 50.63879813
51800 0.77805616 0.71805830 51.52801008
51900 0.71547352 0.76610439 57.38645786
52000 0.72277412 0.73345145 61.87373180
52100 0.73679277 0.70631025 64.33136912
52200 0.70016644 0.69444367 77.60460066
52300 0.73178229 0.65023155 80.90093340
52400 0.73620420 0.72969231 59.06185145
52500 0.71506014 0.72702641 65.45397242
52600 0.69505832 0.78010107 60.92753887
52700 0.72149945 0.73140539 62.67307980
52800 0.69111060 0.68136149 83.78965537
52900 0.75846732 0.71502025 56.77675934
53000 0.70134924 0.68906725 78.63908826
53100 0.71830114 0.74177140 61.35669979
53200 0.71518268 0.70813220 69.81047041
53300 0.75664759 0.70746546 59.02169763
53400 0.71008240 0.67986010 78.51388996
53500 0.70665561 0.73484800 66.17065515
53600 0.73885698 0.74218570 55.69123063
53700 0.74654256 0.73199699 55.88299146
53800 0.66364048 0.67389119 94.68690131
53900 0.75303484 0.75349169 49.80365351
54000 0.74496650 0.67009176 71.69535480
54100 0.74471478 0.74916915 52.75178748
54200 0.74841246 0.68121650 67.77043038
54300 0.71261522 0.69304916 74.30687241
54400 0.72102925 0.73483379 62.06058861
54500 0.68995368 0.73525745 71.12154143
54600 0.73850588 0.69010461 67.96239459
54700 0.73563138 0.70471124 65.02867172
54800 0.77280570 0.69430798 58.49783072
54900 0.74723213 0.71458546 59.65580151
55000 0.71535524 0.73955899 62.65402817
55100 0.74435466 0.66427217 73.49746482
55200 0.70235608 0.72373494 69.89389003
55300 0.77759306 0.75268887 44.19826440
55400 0.73683697 0.73708904 57.29292771
55500 0.72616729 0.73435449 60.74366935
55600 0.71781921 0.69074262 73.42019225
55700 0.71348846 0.69567938 73.38392054
55800 0.70805672 0.74527687 63.57121995
55900 0.74572006 0.74926506 52.47640187
56000 0.74196768 0.71096537 61.85911546
56100 0.71568218 0.65644933 83.50430769
56200 0.74517043 0.74815776 52.83920146
56300 0.72528372 0.74417672 58.91612788
56400 0.76502400 0.74360459 48.90639454
56500 0.73009870 0.69773867 68.24124496
56600 0.72002639 0.75878909 57.47341788
56700 0.74663119 0.71376431 60.00152818
56800 0.72187536 0.71692978 65.83752225
56900 0.77119600 0.74269920 47.66244540
57000 0.72974479 0.70299788 67.02396449
57100 0.70677041 0.75286153 62.42358518
57200 0.74969240 0.72084023 57.58404754
57300 0.64992832 0.71451870 89.00081081
57400 0.74947776 0.73194968 55.15366687
57500 0.69570903 0.69028216 80.02317618
57600 0.71900464 0.70269310 70.05954695
57700 0.72719368 0.74305684 58.62437973
57800 0.72907086 0.70756750 66.08805788
57900 0.72767076 0.68705491 71.65166614
58000 0.69782259 0.72843189 70.20180952
58100 0.72526541 0.72817418 62.34289411
58200 0.76599259 0.69749847 59.25824613
58300 0.68994170 0.72411326 73.58048425
58400 0.76879517 0.73144577 50.61081230
58500 0.71062762 0.73638794 64.68324148
58600 0.72276988 0.66109200 80.16218595
58700 0.77718110 0.74959232 44.90575067
58800 0.65734356 0.67785079 95.73931230
58900 0.69230161 0.71187066 75.69194132
59000 0.77858975 0.73385589 47.87038578
59100 0.74384510 0.71518114 60.37761526
59200 0.70231859 0.73601010 67.20295170
59300 0.77303803 0.77161948 41.66567232
59400 0.78700405 0.75230590 42.22511591
59500 0.68233341 0.72176647 76.50130423
59600 0.73100779 0.80108634 47.26604185
59700 0.70634911 0.71469730 70.79910521
59800 0.72854722 0.68169764 72.83638379
59900 0.75342234 0.64980533 75.45869080
60000 0.76992939 0.78071127 40.79558013
60100 0.74409431 0.71772168 59.72046789
60200 0.76570291 0.75173163 47.10273716
60300 0.72332700 0.75084892 58.10454986
60400 0.74935941 0.70187090 62.19437844
60500 0.74440882 0.75051090 52.56137561
60600 0.69752650 0.71030720 74.47142736
60700 0.75962969 0.73479508 52.04552095
60800 0.69206413 0.77319540 63.04218218
60900 0.76699865 0.70614101 56.87841615
61000 0.67139308 0.68372481 89.44249185
61100 0.72940186 0.72935270 60.95429215
61200 0.73558094 0.72094119 61.19268885
61300 0.74152094 0.71506227 61.00358074
61400 0.76244146 0.66631039 68.45692783
61500 0.72019761 0.67183565 77.83239213
61600 0.70523456 0.65534001 86.85558649
61700 0.76689732 0.79232417 39.59926223
61800 0.74402189 0.75460785 51.85144147
61900 0.77418183 0.73949309 47.65350284
62000 0.76376124 0.69558012 60.26911380
62100 0.72750181 0.73407877 60.43862041
62200 0.73140203 0.71495202 63.69621230
62300 0.70565919 0.70670334 72.91488971
62400 0.70439476 0.72205673 69.67029423
62500 0.68458125 0.71010335 78.51969272
62600 0.68369119 0.68970021 83.90362117
62700 0.77362520 0.75211843 45.20133346
62800 0.70220993 0.77703297 59.29826037
62900 0.70970925 0.72551465 67.33119574
63000 0.72520386 0.67664672 75.11746864
63100 0.72692380 0.70506212 67.28258893
63200 0.72742002 0.70304347 67.64368622
63300 0.70804414 0.81123215 52.24737104
63400 0.78759118 0.70126269 53.49387874
63500 0.71173875 0.67583933 79.12931012
63600 0.77118981 0.70843157 55.35470537
63700 0.71579771 0.75319730 59.75112169
63800 0.69719267 0.67896461 82.57622998
63900 0.74123215 0.67636171 70.91935519
64000 0.75279606 0.70867717 59.67324851
64100 0.73815365 0.66924303 73.69399185
64200 0.77951987 0.74222715 45.89052238
64300 0.74484739 0.70896693 61.59989662
64400 0.75718179 0.73409536 52.78774805
64500 0.71673847 0.69028681 73.84401774
64600 0.74385702 0.67833517 69.70550255
64700 0.71309047 0.71127797 69.65264289
64800 0.74449977 0.67974095 69.16016169
64900 0.78461116 0.63691572 72.20705838
65000 0.73696901 0.73523993 57.65359325
65100 0.73704004 0.76736330 51.25205110
65200 0.69450068 0.74479408 67.71965053
65300 0.75951158 0.73957483 51.05671744
65400 0.74545855 0.76908308 48.76114208
65500 0.72160099 0.72100093 64.97329206
65600 0.72641179 0.73298323 60.97339495
65700 0.69366087 0.75313751 66.29924948
65800 0.74124395 0.71922626 60.10560820
65900 0.69106330 0.71952071 74.28129339
66000 0.74811523 0.78988359 44.54160126
66100 0.75916331 0.68402082 64.37361866
66200 0.73047997 0.70058388 67.42472327
66300 0.71224499 0.75386222 60.63648720
66400 0.70659296 0.72126694 69.20325151
66500 0.74341870 0.72605647 57.99233344
66600 0.69525712 0.72838156 70.99147780
66700 0.73269366 0.66067924 77.57959155
66800 0.72230096 0.71343798 66.53917371
66900 0.77819835 0.70977881 53.45109555
67000 0.75018967 0.71568462 58.65444912
67100 0.70949628 0.71829374 69.04010236
67200 0.75975180 0.69426238 61.56046371
67300 0.73250580 0.74165036 57.48136019
67400 0.71238876 0.76173941 59.08113772
67500 0.78151164 0.73322858 47.36350739
67600 0.74576885 0.71606538 59.67944110
67700 0.72374582 0.72602724 63.24008490
67800 0.73439440 0.70040740 66.42140098
67900 0.76173349 0.71786520 55.32874846
68000 0.73418352 0.69841312 66.97717953
68100 0.69801980 0.68671212 80.25627300
68200 0.73377980 0.76054506 53.38318446
68300 0.67426782 0.69909374 84.52770227
68400 0.74953114 0.72265493 57.21021498
68500 0.73683392 0.70668958 64.22817440
68600 0.72538101 0.75647208 56.43432332
68700 0.74303995 0.68176974 68.98796972
68800 0.69785944 0.67472992 83.53126766
68900 0.77755253 0.66386914 65.67687218
69000 0.71273007 0.70137968 72.16803594
69100 0.72668025 0.76564010 54.34613025
69200 0.74593140 0.68757676 66.70840407
69300 0.73659604 0.73963908 56.81667928
69400 0.72831030 0.70640947 66.57582183
69500 0.70353622 0.72721677 68.76157180
69600 0.71896464 0.67052185 78.54445377
69700 0.71952843 0.75424636 58.49189661
69800 0.73773951 0.76385670 51.71494619
69900 0.72879990 0.73993509 58.83838077
70000 0.69484657 0.70084602 77.59816179
70100 0.75994251 0.68512160 63.89408042
70200 0.71786278 0.72869654 64.28831702
70300 0.72460964 0.71630347 65.22696038
70400 0.73165961 0.73754110 58.57267539
70500 0.73560204 0.71365079 62.88361619
70600 0.75674094 0.74226609 51.16417304
70700 0.69658075 0.70061217 77.12876619
70800 0.70817228 0.70392841 72.85732493
70900 0.72669343 0.71398969 65.19867312
71000 0.76141717 0.70088970 59.48885346
71100 0.73106370 0.67421857 74.19106412
71200 0.72216409 0.67367545 76.77402542
71300 0.73017784 0.73272160 60.00695268
71400 0.73264536 0.71169642 64.13355081
71500 0.75016420 0.74180306 52.88194678
71600 0.74732822 0.70963122 60.81008867
71700 0.70793895 0.77272489 58.36306099
71800 0.74581360 0.70859109 61.44449529
71900 0.74715961 0.73422242 55.24411296
72000 0.74807609 0.65358898 75.66257307
72100 0.73713027 0.71610413 61.90388725
72200 0.72462919 0.75092163 57.73063883
72300 0.74629649 0.72827294 56.76418030
72400 0.73098224 0.72378331 61.77227293
72500 0.71729175 0.79206389 52.43388303
72600 0.70876600 0.68991112 76.23173485
72700 0.74363868 0.64013398 80.86903823
72800 0.68392160 0.73993623 72.01616949
72900 0.77631181 0.69067944 58.64178127
73000 0.71005522 0.77633281 57.11413309
73100 0.72011088 0.74586516 60.00447513
73200 0.73211261 0.71279942 64.01388440
73300 0.74063684 0.69569052 65.97128086
73400 0.71482212 0.72392359 66.21848485
73500 0.73887101 0.74279349 55.56144204
73600 0.74836297 0.70851562 60.81794928
73700 0.77443762 0.77891800 40.07371967
73800 0.75227395 0.78964819 43.54044794
73900 0.74303522 0.62958542 84.34819940
74000 0.73180181 0.68460199 71.18318722
74100 0.73251703 0.70774702 65.11682305
74200 0.73728376 0.75267126 53.97922744
74300 0.73333898 0.74262731 57.05576524
74400 0.73197009 0.73099209 59.90224937
74500 0.68682122 0.67711698 86.27304452
74600 0.72283290 0.68164176 74.41887407
74700 0.70499641 0.69208988 76.77237280
74800 0.74127122 0.66497071 74.09113854
74900 0.72707191 0.80315743 48.02624287
75000 0.74317552 0.79398508 45.14973418
75100 0.69952703 0.71221770 73.41221223
75200 0.74162917 0.70573077 63.21147189
75300 0.72835312 0.68223818 72.74421002
75400 0.69101547 0.74016118 69.75188469
75500 0.76048376 0.71925194 55.30634787
75600 0.72324340 0.73026117 62.43968546
75700 0.72590820 0.72062293 63.87007682
75800 0.70058296 0.76912578 61.18302449
75900 0.74361040 0.73122529 56.79899862
76000 0.71867364 0.81450061 48.75230460
76100 0.72061215 0.74514409 60.01175834
76200 0.74662616 0.72064869 58.40016320
76300 0.72098305 0.75411377 58.11093675
76400 0.72307727 0.71748124 65.37558456
76500 0.75119979 0.76358507 48.32603379
76600 0.69863444 0.74330459 66.77209755
76700 0.81587343 0.71627777 44.26433839
76800 0.74595604 0.74168435 53.96687059
76900 0.72589355 0.78145964 51.77010106
77000 0.73334661 0.74664896 56.22783729
77100 0.72825501 0.67784274 73.95745801
77200 0.72022633 0.67672723 76.47565850
77300 0.70273888 0.75272125 63.64154150
77400 0.75927102 0.74377973 50.23862075
77500 0.74548093 0.77502554 47.69800988
77600 0.73055606 0.65347923 80.26230105
77700 0.74438698 0.74296383 54.10099567
77800 0.69881487 0.65865269 87.79786847
77900 0.76289130 0.72870329 52.59638339
78000 0.72684724 0.77059268 53.39970898
78100 0.71213313 0.65033816 86.33227844
78200 0.70605925 0.72053584 69.52748386
78300 0.71214258 0.68538239 76.44218703
78400 0.66017631 0.74644385 78.45762312
78500 0.69422257 0.75231458 66.28968089
78600 0.73267102 0.72434946 61.19147635
78700 0.80751282 0.76811001 35.06764114
78800 0.75536592 0.71764185 56.91807251
78900 0.74479652 0.71695566 59.71924150
79000 0.73066816 0.70624394 65.97832735
79100 0.73356561 0.71662175 62.72634460
79200 0.70916381 0.72869247 66.78135516
79300 0.72194188 0.73365068 62.06167119
79400 0.73825365 0.69086000 67.83234622
79500 0.76915900 0.74758984 47.12872139
79600 0.73924374 0.66321415 75.11997592
79700 0.74508380 0.69054791 66.14882859
79800 0.68426908 0.74560861 70.73092751
79900 0.74392563 0.72753172 57.53310809
80000 0.76589131 0.70331131 57.83109477
80100 0.73650341 0.72867885 59.20675130
80200 0.70633623 0.72370582 68.72373461
80300 0.71543138 0.66955835 79.81340737
80400 0.72320887 0.69715240 70.27261947
80500 0.74916684 0.69341639 64.37621367
80600 0.72588653 0.71368170 65.49226780
80700 0.76266453 0.71723999 55.25267287
80800 0.68077588 0.69798663 82.70738700
80900 0.69255904 0.71657627 74.50329005
81000 0.77432610 0.70023702 56.65512640
81100 0.73446031 0.68011775 71.67387618
81200 0.76213969 0.72753163 53.03485197
81300 0.74989017 0.69915566 62.73890514
81400 0.75312833 0.67985345 66.96239179
81500 0.68612546 0.73559947 72.24240602
81600 0.74630451 0.76261505 49.73725954
81700 0.75760528 0.73897949 51.64242717
81800 0.72375034 0.68489569 73.29708581
81900 0.68910379 0.68952159 82.25272814
82000 0.72302038 0.73041762 62.46706520
82100 0.75359708 0.68192925 66.28816372
82200 0.75161443 0.68989652 64.67460563
82300 0.72113679 0.65255547 83.11897033
82400 0.73002550 0.69166433 69.81177668
82500 0.68208357 0.70452230 80.66507864
82600 0.75384574 0.68352305 65.80094059
82700 0.73543636 0.80106164 46.08827594
82800 0.78183988 0.72711884 48.63492459
82900 0.76143538 0.74243466 49.99822337
83000 0.75804741 0.73606398 52.15483788
83100 0.74204135 0.72465194 58.66220658
83200 0.74799462 0.73219336 55.47322266
83300 0.75106679 0.74379515 52.24408950
83400 0.74279013 0.69330224 66.02532832
83500 0.71460204 0.71368081 68.64937802
83600 0.77189560 0.67186008 64.69671557
83700 0.69757934 0.64759804 91.45259979
83800 0.73001858 0.71469675 64.12879318
83900 0.74869981 0.75443014 50.69967729
84000 0.73502794 0.74154503 56.83183417
84100 0.70197925 0.63749052 93.23927036
84200 0.73683015 0.69199938 67.91134337
84300 0.70470943 0.68491692 78.73278158
84400 0.78658796 0.66924229 62.18479553
84500 0.69887799 0.70804381 74.60863285
84600 0.71276602 0.73261260 64.88032025
84700 0.69935555 0.71113040 73.72288525
84800 0.74370209 0.68726425 67.35934639
84900 0.76972980 0.71955414 53.06483186
85000 0.73635800 0.69622109 66.95541938
85100 0.72938493 0.73864374 58.95199187
85200 0.71121924 0.73696161 64.38984112
85300 0.78088195 0.74958023 44.09040033
85400 0.73742133 0.74052462 56.41374562
85500 0.72599815 0.68712071 72.09126896
85600 0.69469510 0.69286234 79.66542967
85700 0.68625412 0.66647417 89.41168800
85800 0.73693886 0.70078287 65.65517059
85900 0.74414357 0.73514911 55.81170907
86000 0.71327884 0.72309330 66.84783742
86100 0.74347553 0.67329082 71.18638785
86200 0.70974972 0.69277077 75.20605133
86300 0.75598817 0.76090958 47.64847872
86400 0.75116532 0.69571820 63.28896597
86500 0.73885597 0.70890111 63.16243955
86600 0.70183322 0.72764928 69.17163672
86700 0.73411929 0.70948464 64.27009555
86800 0.68197012 0.75060631 70.45042262
86900 0.78577707 0.70527883 52.88995733
87000 0.73134023 0.76638008 52.94717373
87100 0.75974810 0.65325079 72.89053319
87200 0.75664065 0.64575703 75.89377906
87300 0.74681549 0.74200721 53.68169788
87400 0.73233626 0.81736014 44.61860611
87500 0.70820226 0.71599714 69.95162957
87600 0.79979779 0.74108597 41.86299754
87700 0.75083750 0.69979307 62.34273049
87800 0.71992339 0.75305176 58.61575668
87900 0.78424504 0.72189129 49.29189269
88000 0.74446866 0.69712467 64.62109978
88100 0.73810427 0.71146588 62.74395013
88200 0.70040774 0.73472799 68.04878062
88300 0.74993082 0.74357343 52.57326092
88400 0.78559859 0.71196762 51.31368917
88500 0.77304282 0.74740264 46.27762467
88600 0.73610997 0.74620910 55.58433816
88700 0.68450623 0.69871038 81.34139607
88800 0.68996348 0.76443303 65.27887062
88900 0.77645456 0.73961440 47.11733058
89000 0.74183439 0.68215819 69.19436028
89100 0.72437551 0.72583986 63.10831317
89200 0.71681348 0.66253680 81.41484730
89300 0.78663768 0.71114347 51.28796076
89400 0.70216059 0.71408841 72.18129633
89500 0.74324713 0.68004049 69.40008624
89600 0.72137486 0.73227077 62.51899385
89700 0.73145667 0.79515915 48.04560515
89800 0.72435572 0.78840768 51.04592212
89900 0.72733494 0.69569944 69.50750656
90000 0.71729016 0.75950713 58.10619423
90100 0.71867012 0.71176749 67.95061632
90200 0.76153764 0.67591308 65.99396884
90300 0.72846566 0.76796185 53.43439407
90400 0.72852823 0.71119459 65.36247439
90500 0.74272125 0.74527537 54.05226568
90600 0.72808976 0.72059044 63.28196156
90700 0.73117039 0.73051803 60.22084730
90800 0.78164584 0.68864035 57.99370392
90900 0.71060857 0.65652301 84.93807146
91000 0.73072132 0.76161837 53.99932335
91100 0.75001581 0.70628958 60.94343285
91200 0.71144207 0.69722683 73.57997762
91300 0.73365356 0.67801415 72.45836529
91400 0.73186923 0.70795203 65.24066354
91500 0.69766342 0.72760424 70.43364164
91600 0.69209049 0.76150709 65.16891997
91700 0.75505322 0.68119229 66.12825493
91800 0.68148848 0.71937158 77.31952785
91900 0.73799413 0.74078166 56.20969356
92000 0.69892322 0.70656538 74.95382041
92100 0.65559690 0.73895075 81.57764048
92200 0.68946121 0.70658812 77.84184395
92300 0.72005062 0.73303272 62.72322638
92400 0.75247935 0.74971156 50.69096564
92500 0.70078171 0.73645743 67.56600566
92600 0.69808242 0.67256772 84.06144548
92700 0.78190025 0.66454994 64.52461959
92800 0.69467876 0.72853451 71.13401100
92900 0.73886581 0.73081774 58.11596381
93000 0.72799417 0.68490221 72.13200549
93100 0.71942617 0.67319953 77.67008647
93200 0.76007974 0.62006677 83.20883170
93300 0.75205824 0.71071661 59.36582897
93400 0.66522954 0.74861485 76.31361833
93500 0.70565275 0.69183236 76.64541835
93600 0.78439705 0.76360861 40.61319125
93700 0.72963235 0.74838273 56.87409644
93800 0.71622694 0.76021518 58.27271458
93900 0.74595312 0.71910071 58.92714919
94000 0.72532382 0.71913584 64.37263170
94100 0.73255374 0.74365975 57.05190125
94200 0.75622885 0.71785720 56.65732784
94300 0.71645272 0.71647329 67.46689196
94400 0.77130686 0.74086134 48.01976644
94500 0.73168423 0.72818306 60.59805538
94600 0.74471575 0.71387412 60.46274052
94700 0.68360758 0.67301704 88.41186080
94800 0.73200843 0.72237865 61.81548160
94900 0.71774063 0.72699649 64.70046064
95000 0.77611484 0.69329474 58.01107794
95100 0.73002242 0.70507996 66.43685787
95200 0.70989511 0.74213489 63.68437489
95300 0.74306229 0.70559603 62.87514292
95400 0.72393289 0.72835358 62.67009061
95500 0.73651715 0.72230456 60.63421318
95600 0.71815764 0.73083482 63.73424545
95700 0.71940561 0.74557909 60.26056188
95800 0.71184470 0.68705318 76.08725415
95900 0.75187328 0.75925171 48.97588957
96000 0.76826700 0.75039951 46.77027090
96100 0.73039657 0.70771096 65.69499305
96200 0.72664143 0.77597143 52.50542562
96300 0.74699129 0.70967208 60.88545972
96400 0.71426745 0.70997991 69.62636756
96500 0.74417022 0.72889786 57.16751583
96600 0.67706188 0.66845227 91.77907838
96700 0.75675127 0.70889668 58.65037881
96800 0.73911503 0.74207915 55.64602460
96900 0.73789926 0.71050601 63.02708430
97000 0.73692928 0.70550482 64.49204743
97100 0.72598567 0.73186412 61.33355766
97200 0.73206228 0.70610223 65.63837088
97300 0.72679654 0.76023125 55.32615324
97400 0.70744175 0.73235293 66.48028636
97500 0.73102710 0.71855161 62.95738923
97600 0.77218183 0.73094698 49.94267341
97700 0.71342326 0.70901183 70.10076361
97800 0.74445882 0.78028242 47.05267504
97900 0.71166315 0.67381746 79.70746856
98000 0.71786386 0.73446430 63.02822050
98100 0.67494593 0.72082841 79.08988409
98200 0.72370142 0.71372996 66.08221751
98300 0.75007165 0.70722469 60.70201661
98400 0.71595667 0.72242219 66.23613751
98500 0.71734509 0.69511717 72.42952824
98600 0.73406981 0.69908683 66.83814072
98700 0.77932096 0.71989761 50.82317514
98800 0.68027137 0.68436427 86.39436850
98900 0.77505043 0.76752972 41.94885521
99000 0.71929219 0.68754817 73.83892015
99100 0.76862652 0.69263810 59.88441761
99200 0.70671075 0.69054458 76.66785180
99300 0.69061183 0.72055310 74.18346101
99400 0.71766899 0.67368573 78.03018647
99500 0.72378628 0.74878963 58.38981648
99600 0.75870637 0.73567444 52.07903053
99700 0.71800790 0.70308453 70.24339686
99800 0.73000676 0.73731138 59.06640115
99900 0.71163461 0.69761566 73.42622662
100000 0.71701771 0.70280199 70.59291751
100100 0.77095653 0.71300865 54.31290384
100200 0.73577243 0.68519855 69.96800980
100300 0.73787648 0.76136557 52.14584455
100400 0.71825045 0.72898242 64.11579035
100500 0.72288780 0.70347865 68.78197159
100600 0.74626117 0.70858892 61.33135022
100700 0.74202987 0.77690299 48.25558233
100800 0.77558167 0.81184548 34.72512846
100900 0.73642165 0.76471528 51.90198735
101000 0.74939847 0.70069970 62.47588363
101100 0.75147736 0.67503326 68.68510639
101200 0.73561617 0.70494882 64.97444342
101300 0.69967823 0.71639735 72.38168164
101400 0.71039077 0.73979067 64.03073339
101500 0.71710091 0.75413341 59.19780784
101600 0.69530345 0.68650217 81.13554850
101700 0.74159470 0.74020047 55.39457207
101800 0.67471870 0.69288022 85.95925073
101900 0.72324893 0.71192962 66.63432922
102000 0.69135609 0.75890576 65.88903581
102100 0.76021841 0.77357805 44.30995912
102200 0.76488914 0.74528813 48.59203181
102300 0.71255292 0.73883451 63.60834380
102400 0.71704296 0.71309225 68.09498297
102500 0.72829678 0.72321683 62.62662259
102600 0.73373602 0.74808913 55.83225243
102700 0.72906265 0.73704672 59.37807414
102800 0.77314188 0.72824637 50.31963781
102900 0.71984045 0.75035110 59.17452727
103000 0.72542008 0.73523087 60.75995688
103100 0.67216936 0.74554038 74.63833155
103200 0.69652629 0.70950409 74.96728699
103300 0.76524412 0.74785535 47.98639005
103400 0.70712705 0.66541969 83.38025861
103500 0.76565426 0.67467994 65.35952939
103600 0.76157884 0.69465552 61.02272545
103700 0.67128078 0.66204607 95.48689494
103800 0.73261625 0.64390547 82.59396767
103900 0.71233884 0.74057239 63.30443394
104000 0.74055392 0.71616552 60.99541512
104100 0.72078652 0.70031949 70.15026080
104200 0.72046032 0.74458378 60.16912843
104300 0.71909442 0.69120102 72.94242732
104400 0.71342945 0.70718920 70.53988069
104500 0.75919714 0.76165475 46.72997638
104600 0.73529576 0.66300264 76.21791154
104700 0.70661380 0.69650106 75.16858697
104800 0.72411552 0.72494108 63.38188210
104900 0.73442890 0.71638417 62.55218120
105000 0.75313817 0.68763392 64.88836029
105100 0.73452750 0.76860420 51.69004085
105200 0.75937926 0.76770637 45.56465379
105300 0.71223637 0.71707978 68.52986835
105400 0.74606252 0.74051095 54.18495265
105500 0.71688005 0.66623673 80.33925201
105600 0.73848804 0.65447003 77.86323489
105700 0.71607067 0.67941449 76.91618908
105800 0.75193915 0.73385648 54.12610202
105900 0.68254442 0.74386386 71.63507813
106000 0.77772427 0.72244475 50.59394438
106100 0.70152031 0.70490855 74.57997296
106200 0.74002150 0.68869649 67.93417051
106300 0.72428263 0.67619253 75.49529737
106400 0.72185055 0.74186046 60.34459227
106500 0.77054168 0.68328609 61.89371575
106600 0.74676401 0.68412871 67.40800360
106700 0.74029667 0.68170299 69.71455384
106800 0.69683655 0.72870031 70.44081368
106900 0.72145371 0.73285213 62.37061649
107000 0.78196136 0.72167185 49.83729735
107100 0.70503444 0.70927521 72.47655166
107200 0.69484650 0.70678058 76.13717056
107300 0.70956297 0.69157137 75.56951181
107400 0.73712982 0.66127020 76.23281249
107500 0.71334743 0.69670953 73.16287728
107600 0.68967638 0.69900304 79.65011132
107700 0.74559176 0.74295508 53.79557488
107800 0.70088117 0.69801554 76.48412187
107900 0.70627364 0.74715838 63.70994681
108000 0.73369082 0.75907140 53.68715613
108100 0.72190408 0.73974627 60.77198687
108200 0.74093614 0.71075328 62.17653748
108300 0.69214223 0.75286549 66.81920977
108400 0.68156850 0.70802498 79.97526281
108500 0.76661168 0.71549980 54.73022474
108600 0.74794022 0.67945661 68.36392892
108700 0.71410479 0.73260874 64.49751600
108800 0.69152560 0.66884703 87.10172329
108900 0.74685259 0.69304112 65.05574012
109000 0.75376181 0.70982968 59.15751659
109100 0.67404795 0.75871269 71.41778686
109200 0.72511065 0.72078437 64.05198021
109300 0.71526815 0.64303167 87.65089104
109400 0.72674221 0.72576706 62.47511560
109500 0.73582917 0.70527549 64.83815641
109600 0.72611913 0.75425938 56.66256128
109700 0.71860383 0.71442024 67.34081505
109800 0.74702132 0.71135912 60.47384153
109900 0.74390918 0.76479762 49.94121344
110000 0.75032996 0.68048941 67.48554473
110100 0.70289659 0.74367955 65.41928363
110200 0.72618404 0.68975430 71.35150331
110300 0.73431393 0.71014211 64.06044763
110400 0.77872162 0.73544899 47.49812871
110500 0.72846986 0.70851983 66.02064302
110600 0.72399646 0.76069999 56.00622392
110700 0.74428001 0.70299725 63.20153612
110800 0.75788832 0.69951041 60.68155238
110900 0.80097803 0.70271267 50.38038447
111000 0.69970448 0.70864941 74.21375236
111100 0.72537960 0.69095534 71.26024883
111200 0.71405904 0.71939633 67.47014236
111300 0.68816004 0.73342276 72.07493101
111400 0.74833019 0.74830933 52.00840891
111500 0.74248579 0.72787626 57.82626091
111600 0.74359297 0.74084963 54.74422194
111700 0.71624092 0.70878489 69.35197285
111800 0.74126599 0.73195508 57.24343720
111900 0.72182599 0.72261689 64.54192883
112000 0.71160845 0.78070431 55.91535801
112100 0.74458124 0.73141804 56.50840790
112200 0.76883371 0.69081772 60.30665426
112300 0.74292753 0.69526483 65.48813088
112400 0.71360022 0.66130144 82.68584731
112500 0.75465611 0.69214529 63.34133655
112600 0.70379695 0.74645208 64.58400158
112700 0.73646465 0.75233817 54.26053798
112800 0.69718225 0.65125538 90.47346947
112900 0.75221860 0.69158594 64.08672523
113000 0.72165888 0.70748431 68.14382014
113100 0.75200484 0.66662808 70.90062251
113200 0.71963193 0.71875843 66.03945862
113300 0.72017988 0.74488891 60.18492975
113400 0.73414292 0.73411921 58.64224938
113500 0.71027368 0.79463139 54.04037262
113600 0.73952613 0.72109875 60.12120866
113700 0.70740586 0.71959573 69.34872809
113800 0.74724760 0.67566729 69.57110641
113900 0.73358053 0.70449868 65.62511577
114000 0.76038964 0.74770229 49.16874325
114100 0.77909406 0.65963444 66.55579486
114200 0.71584811 0.69639825 72.52807070
114300 0.72482369 0.72653954 62.82828877
114400 0.69163729 0.71837775 74.36821416
114500 0.74787536 0.77560374 46.99044510
114600 0.72021034 0.71789967 66.07640677
114700 0.72914096 0.66699207 76.72905490
114800 0.74184129 0.67547240 71.00566067
114900 0.71873768 0.65495852 83.07898144
115000 0.70386585 0.73122802 67.77830651
115100 0.68981683 0.64979419 93.16856547
115200 0.72874186 0.72923570 61.15892559
115300 0.77712325 0.70067881 55.91754878
115400 0.74781940 0.70709466 61.29902881
115500 0.74050900 0.70482331 63.72359561
115600 0.74100710 0.73856915 55.89016452
115700 0.76013012 0.76957614 45.04516471
115800 0.76149074 0.76334850 45.86272546
115900 0.70092635 0.64903889 90.01131648
116000 0.76933223 0.74728482 47.15053256
116100 0.64181060 0.68943163 98.09775951
116200 0.70261944 0.78904143 57.17143036
116300 0.75809678 0.72832845 53.82772215
116400 0.71641350 0.62348956 93.51518417
116500 0.74186074 0.71187550 61.66957693
116600 0.73061901 0.72330375 61.97865427
116700 0.81251970 0.70399960 47.83253106
116800 0.74496796 0.71773958 59.49312065
116900 0.72879254 0.73300423 60.32032492
117000 0.76759716 0.71125589 55.50491515
117100 0.73161457 0.69113059 69.52205393
117200 0.70358153 0.70824090 73.15568433
117300 0.75635084 0.74978092 49.72629605
117400 0.77772436 0.65066004 69.50543519
117500 0.72898904 0.65684771 79.69260189
117600 0.75270377 0.73530591 53.62448963
117700 0.75264733 0.68621213 65.38369100
117800 0.72854346 0.66782599 76.65541117
117900 0.75064535 0.70835956 60.28392067
118000 0.75376778 0.72638887 55.31612341
118100 0.73995946 0.70596431 63.58724977
118200 0.73843829 0.67730457 71.38866190
118300 0.73455906 0.74704394 55.82502661
118400 0.72247770 0.73414419 61.80617904
118500 0.73384568 0.67943942 72.02057308
118600 0.68849021 0.71222891 76.78672109
118700 0.73637349 0.71786245 61.69339121
118800 0.65206281 0.63157682 111.22680375
118900 0.71926335 0.76032901 57.39407414
119000 0.76456357 0.79256210 40.10850177
119100 0.76687415 0.78316600 41.09062162
119200 0.73366289 0.71142628 63.92643755
119300 0.69494167 0.71515372 74.10667809
119400 0.74352791 0.72059602 59.20205969
119500 0.72505539 0.70691175 67.34321591
119600 0.74648894 0.73187799 55.92253471
119700 0.75806921 0.69645402 61.40803677
119800 0.76046172 0.73842481 51.07132386
119900 0.73140504 0.71556152 63.55232543
120000 0.73973924 0.69621245 66.07189232
120100 0.70420962 0.66435838 84.54154171
120200 0.77317271 0.65767530 68.45217523
120300 0.73983660 0.69487408 66.38711440
120400 0.77938967 0.67453693 62.27440966
120500 0.75649848 0.70861515 58.77981646
120600 0.70762092 0.72421656 68.23184509
120700 0.72516089 0.68739756 72.24828833
120800 0.72976046 0.69435594 69.19164695
120900 0.72365580 0.78246440 52.21714698
121000 0.78686413 0.73727879 45.33860673
121100 0.70315244 0.76656569 60.88331062
121200 0.71888332 0.70250698 70.13969034
121300 0.71527155 0.72447819 65.96518798
121400 0.73888120 0.73764761 56.63828248
121500 0.74497484 0.73082471 56.53781997
121600 0.72256252 0.67221036 77.06932010
121700 0.75812264 0.75102668 49.04751848
121800 0.74015569 0.72055892 60.08113972
121900 0.77680145 0.71114340 53.43503550
122000 0.71049799 0.74551339 62.81309379
122100 0.73386159 0.77626165 50.50733259
122200 0.73194697 0.69447747 68.57209423
122300 0.72637970 0.69984690 68.72231949
122400 0.71322119 0.74561210 62.00825071
122500 0.73611832 0.68354126 70.31689919
122600 0.74076764 0.65023261 78.53095364
122700 0.71365542 0.73762344 63.54851072
122800 0.74459234 0.74181378 54.28728818
122900 0.74346608 0.70913888 61.91186450
123000 0.70345256 0.72536636 69.20032927
123100 0.73047322 0.70055243 67.43438610
123200 0.71852328 0.68007841 76.04340288
123300 0.78686975 0.68601218 57.55703591
123400 0.71891753 0.69920971 70.95156079
123500 0.73944221 0.75138927 53.66829102
123600 0.69033981 0.73001438 72.14155350
123700 0.72285764 0.65260165 82.62683345
123800 0.69868495 0.66762270 85.26385044
123900 0.72266396 0.77693221 53.43386910
124000 0.71801428 0.70181294 70.55638082
124100 0.71637964 0.70349375 70.60291891
124200 0.72607381 0.71049490 66.19912582
124300 0.77630803 0.71962956 51.55431835
124400 0.70576263 0.74295698 64.72122064
124500 0.72287217 0.71997028 64.85675291
124600 0.73246367 0.73421073 59.07034781
124700 0.71752144 0.75435546 59.03546149
124800 0.69900306 0.73124972 69.22542098
124900 0.70618280 0.73063253 67.22531779
125000 0.72225596 0.69391640 71.36027887
125100 0.67543120 0.73621598 75.52425765
125200 0.71593263 0.69856610 71.95663775
125300 0.72883319 0.74461590 57.85703277
125400 0.73475237 0.69494354 67.70505062
125500 0.72519827 0.72365971 63.37295884
125600 0.71630108 0.75105866 60.03136738
125700 0.71007592 0.69415443 74.75646257
125800 0.71348264 0.66931818 80.43724073
125900 0.72749057 0.74774385 57.58446922
126000 0.71947948 0.69357390 72.22305356
126100 0.71383395 0.72640724 65.94236469
126200 0.71713567 0.75899496 58.24757781
126300 0.68678380 0.70538434 78.97060505
126400 0.72993762 0.71694828 63.62339635
126500 0.76955147 0.72956836 50.84831757
126600 0.76314305 0.68359623 63.53609347
126700 0.75651098 0.73543400 52.66273398
126800 0.72038890 0.74697354 59.70105482
126900 0.71661043 0.71680164 67.34556223
127000 0.72492891 0.65531469 81.25176816
127100 0.69864098 0.70129344 76.33610499
127200 0.73816180 0.76354836 51.66172966
127300 0.73927422 0.70069714 65.06492545
127400 0.70975756 0.70884861 71.19733187
127500 0.74417626 0.71601196 60.09809493
127600 0.74445148 0.71390507 60.52293239
127700 0.72898754 0.71261756 64.89908631
127800 0.78792634 0.74519859 43.45942738
127900 0.73571478 0.76528612 51.98294748
128000 0.73641523 0.68044908 71.06731502
128100 0.73317557 0.75362547 54.87911696
128200 0.69969080 0.72681899 69.99768752
128300 0.76555864 0.68049072 63.79900212
128400 0.72180955 0.72493571 64.02193073
128500 0.75407484 0.75007902 50.22379100
128600 0.73316063 0.72576581 60.74210886
128700 0.71466226 0.68157392 76.73509423
128800 0.77119523 0.65828736 68.72394403
128900 0.73732091 0.67685658 71.80381598
129000 0.72274566 0.68355163 73.93235250
129100 0.75853266 0.78975434 41.99257320
129200 0.72993177 0.70481393 66.52652857
129300 0.71236651 0.69640100 73.52273778
129400 0.72472611 0.73995341 59.94764072
129500 0.67155453 0.69941878 85.33368626
129600 0.73325320 0.68371671 71.03032227
129700 0.76237539 0.73360768 51.64554468
129800 0.74005586 0.71624747 61.10560036
129900 0.78587109 0.72461519 48.32474989
130000 0.74655009 0.73576653 55.06641827
130100 0.69938457 0.69851982 76.80595966
130200 0.69906030 0.69012328 79.05030497
130300 0.78494482 0.72060548 49.43528819
130400 0.68687967 0.74480183 70.07531268
130500 0.73460647 0.75978094 53.30850888
130600 0.73343013 0.68415040 70.86775218
130700 0.69611301 0.68037896 82.52140445
130800 0.70487334 0.67378866 81.69622485
130900 0.69781728 0.64864057 91.06595031
131000 0.71791255 0.74090783 61.64643063
131100 0.75220496 0.72846385 55.24032391
131200 0.72446132 0.71511836 65.54547541
131300 0.68209053 0.74646462 71.24653949
131400 0.76039561 0.71161953 57.11775723
131500 0.75877484 0.73874105 51.40996077
131600 0.75013584 0.72780498 55.90136415
131700 0.71486710 0.76775793 57.25647162
131800 0.74642792 0.75110329 51.92935112
131900 0.72929959 0.69518169 69.10554380
132000 0.73269141 0.67614778 73.22445793
132100 0.74032239 0.73877195 56.02487609
132200 0.71287342 0.73147023 65.09846754
132300 0.72772256 0.68610721 71.88720282
132400 0.74257438 0.73576987 56.08124809
132500 0.76747139 0.72191253 53.04672447
132600 0.75202786 0.71639195 58.03145027
132700 0.76209147 0.74954897 48.39054313
132800 0.72715242 0.70303164 67.71958522
132900 0.70158886 0.70797577 73.81247005
133000 0.68773841 0.71463037 76.45308235
133100 0.72321616 0.66889256 77.81534265
133200 0.74153044 0.71533634 60.93677203
133300 0.68540945 0.73842547 71.86549852
133400 0.70328721 0.74044682 65.97550823
133500 0.73447841 0.73143255 59.13672399
133600 0.77408020 0.72411662 51.03152731
133700 0.73967931 0.70013812 65.09890915
133800 0.71393327 0.72512814 66.20076486
133900 0.70274159 0.73344985 67.62826350
134000 0.75073112 0.73543494 54.08656807
134100 0.74158354 0.78906837 46.33902768
134200 0.73647425 0.70426274 64.91631160
134300 0.71262142 0.79228448 53.73031511
134400 0.77491413 0.73402061 48.65537218
134500 0.70401865 0.69050016 77.47256414
134600 0.69072242 0.75528949 66.78240269
134700 0.80003884 0.69178604 53.32945637
134800 0.75325883 0.73284621 54.01848569
134900 0.73867051 0.70634888 63.82948545
135000 0.76050827 0.70137857 59.58445058
135100 0.74699871 0.67170958 70.72760440
135200 0.74635974 0.70460679 62.27560243
135300 0.73725908 0.70628363 64.21522942
135400 0.77680762 0.71291357 53.01240556
135500 0.71988343 0.70928735 68.20393726
135600 0.68865923 0.68192531 84.39855880
135700 0.74511983 0.67178464 71.18384390
135800 0.70860770 0.66719307 82.44461644
135900 0.78183363 0.75926056 41.98905060
136000 0.71454790 0.69504671 73.24203983
136100 0.70038346 0.70879498 73.97496652
136200 0.72984379 0.70222968 67.18725371
136300 0.71463456 0.70832948 69.91903755
136400 0.72260685 0.77336618 54.07323425
136500 0.80293963 0.74762011 39.89520476
136600 0.72401653 0.69091295 71.64648761
136700 0.75004465 0.67952974 67.81592123
136800 0.76494694 0.70718104 57.10549274
136900 0.74138855 0.71807290 60.33502995
137000 0.68296889 0.69797180 82.01346796
137100 0.72560279 0.68676881 72.29224254
137200 0.68153746 0.79498790 62.72356830
137300 0.72071565 0.69267303 72.10845949
137400 0.75002250 0.70288540 61.77718729
137500 0.66319967 0.78935667 69.62036907
137600 0.75688883 0.74109975 51.37117655
137700 0.66109448 0.63347859 107.52137760
137800 0.76286133 0.78721201 41.36733757
137900 0.71455121 0.68241304 76.54189580
138000 0.74573969 0.70087096 63.35679255
138100 0.68781445 0.65629633 91.86083123
138200 0.71081407 0.73551231 64.81673703
138300 0.74229434 0.82945422 40.47174563
138400 0.73095990 0.71070413 64.82254228
138500 0.67990935 0.74054889 73.16389560
138600 0.75429522 0.74209782 51.79707766
138700 0.71405780 0.68719489 75.41473427
138800 0.74406498 0.70806837 62.01682195
138900 0.72970657 0.73135503 60.43207985
139000 0.72873794 0.69653204 68.91455428
139100 0.72525159 0.73821663 60.16944176
139200 0.71554908 0.68172574 76.44170196
139300 0.73488506 0.73266201 58.76086687
139400 0.73493047 0.71541829 62.64521710
139500 0.74491048 0.68469407 67.72894898
139600 0.75386460 0.71642093 57.57090719
139700 0.76850191 0.77251798 42.54561755
139800 0.70808541 0.70978398 71.45893046
139900 0.73074249 0.75506877 55.24889648
140000 0.76590510 0.72449030 52.82752290
140100 0.70856434 0.72810717 67.08558783
140200 0.74304989 0.67664272 70.37378177
140300 0.76747502 0.70387435 57.32284896
140400 0.69096912 0.70430238 77.93370147
140500 0.73076119 0.66346372 77.29628888
140600 0.76542495 0.70922695 56.49855938
140700 0.72037131 0.72364479 64.71444293
140800 0.71318497 0.69790459 72.90747904
140900 0.79261980 0.73840701 43.88907106
141000 0.73674024 0.67642593 72.07423587
141100 0.70576373 0.73078574 67.31493759
141200 0.70865867 0.67868400 79.24606869
141300 0.76381228 0.74843009 48.20753510
141400 0.71461460 0.75233286 60.25856327
141500 0.75995073 0.66610537 69.10990688
141600 0.72581734 0.69170057 70.94736217
141700 0.74288416 0.70611251 62.79483333
141800 0.70600065 0.69388016 76.01649400
141900 0.73736701 0.73477358 57.64924924
142000 0.71905075 0.78087920 53.76716289
142100 0.72580630 0.67901722 74.30692717
142200 0.71457845 0.72150298 66.83817597
142300 0.71916845 0.71268701 67.59190701
142400 0.75168915 0.71283045 58.95383906
142500 0.76912561 0.71406945 54.48310321
142600 0.77218204 0.66596249 66.28916595
142700 0.74291789 0.68795338 67.37982074
142800 0.74893811 0.68855581 65.69256757
142900 0.73269495 0.72284596 61.52547401
143000 0.73301409 0.74144162 57.38903876
143100 0.71044068 0.69230173 75.12649858
143200 0.70820885 0.70579261 72.38966269
143300 0.72743300 0.78781494 50.29838285
143400 0.74237937 0.72112603 59.37584284
143500 0.71608778 0.78475964 53.95526271
143600 0.70181759 0.69943200 75.84853601
143700 0.77893668 0.73148763 48.30832330
143800 0.74170431 0.76665688 50.16568266
143900 0.73264482 0.78273469 49.72823943
144000 0.73307979 0.72945921 59.94231732
144100 0.72900550 0.69552904 69.09674444
144200 0.72622378 0.69309709 70.47626267
144300 0.75273107 0.67376829 68.72294114
144400 0.71076041 0.66832060 81.50141385
144500 0.72429799 0.72236571 63.91448345
144600 0.69751796 0.71655458 72.99607556
144700 0.72204335 0.75064594 58.50096854
144800 0.69957441 0.75196109 64.73747187
144900 0.75687172 0.71942177 56.13884107
145000 0.72287847 0.72365000 64.01533249
145100 0.73056412 0.66813125 76.02284157
145200 0.72055906 0.72724312 63.85393199
145300 0.71379976 0.64530734 87.37409885
145400 0.69237352 0.75415172 66.49530168
145500 0.71913111 0.72528988 64.69098576
145600 0.78018525 0.69056865 57.81157308
145700 0.73088270 0.64695269 82.13089667
145800 0.75918393 0.73257654 52.63266976
145900 0.78656620 0.78470378 36.43841274
146000 0.74676424 0.64157841 79.62611312
146100 0.75861458 0.72563975 54.30222283
146200 0.70354535 0.71451527 71.66920823
146300 0.73050075 0.68451533 71.55597943
146400 0.75405884 0.71678772 57.43751112
146500 0.71673023 0.71900049 66.80126772
146600 0.69436209 0.62933141 98.12143839
146700 0.77142219 0.66750053 66.02688158
146800 0.73421877 0.69253586 68.46372502
146900 0.78301804 0.73052987 47.62415444
147000 0.73753031 0.77709675 49.39293507
147100 0.71556100 0.75782457 58.91847162
147200 0.70816864 0.72656158 67.54513531
147300 0.72487310 0.64666638 83.85304828
147400 0.71477536 0.69298660 73.70449193
147500 0.68829586 0.74862014 68.85665901
147600 0.70285434 0.71300891 72.23016058
147700 0.82651370 0.77141584 30.99489871
147800 0.72920345 0.64999510 81.66685459
147900 0.66349598 0.76248161 74.19904987
148000 0.72258074 0.72486807 63.82291535
148100 0.70303857 0.71182683 72.45627642
148200 0.74228520 0.68982318 67.05444625
148300 0.75921215 0.67417664 67.02865642
148400 0.70497471 0.74408466 64.72052349
148500 0.67328025 0.68928300 87.35957541
148600 0.75742256 0.73367787 52.81953978
148700 0.70837332 0.71498016 70.14022242
148800 0.73887756 0.72362474 59.71534503
148900 0.74084985 0.68418924 68.90707927
149000 0.74153882 0.72703907 58.25687974
149100 0.74307379 0.70991656 61.82556875
149200 0.71690694 0.70986439 68.90339725
149300 0.72817946 0.68186628 72.89104880
149400 0.72158077 0.70055116 69.87099708
149500 0.73136419 0.70884744 65.15987826
149600 0.70569437 0.69018583 77.05960401
149700 0.74992401 0.66117916 72.97773893
149800 0.71054012 0.72368839 67.50198230
149900 0.71147558 0.73435285 64.87501645
150000 0.74249461 0.72558426 58.33572619
150100 0.69586455 0.70641691 75.91554678
150200 0.71023567 0.72369277 67.58916556
150300 0.69946172 0.69942135 76.55645916
150400 0.72474559 0.74526526 58.84065269
150500 0.67392971 0.70387844 83.44882737
150600 0.70848072 0.72889753 66.93489606
150700 0.73856835 0.66348596 75.21840129
150800 0.73512944 0.71814242 61.95717699
150900 0.71585659 0.76949448 56.65985892
151000 0.72903197 0.69863294 68.30453366
151100 0.73956479 0.65780140 76.60326112
151200 0.74850706 0.75718521 50.21312166
151300 0.73537282 0.74544777 55.93457965
151400 0.72494390 0.67643098 75.24793379
151500 0.68744252 0.68500671 83.95681331
151600 0.71199232 0.68777799 75.85440143
151700 0.71662578 0.71104486 68.70025589
151800 0.70207495 0.67714730 81.60396573
151900 0.75150446 0.70371316 61.20362100
152000 0.72543628 0.79286265 50.03869157
152100 0.72353273 0.71052385 66.89148886
152200 0.70239982 0.72944234 68.60577561
152300 0.71541809 0.67230121 79.05174056
152400 0.70805204 0.69642836 74.76609398
152500 0.75046405 0.73691595 53.83650125
152600 0.69124643 0.70326854 78.10258981
152700 0.68266965 0.69329655 83.29760690
152800 0.76351505 0.71795431 54.88516770
152900 0.77091932 0.74898638 46.44221718
153000 0.71688880 0.69821432 71.77398943
153100 0.73701579 0.68311873 70.19315241
153200 0.73499591 0.69497581 67.63225232
153300 0.72466925 0.71513501 65.48429231
153400 0.70746969 0.72101055 69.00507638
153500 0.73707129 0.71728573 61.64371823
153600 0.76441420 0.70915702 56.75300509
153700 0.74563474 0.74599997 53.15884833
153800 0.74779852 0.71360971 59.74297913
153900 0.73068554 0.71909826 62.92294564
154000 0.71843522 0.74423868 60.80822274
154100 0.78091892 0.68387825 59.40865320
154200 0.76314394 0.66270107 69.32073269
154300 0.72304720 0.71401925 66.19488514
154400 0.73362224 0.75704999 54.09340951
154500 0.77068258 0.73221292 50.00884507
154600 0.67248551 0.77726970 68.55074946
154700 0.69463198 0.69932708 78.04327106
154800 0.70829106 0.77029363 58.69424275
154900 0.71183647 0.63651778 90.65466086
155000 0.76063238 0.66916493 68.08259544
155100 0.72600867 0.64813870 83.09574590
155200 0.70297425 0.76598698 61.04254352
155300 0.70358084 0.68631769 78.69633857
155400 0.72919585 0.76442601 53.88629631
155500 0.70241048 0.75868068 62.58130167
155600 0.76309357 0.67561918 65.70474700
155700 0.72243604 0.68364800 73.99257147
155800 0.73954824 0.75949616 52.06341592
155900 0.69856117 0.69847515 77.06505988
156000 0.74297446 0.68533420 68.05505864
156100 0.77458418 0.69538445 57.82068331
156200 0.74351599 0.70773050 62.23928031
156300 0.67908215 0.76628113 68.37044632
156400 0.76091982 0.70447241 58.72156283
156500 0.72863770 0.72344056 62.48333939
156600 0.71781691 0.74521338 60.78242674
156700 0.75233520 0.72346026 56.32905238
156800 0.70230633 0.73240318 67.98494988
156900 0.76295022 0.71813841 54.97619817
157000 0.69923675 0.71679478 72.42160354
157100 0.72753213 0.70075501 68.18090307
157200 0.72670135 0.65917010 79.63709155
157300 0.72528583 0.71617081 65.07198166
157400 0.74949993 0.72324677 57.08365731
157500 0.77732071 0.67852475 61.64243782
157600 0.75924728 0.70575217 58.80943953
157700 0.71266823 0.73437545 64.52674570
157800 0.74074832 0.75585458 52.45193759
157900 0.74865699 0.74390508 52.82421190
158000 0.72964995 0.71151468 64.98219962
158100 0.70790762 0.81596113 51.64218708
158200 0.76977271 0.70737326 55.93617026
158300 0.66267482 0.71127090 85.38993024
158400 0.73862174 0.72279918 59.96940440
158500 0.72711651 0.71858016 64.01027006
158600 0.71287994 0.70391147 71.49874764
158700 0.70065430 0.74579783 65.65318594
158800 0.74487493 0.70492325 62.57570837
158900 0.72556369 0.70309420 68.13887952
159000 0.69541279 0.73116238 70.33163667
159100 0.75950797 0.69936852 60.32627713
159200 0.71969214 0.69019854 73.03464751
159300 0.70871241 0.68270067 78.14869502
159400 0.71497873 0.70886328 69.69202092
159500 0.71465203 0.70734486 70.15249085
159600 0.73240466 0.69955464 67.16507215
159700 0.76353349 0.68939715 61.91512742
159800 0.69672982 0.71655098 73.23562228
159900 0.79272350 0.73975056 43.58418644
160000 0.71173977 0.73559155 64.53247092
160100 0.72916722 0.74813434 57.05007023
160200 0.72356287 0.72707443 63.05664678
160300 0.74776189 0.69538791 64.22569112
160400 0.71282351 0.69077620 74.83365748
160500 0.76247537 0.73502665 51.31574581
160600 0.70930211 0.75853140 60.58274450
160700 0.76960527 0.70749091 55.94619602
160800 0.75090439 0.74537131 51.96076124
160900 0.69465343 0.70272230 77.19139377
161000 0.77159134 0.73290832 49.64965620
161100 0.75173922 0.72786807 55.48800332
161200 0.70225228 0.72344989 69.98932940
161300 0.68758625 0.69524161 81.25209405
161400 0.73596704 0.74011988 56.88153431
161500 0.70428406 0.72181388 69.75841133
161600 0.76431837 0.68734070 62.26786832
161700 0.76760270 0.72757097 51.74158885
161800 0.71750710 0.73937851 62.08182523
161900 0.72289055 0.72880037 62.85946128
162000 0.71744007 0.70474930 69.99400830
162100 0.75294205 0.74917246 50.68466750
162200 0.71841358 0.75201437 59.24461096
162300 0.71934215 0.78003819 53.82792429
162400 0.68548620 0.72821559 74.05362826
162500 0.70434868 0.75000450 63.70395251
162600 0.73286624 0.68530107 70.71298273
162700 0.70791810 0.72939763 66.98862141
162800 0.74351157 0.75468647 51.96684295
162900 0.75582140 0.71996069 56.27063608
163000 0.70500277 0.73557821 66.50003505
163100 0.72575127 0.63738941 86.46887417
163200 0.77320151 0.73164688 49.55782034
163300 0.68573901 0.71548384 76.87889854
163400 0.74206796 0.76692238 50.02317717
163500 0.75360821 0.73510551 53.44427978
163600 0.74215118 0.70920706 62.23362883
163700 0.71022678 0.79195869 54.47278673
163800 0.74917695 0.73126416 55.37878459
163900 0.77152080 0.70780589 55.43036614
164000 0.72596107 0.70705318 67.06024578
164100 0.71488968 0.77067763 56.72220307
164200 0.71539078 0.75505437 59.50310270
164300 0.74982044 0.76846031 47.77323528
164400 0.72912297 0.73696321 59.37951823
164500 0.68976657 0.69915852 79.58311391
164600 0.74076710 0.68359033 69.08790259
164700 0.72580295 0.66215017 79.02077490
164800 0.67577778 0.75685768 71.21200279
164900 0.71896812 0.68552573 74.46277823
165000 0.75226827 0.75657516 49.39208905
165100 0.67032079 0.73536929 77.37736226
165200 0.74389357 0.78233208 46.85151635
165300 0.73439882 0.75172062 54.92934903
165400 0.72632832 0.70656945 67.07731043
165500 0.69929734 0.74819069 65.57454525
165600 0.72005123 0.68280834 74.88134897
165700 0.72186171 0.72049387 65.01698520
165800 0.67924634 0.70272187 82.01469167
165900 0.71583865 0.70715874 69.85977478
166000 0.67988387 0.72028430 77.62182079
166100 0.71749823 0.80424845 50.52538198
166200 0.75889697 0.69360892 61.93352897
166300 0.73315696 0.68661911 70.28735023
166400 0.73483920 0.69577199 67.47106483
166500 0.75732197 0.71429364 57.22505913
166600 0.71266604 0.75581507 60.13429460
166700 0.73024817 0.71041142 65.08436977
166800 0.78025197 0.74508727 45.13921332
166900 0.75869947 0.74386864 50.35804168
167000 0.72454334 0.68543265 72.93612604
167100 0.73492680 0.67735987 72.29821899
167200 0.72029295 0.69357717 71.99435139
167300 0.73879217 0.72092845 60.35165363
167400 0.73061335 0.71852074 63.07590556
167500 0.72610934 0.73545580 60.52265199
167600 0.73353299 0.73839650 57.89035564
167700 0.75452502 0.74033832 52.10799272
167800 0.74265178 0.72950608 57.42283899
167900 0.70097051 0.72070019 70.99851706
168000 0.68953403 0.72963113 72.47578025
168100 0.71300867 0.75360300 60.46790280
168200 0.77587102 0.64153978 72.69075165
168300 0.74135604 0.71652467 60.70371488
168400 0.73633414 0.67713160 71.98842403
168500 0.71732416 0.78179269 54.09966409
168600 0.70473357 0.73633648 66.41718163
168700 0.70526024 0.71468384 71.12261171
168800 0.75169209 0.72374109 56.42495603
168900 0.77166350 0.72437808 51.52140315
169000 0.72775812 0.73774609 59.58368229
169100 0.72983078 0.66449873 77.25118978
169200 0.78072285 0.65900298 66.38086795
169300 0.73156008 0.75262570 55.50830221
169400 0.75969520 0.70557458 58.74509016
169500 0.70450572 0.74921304 63.81613676
169600 0.76373400 0.70865365 57.03484230
169700 0.69126291 0.74371806 68.93541622
169800 0.72617993 0.73245153 61.15238165
169900 0.72254831 0.73503741 61.59417802
170000 0.72899398 0.73786839 59.22204090
170100 0.74050134 0.70427963 63.85902777
170200 0.74785110 0.74866741 52.05694130
170300 0.73854416 0.72048710 60.51766267
170400 0.73310027 0.69518619 68.08277305
170500 0.72877612 0.73462098 59.97525772
170600 0.76256868 0.67533124 65.90828159
170700 0.71353610 0.70249740 71.65955136
170800 0.74704049 0.70958610 60.89367907
170900 0.72380317 0.69202465 71.41798473
171000 0.73154830 0.69984454 67.32203524
171100 0.72931324 0.70782739 65.95944687
171200 0.76563320 0.75246989 46.97296909
171300 0.74300278 0.67081953 71.99465210
171400 0.74831597 0.73947273 53.83329161
171500 0.73794534 0.75342730 53.65673612
171600 0.72645807 0.72408442 62.93151857
171700 0.73273297 0.68939625 69.67298894
171800 0.74967153 0.70848300 60.49740117
171900 0.71415656 0.73178128 64.66294168
172000 0.69080118 0.75093203 67.61598215
172100 0.72270454 0.73091756 62.44494188
172200 0.69478641 0.67546743 84.26173394
172300 0.76355500 0.77726971 42.87099636
172400 0.75510864 0.69820472 61.68632110
172500 0.75528223 0.75227139 49.49169568
172600 0.72853372 0.75535415 55.79047509
172700 0.70499237 0.70453834 73.64046337
172800 0.71032735 0.72900083 66.37543919
172900 0.77346346 0.73011611 49.83386520
173000 0.71890672 0.67162284 78.25363805
173100 0.74109872 0.68624480 68.29833847
173200 0.72829296 0.69663720 69.00871337
173300 0.73856670 0.72889505 58.61738613
173400 0.76472601 0.73146986 51.55463509
173500 0.72034864 0.73785869 61.60440791
173600 0.73851169 0.70461692 64.29449854
173700 0.73346139 0.67394794 73.62378537
173800 0.74261060 0.71396070 60.98192758
173900 0.76972917 0.69251530 59.66151167
174000 0.69139258 0.73829998 70.02772065
174100 0.71470782 0.76100258 58.55582702
174200 0.71346765 0.68712031 75.60325802
174300 0.73513368 0.73401932 58.40091067
174400 0.77150713 0.76315928 43.55922424
174500 0.71228013 0.67456620 79.32325283
174600 0.75822293 0.68361385 64.70886637
174700 0.76704466 0.76968402 43.39101992
174800 0.73299883 0.70017290 66.85160283
174900 0.74833929 0.75990122 49.73532951
175000 0.76655961 0.68332465 62.80507973
175100 0.75585949 0.74362618 51.09737221
175200 0.71504363 0.73096346 64.58856936
175300 0.77724800 0.70449205 54.94630416
175400 0.76109975 0.71817498 55.40808337
175500 0.75237905 0.76326099 48.09379610
175600 0.70526589 0.66974302 82.70608504
175700 0.75387708 0.68483230 65.44519936
175800 0.74452377 0.77585624 47.79707599
175900 0.75729566 0.64672322 75.44110062
176000 0.74292744 0.69416835 65.76806752
176100 0.73910241 0.66196205 75.51670657
176200 0.70251648 0.67540378 81.94976244
176300 0.74463134 0.72365320 58.22301310
176400 0.80418228 0.72288369 44.96319953
176500 0.68720837 0.66303192 90.09464149
176600 0.72746540 0.72216497 63.09195418
176700 0.70547968 0.66838240 83.02534531
176800 0.74005311 0.67214721 72.38727871
176900 0.76595353 0.67561614 65.03212566
177000 0.75401490 0.72314897 55.98503081
177100 0.75349441 0.76793166 46.95694242
177200 0.71336002 0.66160579 82.66685093
177300 0.78397873 0.68862673 57.49058917
177400 0.74287039 0.71111345 61.59121047
177500 0.68886982 0.69643440 80.54874853
177600 0.77542645 0.67695931 62.49224752
177700 0.73093414 0.78459858 49.87703212
177800 0.67785297 0.67613894 89.38929366
177900 0.70415275 0.71656721 71.00823158
178000 0.74506224 0.72746089 57.25845739
178100 0.66993190 0.69503152 86.97693670
178200 0.71508897 0.76312051 58.04911947
178300 0.67687939 0.68489328 87.34425029
178400 0.73849580 0.78050805 48.55598495
178500 0.75131459 0.72210608 56.89003800
178600 0.76797546 0.70721870 56.38907292
178700 0.72692987 0.74079248 59.16754000
178800 0.68157342 0.65890075 93.06712902
178900 0.72759773 0.71326327 65.12363924
179000 0.76645180 0.77218846 43.08085226
179100 0.76847257 0.71300415 54.88599130
179200 0.72163264 0.69827528 70.42686183
179300 0.71445612 0.74294221 62.20411682
179400 0.72083046 0.64838081 84.45488260
179500 0.73853317 0.67791590 71.19733180
179600 0.73059035 0.76677301 53.07684428
179700 0.67499907 0.72361092 78.43880971
179800 0.73766924 0.73656847 57.18522283
179900 0.77205863 0.72561686 51.15252964
180000 0.73247943 0.67432600 73.78170405
180100 0.73537713 0.71152096 63.44875956
180200 0.72536970 0.70486837 67.75565878
180300 0.69779153 0.76353057 63.05040320
180400 0.75364247 0.69037966 64.04737527
180500 0.76219635 0.70439778 58.43551286
180600 0.70083612 0.77069031 60.82549581
180700 0.74929463 0.71587612 58.83358646
180800 0.75667206 0.74526137 50.56319583
180900 0.74990538 0.63661762 80.37791862
181000 0.70147897 0.74301936 65.97789573
181100 0.73144241 0.74818952 56.42532395
181200 0.75569118 0.69761466 61.69258004
181300 0.72536816 0.71597434 65.09532959
181400 0.71000774 0.73653626 64.83114008
181500 0.69057942 0.75505293 66.87272618
181600 0.72020804 0.75153655 58.83564097
181700 0.74641616 0.66997656 71.35894757
181800 0.72716821 0.71257789 65.40322223
181900 0.71713085 0.72158113 66.09506819
182000 0.73569492 0.68417394 70.26033378
182100 0.73259794 0.66853956 75.36192096
182200 0.73471030 0.72008666 61.61938402
182300 0.75865177 0.74353970 50.43741027
182400 0.75695007 0.70228010 60.21920941
182500 0.76639171 0.77640675 42.35372393
182600 0.70149691 0.64589548 90.79182519
182700 0.71491613 0.76308773 58.10450698
182800 0.73498986 0.71092788 63.69292554
182900 0.74923721 0.72480659 56.79702457
183000 0.73031998 0.67094767 75.29875599
183100 0.70851606 0.74670574 63.14572328
183200 0.70924108 0.67167415 81.00301627
183300 0.72555058 0.74828219 58.00627985
183400 0.74556647 0.69534484 64.79283618
183500 0.75566038 0.79405390 42.01051709
183600 0.74487424 0.72864221 57.04421064
183700 0.69767931 0.77907541 60.30650893
183800 0.71527304 0.73808045 62.98966929
183900 0.68561531 0.70694137 78.95761729
184000 0.70693720 0.67420226 80.97510061
184100 0.74022409 0.72873496 58.22087151
184200 0.76584482 0.69951583 58.78548310
184300 0.71185266 0.69823697 73.20675482
184400 0.71127328 0.70130103 72.60714787
184500 0.78225389 0.74277643 45.17748867
184600 0.72867001 0.72419987 62.30283156
184700 0.70722251 0.73770169 65.39461627
184800 0.78298882 0.65512615 67.02221894
184900 0.79753616 0.71042077 49.19490565
185000 0.72565991 0.70615777 67.36076042
185100 0.72728708 0.73612861 60.05665283
185200 0.74205055 0.69384773 66.07595336
185300 0.66392739 0.74405866 77.67831860
185400 0.74863103 0.73769699 54.12946226
185500 0.74727438 0.68773413 66.32681313
185600 0.69724685 0.74407944 67.03137314
185700 0.72583309 0.74405480 58.79046128
185800 0.76516442 0.68466316 62.77569563
185900 0.75578308 0.69979463 61.12231587
186000 0.76453890 0.75367025 46.99365033
186100 0.72070544 0.69673734 71.07371514
186200 0.70855580 0.74445394 63.59445208
186300 0.71191487 0.67268115 79.94939228
186400 0.71256169 0.73384657 64.67154402
186500 0.76084232 0.66994975 67.81226873
186600 0.74852810 0.70697937 61.14857131
186700 0.72672461 0.75002416 57.33488674
186800 0.74351712 0.72288134 58.68317636
186900 0.71486581 0.70885850 69.72536550
187000 0.72538143 0.68856774 71.88109348
187100 0.74194049 0.72399982 58.83539498
187200 0.73742016 0.72584894 59.59593588
187300 0.75229297 0.71178313 59.05302393
187400 0.67656676 0.72791115 76.96625953
187500 0.71579351 0.71919952 67.02109641
187600 0.73402003 0.72535609 60.60511499
187700 0.77093047 0.73321562 49.73416042
187800 0.79244357 0.70546620 51.43822477
187900 0.69817157 0.73489237 68.68584846
188000 0.75893451 0.71874794 55.79504200
188100 0.70713831 0.75717289 61.47513293
188200 0.76524902 0.76254103 45.12444292
188300 0.75328579 0.72939848 54.76646512
188400 0.75900004 0.72983379 53.27706974
188500 0.72709066 0.74639019 57.96823114
188600 0.74114088 0.68993630 67.32058436
188700 0.73633165 0.75693941 53.39669457
188800 0.74316212 0.75367322 52.25494990
188900 0.74522359 0.77543116 47.69264794
189000 0.76122092 0.69238934 61.68934859
189100 0.75770867 0.70651412 58.99523055
189200 0.70608903 0.75329055 62.53913263
189300 0.76682438 0.68891560 61.26796720
189400 0.76517609 0.66903397 67.04208953
189500 0.73973527 0.80740054 44.03616805
189600 0.72197507 0.74125641 60.43587502
189700 0.74156183 0.69285398 66.45717990
189800 0.74990764 0.74725970 51.82490994
189900 0.71657202 0.77379821 55.68924451
190000 0.70876523 0.71640661 69.69178162
190100 0.68127929 0.69729829 82.72052178
190200 0.74738684 0.72153866 58.00399661
190300 0.72423806 0.69388699 70.81926208
190400 0.71680107 0.73311420 63.62054232
190500 0.72345785 0.73721948 60.87555533
190600 0.75607193 0.72875267 54.22564335
190700 0.76938033 0.66975070 65.86255135
190800 0.69413503 0.70424345 76.97483104
190900 0.69142659 0.70449490 77.74515069
191000 0.72287750 0.68502898 73.50326173
191100 0.75820000 0.73457119 52.43840457
191200 0.71097393 0.70781890 71.09387942
191300 0.74819570 0.71335504 59.70312133
191400 0.76497730 0.72802972 52.25323604
191500 0.72951518 0.69133829 70.03395869
191600 0.76143537 0.77286105 44.14564324
191700 0.75042841 0.72585510 56.26345922
191800 0.74158079 0.69489964 65.92834233
191900 0.71426342 0.73298877 64.36963298
192000 0.70371782 0.73742189 66.48629120
192100 0.76985630 0.73123857 50.41134370
192200 0.74338912 0.77305456 48.57941729
192300 0.75581402 0.72163949 55.88765864
192400 0.79828451 0.69868836 51.92333840
192500 0.70231885 0.72247588 70.19064541
192600 0.77633043 0.65218137 69.36200593
192700 0.70416113 0.72154610 69.85591146
192800 0.72546071 0.76155870 55.44097429
192900 0.74357878 0.67998040 69.33121376
193000 0.71532937 0.70359405 70.87663061
193100 0.76456742 0.74815298 48.08535919
193200 0.75257133 0.68216257 66.47891649
193300 0.72102608 0.74416722 60.09679102
193400 0.77128536 0.69808064 57.88687473
193500 0.73182144 0.72790130 60.62378785
193600 0.72500187 0.72918775 62.19101109
193700 0.74828239 0.72715829 56.51008989
193800 0.69919502 0.69424711 77.94658874
193900 0.73801663 0.69284530 67.38191432
194000 0.73431810 0.68524497 70.34105046
194100 0.72973093 0.66771200 76.36594102
194200 0.73765707 0.71658949 61.65214143
194300 0.71946223 0.68340171 74.88804472
194400 0.71685480 0.74662506 60.76628558
194500 0.75704231 0.72669030 54.44783143
194600 0.73584823 0.70379484 65.19656963
194700 0.72212564 0.68302421 74.24511647
194800 0.74046529 0.71352169 61.64012768
194900 0.74713658 0.68018904 68.36893132
195000 0.75278357 0.70527929 60.50209497
195100 0.76206548 0.70479102 58.37014028
195200 0.71339437 0.73153580 64.93469708
195300 0.69570162 0.68739721 80.77886564
195400 0.77826243 0.75252914 44.08114592
195500 0.73543870 0.68274201 70.70975706
195600 0.75067407 0.70430249 61.26534354
195700 0.72653217 0.68092281 73.59359331
195800 0.73838364 0.79042365 46.95386622
195900 0.74335464 0.69046764 66.61194195
196000 0.73154478 0.75290635 55.45705650
196100 0.72687944 0.73408856 60.60629425
196200 0.68400777 0.67430641 87.92902269
196300 0.70142580 0.76271956 62.11025927
196400 0.66712363 0.72907576 79.80710108
196500 0.69687276 0.71707120 73.07097382
196600 0.71030270 0.75440366 61.09122587
196700 0.69301151 0.72553726 72.31272741
196800 0.72466983 0.73330379 61.38197419
196900 0.75858456 0.70702688 58.65867527
197000 0.74297428 0.72767344 57.74565917
197100 0.66489540 0.77577132 71.32536243
197200 0.72747239 0.79724784 48.80226014
197300 0.74032484 0.73404930 57.03294595
197400 0.74330173 0.72386906 58.51460323
197500 0.69182349 0.72990306 71.70771444
197600 0.73981536 0.69706206 65.83682463
197700 0.73704239 0.77462244 49.95199806
197800 0.71073082 0.75276386 61.28937696
197900 0.73471298 0.70067842 66.26922709
198000 0.73153606 0.74792144 56.45431555
198100 0.72846569 0.76937790 53.17761264
198200 0.68987139 0.72815749 72.69692741
198300 0.75762960 0.69410265 62.11343285
198400 0.72910746 0.69825363 68.37950195
198500 0.73375231 0.70846013 64.61467266
198600 0.67145167 0.65186970 98.41284210
198700 0.75748972 0.77318662 45.03710268
198800 0.69691724 0.71301322 74.01094577
198900 0.74230239 0.78149897 47.40032669
199000 0.71000302 0.68098279 78.23425383
199100 0.68323590 0.74440814 71.30375377
199200 0.76749616 0.71117653 55.54734327
199300 0.72455954 0.77957259 52.45647460
199400 0.71917524 0.71353652 67.38876245
199500 0.73287452 0.73904174 57.92970343
199600 0.72145563 0.64643682 84.86878554
199700 0.75468563 0.73106373 54.05611648
199800 0.71347153 0.73284637 64.62713157
199900 0.72388977 0.63924690 86.40217433
