0 -0.60395334 -0.08215042 0.16711816
100 -0.57706528 0.06201508 13.38744317
200 -0.54072631 -0.02549800 4.53195931
300 -0.49325119 -0.01783615 9.07310417
400 -0.51408379 0.01778703 10.62768948
500 -0.54779817 -0.06180772 2.09184055
600 -0.59300931 -0.05523480 1.02639631
700 -0.52608827 -0.03357127 4.93786004
800 -0.57986356 -0.09450686 0.21782539
900 -0.57866539 0.05409416 12.10008736
1000 -0.53105839 -0.04828805 3.71353577
1100 -0.52363402 0.01344288 9.35052465
1200 -0.53317436 -0.01444246 5.89287914
1300 -0.52033622 -0.05436971 4.21422118
1400 -0.47379685 -0.00979029 12.03251381
1500 -0.54906554 -0.04606676 2.75155646
1600 -0.50447892 0.00018699 9.58085540
1700 -0.50015932 0.01933924 12.10500716
1800 -0.52322357 0.00816525 8.79717048
1900 -0.56703370 -0.00844842 4.73423461
2000 -0.51081524 -0.00565116 8.42781243
2100 -0.55075708 0.01939280 8.33975327
2200 -0.51003616 -0.05375148 5.11620850
2300 -0.48922245 -0.04241438 7.79388444
2400 -0.53659517 -0.08157767 2.17977732
2500 -0.61970855 -0.01266503 4.00791223
2600 -0.53464447 -0.02803702 4.72500756
2700 -0.52658516 -0.03342741 4.91082392
2800 -0.57546979 -0.00573312 4.74398836
2900 -0.46229908 -0.01408029 13.17186971
3000 -0.51416448 -0.00021567 8.66232468
3100 -0.50044891 0.02267949 12.48033854
3200 -0.57197558 0.03370518 9.33122115
3300 -0.46577554 -0.01202951 12.87750612
3400 -0.49700367 0.03419802 14.30867649
3500 -0.51553063 -0.03686296 5.56067981
3600 -0.58695291 0.07637538 15.63925090
3700 -0.58787591 -0.06825564 0.57734905
3800 -0.48642726 0.00475419 11.93610343
3900 -0.51438138 -0.05437329 4.70617223
4000 -0.56473843 0.01324317 7.03369625
4100 -0.55178098 0.00625465 6.80756222
4200 -0.53426416 0.03233169 10.91643762
4300 -0.55535577 -0.01229855 4.84232530
4400 -0.53568787 0.00546392 7.62934435
4500 -0.58171916 -0.03759638 2.11420064
4600 -0.57066039 -0.00332672 5.10326805
4700 -0.62256976 0.00204274 5.46105728
4800 -0.50236905 -0.02768692 7.38049168
4900 -0.51894859 0.03774829 12.77196112
5000 -0.53530331 0.00792018 7.91621389
5100 -0.54826242 -0.02264907 4.32997180
5200 -0.55338688 0.00053216 6.13974904
5300 -0.50766296 -0.03482869 6.38671438
5400 -0.53555119 -0.02473920 4.90891813
5500 -0.52727390 -0.03302399 4.88743615
5600 -0.57666276 -0.00845353 4.46269195
5700 -0.54789876 -0.02548351 4.13362309
5800 -0.55558451 -0.00548520 5.45289157
5900 -0.51700280 -0.03176442 5.77231448
6000 -0.56868239 0.02780986 8.65807640
6100 -0.54971618 -0.02637662 3.97443206
6200 -0.52769689 -0.05695869 3.54014718
6300 -0.56973725 -0.01899266 3.73901128
6400 -0.52926475 0.00104719 7.60700470
6500 -0.57180225 -0.02090266 3.52575142
6600 -0.51118854 0.03544835 13.11686604
6700 -0.57744034 0.01746787 7.15381902
6800 -0.54747835 -0.05091888 2.58373990
6900 -0.51718838 0.00516795 8.95903062
7000 -0.54280508 0.01186932 7.89300223
7100 -0.57309402 -0.02908703 2.87629029
7200 -0.50807251 -0.01198215 8.09890291
7300 -0.52848766 0.02819672 10.77420729
7400 -0.51348422 -0.05667952 4.68082161
7500 -0.60592445 -0.01030580 4.04007397
7600 -0.55851573 -0.04956770 2.13218089
7700 -0.49301747 0.01397306 12.21755959
7800 -0.63540685 -0.04688608 2.03736688
7900 -0.57747976 0.02718163 8.34116421
8000 -0.50844330 -0.00592170 8.61667777
8100 -0.56445457 -0.00748653 4.91110968
8200 -0.51277309 0.02572803 11.70803551
8300 -0.54140639 -0.04790122 3.07374719
8400 -0.52274362 -0.02783799 5.58795219
8500 -0.49745355 -0.02743288 7.89088025
8600 -0.56273308 -0.02881391 3.22814130
8700 -0.52121241 -0.01282140 6.90379620
8800 -0.50314254 -0.00045430 9.64535686
8900 -0.52159637 -0.01089434 7.04347398
9000 -0.50743184 0.02475987 12.06694439
9100 -0.55118021 -0.03740300 3.15087847
9200 -0.52028169 0.01814654 10.15680718
9300 -0.57889734 -0.04253104 1.87400182
9400 -0.56757781 -0.01596362 4.05665604
9500 -0.58628180 0.01182799 6.34684369
9600 -0.53601015 -0.04796385 3.40123091
9700 -0.55558761 0.02184632 8.40949346
9800 -0.47929355 -0.05446504 8.32174037
9900 -0.51279835 0.03411862 12.79596609
10000 -0.55310707 0.00628439 6.74765939
10100 -0.53075379 0.03144220 11.03604466
10200 -0.51452790 -0.02142179 6.74000749
10300 -0.59764554 0.00889322 5.93163791
10400 -0.48490131 -0.01993924 9.82871651
10500 -0.52320318 0.02389591 10.62397411
10600 -0.50911953 -0.02077842 7.26766002
10700 -0.52692319 -0.04794072 4.02519408
10800 -0.58469999 -0.01664661 3.59093924
10900 -0.53966775 0.00989120 7.85802855
11000 -0.53634746 0.06829273 16.18704355
11100 -0.59223130 -0.05965532 0.84402282
11200 -0.47208374 0.02547527 16.05330674
11300 -0.51902386 -0.01987160 6.48884758
11400 -0.58458379 -0.05962482 0.93390720
11500 -0.55854952 0.02448929 8.60786241
11600 -0.58895271 -0.03798687 1.98383533
11700 -0.59966334 -0.02809301 2.58536408
11800 -0.59442305 -0.00574207 4.45783024
11900 -0.57208597 -0.02928578 2.88984703
12000 -0.53616227 -0.00216636 6.82333797
12100 -0.50746585 -0.00604272 8.69526999
12200 -0.56077159 -0.03113811 3.14041405
12300 -0.47286827 0.03330984 16.96699427
12400 -0.55029413 0.02140627 8.60507771
12500 -0.55807849 0.05310383 12.59909857
12600 -0.55659622 -0.04483720 2.46341142
12700 -0.55962716 -0.01395244 4.51707440
12800 -0.51297145 0.00522801 9.32345095
12900 -0.54416883 -0.01629682 5.06167100
13000 -0.50055605 0.08819566 22.65335352
13100 -0.47619446 -0.02002819 10.86165101
13200 -0.54844752 -0.03807628 3.24610263
13300 -0.48107388 0.02864495 15.34647282
13400 -0.50795932 -0.02963514 6.71135016
13500 -0.53203990 0.00325916 7.64051472
13600 -0.46694452 -0.02805798 11.43970680
13700 -0.59923512 -0.03869283 1.87957720
13800 -0.56255385 -0.03816472 2.61290802
13900 -0.56478260 -0.02891910 3.14637973
14000 -0.55297234 -0.01072559 5.09076070
14100 -0.55404979 -0.05757393 1.95569680
14200 -0.58163617 -0.00058125 5.11065941
14300 -0.51396536 -0.02221999 6.72584488
14400 -0.50729190 0.04052340 14.17080901
14500 -0.55728852 0.01580115 7.61708787
14600 -0.53146360 -0.03389482 4.53356632
14700 -0.54060422 -0.01960985 4.99521742
14800 -0.54600998 0.00206560 6.66615394
14900 -0.54661962 0.02965018 9.82931723
15000 -0.52574072 -0.01852712 6.07613506
15100 -0.52133724 -0.01507553 6.69999758
15200 -0.55160942 0.02051313 8.43253164
15300 -0.53735618 0.02053112 9.22599934
15400 -0.49169975 -0.01404943 9.55822214
15500 -0.53072919 -0.02578136 5.15342555
15600 -0.58354910 -0.05373138 1.20570880
15700 -0.58944001 -0.00852162 4.23990413
15800 -0.57914555 -0.03243819 2.49975302
15900 -0.51962792 -0.08335306 3.36839627
16000 -0.54231420 -0.00202871 6.46301295
16100 -0.47137155 0.04232842 18.40132818
16200 -0.50451010 0.01762810 11.47734460
16300 -0.57662271 -0.02714272 2.92734057
16400 -0.54554108 -0.01144187 5.40415787
16500 -0.60968902 -0.03916835 1.89718338
16600 -0.54086212 0.04420853 12.14669480
16700 -0.52638882 -0.02994586 5.16309427
16800 -0.55992553 -0.04032521 2.58352154
16900 -0.52336263 -0.03481659 5.06108170
17000 -0.55382986 -0.04401056 2.63324927
17100 -0.56876173 -0.00454113 5.04411301
17200 -0.60081220 -0.05045013 1.22792486
17300 -0.51930196 -0.02837458 5.82118746
17400 -0.49049069 -0.05138737 7.17773851
17500 -0.52401664 0.01625542 9.64439678
17600 -0.52538417 0.01155367 9.00587188
17700 -0.50162246 0.04889560 15.92402021
17800 -0.55026800 -0.07162581 1.63918351
17900 -0.50778155 -0.01241583 8.08761503
18000 -0.56333252 -0.02595116 3.41386748
18100 -0.53447532 0.00163723 7.31180484
18200 -0.48046820 0.00681129 12.84825064
18300 -0.50845372 -0.03382231 6.38010345
18400 -0.46700883 -0.04919359 10.13397114
18500 -0.56586917 -0.02624957 3.30201987
18600 -0.52263041 -0.00613129 7.39869444
18700 -0.51381951 0.03586456 12.94312818
18800 -0.53921921 0.01454410 8.40732751
18900 -0.53802042 -0.05123482 3.10975536
19000 -0.51918282 -0.01388356 6.97372883
19100 -0.59566519 -0.01860642 3.32185278
19200 -0.54514442 -0.02512139 4.30797029
19300 -0.50532890 -0.02491414 7.30025195
19400 -0.51393792 -0.03089728 6.09093364
19500 -0.55189261 -0.02463433 3.99715220
19600 -0.59341129 -0.04917411 1.31334095
19700 -0.51985895 -0.02769690 5.82516341
19800 -0.48765608 -0.04719402 7.70481466
19900 -0.52123819 -0.04378455 4.68179986
20000 -0.49268861 0.01114658 11.93464833
20100 -0.51206873 -0.04118809 5.59537483
20200 -0.49484614 -0.01067177 9.51843319
20300 -0.63827807 -0.01540041 4.31115049
20400 -0.49427045 -0.00661091 9.95012902
20500 -0.57211770 0.06577657 14.12964611
20600 -0.62090492 -0.05386990 1.28250098
20700 -0.49618474 -0.03588424 7.44421967
20800 -0.55051346 0.01929783 8.34044524
20900 -0.53812851 0.02353831 9.54489764
21000 -0.53763321 -0.02246702 4.95049022
21100 -0.59869859 0.03015994 8.47165129
21200 -0.54897057 -0.04700283 2.70635096
21300 -0.56376398 -0.06087202 1.42202366
21400 -0.51501463 -0.02797441 6.20509945
21500 -0.50839124 0.01435383 10.73448167
21600 -0.59387290 0.05124332 11.45604183
21700 -0.54960514 -0.01174779 5.16404723
21800 -0.56241850 -0.02915845 3.21544680
21900 -0.56551012 -0.04106435 2.33148114
22000 -0.49859203 0.02144067 12.51570563
22100 -0.52903824 -0.01020772 6.54911270
22200 -0.55768097 -0.02051356 4.05449705
22300 -0.54992737 -0.02679261 3.93329535
22400 -0.51041398 -0.06986906 4.46676426
22500 -0.56883668 0.04348685 10.77981472
22600 -0.54076206 -0.01458238 5.40265137
22700 -0.48760162 0.03182248 15.00528150
22800 -0.49954227 0.00477348 10.53461847
22900 -0.52160673 -0.01231691 6.91691404
23000 -0.52011507 0.05225831 14.78209751
23100 -0.61909332 -0.01201705 4.05277709
23200 -0.58379403 0.05777654 12.57803560
23300 -0.44412465 -0.01460226 15.79494876
23400 -0.56810416 -0.02533024 3.29645906
23500 -0.48096481 0.00000569 12.08525691
23600 -0.59027479 -0.01068246 4.03610171
23700 -0.51100891 -0.03353963 6.16819702
23800 -0.58845008 -0.02802914 2.65660285
23900 -0.59584320 -0.07486727 0.32446661
24000 -0.52683155 -0.00937644 6.78312571
24100 -0.59955635 -0.01746776 3.40588411
24200 -0.56100290 0.00077175 5.83786010
24300 -0.55925087 -0.01159462 4.73800124
24400 -0.54358822 -0.00137603 6.45448752
24500 -0.57180277 0.01952241 7.54034510
24600 -0.57680945 0.01775753 7.20231903
24700 -0.55530637 -0.04735473 2.38452237
24800 -0.52361909 0.04699265 13.72044105
24900 -0.53555025 -0.00369680 6.71403818
25000 -0.56729504 -0.01576620 4.08247404
25100 -0.54630100 -0.00110096 6.33230146
25200 -0.56477252 0.01282751 6.98551066
25300 -0.56802867 0.05048937 11.83460872
25400 -0.55865612 0.00438243 6.30250368
25500 -0.55011840 0.04373906 11.57454563
25600 -0.53939611 0.01012923 7.90063991
25700 -0.53744956 0.04889553 13.04121870
25800 -0.56326475 -0.02722438 3.32288455
25900 -0.52597117 0.04935850 13.89411429
26000 -0.54684225 0.02415695 9.12034772
26100 -0.47473191 0.02733277 15.95286371
26200 -0.57674341 -0.05165758 1.43892919
26300 -0.57081821 -0.03949845 2.25600692
26400 -0.57252694 -0.07375073 0.72189652
26500 -0.57875922 -0.00014050 5.21154500
26600 -0.52221999 0.01195581 9.29191660
26700 -0.54958835 -0.01982785 4.48445425
26800 -0.52775245 -0.00184314 7.42723857
26900 -0.48719483 -0.06638899 6.92735323
27000 -0.52153946 -0.02442492 5.93382513
27100 -0.60610452 -0.07380363 0.36175744
27200 -0.61249731 -0.03361022 2.28189276
27300 -0.54360926 -0.02586126 4.33823426
27400 -0.56160830 -0.00426505 5.31955202
27500 -0.56424234 -0.00558601 5.09630621
27600 -0.49951657 0.00210636 10.26131434
27700 -0.56464777 -0.01894484 3.90985978
27800 -0.56519520 -0.01748904 4.00971646
27900 -0.54448996 0.02961793 9.94108604
28000 -0.53212501 -0.02747040 4.93377909
28100 -0.52434047 -0.02077688 6.00033304
28200 -0.52490810 -0.04013604 4.61124366
28300 -0.57468874 -0.05166507 1.48846263
28400 -0.47639640 0.00679186 13.34117638
28500 -0.53165866 0.00134993 7.47117340
28600 -0.52572618 0.01102223 8.92126770
28700 -0.45433033 0.02227608 18.08554632
28800 -0.58859580 -0.01709578 3.50158253
28900 -0.53465721 0.01772406 9.06431757
29000 -0.51252241 0.00414708 9.24947150
29100 -0.54858991 -0.03219596 3.62019247
29200 -0.51163448 -0.06590606 4.48543090
29300 -0.57287550 -0.08130173 0.54268201
29400 -0.51056381 0.02995282 12.44328365
29500 -0.52614071 -0.01454203 6.37913031
29600 -0.57476856 -0.01813571 3.66919398
29700 -0.51336703 -0.00540298 8.22693335
29800 -0.55891487 -0.08020363 1.03994222
29900 -0.56304608 0.01043279 6.78049609
30000 -0.57024149 -0.06804280 0.95341576
30100 -0.58350895 0.02261772 7.65353062
30200 -0.51701925 -0.09123591 3.48130734
30300 -0.56084868 0.02134906 8.12920960
30400 -0.45942386 0.02468630 17.65416231
30500 -0.50745569 0.04060411 14.16698167
30600 -0.50079394 0.02843855 13.16915192
30700 -0.55970647 0.01697646 7.65353093
30800 -0.54101689 0.02571839 9.64205974
30900 -0.57650008 -0.00132435 5.14456561
31000 -0.52868137 0.08029538 18.79638627
31100 -0.56600411 0.00504068 6.09463264
31200 -0.49067113 -0.00050300 10.92622767
31300 -0.51225742 -0.04219020 5.52036681
31400 -0.54416194 0.01297501 7.94062092
31500 -0.54403971 -0.00500583 6.07772332
31600 -0.54859974 -0.04092890 3.06569054
31700 -0.54874543 0.02019229 8.53660832
31800 -0.52943103 -0.00552868 6.95240503
31900 -0.60267381 -0.02723677 2.65081826
32000 -0.55757253 -0.02375057 3.80703308
32100 -0.49766678 -0.02104677 8.35285008
32200 -0.59242850 0.05707708 12.36526826
32300 -0.54300404 -0.00951962 5.71761916
32400 -0.60913036 -0.02552545 2.81491073
32500 -0.54357755 0.00978609 7.61823871
32600 -0.58311207 -0.02979396 2.60704529
32700 -0.61724404 0.00624279 5.79244389
32800 -0.51698495 0.06101778 16.40911152
32900 -0.48920731 0.01425216 12.66428764
33000 -0.55780168 0.00098868 5.98970556
33100 -0.53385223 -0.02743822 4.82036989
33200 -0.50758835 0.06237724 17.45314141
33300 -0.56335308 0.00829788 6.53571331
33400 -0.54507453 -0.04556351 2.99006948
33500 -0.45992277 0.02581084 17.72499873
33600 -0.52689807 -0.05304855 3.77416536
33700 -0.53518570 -0.02480476 4.92760900
33800 -0.46116064 -0.02871797 12.17874751
33900 -0.55395941 0.04968395 12.26251047
34000 -0.56471579 0.03007576 9.08233886
34100 -0.49617276 -0.02854600 7.94288561
34200 -0.57206403 0.00517097 5.92067590
34300 -0.54952950 0.03578907 10.49297109
34400 -0.48516750 -0.00983020 10.65854789
34500 -0.51839580 0.05298408 15.03168669
34600 -0.51105378 -0.05260986 5.07862755
34700 -0.53336923 -0.00088876 7.13134951
34800 -0.53398500 -0.02476042 5.00948759
34900 -0.54205389 0.01365842 8.13799358
35000 -0.49074186 -0.02368515 8.88064883
35100 -0.56275419 0.06332478 14.03111747
35200 -0.51452364 0.00687864 9.36462567
35300 -0.52707073 0.04705752 13.47229580
35400 -0.52932913 -0.00512677 6.99765040
35500 -0.51806018 -0.01918209 6.62283391
35600 -0.55467885 -0.03111157 3.39981113
35700 -0.57264117 -0.04312410 1.99168651
35800 -0.53431752 0.03906060 11.82601965
35900 -0.58375539 -0.01494391 3.74921302
36000 -0.57126215 0.05043024 11.72756018
36100 -0.56680184 -0.02284959 3.52715163
36200 -0.54824102 0.10898375 23.17660048
36300 -0.53415679 0.00913612 8.12301016
36400 -0.53077258 -0.01284395 6.19430614
36500 -0.59069556 -0.00821603 4.25543505
36600 -0.52647550 0.04208886 12.79754744
36700 -0.58475328 -0.02738255 2.75287837
36800 -0.55639608 -0.03097561 3.33283392
36900 -0.56659046 0.03777439 10.04899005
37000 -0.51808080 0.00859497 9.25181167
37100 -0.52159209 -0.02130084 6.17067850
37200 -0.54529446 0.03853819 11.09276372
37300 -0.49662116 -0.01385849 9.05377178
37400 -0.52043521 -0.01231245 7.00983133
37500 -0.52956007 -0.04339969 4.08268933
37600 -0.55554415 0.07018736 15.47003051
37700 -0.53707277 0.03528346 11.13072564
37800 -0.51473606 0.01484013 10.22909757
37900 -0.58094560 -0.01443017 3.84263290
38000 -0.56753297 0.01927528 7.64035017
38100 -0.54158838 0.02408515 9.40452089
38200 -0.51216491 -0.00550132 8.32250212
38300 -0.52903153 -0.03511063 4.62357718
38400 -0.56532562 -0.04326141 2.21079027
38500 -0.58172836 0.04827675 11.15992440
38600 -0.54010798 0.03078462 10.34583550
38700 -0.55726009 -0.03483952 3.03629387
38800 -0.55824644 -0.01271035 4.68142135
38900 -0.50212571 0.04148129 14.79816605
39000 -0.51028325 0.02865098 12.30008409
39100 -0.55749998 -0.05371598 1.97423107
39200 -0.59504863 -0.02785988 2.61435682
39300 -0.53948985 -0.03547332 3.91258545
39400 -0.49592923 0.01605874 12.15017817
39500 -0.52218337 0.02034493 10.26916482
39600 -0.55804049 -0.03858526 2.76618525
39700 -0.55419063 0.05893019 13.67865161
39800 -0.47915861 -0.00166888 12.13582581
39900 -0.56252639 -0.04253825 2.35306197
40000 -0.50755035 -0.04912020 5.56784628
40100 -0.46923091 -0.01239848 12.38729083
40200 -0.55655994 0.02507525 8.76542905
40300 -0.52009282 -0.02397176 6.08272571
40400 -0.50706839 0.00229230 9.54999936
40500 -0.52646849 0.01774635 9.63554347
40600 -0.57842982 -0.01601207 3.75962240
40700 -0.53119259 0.01898213 9.44560313
40800 -0.51252354 -0.02802565 6.41621921
40900 -0.56459549 -0.08264456 0.77734536
41000 -0.52109235 -0.03493347 5.23003473
41100 -0.51658179 -0.01483194 7.10609798
41200 -0.50051502 -0.03137594 7.30326120
41300 -0.58525172 -0.01479661 3.73856486
41400 -0.50917201 -0.01521813 7.71884439
41500 -0.54796442 0.01262545 7.69609669
41600 -0.55896540 -0.00115235 5.72734860
41700 -0.56971495 -0.01571174 4.01084765
41800 -0.53032648 -0.03967489 4.24675914
41900 -0.51035291 0.09856077 23.73149016
42000 -0.53464490 -0.03277412 4.39530354
42100 -0.52729989 0.00316840 7.96451317
42200 -0.55605832 -0.03107290 3.34090768
42300 -0.59974252 0.00088369 5.08879239
42400 -0.55693916 -0.01056793 4.92616569
42500 -0.49917371 -0.01590406 8.61903402
42600 -0.53483348 0.00227845 7.35377873
42700 -0.51077197 -0.02529032 6.77158935
42800 -0.52918051 0.03624955 11.78967041
42900 -0.56873768 0.01216546 6.77921215
43000 -0.52146329 -0.04931946 4.36826607
43100 -0.56535430 -0.00965375 4.68138438
43200 -0.50005996 0.03449652 14.03866340
43300 -0.50606807 0.01142780 10.61968161
43400 -0.56723266 -0.01626615 4.04252815
43500 -0.51365827 0.00359023 9.09291536
43600 -0.49510902 -0.03552766 7.57940006
43700 -0.49006437 -0.00939010 10.14799770
43800 -0.55086108 -0.05561763 2.19221399
43900 -0.54192309 -0.03837025 3.58557629
44000 -0.53809042 -0.03674937 3.91671922
44100 -0.50935573 -0.00045662 9.06263469
44200 -0.56078221 0.01682182 7.59268611
44300 -0.47425952 -0.04496931 9.41952254
44400 -0.53390768 0.02186668 9.60984133
44500 -0.54032236 0.03525464 10.92761961
44600 -0.51296466 -0.00752580 8.06331405
44700 -0.58453232 -0.00367881 4.75851026
44800 -0.60848330 -0.03913830 1.88805620
44900 -0.51248093 -0.01664373 7.30392780
45000 -0.53537825 -0.02681790 4.76579563
45100 -0.53324518 -0.00399347 6.83672977
45200 -0.61055379 -0.00715912 4.36540546
45300 -0.54488577 0.00960429 7.52533980
45400 -0.51433377 -0.04504073 5.17961178
45500 -0.57490943 -0.01088158 4.28581446
45600 -0.55544347 0.05111062 12.40985150
45700 -0.49307210 -0.04952827 6.99048578
45800 -0.55557587 -0.01816758 4.33502411
45900 -0.55702007 -0.02851113 3.47896633
46000 -0.56016021 0.02408744 8.49245038
46100 -0.55235013 -0.02201350 4.17620222
46200 -0.53482588 0.01579768 8.82838442
46300 -0.54839676 0.02631752 9.30950562
46400 -0.50194818 0.02228414 12.28378468
46500 -0.57042753 0.01902253 7.52044731
46600 -0.49816275 -0.05860934 6.04200639
46700 -0.49817889 0.00498161 10.69433809
46800 -0.55889149 -0.01747131 4.25044732
46900 -0.54571653 0.01991577 8.66324285
47000 -0.56697038 -0.06420865 1.18598842
47100 -0.53697481 -0.02163334 5.05675397
47200 -0.62152719 -0.02740650 2.86661828
47300 -0.46217004 0.01203552 15.77452705
47400 -0.50496923 0.00961959 10.52365042
47500 -0.47444829 0.00005346 12.88696309
47600 -0.57085194 0.00402930 5.83585212
47700 -0.51524994 0.00928202 9.56256631
47800 -0.54245367 0.05944506 14.36715374
47900 -0.52962937 -0.00168204 7.30922384
48000 -0.53150794 -0.07022837 2.78875616
48100 -0.56369103 0.00980915 6.68819517
48200 -0.51421225 -0.01922522 6.94205174
48300 -0.56163425 0.03589718 9.96998707
48400 -0.52834633 -0.05089027 3.77300672
48500 -0.53631051 0.06142157 15.05663707
48600 -0.52240419 0.02931748 11.37206000
48700 -0.56589969 -0.02891871 3.10769073
48800 -0.57918061 -0.05248245 1.34568216
48900 -0.45763334 -0.01101910 14.09293292
49000 -0.56507992 0.04626739 11.30678132
49100 -0.55092666 -0.01035065 5.22259989
49200 -0.58645177 0.02570517 7.99267231
49300 -0.54853758 -0.03217665 3.62419417
49400 -0.52341464 -0.02697182 5.59921609
49500 -0.53525537 0.04959279 13.28493492
49600 -0.57050628 -0.01338188 4.18628952
49700 -0.52900888 -0.00965784 6.60072235
49800 -0.58448058 -0.02536129 2.90589475
49900 -0.53247664 -0.00155338 7.12557033
50000 -0.59886177 -0.03105936 2.37705340
50100 -0.48130707 -0.02408125 9.92583394
50200 -0.49324630 -0.00488676 10.22144052
50300 -0.45184143 0.01878668 18.03061905
50400 -0.53736775 -0.00808048 6.18599807
50500 -0.56323754 -0.02826129 3.24896009
50600 -0.58357465 -0.04215480 1.80792974
50700 -0.54384916 0.01018265 7.64656656
50800 -0.54280456 0.00440501 7.08586290
50900 -0.55107329 0.00855952 7.08949619
51000 -0.58217546 -0.00971888 4.23419769
51100 -0.49160977 -0.02407831 8.75627232
51200 -0.52753115 -0.02420754 5.49811568
51300 -0.55038889 -0.03158188 3.57115063
51400 -0.57605270 0.03502675 9.40284797
51500 -0.55569284 -0.03276159 3.24206421
51600 -0.54842162 0.00615066 6.96414587
51700 -0.55043295 -0.00225758 6.00523675
51800 -0.52134811 -0.08278749 3.24119553
51900 -0.55568069 0.09303904 19.61413537
52000 -0.49498285 -0.05923121 6.34534796
52100 -0.50245418 0.02440028 12.49530824
52200 -0.51789556 -0.03239560 5.65574688
52300 -0.52360589 -0.04235457 4.57952823
52400 -0.45590379 -0.06365709 11.04226186
52500 -0.61926197 0.01474138 6.76830353
52600 -0.55038281 0.00242368 6.47623843
52700 -0.53810335 -0.01787923 5.28750796
52800 -0.53467393 0.02551862 10.01121012
52900 -0.58719206 -0.01329308 3.84106635
53000 -0.54358934 0.00605055 7.21444110
53100 -0.51489146 0.05138078 15.07980174
53200 -0.46785020 0.02837915 16.97238811
53300 -0.54241005 0.05975366 14.41891746
53400 -0.55773159 -0.03652761 2.90768115
53500 -0.50963282 -0.01194074 7.96032964
53600 -0.52830482 0.02404961 10.26425240
53700 -0.57247933 -0.02914676 2.88878476
53800 -0.53074942 -0.02448472 5.24910020
53900 -0.51781902 -0.04046366 5.14914448
54000 -0.52627400 -0.01973240 5.93920490
54100 -0.48381317 -0.01082348 10.72591573
54200 -0.57808343 0.02861669 8.51129453
54300 -0.60277188 0.00655655 5.68099129
54400 -0.54171943 0.00819179 7.55104428
54500 -0.60867990 -0.01479424 3.66768142
54600 -0.55601169 -0.00781829 5.21621940
54700 -0.48262315 0.03634694 16.18390719
54800 -0.49041745 0.04095266 15.93799357
54900 -0.48771801 0.01956829 13.45190993
55000 -0.53369333 0.01371928 8.66432482
55100 -0.58830157 -0.03758690 2.01612409
55200 -0.51761689 -0.05428400 4.43846494
55300 -0.53069186 -0.04318703 4.01566611
55400 -0.49717286 -0.03998764 7.08745188
55500 -0.50360531 0.01158169 10.87120531
55600 -0.50183151 -0.04825699 6.15719562
55700 -0.49232988 -0.08189791 5.96027018
55800 -0.53353314 0.02446598 9.95481188
55900 -0.48802930 0.05217726 17.84767770
56000 -0.59042490 0.01736269 6.93284218
56100 -0.50839644 -0.00947755 8.29276333
56200 -0.62594909 -0.01865598 3.64510205
56300 -0.54452205 -0.02384902 4.43838735
56400 -0.51115762 -0.03131316 6.30542477
56500 -0.51586542 -0.01318263 7.30794183
56600 -0.58107349 -0.00863093 4.35325947
56700 -0.55006797 0.00072521 6.31938730
56800 -0.53880688 0.05386975 13.71024841
56900 -0.49967396 0.03599072 14.27939395
57000 -0.52709807 -0.05702352 3.58083436
57100 -0.50404569 0.04458973 15.05670953
57200 -0.56382355 -0.02548318 3.43074616
57300 -0.55000395 -0.01090027 5.21918322
57400 -0.52815038 -0.01356771 6.31645380
57500 -0.53589491 -0.06619274 2.62619648
57600 -0.54616137 0.01558060 8.12873700
57700 -0.59061583 0.06348954 13.40844538
57800 -0.58114995 0.02672399 8.20714752
57900 -0.55182257 0.05633971 13.38158536
58000 -0.47536280 0.01242726 14.08715952
58100 -0.52700175 -0.04497820 4.17807173
58200 -0.54520061 -0.00003774 6.49771291
58300 -0.53801166 -0.03474270 4.05053493
58400 -0.56635267 -0.01487660 4.18906773
58500 -0.57580392 -0.02679455 2.97224424
58600 -0.54274670 -0.04583549 3.10586711
58700 -0.53052834 -0.01768467 5.80106228
58800 -0.51596984 0.07208245 18.33671897
58900 -0.52599356 0.00039074 7.77762663
59000 -0.58388278 0.06927494 14.45688470
59100 -0.51061631 0.02257388 11.50690005
59200 -0.53798711 0.01325125 8.33572224
59300 -0.57159982 -0.05335032 1.49138135
59400 -0.53870875 -0.09160034 1.91358573
59500 -0.50699205 -0.01758111 7.72167630
59600 -0.49623647 -0.00061304 10.32231907
59700 -0.54669083 -0.00205319 6.21772303
59800 -0.55508362 0.00344814 6.35949944
59900 -0.49734736 0.00132243 10.40189920
60000 -0.52361270 0.01012569 8.98134420
60100 -0.52973726 0.01164700 8.70095254
60200 -0.57261697 0.00349971 5.73100969
60300 -0.58062323 0.00005118 5.19284923
60400 -0.55420989 -0.00668072 5.40261150
60500 -0.52502804 -0.02088928 5.93965034
60600 -0.56492001 0.02285180 8.16158493
60700 -0.51841128 -0.07162009 3.73106930
60800 -0.54834877 0.00364635 6.70520771
60900 -0.57445135 0.02056227 7.59399773
61000 -0.52859245 0.01903985 9.63476177
61100 -0.51304333 -0.02042184 6.94707316
61200 -0.55528497 -0.01999157 4.20039120
61300 -0.54440073 0.01741359 8.43861538
61400 -0.55739021 0.03074140 9.45445430
61500 -0.57034926 -0.01400989 4.13673230
61600 -0.50237545 0.01249606 11.09295833
61700 -0.55917741 -0.00017726 5.81553150
61800 -0.58448205 0.00790243 5.94187071
61900 -0.58205744 -0.01365691 3.88853263
62000 -0.55406916 0.00062678 6.11769574
62100 -0.57155375 -0.01339402 4.15489260
62200 -0.51421175 0.01519553 10.31481741
62300 -0.56485890 -0.08076588 0.80242426
62400 -0.52609327 -0.03180854 5.05614017
62500 -0.63954986 0.00188218 5.97208522
62600 -0.54910326 -0.01073139 5.27968146
62700 -0.59364385 -0.07430639 0.35028126
62800 -0.51654040 -0.01121078 7.42451474
62900 -0.48633078 0.01311315 12.85763772
63000 -0.57895427 0.02391367 7.89876014
63100 -0.50077441 -0.00205593 9.71937918
63200 -0.56435077 -0.01764428 4.02666586
63300 -0.56081626 0.00561230 6.34466159
63400 -0.50121956 -0.01412698 8.56587480
63500 -0.56012832 0.00870576 6.70334649
63600 -0.50296440 0.01871915 11.75507212
63700 -0.54587875 0.02325451 9.06039189
63800 -0.62601553 0.02268856 7.86464498
63900 -0.52883050 0.00266689 7.80279403
64000 -0.52610427 -0.00771604 6.98845353
64100 -0.51049067 0.00701564 9.73213356
64200 -0.48868469 0.03003299 14.64983923
64300 -0.57557239 -0.03562991 2.37010820
64400 -0.53466856 -0.03404612 4.30905541
64500 -0.53006478 0.01977952 9.61903460
64600 -0.57055392 -0.00138488 5.29600646
64700 -0.51760481 -0.02005524 6.59006612
64800 -0.54146870 0.02004700 8.91859809
64900 -0.49755276 -0.03266049 7.51502360
65000 -0.54822730 0.01876874 8.39321345
65100 -0.50532345 0.02429457 12.20639388
65200 -0.53844826 -0.02439254 4.75255228
65300 -0.56652136 0.03776233 10.04963877
65400 -0.52521217 0.01550818 9.46768011
65500 -0.52063753 -0.03948567 4.98019295
65600 -0.51200552 -0.05939044 4.69608190
65700 -0.56273311 -0.00696660 5.02201738
65800 -0.56697709 -0.01422723 4.22374069
65900 -0.54856563 -0.00098564 6.22466876
66000 -0.51881633 0.01003178 9.34889031
66100 -0.54416793 -0.01265880 5.37285237
66200 -0.47850554 -0.01488603 11.00264577
66300 -0.52497340 0.00640010 8.47498565
66400 -0.50374890 -0.01139956 8.55715588
66500 -0.54578954 -0.03917225 3.31939469
66600 -0.56537251 -0.01885330 3.89192488
66700 -0.58744472 -0.05301063 1.18281801
66800 -0.55940028 -0.02551325 3.59830651
66900 -0.53667090 0.00270497 7.27944274
67000 -0.57809123 -0.01346246 3.98437008
67100 -0.53034733 -0.03479907 4.55132757
67200 -0.50648803 -0.00908791 8.50474782
67300 -0.53356112 -0.00447144 6.76991537
67400 -0.46722563 0.03091908 17.38441903
67500 -0.58185668 -0.00375727 4.79592180
67600 -0.54669457 -0.03325076 3.64846488
67700 -0.52256841 -0.03440618 5.14910012
67800 -0.48684324 0.01876318 13.45457316
67900 -0.55947623 -0.03413021 2.99050229
68000 -0.54065168 0.06934943 16.10072674
68100 -0.53894475 -0.00097240 6.76710415
68200 -0.51001976 0.01537637 10.70407518
68300 -0.55068278 0.00168756 6.38627424
68400 -0.54926798 -0.06411450 1.93075368
68500 -0.52478382 -0.01468189 6.46832688
68600 -0.57483573 -0.03930644 2.15847398
68700 -0.56097382 -0.05875656 1.61203219
68800 -0.55109807 0.03664797 10.53203321
68900 -0.60998407 -0.03326906 2.27635015
69000 -0.53587431 -0.02901322 4.57561311
69100 -0.57267995 0.08774776 17.99780396
69200 -0.54234212 -0.04426403 3.21546474
69300 -0.51237969 -0.03089266 6.22657149
69400 -0.53158091 0.01093383 8.49374364
69500 -0.54470597 -0.02049442 4.68928347
69600 -0.50904638 -0.04467378 5.66677559
69700 -0.58283277 0.01724781 7.02088199
69800 -0.52724463 -0.05882223 3.49447642
69900 -0.57641736 -0.03427763 2.43778556
70000 -0.51472965 -0.03455679 5.77692320
70100 -0.55178313 0.04034509 11.01080487
70200 -0.52767441 -0.02624221 5.33560171
70300 -0.51671271 0.00776278 9.27479485
70400 -0.52763106 0.00635401 8.27421998
70500 -0.53733535 0.00622239 7.60502690
70600 -0.53394958 0.02595826 10.11407047
70700 -0.50012254 -0.00310265 9.68230254
70800 -0.54155330 0.05392046 13.55376258
70900 -0.55046178 0.03453485 10.27683135
71000 -0.56384886 -0.00248501 5.40803915
71100 -0.52329200 0.01775870 9.87561476
71200 -0.52005278 -0.02747758 5.82552943
71300 -0.50393019 -0.04021187 6.40201452
71400 -0.52211201 0.04708253 13.84990503
71500 -0.56848197 0.02235671 7.98227580
71600 -0.54965340 0.02685683 9.31371760
71700 -0.52441717 0.01446923 9.40798455
71800 -0.50973934 0.02527667 11.92061576
71900 -0.51421565 0.01073069 9.81011995
72000 -0.51732695 -0.02166383 6.48569436
72100 -0.48767950 0.01368011 12.76953072
72200 -0.47822355 -0.04777438 8.77850907
72300 -0.47282307 -0.05187535 9.24497636
72400 -0.53493652 -0.02845724 4.67581140
72500 -0.54183126 0.00621075 7.33216361
72600 -0.57494946 0.03698414 9.69609215
72700 -0.48403757 -0.00631114 11.11244329
72800 -0.53148731 -0.05347100 3.42946854
72900 -0.53071681 -0.04526145 3.89823494
73000 -0.50375144 0.02260158 12.14746568
73100 -0.55700260 -0.04059808 2.68868256
73200 -0.55733508 0.05252246 12.54169866
73300 -0.50189027 -0.04925956 6.10005569
73400 -0.51131529 -0.05692377 4.86026981
73500 -0.49456376 -0.01336857 9.31090244
73600 -0.56865985 0.00039802 5.53098334
73700 -0.50806403 -0.03061391 6.63332604
73800 -0.55055048 0.02273854 8.75500271
73900 -0.56490737 -0.01539866 4.19444017
74000 -0.56465135 -0.01548199 4.19641095
74100 -0.48519014 0.05078631 17.95890695
74200 -0.51670585 -0.04659557 4.89497478
74300 -0.60732384 0.00420436 5.45609393
74400 -0.60150923 -0.03971540 1.81825517
74500 -0.51592332 0.02093171 10.84668327
74600 -0.55174318 0.01372855 7.63145184
74700 -0.51202900 -0.00413130 8.46485287
74800 -0.51321323 0.01083674 9.90836274
74900 -0.54596145 0.00147218 6.60838420
75000 -0.59715064 -0.04466788 1.53488100
75100 -0.59168988 0.00661455 5.71786015
75200 -0.55839569 -0.01731908 4.28352660
75300 -0.59073864 -0.06424401 0.68213192
75400 -0.52513528 -0.01806965 6.15865437
75500 -0.48704917 -0.04660209 7.80461339
75600 -0.57294007 -0.04736295 1.75144941
75700 -0.53748865 -0.05270957 3.07202693
75800 -0.53764908 0.03745986 11.39142501
75900 -0.56439105 -0.05935176 1.46013817
76000 -0.51067020 -0.02878585 6.52563409
76100 -0.57065688 0.01842920 7.44324720
76200 -0.58095351 -0.01544222 3.75639365
76300 -0.62250987 -0.06814594 0.76068747
76400 -0.55715294 -0.01282440 4.71772841
76500 -0.55996176 0.00345903 6.15341623
76600 -0.59772452 -0.00858710 4.18074840
76700 -0.57252873 0.05047438 11.69860486
76800 -0.53557948 -0.06675937 2.62747152
76900 -0.58480220 0.04923017 11.25030856
77000 -0.60818078 0.11995870 24.22437682
77100 -0.54289975 -0.01562662 5.18965244
77200 -0.53820050 -0.00335637 6.57958444
77300 -0.52789445 0.04266094 12.77567642
77400 -0.57599733 -0.02167505 3.35546289
77500 -0.58856193 0.04621367 10.75463376
77600 -0.52998790 0.00595138 8.06369409
77700 -0.50788973 0.00462418 9.71525960
77800 -0.52801711 0.03870363 12.21011701
77900 -0.56065525 0.01418644 7.29327684
78000 -0.50421576 -0.02402019 7.47377630
78100 -0.57105328 -0.01292992 4.20955585
78200 -0.53982577 0.01838961 8.81851828
78300 -0.53538609 -0.02744106 4.71987894
78400 -0.53366656 -0.05185504 3.35903130
78500 -0.59053406 -0.02312222 2.99989843
78600 -0.50478880 0.03191114 13.23286083
78700 -0.58502325 -0.00565586 4.56256019
78800 -0.54459786 -0.02329868 4.47624443
78900 -0.56390914 -0.02405967 3.53474205
79000 -0.58644700 -0.01291872 3.88341662
79100 -0.54306250 -0.03133745 3.97821244
79200 -0.57543914 -0.00997606 4.35377298
79300 -0.54103765 0.04418470 12.13289281
79400 -0.56241867 0.01923896 7.81514238
79500 -0.53738586 -0.01828126 5.29924138
79600 -0.53825043 -0.01617931 5.41945883
79700 -0.54020050 -0.01636991 5.28498600
79800 -0.50681059 -0.04064250 6.10378912
79900 -0.51354675 -0.02358018 6.65707670
80000 -0.54610331 0.03101880 10.03538950
80100 -0.51854252 -0.00746566 7.59896300
80200 -0.58025540 0.03921930 9.88593100
80300 -0.52027686 -0.02166827 6.24581930
80400 -0.53223555 -0.06545786 2.89259007
80500 -0.58100047 -0.02828965 2.75167820
80600 -0.57518196 0.00922173 6.27266061
80700 -0.56657542 -0.00936715 4.66575799
80800 -0.52664253 0.02132957 10.05109194
80900 -0.56763095 0.02569104 8.42299661
81000 -0.55471405 -0.02060522 4.17717434
81100 -0.51294149 -0.00809612 8.01275382
81200 -0.53746545 0.08554797 19.16931067
81300 -0.46989411 0.04728750 19.31057505
81400 -0.53990535 -0.01093700 5.77179266
81500 -0.56943019 0.02757639 8.60512428
81600 -0.57134817 0.03447193 9.45181327
81700 -0.48420795 -0.01316015 10.47447908
81800 -0.56114642 0.02746881 8.87894940
81900 -0.46806616 0.00226927 13.93277062
82000 -0.51825995 -0.02343012 6.27219146
82100 -0.50365600 0.02322294 12.23303063
82200 -0.52316136 0.02694645 11.00978850
82300 -0.54370684 0.00745840 7.35811319
82400 -0.59206127 -0.05829163 0.90130588
82500 -0.54766389 0.02010042 8.58158958
82600 -0.57309298 -0.03948054 2.19329648
82700 -0.51461690 -0.03937144 5.48304828
82800 -0.50941656 -0.03703890 6.08472994
82900 -0.51157904 -0.05538762 4.90426529
83000 -0.55067815 -0.05071499 2.43082866
83100 -0.54362244 -0.04195190 3.27400553
83200 -0.52186633 0.05927006 15.73591084
83300 -0.55606797 -0.05256356 2.09011978
83400 -0.50969847 0.00450670 9.53800813
83500 -0.51423645 0.00036056 8.71381420
83600 -0.50199043 0.02858246 13.06966160
83700 -0.52233149 -0.04079504 4.76881193
83800 -0.54223056 0.00564388 7.24896896
83900 -0.53455132 0.03956441 11.88087699
84000 -0.50907514 -0.02121414 7.23727124
84100 -0.56271096 0.00892505 6.62756924
84200 -0.47489064 -0.01401619 11.52278408
84300 -0.53954645 -0.04282331 3.46190253
84400 -0.52174825 0.00227340 8.29159251
84500 -0.54969098 0.02457023 9.02436979
84600 -0.50013734 -0.00321258 9.67017740
84700 -0.59849327 -0.04987683 1.25730117
84800 -0.52260062 -0.00412257 7.59157315
84900 -0.49236632 -0.00048157 10.74446380
85000 -0.52144670 -0.05098560 4.28651622
85100 -0.60328346 -0.03769460 1.94637207
85200 -0.53447319 -0.00597904 6.56685248
85300 -0.46896628 0.01506746 15.20517749
85400 -0.51900260 0.02390940 10.95705923
85500 -0.54136673 0.05033040 13.01854484
85600 -0.55098198 -0.00482057 5.73094537
85700 -0.48146474 -0.00843982 11.21693677
85800 -0.55014512 -0.03833913 3.14378631
85900 -0.52782045 0.00189141 7.79587389
86000 -0.55480092 0.01668130 7.82874149
86100 -0.51670125 -0.05250712 4.59712791
86200 -0.55127412 -0.06472590 1.80923673
86300 -0.56228748 0.05788617 13.17513869
86400 -0.62055020 -0.01876139 3.51101156
86500 -0.57524992 0.00501938 5.82081862
86600 -0.53020986 0.00925305 8.40344665
86700 -0.50403532 -0.02707507 7.26363250
86800 -0.54931922 -0.06014224 2.07859122
86900 -0.53086909 -0.00287865 7.10581946
87000 -0.50321769 -0.02019406 7.86790139
87100 -0.57006639 -0.06371695 1.10624034
87200 -0.51190621 0.03779054 13.37337346
87300 -0.47009927 0.03035654 16.93351301
87400 -0.51837675 -0.03235720 5.61895203
87500 -0.50136502 0.04658250 15.60764332
87600 -0.50450147 0.01491851 11.16311671
87700 -0.55764901 -0.02131263 3.99265440
87800 -0.57620339 -0.03372749 2.47916236
87900 -0.54712578 -0.03790385 3.32580798
88000 -0.53990148 0.04281833 12.00445396
88100 -0.56499340 -0.03461251 2.75049304
88200 -0.44082206 -0.01823035 16.01194618
88300 -0.52855850 -0.02143189 5.63841810
88400 -0.53689321 -0.03615129 4.02956287
88500 -0.59211255 0.05762985 12.45469118
88600 -0.50575328 -0.01152782 8.35488521
88700 -0.49637555 0.02327909 12.96788045
88800 -0.49089777 -0.00569330 10.39852557
88900 -0.55350785 -0.01544624 4.65542891
89000 -0.60199670 -0.00852111 4.18618739
89100 -0.51866590 -0.02520247 6.10495298
89200 -0.53564222 -0.01847091 5.39445816
89300 -0.57360686 -0.01519198 3.94449929
89400 -0.53335948 0.01885841 9.28414061
89500 -0.48500185 -0.02518570 9.41087760
89600 -0.53742553 -0.03920933 3.80553515
89700 -0.52337595 0.02809335 11.13957579
89800 -0.55607921 -0.02148017 4.04719997
89900 -0.58913251 -0.01969030 3.28387481
90000 -0.50205005 -0.00111756 9.68596524
90100 -0.55869152 0.01975961 8.02437759
90200 -0.53382519 -0.06849863 2.68572058
90300 -0.52794847 -0.00689883 6.92962542
90400 -0.56400515 0.03369534 9.58503585
90500 -0.54178669 -0.02825842 4.26782214
90600 -0.56633303 -0.04032501 2.34728473
90700 -0.52202486 0.05825193 15.56189729
90800 -0.54040378 0.03212687 10.50460930
90900 -0.47709844 0.00192410 12.74665858
91000 -0.50775143 -0.03593318 6.30717842
91100 -0.56701687 0.00908375 6.49357563
91200 -0.57855382 -0.01140589 4.15442725
91300 -0.55638390 0.01910644 8.04435449
91400 -0.56536459 0.04795821 11.54562195
91500 -0.48824537 -0.01204314 10.11275342
91600 -0.57687119 0.02810820 8.47332636
91700 -0.58404155 -0.06013553 0.92192416
91800 -0.50990970 -0.01916241 7.32548852
91900 -0.58530713 0.04453650 10.55334001
92000 -0.52919006 -0.00154265 7.35394847
92100 -0.55355480 -0.00761526 5.34604861
92200 -0.53575960 -0.02517204 4.86302643
92300 -0.55051914 0.03291916 10.05792868
92400 -0.48404153 -0.07931707 6.93707537
92500 -0.56160076 -0.01937085 3.98778086
92600 -0.49573692 0.00222209 10.66007339
92700 -0.47776008 0.03573572 16.68339160
92800 -0.50202065 -0.01131906 8.73213152
92900 -0.53716940 -0.01124598 5.91247996
93000 -0.50217043 -0.02795508 7.38054807
93100 -0.51623740 0.00260437 8.77191489
93200 -0.54994027 0.00456025 6.71941143
93300 -0.54119522 -0.05050001 2.95412603
93400 -0.50201202 0.04329669 15.06779303
93500 -0.53323332 0.02175535 9.64107759
93600 -0.52662150 -0.02294419 5.66100106
93700 -0.48980699 0.01438851 12.61361472
93800 -0.51067798 -0.03746403 5.94458471
93900 -0.50595760 -0.02641809 7.12913521
94000 -0.51640432 -0.01242696 7.32863772
94100 -0.51694420 -0.02130574 6.54552654
94200 -0.53440661 -0.02917291 4.65948416
94300 -0.51922985 0.02287874 10.81150088
94400 -0.48939532 -0.08995231 6.16717610
94500 -0.55612313 0.02462208 8.72792193
94600 -0.48190502 0.03175170 15.65246746
94700 -0.55638776 0.02609675 8.90120946
94800 -0.53690288 0.00619139 7.62892930
94900 -0.53837132 -0.06159698 2.63644261
95000 -0.58014514 0.06220168 13.35180067
95100 -0.53014785 0.06783304 16.52362518
95200 -0.49781215 -0.02152087 8.30066515
95300 -0.52324496 -0.01889724 6.23449761
95400 -0.47528063 0.01285543 14.14563478
95500 -0.59494771 0.03007484 8.47249521
95600 -0.53350501 -0.00943372 6.31191721
95700 -0.53245125 -0.01962587 5.51141734
95800 -0.61363054 -0.02965882 2.56683693
95900 -0.46278077 0.02424283 17.13269960
96000 -0.52411394 0.00382929 8.26960771
96100 -0.54686047 -0.00439947 5.98163513
96200 -0.53156913 0.00669797 8.03362007
96300 -0.57978508 0.01956059 7.35168945
96400 -0.50893935 -0.03681178 6.14239636
96500 -0.57701151 -0.00503692 4.77322824
96600 -0.59510476 0.01473030 6.59350198
96700 -0.48752205 -0.05843573 7.18943915
96800 -0.55145239 0.01566204 7.86728872
96900 -0.50912461 0.00417309 9.55518506
97000 -0.57944229 -0.00446051 4.77520696
97100 -0.57767511 -0.00688056 4.58481550
97200 -0.50377371 0.04883548 15.70574914
97300 -0.56569220 -0.01980771 3.80391435
97400 -0.48745136 0.02503480 14.15044855
97500 -0.62766518 -0.06338634 1.05296109
97600 -0.56795355 -0.02940234 3.00550223
97700 -0.56465122 -0.03364379 2.82634131
97800 -0.50525825 0.00998094 10.53590262
97900 -0.51727659 -0.01905212 6.69786107
98000 -0.59349451 -0.03360878 2.22505808
98100 -0.51540997 0.02154043 10.96377394
98200 -0.55042928 -0.02754243 3.85367785
98300 -0.51098926 -0.03065216 6.36601775
98400 -0.56033549 -0.00928911 4.90087000
98500 -0.49735843 -0.02007637 8.46153846
98600 -0.54359703 0.04662405 12.33995332
98700 -0.51405684 -0.02368916 6.60478545
98800 -0.52332193 -0.01492138 6.55894897
98900 -0.53912605 -0.09147778 1.88913327
99000 -0.54228064 -0.00459998 6.21634458
99100 -0.51919199 -0.06583064 3.84874007
99200 -0.53899648 0.00693659 7.57843243
99300 -0.50181526 -0.00632599 9.20753186
99400 -0.58222160 0.09306279 18.79465594
99500 -0.61148506 0.01941462 7.19587897
99600 -0.58843236 0.04133417 10.05457927
99700 -0.52963706 0.00458443 7.94442314
99800 -0.53069730 0.03010292 10.86481671
99900 -0.46671312 -0.02232167 11.89965825
100000 -0.54308683 0.02663837 9.63819285
100100 -0.54631481 0.01523761 8.08090313
100200 -0.56781843 -0.01328244 4.27779412
100300 -0.56547669 -0.00139391 5.45751049
100400 -0.58321015 0.01202256 6.41547667
100500 -0.52105052 -0.00064286 8.05243117
100600 -0.56896283 0.03134983 9.10804206
100700 -0.53456591 -0.00634557 6.52638658
100800 -0.50931913 0.02147014 11.48900790
100900 -0.55943019 -0.01709852 4.25928271
101000 -0.55792931 0.01003186 6.93847668
101100 -0.54084148 0.02179545 9.16693136
101200 -0.50779274 0.02626141 12.22206117
101300 -0.55818272 -0.03476100 3.00240600
101400 -0.51169398 0.02282515 11.44198537
101500 -0.54645031 -0.02451968 4.28242433
101600 -0.59283040 0.01249159 6.35288006
101700 -0.53472131 -0.00635888 6.51498389
101800 -0.53664268 -0.05006938 3.25360840
101900 -0.49171480 0.02280937 13.40391321
102000 -0.61819720 -0.04175275 1.86194026
102100 -0.45183883 -0.02764066 13.59380329
102200 -0.54501467 -0.03997733 3.31305345
102300 -0.52630127 -0.02952087 5.19940527
102400 -0.58763478 -0.05335750 1.16421057
102500 -0.61247299 -0.12793655 0.46801310
102600 -0.54216522 0.02484084 9.46504824
102700 -0.60297768 -0.06287328 0.69362995
102800 -0.55292597 -0.01852386 4.42716263
102900 -0.50953120 -0.01621465 7.60229419
103000 -0.47770738 -0.02658770 10.17242515
103100 -0.52450905 -0.01215561 6.70776042
103200 -0.45823258 0.00091118 15.14053381
103300 -0.51891836 0.01614770 10.03226045
103400 -0.52761063 0.01156408 8.84338217
103500 -0.54492559 0.03588140 10.74847253
103600 -0.58321366 0.08630933 17.49647448
103700 -0.54306634 -0.05261605 2.74333979
103800 -0.50713282 0.02008149 11.52193920
103900 -0.60084595 -0.03450071 2.14543640
104000 -0.50007536 0.01125699 11.18152554
104100 -0.49844859 -0.02815706 7.73704906
104200 -0.48608993 -0.01641303 9.98114217
104300 -0.59499609 -0.03507022 2.12045741
104400 -0.55228232 -0.00751114 5.41558307
104500 -0.51491995 -0.00189818 8.43129105
104600 -0.50556906 -0.01477741 8.09004604
104700 -0.55356310 -0.06519958 1.68372765
104800 -0.49434008 -0.03040412 8.00380183
104900 -0.55633050 -0.02064118 4.10242388
105000 -0.57034717 0.00775004 6.24468108
105100 -0.50640196 0.00593855 9.99178526
105200 -0.52164250 0.01879219 10.12574087
105300 -0.54331357 -0.06939420 2.07503323
105400 -0.49243581 0.00660294 11.46712074
105500 -0.56837382 -0.02202267 3.54033931
105600 -0.59195387 0.02194399 7.46753871
105700 -0.53642773 -0.02157012 5.09633971
105800 -0.56089971 -0.03542321 2.84949704
105900 -0.52548942 0.01100479 8.93694541
106000 -0.50466667 -0.02212489 7.57648853
106100 -0.59830503 -0.04182388 1.69366666
106200 -0.51605141 -0.05093293 4.72747120
106300 -0.57812720 -0.05046743 1.46594756
106400 -0.52860393 0.03530027 11.70178065
106500 -0.49148215 -0.00713087 10.20039958
106600 -0.48421098 -0.00310300 11.39806300
106700 -0.45636934 0.05170355 21.82186662
106800 -0.62195067 -0.06622500 0.81129119
106900 -0.53135407 0.01835266 9.35980788
107000 -0.52073515 -0.00176025 7.96698260
107100 -0.48539479 0.00382374 11.95686136
107200 -0.56101748 0.01339747 7.18931108
107300 -0.56629074 -0.01977076 3.78652281
107400 -0.54137111 -0.06217894 2.43388968
107500 -0.57308156 0.00387327 5.75712928
107600 -0.54724216 0.02050459 8.65237246
107700 -0.48880254 -0.02116522 9.28989837
107800 -0.53751311 -0.02713012 4.60731552
107900 -0.55710508 0.05462406 12.87428752
108000 -0.52283351 0.03083942 11.53681007
108100 -0.60918185 -0.03287472 2.29505479
108200 -0.47640024 0.04411778 18.02341666
108300 -0.53430738 0.01984491 9.33916101
108400 -0.50771880 -0.01779919 7.63639669
108500 -0.54880831 -0.05580903 2.28671529
108600 -0.58147721 0.02467094 7.94296901
108700 -0.55613436 -0.01198605 4.83532518
108800 -0.50958731 -0.00408640 8.68693704
108900 -0.54332348 -0.04434371 3.15492551
109000 -0.62688453 -0.08845594 0.42802160
109100 -0.51644983 0.02362468 11.13184644
109200 -0.53967646 -0.02201100 4.86060689
109300 -0.46214897 0.06816214 23.64070538
109400 -0.55600867 -0.00570978 5.41294095
109500 -0.60230524 0.01112750 6.17731766
109600 -0.60635138 -0.02035335 3.19196433
109700 -0.54638619 -0.01058321 5.43490115
109800 -0.54419363 -0.02958039 4.03663601
109900 -0.53153161 0.01859290 9.37609828
110000 -0.53902761 0.03583618 11.08455062
110100 -0.51904625 -0.05305230 4.37879845
110200 -0.49138967 -0.00643460 10.27534346
110300 -0.50736469 -0.04804405 5.64036060
110400 -0.50115482 0.03635811 14.18195287
110500 -0.55972570 0.04581382 11.44184548
110600 -0.52487320 -0.01528143 6.41063588
110700 -0.55724653 -0.03134672 3.27056619
110800 -0.51557287 -0.01258784 7.38441253
110900 -0.51571404 -0.05292733 4.65997942
111000 -0.50196908 0.02752654 12.93653981
111100 -0.52123006 -0.06806789 3.61218133
111200 -0.51630882 -0.03686696 5.49499728
111300 -0.63454814 0.01542678 7.25845749
111400 -0.55236153 -0.04152864 2.84416185
111500 -0.46961827 0.08224408 25.10614944
111600 -0.61382918 -0.04782173 1.45690889
111700 -0.58995615 -0.03887902 1.91832682
111800 -0.54091607 -0.03050259 4.16040041
111900 -0.58295529 -0.03493102 2.26224723
112000 -0.51518866 -0.05514993 4.60224556
112100 -0.53828118 0.01044646 8.00381619
112200 -0.52212711 -0.02237963 6.04455508
112300 -0.48609336 0.01424382 13.01318691
112400 -0.53823503 0.07811043 17.76911844
112500 -0.51130158 -0.01772195 7.31854314
112600 -0.60245245 -0.04398594 1.57179476
112700 -0.51806783 -0.00864120 7.52965549
112800 -0.59124893 -0.05331184 1.12818275
112900 -0.48443692 -0.00545180 11.14709437
113000 -0.60029968 -0.02704620 2.66117365
113100 -0.50167651 0.01894428 11.90762491
113200 -0.53771104 -0.01103421 5.89741361
113300 -0.58863651 -0.03645949 2.08326269
113400 -0.47937574 -0.07575117 7.56910939
113500 -0.53734844 -0.05240850 3.09508433
113600 -0.54621182 0.01111454 7.61980506
113700 -0.54262246 -0.04178263 3.34072226
113800 -0.54674308 -0.06701241 1.96224023
113900 -0.56437363 -0.01027537 4.65987411
114000 -0.56441809 0.05147448 12.10529565
114100 -0.56305480 -0.05827424 1.55299326
114200 -0.48952256 -0.06619971 6.67386196
114300 -0.54792339 0.08667700 18.78013831
114400 -0.54687918 -0.02905178 3.92773554
114500 -0.51035803 -0.01868800 7.32366208
114600 -0.55241310 0.01504478 7.74990693
114700 -0.56576036 0.00791531 6.40903335
114800 -0.55230783 -0.07472966 1.45656669
114900 -0.46981986 0.00741406 14.24232513
115000 -0.56861199 0.04358389 10.80077005
115100 -0.49482571 0.02000943 12.73194794
115200 -0.50783948 0.00373838 9.62760695
115300 -0.58816453 -0.01244488 3.90298867
115400 -0.48615348 0.00036968 11.51755119
115500 -0.52176704 -0.05019732 4.30035111
115600 -0.49449518 -0.01400991 9.26278149
115700 -0.53690685 -0.00664271 6.34816481
115800 -0.51591665 0.02886859 11.83856190
115900 -0.52046348 0.00160610 8.32492922
116000 -0.49860878 -0.01142481 9.06287201
116100 -0.49263685 -0.02980450 8.22712671
116200 -0.53320231 0.01082632 8.37220225
116300 -0.51523315 -0.05147051 4.77026545
116400 -0.57924936 0.00594613 5.82758545
116500 -0.48267040 0.01457323 13.44662958
116600 -0.57076250 -0.04348325 2.02448728
116700 -0.55106713 0.03167112 9.86585508
116800 -0.55104257 -0.08050780 1.38838788
116900 -0.54808212 -0.05788797 2.23444471
117000 -0.52882920 -0.02321947 5.48026631
117100 -0.51871428 -0.05714627 4.22190488
117200 -0.51101193 -0.05157586 5.13188717
117300 -0.50944862 0.08294064 20.83341423
117400 -0.55659989 -0.02295000 3.91013655
117500 -0.54815262 -0.03335535 3.56483000
117600 -0.55124361 -0.04151015 2.89912403
117700 -0.58843490 0.01970958 7.23206779
117800 -0.54521012 0.00149941 6.65203092
117900 -0.54227680 -0.02458901 4.50939267
118000 -0.50799939 -0.03375076 6.42653778
118100 -0.52223844 0.00314386 8.34275840
118200 -0.58263999 -0.04031133 1.93205351
118300 -0.62854413 0.02481382 8.19662817
118400 -0.56081535 -0.01043336 4.77880955
118500 -0.51837816 -0.00684245 7.67022699
118600 -0.54669258 0.06169766 14.49390746
118700 -0.54838465 -0.00671145 5.68344858
118800 -0.50148492 0.00905296 10.79888494
118900 -0.55971724 -0.05398562 1.87001194
119000 -0.55117373 0.00927111 7.16209014
119100 -0.55236569 0.01234619 7.44534644
119200 -0.56480673 -0.04009113 2.41381957
119300 -0.54490056 0.01009016 7.57789572
119400 -0.53221311 -0.03075401 4.69503449
119500 -0.52071327 -0.01127887 7.07891290
119600 -0.51517316 -0.00293902 8.30821307
119700 -0.57875648 -0.00552287 4.68860794
119800 -0.56382110 -0.02666262 3.34364230
119900 -0.46331318 -0.02153325 12.42015856
120000 -0.56073252 -0.03567487 2.83982830
120100 -0.53350868 0.01523883 8.85054216
120200 -0.50467819 0.01557357 11.22174851
120300 -0.52483543 -0.04423870 4.37951719
120400 -0.55293688 -0.02785093 3.71021277
120500 -0.54336112 0.03581293 10.82655702
120600 -0.49366873 -0.04552597 7.13688008
120700 -0.59090023 -0.01859922 3.35444668
120800 -0.53170409 0.03834161 11.90136667
120900 -0.55537109 0.00181438 6.17895403
121000 -0.51064141 -0.02684497 6.66830801
121100 -0.56100192 -0.01642027 4.25321121
121200 -0.55878952 -0.01898908 4.13053692
121300 -0.55754707 -0.00295966 5.60953920
121400 -0.60502667 -0.02748327 2.64197185
121500 -0.51988472 0.02547253 11.08090642
121600 -0.54798512 0.02052391 8.61578104
121700 -0.51210025 -0.01585496 7.40337687
121800 -0.51441194 -0.02555416 6.43374907
121900 -0.51127788 0.00094630 9.03088547
122000 -0.53578952 -0.06287961 2.75045478
122100 -0.55165235 -0.01663423 4.64367375
122200 -0.52091829 -0.03368498 5.32579977
122300 -0.58617935 0.00229541 5.32768111
122400 -0.55418030 -0.06492798 1.66474586
122500 -0.53171977 0.00203799 7.53697068
122600 -0.59176399 -0.00581058 4.46973961
122700 -0.52629582 -0.07580245 3.00891396
122800 -0.59704220 -0.05210485 1.15134683
122900 -0.51319092 -0.00653084 8.13615042
123000 -0.49893048 0.01360214 11.56024647
123100 -0.54430899 -0.04185224 3.24132555
123200 -0.56454583 -0.03880702 2.50078927
123300 -0.54393573 0.02160025 8.96491138
123400 -0.58212750 -0.00852189 4.34383513
123500 -0.55602089 0.01621036 7.71950467
123600 -0.59646166 0.01965014 7.16433836
123700 -0.49245554 0.06169761 18.85596314
123800 -0.51871311 -0.02067641 6.44989507
123900 -0.55931723 0.00601676 6.44732088
124000 -0.54185307 -0.03899486 3.55134625
124100 -0.50080069 -0.02077083 8.05888193
124200 -0.54553510 -0.06003522 2.28180420
124300 -0.55058855 0.02390813 8.89735777
124400 -0.57508011 -0.01421086 3.99038874
124500 -0.53783020 -0.03227377 4.22596305
124600 -0.54896672 0.01162078 7.53179685
124700 -0.60965680 -0.03184278 2.36933031
124800 -0.48470765 -0.01032613 10.66686375
124900 -0.53559847 -0.00397149 6.68451614
125000 -0.54554061 -0.03067957 3.88557394
125100 -0.51239918 0.03458094 12.89296628
125200 -0.57606722 0.02259715 7.80141920
125300 -0.51193330 -0.02414971 6.75450498
125400 -0.54116186 -0.02436431 4.59134229
125500 -0.51047920 0.03308985 12.86344074
125600 -0.49314886 -0.02160359 8.78158245
125700 -0.52073673 0.03776864 12.63143186
125800 -0.56847313 -0.00698424 4.82293730
125900 -0.57977751 0.00271344 5.47949967
126000 -0.52281395 0.01761719 9.89574433
126100 -0.53539901 -0.06092870 2.84992699
126200 -0.48413605 -0.02595530 9.45353623
126300 -0.48788342 -0.00178987 11.10767920
126400 -0.51257471 -0.06917679 4.29662612
126500 -0.54270977 0.01390706 8.12849462
126600 -0.53632630 -0.05169107 3.19404637
126700 -0.61081145 -0.02938482 2.55169530
126800 -0.51818630 -0.00719256 7.65335057
126900 -0.57910853 0.07125266 14.88196286
127000 -0.54067720 -0.01808431 5.11468728
127100 -0.56379777 -0.01403026 4.35069885
127200 -0.58277971 -0.02891753 2.67462827
127300 -0.57950529 -0.01685060 3.66692796
127400 -0.49801016 -0.05795536 6.08483948
127500 -0.49975976 -0.06037215 5.80923634
127600 -0.56678155 0.00518297 6.08346144
127700 -0.50937946 0.02778500 12.27054428
127800 -0.53952693 0.04583126 12.46187450
127900 -0.61840680 -0.00284711 4.88874698
128000 -0.52085790 -0.00885592 7.28535724
128100 -0.57547506 0.00198072 5.50077046
128200 -0.53725196 -0.02163960 5.03883443
128300 -0.55170771 -0.00920410 5.28801976
128400 -0.55094849 0.01872644 8.25100890
128500 -0.55427654 0.05025713 12.33392066
128600 -0.59353926 -0.00839906 4.21623626
128700 -0.55715023 -0.04381094 2.49665672
128800 -0.50052608 -0.03541151 7.03336725
128900 -0.50435206 -0.01341255 8.32295772
129000 -0.57283444 -0.00632484 4.75650161
129100 -0.52594598 -0.00707684 7.05935580
129200 -0.50069292 -0.02749006 7.55979426
129300 -0.53358894 0.02308311 9.77994032
129400 -0.53186663 -0.00294071 7.03133098
129500 -0.51799072 0.00085344 8.44846908
129600 -0.55015317 -0.03416890 3.40922061
129700 -0.52919081 0.01111145 8.67984800
129800 -0.53881681 0.00636111 7.52803478
129900 -0.56671723 0.01629860 7.31655366
130000 -0.52221510 -0.03215082 5.32700084
130100 -0.53255199 -0.06273203 2.96906793
130200 -0.56392549 -0.03865838 2.53208209
130300 -0.53294059 0.01207307 8.52866906
130400 -0.58330687 -0.03494652 2.25530818
130500 -0.49665826 0.03572889 14.55092396
130600 -0.54879736 0.02484073 9.10345948
130700 -0.54998747 0.01689064 8.08233722
130800 -0.55284166 0.01609650 7.85115369
130900 -0.50128412 0.04163507 14.90265871
131000 -0.49235006 -0.00654327 10.16133471
131100 -0.53394511 -0.02556392 4.95198939
131200 -0.56413728 0.02418977 8.35461649
131300 -0.51181090 0.03722555 13.30408447
131400 -0.55528477 -0.02638543 3.70927861
131500 -0.58207626 0.02064816 7.43861966
131600 -0.53361512 0.00774953 8.00845716
131700 -0.55571658 0.00227161 6.21025130
131800 -0.51880380 -0.03987763 5.10376050
131900 -0.52104673 0.00726401 8.86959299
132000 -0.51401380 -0.04439607 5.24271200
132100 -0.51435378 -0.06153576 4.40738663
132200 -0.53886970 -0.05771009 2.76267498
132300 -0.54368871 -0.03217939 3.88529840
132400 -0.51441168 0.03299245 12.50617651
132500 -0.59184333 -0.06004344 0.83152898
132600 -0.50594526 -0.08963930 4.47681941
132700 -0.57927495 0.05906150 12.86504345
132800 -0.55298793 -0.02400109 3.99298497
132900 -0.55566068 0.02734075 9.09082046
133000 -0.51758236 -0.04162901 5.09991976
133100 -0.51970349 -0.03206308 5.53147709
133200 -0.53645877 -0.00770469 6.27795577
133300 -0.51264497 -0.00164227 8.65257217
133400 -0.53462837 0.04966274 13.33619293
133500 -0.55073122 -0.01912926 4.48374462
133600 -0.58133080 -0.01945577 3.41795568
133700 -0.51778489 0.02155866 10.76791626
133800 -0.49013708 -0.02182492 9.09060138
133900 -0.51305140 -0.02713135 6.43494928
134000 -0.47736197 -0.03610640 9.56124001
134100 -0.53005392 0.00491766 7.95008444
134200 -0.46275874 0.00559252 14.99247235
134300 -0.50978880 0.01950095 11.20926907
134400 -0.52287448 -0.05131820 4.15913169
134500 -0.56007640 -0.03124198 3.16077948
134600 -0.49676517 -0.03983857 7.13841420
134700 -0.52275358 -0.04158196 4.68983855
134800 -0.52892351 -0.05352295 3.60599130
134900 -0.57252390 0.00178544 5.55760591
135000 -0.49403290 0.03721803 15.02890694
135100 -0.60978508 -0.00097344 4.95100385
135200 -0.53419888 0.02294093 9.72212948
135300 -0.54125067 -0.00151114 6.57576985
135400 -0.57797061 -0.01014526 4.27958424
135500 -0.46683032 -0.01269548 12.67812073
135600 -0.51777176 -0.02720481 6.03031148
135700 -0.48809358 0.04143284 16.26314726
135800 -0.55371073 0.01324544 7.48361243
135900 -0.53349815 -0.02476301 5.04155094
136000 -0.56091536 0.02456466 8.52198131
136100 -0.53431041 -0.04983757 3.41569611
136200 -0.60393485 -0.04249438 1.66118991
136300 -0.52328806 0.02538890 10.80354955
136400 -0.54476329 -0.04153607 3.23456279
136500 -0.49250595 0.01479912 12.36690467
136600 -0.57224591 -0.00176999 5.20971189
136700 -0.51704031 0.00454768 8.90626358
136800 -0.57573548 0.00502464 5.80947089
136900 -0.50513183 -0.04035441 6.27878299
137000 -0.53915996 0.03916905 11.53476765
137100 -0.50067102 0.01730568 11.81343443
137200 -0.55578800 0.05124213 12.41444127
137300 -0.60306979 0.00036830 5.04161009
137400 -0.55373191 0.02856699 9.33510350
137500 -0.53162154 0.02451786 10.09015541
137600 -0.52466685 -0.00034542 7.80305931
137700 -0.51103846 0.01484138 10.55134881
137800 -0.49998564 -0.00808408 9.22570448
137900 -0.54176392 -0.00975945 5.76739936
138000 -0.60975038 -0.02011053 3.23869905
138100 -0.53534993 -0.01680114 5.55084076
138200 -0.51563907 0.01841229 10.56911892
138300 -0.54567043 -0.01280957 5.27693640
138400 -0.55184995 -0.08737781 1.23887348
138500 -0.56390419 -0.05754834 1.55252559
138600 -0.55099992 -0.00874715 5.36404494
138700 -0.59803125 -0.02462182 2.84287277
138800 -0.53783064 0.03939455 11.64793558
138900 -0.58144024 0.00787324 5.99055061
139000 -0.47544970 0.00787532 13.57493135
139100 -0.57420651 0.00771749 6.13418082
139200 -0.52697948 -0.00520228 7.15930202
139300 -0.58667363 -0.02471180 2.92295257
139400 -0.53005651 0.00531846 7.99203562
139500 -0.54995523 0.02565577 9.14692554
139600 -0.48766024 -0.00527160 10.79684607
139700 -0.48599319 0.01777543 13.43430287
139800 -0.55526021 0.00050637 6.05158944
139900 -0.56928957 -0.02732157 3.11264189
140000 -0.56767347 -0.04818497 1.86490113
140100 -0.60432668 -0.00209077 4.80246836
140200 -0.54954660 -0.05079238 2.48346764
140300 -0.55056887 -0.04516142 2.72535332
140400 -0.54642477 -0.00882625 5.59147883
140500 -0.55149304 -0.03280985 3.43372066
140600 -0.57235041 0.01209047 6.66438638
140700 -0.57832883 -0.03492836 2.35197883
140800 -0.53812054 -0.00805330 6.14163181
140900 -0.49420007 -0.00651170 9.96684446
141000 -0.56400130 -0.02542984 3.42830794
141100 -0.47363179 0.03087931 16.54915988
141200 -0.55044655 -0.02570030 3.98799496
141300 -0.49686305 -0.05222147 6.46000928
141400 -0.53166196 -0.00140458 7.19557225
141500 -0.58265468 -0.00269473 4.88458823
141600 -0.61599309 -0.04363791 1.71623198
141700 -0.52308202 -0.00787247 7.20192877
141800 -0.53688832 -0.00764158 6.25658097
141900 -0.60794253 0.00360404 5.39844065
142000 -0.55197780 -0.00215768 5.93962589
142100 -0.59340669 0.03719331 9.43273776
142200 -0.49521597 -0.01391488 9.19517109
142300 -0.58251459 -0.04411109 1.71465518
142400 -0.54959290 -0.03500246 3.38277821
142500 -0.53544023 0.06672231 15.98214632
142600 -0.51297869 -0.04211226 5.46184924
142700 -0.52620854 0.02132512 10.08248234
142800 -0.53725381 0.03276709 10.78209228
142900 -0.53570585 -0.01170776 5.96462914
143000 -0.49800968 -0.03591441 7.25449448
143100 -0.54617149 0.02099118 8.76818721
143200 -0.45381571 -0.05661640 11.62599141
143300 -0.56166811 0.01646177 7.51633895
143400 -0.54410322 0.04092858 11.49265746
143500 -0.53027713 -0.06324701 3.10603059
143600 -0.52325241 0.01354002 9.39076413
143700 -0.49279940 -0.05326991 6.83783484
143800 -0.57824698 -0.03655708 2.24909879
143900 -0.55099734 -0.00616036 5.60356949
144000 -0.54615594 -0.01812276 4.80153319
144100 -0.55341788 0.02413323 8.78947677
144200 -0.49360764 0.02838860 13.90148287
144300 -0.53299350 -0.02809177 4.83033265
144400 -0.56338584 -0.00540431 5.14447095
144500 -0.48487828 0.03524228 15.77174211
144600 -0.50003222 0.01884180 12.05846528
144700 -0.55171783 -0.02102881 4.28380875
144800 -0.59473498 -0.00459356 4.56505509
144900 -0.52174683 -0.05736562 3.97062457
145000 -0.54408824 0.00389860 6.96052188
145100 -0.53220848 0.00103127 7.40150449
145200 -0.50414643 -0.00563104 9.04670427
145300 -0.52064197 -0.03281682 5.40563817
145400 -0.54485811 -0.05916437 2.35408818
145500 -0.53449855 -0.00755313 6.41843235
145600 -0.49013271 -0.03273179 8.29791658
145700 -0.50485163 0.00772785 10.32925095
145800 -0.53660832 0.05995374 14.80185130
145900 -0.52965800 0.00846969 8.35683593
146000 -0.57937979 0.00046670 5.25937554
146100 -0.53614578 -0.05784137 2.92735553
146200 -0.55101387 -0.01589715 4.73646504
146300 -0.54514654 0.02735891 9.61459649
146400 -0.54666131 -0.01855282 4.73932940
146500 -0.48077899 -0.01430536 10.77860976
146600 -0.50879325 0.04019349 13.98644267
146700 -0.56934955 -0.03611089 2.51063408
146800 -0.58314609 0.04929311 11.28624298
146900 -0.54907420 0.01932708 8.41619472
147000 -0.51760160 -0.03554234 5.47214289
147100 -0.48137051 -0.02519653 9.83425785
147200 -0.45874562 -0.00313645 14.66767383
147300 -0.53134243 -0.01456557 6.00645232
147400 -0.50328738 0.02893665 12.98899592
147500 -0.49094771 -0.01170903 9.84384898
147600 -0.46715835 -0.02453115 11.67122591
147700 -0.56155928 0.06172608 13.81650758
147800 -0.49626346 0.03509194 14.50555090
147900 -0.53305727 -0.04343008 3.84074286
148000 -0.52806858 -0.05885509 3.43351636
148100 -0.51683220 -0.08574955 3.55997939
148200 -0.61632036 -0.02157156 3.20868726
148300 -0.51945540 -0.06983873 3.69856724
148400 -0.54540000 -0.07185266 1.88671631
148500 -0.53566026 -0.01820320 5.41515919
148600 -0.56851156 0.00197344 5.69505230
148700 -0.60395133 0.02341013 7.62283672
148800 -0.54746989 -0.04799668 2.73187876
148900 -0.49217355 -0.02429459 8.67892605
149000 -0.50397299 0.03696359 13.99010601
149100 -0.57026190 0.02855127 8.70489190
149200 -0.55286572 0.01149614 7.32651512
149300 -0.57412883 -0.02144894 3.41979303
149400 -0.59431275 -0.05652022 0.96141786
149500 -0.49101681 -0.05858781 6.79615240
149600 -0.56855246 0.01806508 7.46415614
149700 -0.55278081 -0.00286842 5.83209723
149800 -0.48871749 -0.01150783 10.10733049
149900 -0.53154781 -0.03239947 4.62776677
150000 -0.49328612 -0.00098731 10.59568264
150100 -0.50539906 -0.05115487 5.66759208
150200 -0.52060784 0.03206332 11.87191786
150300 -0.47041153 0.00865749 14.29981089
150400 -0.52472939 0.01776214 9.76679339
150500 -0.53773373 -0.01256392 5.76107817
150600 -0.51099694 0.04058757 13.84320500
150700 -0.56622574 0.00962490 6.57915926
150800 -0.58936476 -0.00553855 4.51803738
150900 -0.56518770 0.00479859 6.09732003
151000 -0.50086609 0.00151045 10.06595143
151100 -0.55232205 -0.01640827 4.63038218
151200 -0.52121082 -0.00600591 7.52131175
151300 -0.53964738 -0.03067658 4.22408777
151400 -0.48721547 -0.01584557 9.90115834
151500 -0.49591209 -0.03247283 7.69710602
151600 -0.50805517 -0.02360811 7.14478648
151700 -0.54748974 -0.05266293 2.49906281
151800 -0.52990713 -0.06960400 2.91846385
151900 -0.59170614 0.02858350 8.30125239
152000 -0.60193601 -0.03859940 1.88689069
152100 -0.53106227 -0.07446859 2.70213163
152200 -0.52861907 -0.00904451 6.68406901
152300 -0.59696664 -0.04098016 1.74627161
152400 -0.51368497 0.02050315 10.98564705
152500 -0.56500570 -0.00213459 5.40111990
152600 -0.51433891 0.03097742 12.24645342
152700 -0.53387191 0.06016395 15.01270781
152800 -0.54795863 -0.00468153 5.89695672
152900 -0.45397700 0.00065435 15.72700756
153000 -0.59588761 0.02995052 8.45202493
153100 -0.50421681 -0.02132841 7.68181896
153200 -0.48621834 -0.03666579 8.47874406
153300 -0.60054434 -0.07512088 0.30963349
153400 -0.50669190 0.05891414 16.98005298
153500 -0.57122438 -0.03321113 2.64439434
153600 -0.51641617 -0.06117317 4.24688932
153700 -0.51407855 -0.07216770 4.07856620
153800 -0.49250055 -0.01092357 9.74537141
153900 -0.57245938 -0.04655230 1.80757107
154000 -0.51434713 -0.03480956 5.79310358
154100 -0.48704953 -0.05715314 7.29683084
154200 -0.56199630 -0.03316863 2.95535658
154300 -0.54317755 0.06330912 14.94933000
154400 -0.55493550 -0.01459148 4.66271196
154500 -0.54980307 -0.01729170 4.68019686
154600 -0.56555830 0.03242470 9.36126638
154700 -0.52477552 0.03382208 11.78353569
154800 -0.46692784 0.00928343 14.82553313
154900 -0.52532441 -0.03108512 5.16285233
155000 -0.59634079 -0.01656023 3.48779273
155100 -0.55273262 -0.04083567 2.86731131
155200 -0.57076624 -0.02022619 3.60923648
155300 -0.50923253 -0.03857794 6.00570108
155400 -0.54650815 -0.06448670 2.06128594
155500 -0.55305221 0.02304450 8.67202132
155600 -0.51843922 -0.01982936 6.53974592
155700 -0.58652213 -0.05493707 1.10616049
155800 -0.55819045 -0.03232761 3.16379539
155900 -0.54201219 -0.01087961 5.65251487
156000 -0.54272553 -0.02269443 4.62825760
156100 -0.50554362 -0.00849393 8.64768428
156200 -0.54904504 -0.01364306 5.02696423
156300 -0.58029458 -0.06458275 0.82134270
156400 -0.56610241 0.06678971 14.48392716
156500 -0.54470110 -0.02458979 4.37233394
156600 -0.55919837 0.01569640 7.52521539
156700 -0.53200979 -0.03449032 4.45709321
156800 -0.54830502 -0.02453636 4.18356617
156900 -0.51362505 -0.08228162 3.88728652
157000 -0.57641594 0.00297306 5.57982913
157100 -0.61215561 -0.02259604 3.06956599
157200 -0.48778852 -0.02884110 8.82750349
157300 -0.52193836 -0.03109884 5.42049447
157400 -0.54911603 -0.06846012 1.79197148
157500 -0.53319160 0.01799633 9.19324782
157600 -0.51773896 0.01144334 9.59324835
157700 -0.58876759 0.01791797 7.01540758
157800 -0.52528838 -0.01496563 6.40633470
157900 -0.52910908 0.00534737 8.06179559
158000 -0.54376808 0.03400028 10.55905187
158100 -0.56959201 -0.04274792 2.10122313
158200 -0.59610887 0.02715790 8.09213638
158300 -0.59982970 -0.00955475 4.09018602
158400 -0.53812749 -0.03612363 3.95419908
158500 -0.48860659 -0.02755856 8.82812706
158600 -0.52245864 0.02364531 10.65041239
158700 -0.55013366 -0.01455371 4.89385994
158800 -0.51909932 -0.02696014 5.93987056
158900 -0.55616895 -0.01254233 4.78500247
159000 -0.47415128 0.00487667 13.41850811
159100 -0.47818683 -0.02025324 10.59899730
159200 -0.57690692 0.00330306 5.60240600
159300 -0.49771948 -0.01080670 9.20837427
159400 -0.47196976 0.05732184 20.57095080
159500 -0.54692157 -0.01155902 5.31956335
159600 -0.50153191 -0.00503509 9.35714934
159700 -0.49717461 0.02315590 12.87021850
159800 -0.56365608 0.03070183 9.20192416
159900 -0.52789338 0.00752241 8.38021653
160000 -0.60044996 0.01785198 6.94464529
160100 -0.57363861 -0.02043337 3.51288607
160200 -0.53270625 -0.01318801 6.03238522
160300 -0.49402440 0.03524248 14.76067749
160400 -0.53904238 -0.01493283 5.47612709
160500 -0.45901104 0.03975050 19.70404471
160600 -0.51770502 -0.04061067 5.14977811
160700 -0.53188080 -0.01018026 6.35390602
160800 -0.56596008 -0.01219473 4.43424085
160900 -0.49865114 0.07617865 20.65525410
161000 -0.50414648 -0.01608036 8.11520169
161100 -0.55098178 0.04051907 11.07419737
161200 -0.56643472 0.00270971 5.83795636
161300 -0.52459284 -0.06195802 3.56671556
161400 -0.51920347 0.01146842 9.47664438
161500 -0.56652647 -0.04321540 2.17248389
161600 -0.52897560 0.02619769 10.48516048
161700 -0.51957593 -0.01053347 7.23614608
161800 -0.50565836 0.03530316 13.60364541
161900 -0.52119610 -0.02144219 6.19069221
162000 -0.52985904 0.06553045 16.16004103
162100 -0.50932886 -0.03405990 6.28467650
162200 -0.57836048 0.02454583 7.98996675
162300 -0.50460338 -0.00348490 9.20784030
162400 -0.59393536 -0.03592465 2.07121501
162500 -0.57153188 0.00505381 5.92336799
162600 -0.57331515 -0.03929795 2.19840993
162700 -0.55709518 0.03540210 10.08727604
162800 -0.52829153 -0.06820753 3.07643263
162900 -0.50637909 -0.02692298 7.05256327
163000 -0.53558345 -0.01043812 6.08541181
163100 -0.46841694 -0.01791964 12.02564430
163200 -0.56651913 0.01722817 7.43170595
163300 -0.58093572 -0.01328411 3.94154583
163400 -0.60227371 0.00561080 5.57940537
163500 -0.58602205 -0.02393045 2.99097944
163600 -0.58142135 0.03439395 9.20345005
163700 -0.49971009 -0.02761340 7.64894284
163800 -0.57782490 -0.02751352 2.87301256
163900 -0.57459276 -0.02354336 3.24557270
164000 -0.51180072 -0.05172955 5.05457496
164100 -0.50648956 -0.02975349 6.83938700
164200 -0.49639721 -0.06465558 5.99138305
164300 -0.54525942 0.02544705 9.36674715
164400 -0.50558754 0.04432761 14.87208604
164500 -0.55289694 -0.00471438 5.64902382
164600 -0.50776993 -0.05211208 5.39981930
164700 -0.55335246 -0.02981335 3.55107900
164800 -0.53723051 -0.00065692 6.90452820
164900 -0.52567037 0.01481348 9.35351471
165000 -0.47737193 -0.03808909 9.43530260
165100 -0.53370156 0.02930662 10.55784284
165200 -0.54571871 -0.04523445 2.97286208
165300 -0.53724449 -0.00243489 6.72860259
165400 -0.53018482 0.00642885 8.10062987
165500 -0.54273620 -0.02494516 4.45618566
165600 -0.52999057 -0.01103373 6.40815892
165700 -0.53417424 -0.05660022 3.10828596
165800 -0.52381770 0.01673160 9.71500461
165900 -0.58776282 -0.04184228 1.76603449
166000 -0.53120074 -0.00708854 6.68293900
166100 -0.56652706 0.00658153 6.24003030
166200 -0.51845084 -0.04470698 4.85379195
166300 -0.61815406 -0.00458210 4.71707302
166400 -0.56935433 -0.02325410 3.41454536
166500 -0.51331410 -0.00773053 8.01404950
166600 -0.54211467 0.03513923 10.80666219
166700 -0.55081890 -0.05960252 2.02536829
166800 -0.51771111 -0.00454461 7.94159662
166900 -0.59139857 -0.03712647 2.01353266
167000 -0.52953655 -0.00636812 6.86601376
167100 -0.56818415 0.01425864 7.03364258
167200 -0.52623088 -0.04557583 4.20193680
167300 -0.49555809 -0.01855785 8.77046845
167400 -0.58190401 -0.01527537 3.75286420
167500 -0.51131899 0.03234044 12.68915752
167600 -0.56737326 -0.03067665 2.93511520
167700 -0.51785072 -0.02120789 6.47835050
167800 -0.51980527 0.00316652 8.53726271
167900 -0.55238339 -0.00401577 5.74015659
168000 -0.56021124 -0.03353644 3.00027507
168100 -0.55682179 -0.01784672 4.30675943
168200 -0.50145119 -0.02447819 7.70770576
168300 -0.57078241 -0.02921848 2.93184578
168400 -0.46159553 -0.00155611 14.42349897
168500 -0.50072485 -0.01255203 8.75135132
168600 -0.55772734 0.00083317 5.97715333
168700 -0.53525747 -0.04802433 3.44653264
168800 -0.57572965 -0.01398131 3.99413223
168900 -0.47720781 0.01809844 14.51258084
169000 -0.54582174 -0.01322739 5.23238525
169100 -0.52296170 -0.01614861 6.48297733
169200 -0.54876270 -0.00403622 5.91715385
169300 -0.51043943 -0.00559227 8.46695783
169400 -0.48020052 0.02031457 14.41375504
169500 -0.47162145 -0.00581601 12.67583809
169600 -0.51756624 -0.00870414 7.56512950
169700 -0.50858830 -0.05758053 5.07775517
169800 -0.55896397 0.02239052 8.33169741
169900 -0.51214096 -0.00057483 8.80228775
170000 -0.55042374 0.05438792 13.14671855
170100 -0.56009357 0.00132496 5.92963572
170200 -0.52509458 0.00677772 8.50615205
170300 -0.52229054 0.00782187 8.83215722
170400 -0.53387998 -0.06795540 2.69935656
170500 -0.51065087 -0.00460124 8.54209487
170600 -0.54052888 -0.01000670 5.81780447
170700 -0.57653742 0.04604406 10.93968013
170800 -0.48516062 -0.01561653 10.15432638
170900 -0.57081286 0.05245256 12.04683561
171000 -0.55887465 -0.04431467 2.39607525
171100 -0.60269556 0.03133017 8.62744024
171200 -0.51646879 -0.00084891 8.40420078
171300 -0.51086819 -0.02433531 6.83481244
171400 -0.48523715 -0.04084105 8.33514609
171500 -0.51205701 -0.02680498 6.54573978
171600 -0.52674226 -0.00633854 7.06958314
171700 -0.54185104 0.01974101 8.85960625
171800 -0.56641740 0.04900630 11.66533404
171900 -0.52597395 0.00387254 8.13468056
172000 -0.50437238 -0.02341896 7.50464855
172100 -0.45482268 -0.00163311 15.37624931
172200 -0.50545504 -0.01530335 8.05613644
172300 -0.61780111 0.00928531 6.13007966
172400 -0.51904727 0.00350430 8.63324264
172500 -0.51431776 -0.02932566 6.16815394
172600 -0.55935608 0.01329518 7.24386250
172700 -0.55801433 0.01177063 7.12773474
172800 -0.52244029 -0.01622312 6.51703730
172900 -0.47743452 -0.03998899 9.31180924
173000 -0.54017572 0.00483865 7.28504368
173100 -0.56377763 -0.02392846 3.54946919
173200 -0.50101562 -0.06427223 5.53719054
173300 -0.53666567 -0.03281094 4.26280382
173400 -0.58671123 -0.05687809 1.01804534
173500 -0.55462959 -0.01076354 5.01080993
173600 -0.55609156 -0.00865148 5.13625143
173700 -0.56885145 -0.01802259 3.84526417
173800 -0.52116732 -0.04992368 4.36111436
173900 -0.56794850 0.04036850 10.36530691
174000 -0.50844244 0.00197224 9.39056251
174100 -0.53359042 0.02488888 10.00373156
174200 -0.50599868 0.00321512 9.74480536
174300 -0.54604576 -0.02643093 4.16173465
174400 -0.50532836 -0.01163784 8.38529587
174500 -0.53784941 0.02494449 9.73691095
174600 -0.55423041 0.00161165 6.20989195
174700 -0.48462137 0.00559687 12.23146274
174800 -0.54681153 0.05700231 13.73937030
174900 -0.49078481 -0.02777183 8.57243351
175000 -0.56051577 -0.02163516 3.85002629
175100 -0.55714344 0.05291092 12.60921703
175200 -0.58484133 0.02248438 7.61610454
175300 -0.54783897 -0.06596254 1.93966065
175400 -0.58752100 -0.06516619 0.68455977
175500 -0.56288835 -0.00329780 5.36429561
175600 -0.54802552 -0.05065875 2.56795278
175700 -0.57742567 -0.01817571 3.60240738
175800 -0.49993442 0.01673931 11.82059307
175900 -0.53390851 -0.03812742 4.09815101
176000 -0.45611870 0.00163774 15.51602888
176100 -0.50207412 -0.00008944 9.78579922
176200 -0.58063324 -0.02507909 2.99410664
176300 -0.58281922 0.00956455 6.14978470
176400 -0.53652549 -0.01785888 5.38808831
176500 -0.52651811 -0.06599867 3.27783967
176600 -0.57691693 0.01663080 7.06778585
176700 -0.53481578 0.01618997 8.87454582
176800 -0.57352549 -0.01613132 3.86742765
176900 -0.58575822 -0.00332328 4.77460799
177000 -0.49181214 -0.02829671 8.42298716
177100 -0.54739746 0.01843348 8.39675780
177200 -0.45889830 -0.00692626 14.28620485
177300 -0.55680155 -0.00820292 5.14640484
177400 -0.59231774 -0.02015705 3.21695675
177500 -0.55595580 -0.00593894 5.39368756
177600 -0.53459221 -0.04530879 3.63465372
177700 -0.50571206 -0.03940705 6.28086040
177800 -0.47836186 0.07497684 22.70636596
177900 -0.54973675 -0.02263770 4.25565960
178000 -0.59181007 -0.00887380 4.18552921
178100 -0.55157189 0.02355300 8.80531281
178200 -0.56938373 -0.02959229 2.94730087
178300 -0.52852317 0.03117744 11.15822980
178400 -0.52339295 0.06692874 16.86692162
178500 -0.50335968 -0.00565426 9.12023571
178600 -0.57474399 -0.03490923 2.43733695
178700 -0.64130139 -0.01211205 4.71504774
178800 -0.56804189 -0.01035151 4.52908599
178900 -0.57978697 -0.00165889 5.03977004
179000 -0.50940385 0.01821057 11.09070112
179100 -0.48206502 -0.00712198 11.26749231
179200 -0.52187039 -0.00180656 7.87309310
179300 -0.55824664 -0.00030491 5.84122656
179400 -0.58942227 0.02356979 7.69069054
179500 -0.58183098 -0.03834948 2.06544958
179600 -0.57944508 0.02780497 8.37830808
179700 -0.54364955 -0.00665606 5.94423170
179800 -0.48670659 -0.03220749 8.71561088
179900 -0.53378550 -0.07614028 2.47682287
180000 -0.51745885 -0.02570241 6.16658679
180100 -0.53045270 -0.02727032 5.06321666
180200 -0.52590100 0.00792595 8.56933591
180300 -0.58032583 -0.00084250 5.10964148
180400 -0.49211958 -0.02176755 8.87925109
180500 -0.46117712 0.02804938 17.83421773
180600 -0.54732247 -0.02034971 4.55954547
180700 -0.51438507 0.00806597 9.50408584
180800 -0.45781016 -0.01638859 13.60440972
180900 -0.62414304 -0.00314795 4.98160287
181000 -0.55426245 0.01441545 7.59140964
181100 -0.58889697 -0.06995447 0.51300547
181200 -0.59121337 -0.01692766 3.48910904
181300 -0.51184522 -0.00768369 8.14678313
181400 -0.56194664 -0.00446195 5.28778839
181500 -0.54933842 0.03269053 10.08668662
181600 -0.53706095 0.00715726 7.72200190
181700 -0.54314109 -0.02716987 4.26858184
181800 -0.55096406 0.02019100 8.42520072
181900 -0.50914390 -0.03353367 6.33630197
182000 -0.58120413 -0.05694807 1.10337652
182100 -0.52883105 0.03445684 11.57183132
182200 -0.48870152 0.02829200 14.42309386
182300 -0.50606422 0.00897138 10.34934578
182400 -0.50608858 0.02191501 11.84131179
182500 -0.49773270 0.02464642 12.99766552
182600 -0.51436771 -0.01656078 7.14749652
182700 -0.52006460 -0.03551050 5.27428212
182800 -0.49119189 0.00845747 11.80111382
182900 -0.58286184 -0.00611562 4.55399649
183000 -0.54831514 -0.01364156 5.06455180
183100 -0.53174970 0.00571700 7.91709386
183200 -0.57109273 -0.02581323 3.16965373
183300 -0.53712079 0.03673575 11.32523006
183400 -0.52473691 -0.00047510 7.78486942
183500 -0.51519702 0.01531691 10.24476681
183600 -0.49879937 -0.01255474 8.94412093
183700 -0.54805885 -0.09287637 1.37431451
183800 -0.51588878 -0.01464782 7.17984657
183900 -0.50636332 -0.01468117 8.02356509
184000 -0.49036974 0.02748212 14.13524237
184100 -0.50291068 -0.05057721 5.93447427
184200 -0.57801824 -0.03027830 2.67215647
184300 -0.49771785 -0.00953166 9.32307876
184400 -0.58477488 -0.05283470 1.22818486
184500 -0.55135125 -0.00005179 6.17817296
184600 -0.56674024 -0.06765331 1.07626012
184700 -0.49583489 -0.00525135 9.91383771
184800 -0.51551331 0.04539967 14.13953157
184900 -0.53084015 0.02462247 10.15692220
185000 -0.50575506 -0.04929365 5.72662079
185100 -0.50635293 0.04643835 15.10698144
185200 -0.52916920 -0.01125160 6.44664013
185300 -0.54558124 0.03075656 10.02933980
185400 -0.53795246 -0.02936475 4.41961824
185500 -0.54038514 -0.05745065 2.68218939
185600 -0.53361968 0.00433286 7.64584606
185700 -0.57710444 0.03386058 9.22143045
185800 -0.52957062 -0.03627382 4.51066166
185900 -0.56060908 -0.00176264 5.60111201
186000 -0.54790075 -0.00897218 5.50019837
186100 -0.50666737 0.05370420 16.16798051
186200 -0.52434774 -0.04157837 4.56817624
186300 -0.52705762 0.04428297 13.06908258
186400 -0.56771385 -0.02241293 3.53107453
186500 -0.50224417 -0.01251529 8.60488851
186600 -0.54619918 0.00927096 7.41733565
186700 -0.53276634 0.01519748 8.89541205
186800 -0.56528412 0.00150075 5.75379784
186900 -0.56733344 -0.01478352 4.16447661
187000 -0.55007986 -0.02933593 3.74271562
187100 -0.55209470 -0.00635016 5.53260490
187200 -0.54139201 -0.08103460 1.89729128
187300 -0.49900438 -0.00160558 9.94078919
187400 -0.49510127 -0.05804982 6.38178008
187500 -0.53535682 0.00364705 7.46072561
187600 -0.53698733 0.02762537 10.12941566
187700 -0.53960621 -0.03387946 4.00966781
187800 -0.59457397 0.02103721 7.33972441
187900 -0.54134802 -0.02813499 4.30231699
188000 -0.57272543 0.00277846 5.65365649
188100 -0.57667725 0.00064114 5.33629502
188200 -0.52379988 -0.03391926 5.08656136
188300 -0.58833200 0.00903898 6.01282025
188400 -0.43783257 0.01227216 19.45165710
188500 -0.50719032 -0.01905549 7.58282576
188600 -0.55626133 -0.00732475 5.25088695
188700 -0.54327458 -0.03305339 3.84981088
188800 -0.59621998 0.05870005 12.59999801
188900 -0.57026705 0.00636767 6.09906458
189000 -0.54886297 -0.02195485 4.35302040
189100 -0.51728215 -0.00697439 7.74800367
189200 -0.52444651 -0.00660069 7.21588007
189300 -0.54374411 -0.00161226 6.42243639
189400 -0.56963636 -0.04322385 2.07274092
189500 -0.56347443 -0.04330343 2.27430947
189600 -0.58175392 -0.06362648 0.82797609
189700 -0.52110520 0.00561484 8.68944221
189800 -0.53600423 -0.02334630 4.98562407
189900 -0.48205186 0.01027845 13.03655049
190000 -0.50131962 -0.02181992 7.92497130
190100 -0.51178028 -0.00360433 8.53742231
190200 -0.47245808 -0.06691581 8.68075306
190300 -0.51409996 -0.01499099 7.30267366
190400 -0.52172577 -0.01172578 6.95959655
190500 -0.50554064 -0.02393128 7.35451070
190600 -0.55435755 0.01237890 7.35612476
190700 -0.53945612 -0.01773400 5.21662777
190800 -0.46701721 0.02156648 16.23141471
190900 -0.50315089 0.04361934 15.00313280
191000 -0.49664669 0.01843930 12.35488818
191100 -0.45381522 0.00512427 16.21055049
191200 -0.52764303 -0.01793555 5.98505284
191300 -0.56212650 -0.04317605 2.33168169
191400 -0.56648497 0.06187056 13.66266779
191500 -0.54928487 0.01475090 7.86989601
191600 -0.50875084 0.01018101 10.23313160
191700 -0.52516178 -0.02228484 5.82020333
191800 -0.51962000 -0.03734149 5.19351675
191900 -0.50709514 0.00390224 9.71349433
192000 -0.55781490 0.01955003 8.03589585
192100 -0.55774258 0.03128835 9.51116041
192200 -0.56177741 -0.05078374 1.94160346
192300 -0.55686276 -0.00975086 5.00286415
192400 -0.58421801 -0.01580619 3.66883449
192500 -0.52572956 -0.03220060 5.05642855
192600 -0.51871785 -0.02258391 6.30001958
192700 -0.52769448 -0.03282217 4.87047476
192800 -0.55059849 -0.01496258 4.83593636
192900 -0.52153447 0.01994497 10.27181851
193000 -0.56277725 -0.02768604 3.30742108
193100 -0.48707325 -0.01653067 9.85978986
193200 -0.54222409 -0.02455180 4.51524306
193300 -0.50215120 -0.03165400 7.12278166
193400 -0.54644001 0.03143917 10.07246441
193500 -0.56547442 -0.01401994 4.29229355
193600 -0.53048498 -0.00863399 6.59004253
193700 -0.56536603 0.01276086 6.95726160
193800 -0.51384961 0.01011385 9.77347523
193900 -0.55418090 0.02213778 8.50851391
194000 -0.52169867 -0.00985067 7.12900061
194100 -0.55932535 -0.03256837 3.10072599
194200 -0.62105145 0.03447379 9.26318195
194300 -0.54835234 0.00918779 7.29472688
194400 -0.55853741 -0.02183689 3.91430934
194500 -0.51379533 0.05063040 15.06038098
194600 -0.55096010 0.06331242 14.53792928
194700 -0.49878413 0.04958521 16.31019412
194800 -0.57447002 -0.00841203 4.52006768
194900 -0.54459407 0.06852606 15.73542555
195000 -0.57927439 -0.03851743 2.10482848
195100 -0.51678704 -0.00458772 8.01395041
195200 -0.56359429 -0.00646051 5.03750605
195300 -0.52366001 -0.01299033 6.69923771
195400 -0.53621652 -0.01411274 5.72247691
195500 -0.54693000 -0.02073415 4.54974990
195600 -0.55351894 0.01465657 7.65330866
195700 -0.58080131 -0.02925923 2.68642315
195800 -0.55761922 -0.02497236 3.71263860
195900 -0.56945226 0.02538930 8.32782045
196000 -0.54397462 -0.05896708 2.41127205
196100 -0.52087663 -0.03356321 5.33717712
196200 -0.51592581 0.01561137 10.21722854
196300 -0.58579146 -0.02115039 3.20957200
196400 -0.56193622 -0.08056389 0.91330684
196500 -0.58222903 -0.02311977 3.11318874
196600 -0.53996348 -0.00334629 6.47316199
196700 -0.52157478 0.01676817 9.89266014
196800 -0.54909305 -0.02503591 4.10556614
196900 -0.55340689 0.01657839 7.88071918
197000 -0.52599073 -0.03661830 4.74730612
197100 -0.51581267 -0.00454545 8.09953860
197200 -0.55578450 -0.04516362 2.48101946
197300 -0.50700711 -0.06330888 4.99695844
197400 -0.56853588 -0.07112663 0.91183121
197500 -0.54171897 -0.02989613 4.15561581
197600 -0.59191356 0.06135192 13.04991629
197700 -0.51918368 -0.07811792 3.50505128
197800 -0.56499218 0.02865616 8.88897759
197900 -0.54556336 -0.03932941 3.32213397
198000 -0.51878792 -0.00256016 8.04496260
198100 -0.50701680 0.00381601 9.71181962
198200 -0.55386680 0.03482939 10.15361848
198300 -0.52685824 -0.02703421 5.33686237
198400 -0.56727352 -0.01652555 4.01950329
198500 -0.54035084 0.03034205 10.27353559
198600 -0.49480538 0.03388792 14.49594157
198700 -0.57898209 -0.00307403 4.91819790
198800 -0.52839098 0.00231859 7.79847315
198900 -0.49864051 0.00604933 10.76010386
199000 -0.52682995 -0.01095597 6.64134825
199100 -0.49320486 -0.01401051 9.39969744
199200 -0.54274597 -0.01687657 5.09376419
199300 -0.55877283 0.03153718 9.50085416
199400 -0.55919082 0.02255106 8.34207602
199500 -0.54894144 -0.02149458 4.38503898
199600 -0.49418196 -0.02638786 8.30810244
199700 -0.51218140 -0.06702348 4.39977861
199800 -0.50988888 -0.04852286 5.38495519
199900 -0.57337766 -0.01264881 4.16949008
