0 -0.26508627 0.31068535 0.66657279
100 -0.29779301 0.40055718 5.05830889
200 -0.25776432 0.41341972 7.32394225
300 -0.27967566 0.39870781 5.07815537
400 -0.27248758 0.41832261 7.37858612
500 -0.25889730 0.37310365 3.51678766
600 -0.24711181 0.38598068 5.09491915
700 -0.26076264 0.41028054 6.85068421
800 -0.23251835 0.39928817 7.20595710
900 -0.25667202 0.40519357 6.47150057
1000 -0.25557656 0.35246556 2.36303888
1100 -0.25921180 0.39795334 5.62926681
1200 -0.18674472 0.43327915 15.29504505
1300 -0.25275410 0.39252480 5.39650695
1400 -0.25302551 0.38322557 4.56654862
1500 -0.27830129 0.37509452 3.05501071
1600 -0.24130015 0.43672336 11.06947461
1700 -0.27290491 0.42300643 7.93236297
1800 -0.25285790 0.36817425 3.43505285
1900 -0.33267663 0.44622954 11.22542057
2000 -0.27630372 0.40366066 5.65352330
2100 -0.28343141 0.43424598 9.14825096
2200 -0.24235234 0.38216592 5.03724574
2300 -0.27424239 0.35033826 1.59869747
2400 -0.22596993 0.37348225 5.44004594
2500 -0.22833756 0.46112721 15.54874111
2600 -0.21559239 0.34090096 4.39876614
2700 -0.25801413 0.39487276 5.38182669
2800 -0.22290992 0.41068991 9.09756825
2900 -0.23090753 0.43539968 11.55342128
3000 -0.24829346 0.36943417 3.74733490
3100 -0.28382785 0.48038571 16.40027157
3200 -0.25010287 0.43777950 10.73645734
3300 -0.30222347 0.45025835 11.29125702
3400 -0.23600796 0.41187085 8.30503474
3500 -0.32123286 0.38016136 3.43833881
3600 -0.31987671 0.42430858 7.92385286
3700 -0.25628660 0.44652847 11.69072678
3800 -0.23651041 0.42796320 10.20275336
3900 -0.21336614 0.39785349 8.54036571
4000 -0.25299465 0.41996575 8.30064149
4100 -0.28792599 0.37394932 2.80714155
4200 -0.18144983 0.38363149 10.52418492
4300 -0.21024376 0.42371541 11.68084221
4400 -0.25889566 0.43148203 9.48854552
4500 -0.24588148 0.37594452 4.34819250
4600 -0.30429396 0.41539177 6.66684936
4700 -0.28758737 0.37324123 2.75917538
4800 -0.24073098 0.36550614 3.90193552
4900 -0.23737269 0.43842996 11.54251684
5000 -0.27244841 0.43230379 9.13169209
5100 -0.28340326 0.39519705 4.66896534
5200 -0.28335999 0.46688361 14.06351426
5300 -0.22455850 0.44803365 13.80269074
5400 -0.28598313 0.40225676 5.32645849
5500 -0.28303511 0.43144416 8.78268690
5600 -0.28259538 0.40556895 5.72386170
5700 -0.25831362 0.37374035 3.58769679
5800 -0.23375907 0.39216480 6.44110583
5900 -0.20320587 0.42443743 12.42688900
6000 -0.25606746 0.42029285 8.20021906
6100 -0.20451662 0.39969469 9.52805339
6200 -0.26004679 0.36737192 3.06761721
6300 -0.24065716 0.43448368 10.80371617
6400 -0.27598853 0.41692233 7.12369074
6500 -0.24416211 0.39509627 6.08058555
6600 -0.21071987 0.40714427 9.72541736
6700 -0.28384971 0.45934559 12.82592401
6800 -0.25000540 0.42973507 9.66532377
6900 -0.22427854 0.41963901 10.02361689
7000 -0.20674854 0.38415206 7.88870269
7100 -0.24189056 0.40302926 6.99586740
7200 -0.23655039 0.41363060 8.46888272
7300 -0.25158206 0.38817452 5.05952104
7400 -0.29270091 0.43077780 8.57805487
7500 -0.22587202 0.37794806 5.78542869
7600 -0.30032384 0.40726062 5.75247289
7700 -0.28020131 0.39695556 4.89618462
7800 -0.31679565 0.39935357 5.07661283
7900 -0.24362671 0.39153690 5.77847634
8000 -0.28137887 0.40937947 6.15530709
8100 -0.24694760 0.38141103 4.72115672
8200 -0.26412331 0.40801412 6.47709315
8300 -0.21154219 0.39031863 7.99111984
8400 -0.28147042 0.40957229 6.17471603
8500 -0.29561969 0.44420779 10.40753753
8600 -0.23951484 0.38355376 5.31984279
8700 -0.24165364 0.39534518 6.24750106
8800 -0.27312687 0.38908286 4.32896056
8900 -0.23582441 0.40304045 7.36792013
9000 -0.24563045 0.39593897 6.08016653
9100 -0.28482621 0.39423437 4.55518054
9200 -0.25110173 0.41285167 7.56327021
9300 -0.27144368 0.41738712 7.29759968
9400 -0.23304979 0.39501136 6.75474449
9500 -0.24148473 0.42350107 9.33827539
9600 -0.31069791 0.42699731 8.12138092
9700 -0.30111815 0.42747150 8.12511713
9800 -0.26629693 0.42356413 8.20199559
9900 -0.24763926 0.38671079 5.13020427
10000 -0.20090207 0.38783299 8.76751687
10100 -0.26441378 0.39142125 4.81211246
10200 -0.29440499 0.39006480 4.07148639
10300 -0.24536921 0.39805809 6.29995620
10400 -0.30308742 0.39952001 4.95688246
10500 -0.24591136 0.40958818 7.46757522
10600 -0.24663822 0.42274750 8.95721368
10700 -0.22046815 0.40957062 9.16551804
10800 -0.27869415 0.39714938 4.94597054
10900 -0.20120810 0.42305549 12.45124582
11000 -0.26276703 0.39184467 4.91086861
11100 -0.29340106 0.45181276 11.54533062
11200 -0.26580735 0.40600396 6.20298835
11300 -0.26729335 0.40181912 5.71842878
11400 -0.27675717 0.36806304 2.58640327
11500 -0.24749609 0.43984709 11.15693442
11600 -0.23194897 0.41445119 8.86500891
11700 -0.32768087 0.40894452 6.31756992
11800 -0.26174506 0.38454160 4.30536174
11900 -0.25125297 0.38515301 4.81365436
12000 -0.24518227 0.39825535 6.32954844
12100 -0.32447916 0.43965994 10.05206466
12200 -0.23984834 0.41136992 8.01074108
12300 -0.32012840 0.41112069 6.37647968
12400 -0.28853550 0.38645602 3.80303932
12500 -0.26670952 0.38058224 3.80087689
12600 -0.21233921 0.43004684 12.29829745
12700 -0.23843591 0.40926802 7.86481888
12800 -0.20816348 0.44302441 14.44496344
12900 -0.28735271 0.36167511 1.98188628
13000 -0.22716755 0.37415929 5.40208285
13100 -0.28394850 0.38770691 3.97507646
13200 -0.27556095 0.43136354 8.92682378
13300 -0.29461005 0.35267429 1.40181647
13400 -0.26829742 0.41749989 7.40563905
13500 -0.21736672 0.40335000 8.75474052
13600 -0.25535324 0.39239450 5.26503792
13700 -0.27893433 0.39219762 4.47208197
13800 -0.30517718 0.41064966 6.13507475
13900 -0.30014780 0.43398750 8.97633534
14000 -0.21628823 0.41030711 9.58765954
14100 -0.23113206 0.37157799 4.93310057
14200 -0.24942344 0.40770608 7.07929365
14300 -0.27955377 0.38835149 4.11201725
14400 -0.23768153 0.39789781 6.73378679
14500 -0.27280056 0.43090893 8.93847878
14600 -0.25568291 0.39590581 5.58096464
14700 -0.25421109 0.43750289 10.50183393
14800 -0.27879936 0.38921488 4.20438114
14900 -0.25901481 0.42845251 9.08991598
15000 -0.25941258 0.42075920 8.11506193
15100 -0.27953939 0.40193317 5.40450334
15200 -0.25534724 0.40180782 6.17935069
15300 -0.22268022 0.40941097 8.97455443
15400 -0.27101784 0.42196038 7.85714935
15500 -0.24009843 0.40978447 7.82041394
15600 -0.24075148 0.40721316 7.50252367
15700 -0.28165602 0.40605585 5.79217298
15800 -0.26875274 0.43694104 9.86461959
15900 -0.25178112 0.40775096 6.96766422
16000 -0.23473343 0.41678208 8.94888923
16100 -0.24557915 0.36183694 3.39271754
16200 -0.23724792 0.37583845 4.84464737
16300 -0.24830550 0.36254059 3.29182340
16400 -0.22606538 0.35463744 4.22578868
16500 -0.22711630 0.42259185 10.17039800
16600 -0.23554282 0.44359914 12.38772084
16700 -0.21716162 0.46310083 16.73203940
16800 -0.21967488 0.36520757 5.35207652
16900 -0.26807831 0.39390937 4.91898178
17000 -0.20756905 0.38079429 7.53559917
17100 -0.19077274 0.41612459 12.70775720
17200 -0.24920866 0.43727326 10.71185480
17300 -0.25609868 0.40667240 6.65316347
17400 -0.25862587 0.38354944 4.34616388
17500 -0.24494260 0.43494087 10.62017783
17600 -0.23304527 0.41148150 8.45553041
17700 -0.26547171 0.42955023 8.98773202
17800 -0.27738036 0.40908260 6.20533129
17900 -0.25647585 0.40712418 6.68497016
18000 -0.28391691 0.40231632 5.36364715
18100 -0.21886248 0.40799689 9.12331244
18200 -0.21078277 0.40327229 9.31244057
18300 -0.20348010 0.42043438 11.91026615
18400 -0.23940343 0.40721589 7.58359575
18500 -0.25058805 0.39362897 5.60396227
18600 -0.25089958 0.40623919 6.84880851
18700 -0.21903436 0.38641786 7.01174084
18800 -0.20193305 0.40367723 10.18304722
18900 -0.22769898 0.38343335 6.09428041
19000 -0.26899645 0.39732102 5.21630076
19100 -0.24603492 0.35395858 2.91187963
19200 -0.24219343 0.40642039 7.33344973
19300 -0.19569650 0.35739791 7.08687041
19400 -0.19555655 0.36332198 7.45905341
19500 -0.24108907 0.38957337 5.74694358
19600 -0.25872471 0.43276682 9.66533869
19700 -0.26869427 0.39510961 5.01294366
19800 -0.31270539 0.41760239 6.99587410
19900 -0.25063374 0.38972471 5.24377567
20000 -0.26978871 0.42608703 8.40533084
20100 -0.23771102 0.41445138 8.48951829
20200 -0.20446945 0.40636294 10.21958036
20300 -0.23284121 0.39724075 6.98303309
20400 -0.27317967 0.40411007 5.77911843
20500 -0.26128109 0.39981387 5.73098140
20600 -0.23590132 0.46260184 15.27399918
20700 -0.24981630 0.35217075 2.62009544
20800 -0.26367155 0.42522223 8.50018172
20900 -0.31970745 0.41162257 6.42399079
21000 -0.31549637 0.42763550 8.26547928
21100 -0.19852971 0.41960311 12.30056154
21200 -0.22672075 0.35187164 4.03025757
21300 -0.25011605 0.40679702 6.94700644
21400 -0.22987060 0.40120797 7.58059329
21500 -0.33749509 0.39810356 5.51509476
21600 -0.27570909 0.41511181 6.92038890
21700 -0.26757055 0.38876490 4.46543861
21800 -0.21985498 0.41625437 9.96915174
21900 -0.22990906 0.39090534 6.58826062
22000 -0.21780534 0.43743655 12.82238404
22100 -0.25322253 0.39887018 5.98172179
22200 -0.24696708 0.39412270 5.83578616
22300 -0.21728047 0.41000100 9.47136963
22400 -0.29368669 0.41892178 7.09112382
22500 -0.23571296 0.41872230 9.11390376
22600 -0.26126963 0.41103909 6.91486030
22700 -0.24488154 0.43786901 11.02295467
22800 -0.20087140 0.42321623 12.50435893
22900 -0.22249585 0.40267586 8.27461325
23000 -0.20836980 0.38961446 8.21342252
23100 -0.26640719 0.42876903 8.85496948
23200 -0.22413428 0.44618637 13.56303139
23300 -0.26011229 0.43073584 9.34144418
23400 -0.27163202 0.40079868 5.48255813
23500 -0.23506683 0.36615229 4.29622116
23600 -0.29620668 0.41151492 6.22498313
23700 -0.33315716 0.36914200 2.94000702
23800 -0.24818376 0.43360778 10.26798077
23900 -0.23965930 0.37950921 4.98135675
24000 -0.26696280 0.39607493 5.16092411
24100 -0.26936056 0.39916038 5.38577789
24200 -0.24050943 0.39442938 6.22801815
24300 -0.22834584 0.44401599 12.93746227
24400 -0.28897662 0.39342514 4.42488544
24500 -0.17344825 0.42428309 15.73081658
24600 -0.21688543 0.36119550 5.32646040
24700 -0.21176966 0.44857599 14.92970894
24800 -0.25298782 0.38613197 4.81443039
24900 -0.25461916 0.37410914 3.77579287
25000 -0.21621444 0.36868115 5.86856011
25100 -0.22811296 0.38843196 6.49397851
25200 -0.25886171 0.40186722 6.03464466
25300 -0.22685386 0.40901370 8.61717228
25400 -0.28971743 0.40329489 5.38778268
25500 -0.28156262 0.42013525 7.38620777
25600 -0.25075751 0.39666185 5.88416767
25700 -0.35390016 0.42126055 8.80467358
25800 -0.28116838 0.43433553 9.20033205
25900 -0.25615289 0.36953849 3.37908498
26000 -0.23448262 0.43284578 10.97026357
26100 -0.21950737 0.42403523 10.93190110
26200 -0.26931538 0.41205604 6.74905121
26300 -0.28953487 0.40352736 5.41371642
26400 -0.28167421 0.35273989 1.55866532
26500 -0.23816690 0.41121538 8.09609682
26600 -0.22545107 0.41898706 9.85773177
26700 -0.27892390 0.42370796 7.87393097
26800 -0.25850000 0.39622807 5.49104594
26900 -0.23142897 0.37390510 5.08197537
27000 -0.25819707 0.43670373 10.21769735
27100 -0.25495607 0.41984240 8.19557790
27200 -0.22881329 0.36204433 4.45852352
27300 -0.28450958 0.41848966 7.13987680
27400 -0.23346415 0.41126353 8.40329643
27500 -0.22712138 0.42604059 10.59876147
27600 -0.23927093 0.40484512 7.34025939
27700 -0.31383227 0.41252905 6.42705951
27800 -0.25058020 0.40634812 6.87611939
27900 -0.24227198 0.42279325 9.20535334
28000 -0.24188266 0.41867588 8.73079452
28100 -0.26681404 0.37701362 3.51620294
28200 -0.23068042 0.39946061 7.34880822
28300 -0.26287871 0.38956324 4.69978246
28400 -0.24620458 0.41093761 7.60055043
28500 -0.26792940 0.38671407 4.27392646
28600 -0.20518161 0.39662540 9.16349788
28700 -0.25461940 0.43042926 9.53559546
28800 -0.25133745 0.38902806 5.14701979
28900 -0.24868941 0.35120982 2.62761125
29000 -0.21649719 0.44853334 14.51743531
29100 -0.26811205 0.39909718 5.41854598
29200 -0.23735955 0.39749506 6.71455634
29300 -0.26105051 0.39252090 5.03858972
29400 -0.24729868 0.41146310 7.60072635
29500 -0.28425825 0.40041421 5.16540783
29600 -0.22754917 0.41009731 8.68527020
29700 -0.25603153 0.39176474 5.17699649
29800 -0.29024567 0.38161085 3.37773902
29900 -0.27354557 0.39754696 5.10762345
30000 -0.26595852 0.43808524 10.11317823
30100 -0.30610649 0.38594669 3.71206181
30200 -0.26605388 0.42451809 8.32854682
30300 -0.27341281 0.38157640 3.68079362
30400 -0.23993390 0.41521446 8.44115387
30500 -0.27383675 0.42701400 8.40853631
30600 -0.22810608 0.43067860 11.12281672
30700 -0.26153526 0.41125269 6.92834895
30800 -0.29740129 0.41241556 6.32200533
30900 -0.27571986 0.39483987 4.79206276
31000 -0.24114132 0.41135828 7.93250609
31100 -0.27016738 0.43067933 8.98353679
31200 -0.28268818 0.39546969 4.70708002
31300 -0.22596373 0.44939757 13.90050208
31400 -0.27937538 0.41090390 6.36252512
31500 -0.26159872 0.39745351 5.48592270
31600 -0.28956912 0.40185656 5.24178096
31700 -0.23181261 0.42265961 9.84745031
31800 -0.26733597 0.41959657 7.68513936
31900 -0.28777332 0.41215747 6.36439489
32000 -0.21825236 0.37365459 6.05383757
32100 -0.26351642 0.44102235 10.60917680
32200 -0.19528464 0.40663320 11.16797236
32300 -0.24339246 0.37459706 4.38456716
32400 -0.24451891 0.41133534 7.73685514
32500 -0.20846884 0.42787143 12.36452775
32600 -0.28493850 0.41808612 7.08558966
32700 -0.25852925 0.40003774 5.86368634
32800 -0.22356814 0.39555718 7.48650179
32900 -0.27189196 0.42316747 7.98014399
33000 -0.32363247 0.37933221 3.42604653
33100 -0.27441086 0.40194565 5.52385999
33200 -0.25662512 0.43598498 10.18664734
33300 -0.22566282 0.37315349 5.43872476
33400 -0.27070781 0.41191328 6.69130686
33500 -0.24342084 0.40761196 7.39076777
33600 -0.23992325 0.41064192 7.92542496
33700 -0.28514325 0.41550453 6.78100974
33800 -0.26230439 0.38300053 4.15502335
33900 -0.22259979 0.44829568 13.99119973
34000 -0.29536869 0.44235825 10.14366025
34100 -0.19834964 0.39793902 9.96242326
34200 -0.31860360 0.37317972 2.85068269
34300 -0.25165290 0.40973911 7.19005672
34400 -0.29729303 0.44876650 11.06939974
34500 -0.24295605 0.37349732 4.32793396
34600 -0.32127186 0.39242851 4.49776034
34700 -0.27523593 0.42079596 7.60246154
34800 -0.22835718 0.38902266 6.52886364
34900 -0.21939665 0.38103390 6.53169639
35000 -0.23404675 0.41626880 8.93413247
35100 -0.20180401 0.41731905 11.70310504
35200 -0.24464587 0.39495504 6.04026927
35300 -0.24357775 0.44792792 12.53307015
35400 -0.26579620 0.43673354 9.93297977
35500 -0.26635690 0.39169311 4.76974205
35600 -0.26964054 0.42512882 8.28945946
35700 -0.26486524 0.39333832 4.97324675
35800 -0.23578047 0.41087322 8.20850971
35900 -0.26217343 0.40840556 6.59130684
36000 -0.25752879 0.40341557 6.24929159
36100 -0.24741525 0.40030783 6.41340802
36200 -0.29304810 0.38136536 3.33432498
36300 -0.28590399 0.34601359 1.15797412
36400 -0.24829373 0.41063260 7.45655510
36500 -0.24989184 0.44816183 12.23137746
36600 -0.23688637 0.35700240 3.61630202
36700 -0.27330063 0.44126029 10.33366313
36800 -0.30770289 0.39667763 4.70294892
36900 -0.27487331 0.39259758 4.60283107
37000 -0.26518066 0.43407472 9.59420857
37100 -0.27303822 0.37988607 3.55436101
37200 -0.30036311 0.45890073 12.62478757
37300 -0.21590179 0.41136614 9.73746334
37400 -0.28428373 0.43928813 9.82409215
37500 -0.22996947 0.40061422 7.51374810
37600 -0.26439466 0.42555254 8.51558992
37700 -0.21886607 0.42382517 10.95769416
37800 -0.26916499 0.40823836 6.33316970
37900 -0.28388601 0.44200839 10.21302165
38000 -0.25315600 0.36550352 3.24253587
38100 -0.24562852 0.38595150 5.17195895
38200 -0.25870478 0.43065981 9.38864020
38300 -0.20384395 0.39368988 9.01188942
38400 -0.29191117 0.41456483 6.59526427
38500 -0.26761136 0.38682672 4.29395149
38600 -0.28206504 0.36175767 2.06783626
38700 -0.29432324 0.36410408 2.07077926
38800 -0.23705139 0.38516402 5.60771908
38900 -0.28394938 0.42397136 7.81326014
39000 -0.21921450 0.40222912 8.48854518
39100 -0.19333260 0.42282623 13.23210869
39200 -0.24930877 0.39675584 5.96564729
39300 -0.23539128 0.42521847 9.92697627
39400 -0.26674350 0.36882503 2.92144001
39500 -0.24582515 0.39655074 6.12847934
39600 -0.23807454 0.40950087 7.91260164
39700 -0.24852666 0.36251702 3.27894136
39800 -0.23203891 0.43684451 11.67256465
39900 -0.24856385 0.44188493 11.38850590
40000 -0.26741025 0.42760315 8.67232825
40100 -0.22009827 0.38367540 6.69292951
40200 -0.27516552 0.38637518 4.03871163
40300 -0.25586587 0.42016809 8.19409547
40400 -0.21390447 0.41094969 9.86113728
40500 -0.28338783 0.39045412 4.22895639
40600 -0.21506930 0.38404679 7.13854369
40700 -0.24982181 0.38742601 5.08057898
40800 -0.28837901 0.41963285 7.22353270
40900 -0.22558626 0.39254746 7.05121821
41000 -0.26803882 0.41471933 7.09102062
41100 -0.23058417 0.37775261 5.43201303
41200 -0.21330897 0.42850657 12.01463676
41300 -0.19946984 0.39820973 9.87573181
41400 -0.26641051 0.36869998 2.92397083
41500 -0.29707558 0.41266047 6.35046675
41600 -0.25068975 0.43125542 9.82974305
41700 -0.19492052 0.36686479 7.75629848
41800 -0.24209956 0.41861179 8.71060854
41900 -0.15437797 0.43001393 19.05469957
42000 -0.24861023 0.39481294 5.81520057
42100 -0.28879187 0.37000700 2.51330105
42200 -0.24064535 0.39173274 5.96893476
42300 -0.26806938 0.42707069 8.58326225
42400 -0.24189151 0.37658323 4.62079368
42500 -0.27706735 0.40479586 5.75403990
42600 -0.26736391 0.37456174 3.31228335
42700 -0.25738090 0.40420842 6.33789085
42800 -0.29421061 0.34156473 0.88057209
42900 -0.25974786 0.40953204 6.80875122
43000 -0.25239279 0.44138779 11.12847663
43100 -0.26448961 0.41386861 7.11352401
43200 -0.26896061 0.39761311 5.24588195
43300 -0.23542286 0.38374734 5.59191200
43400 -0.28101758 0.40579970 5.77695439
43500 -0.28218854 0.36881950 2.52668561
43600 -0.22251143 0.39226399 7.25856119
43700 -0.20775851 0.40852497 10.14308038
43800 -0.21740354 0.40225533 8.63916381
43900 -0.27784355 0.40960962 6.25258850
44000 -0.25306730 0.44594925 11.75193080
44100 -0.28569323 0.40544582 5.66175258
44200 -0.26450736 0.35544804 2.16710667
44300 -0.21086399 0.39776013 8.75113518
44400 -0.26372882 0.41973880 7.82648959
44500 -0.26062027 0.40697351 6.49704709
44600 -0.19817401 0.40388554 10.58036956
44700 -0.23272203 0.40757132 8.04895646
44800 -0.25371406 0.43944188 10.79321357
44900 -0.31213874 0.39995486 5.06916179
45000 -0.26721181 0.36166530 2.43883751
45100 -0.27147896 0.39928525 5.33550511
45200 -0.21535296 0.41907850 10.67240568
45300 -0.26325107 0.38314498 4.13178620
45400 -0.26231690 0.44519075 11.25018538
45500 -0.20290429 0.38418186 8.25708092
45600 -0.27625655 0.39032456 4.36113880
45700 -0.26516161 0.43661133 9.93818486
45800 -0.19949488 0.39720864 9.77539871
45900 -0.23246150 0.39300455 6.60564768
46000 -0.23447347 0.41442394 8.69328157
46100 -0.24453622 0.43004357 9.99378102
46200 -0.25718426 0.37642448 3.83694414
46300 -0.23677132 0.42852163 10.25783787
46400 -0.22304918 0.39665691 7.63199331
46500 -0.24024750 0.40479777 7.27646716
46600 -0.25673405 0.37374884 3.65541738
46700 -0.26427129 0.42712891 8.71915044
46800 -0.23518701 0.38604787 5.80247936
46900 -0.22326708 0.41484297 9.53842399
47000 -0.30925297 0.37324770 2.72542153
47100 -0.23037642 0.39571137 7.00405398
47200 -0.27193698 0.41125783 6.58291880
47300 -0.21799534 0.37408784 6.10688614
47400 -0.23078684 0.46153241 15.44159132
47500 -0.23316245 0.46291880 15.50489652
47600 -0.26612865 0.39452443 5.04106812
47700 -0.23030587 0.41555874 9.10554687
47800 -0.24507556 0.38804831 5.38459980
47900 -0.23577353 0.37249066 4.68996796
48000 -0.21417417 0.41143754 9.89219906
48100 -0.22858237 0.37520423 5.37807689
48200 -0.28607074 0.41471059 6.67627192
48300 -0.21093471 0.35004243 5.21843532
48400 -0.24782156 0.39254819 5.64387859
48500 -0.20786008 0.40002053 9.24693536
48600 -0.23009917 0.39631774 7.08161631
48700 -0.25342596 0.40359750 6.45079210
48800 -0.22764954 0.39541865 7.16965327
48900 -0.26158718 0.36799187 3.04921942
49000 -0.25811814 0.41100804 7.03843784
49100 -0.26631180 0.41721175 7.43674422
49200 -0.23456815 0.40075939 7.21689019
49300 -0.22201355 0.44436557 13.46165247
49400 -0.20448887 0.35393003 6.01541226
49500 -0.24263018 0.39160425 5.84131787
49600 -0.27101004 0.42231721 7.90095830
49700 -0.27931842 0.38195916 3.57251613
49800 -0.21798415 0.35856580 5.07827649
49900 -0.23622783 0.38949746 6.03834180
50000 -0.23410659 0.41455059 8.73188902
50100 -0.29374408 0.43491570 9.12069167
50200 -0.20979153 0.43582088 13.29243886
50300 -0.26918175 0.41577864 7.17722906
50400 -0.21124553 0.39871014 8.81052398
50500 -0.19490306 0.38115848 8.81603245
50600 -0.24000236 0.43027241 10.28530813
50700 -0.21554360 0.40997755 9.61397212
50800 -0.26487428 0.38765332 4.45846009
50900 -0.22092125 0.42338222 10.73831041
51000 -0.22083098 0.39923824 8.05798084
51100 -0.28627444 0.39526144 4.63156669
51200 -0.27808191 0.41678226 7.05924899
51300 -0.24092692 0.37985780 4.93344853
51400 -0.28537075 0.39888208 4.99584024
51500 -0.23437888 0.38362207 5.64939107
51600 -0.26060794 0.43093028 9.34723648
51700 -0.26951166 0.42329639 8.06576934
51800 -0.28139544 0.38869184 4.10618611
51900 -0.21750797 0.36595964 5.57780491
52000 -0.30329401 0.42330562 7.60756353
52100 -0.25375677 0.41682993 7.89383477
52200 -0.22676595 0.40144505 7.82716271
52300 -0.29941304 0.41988706 7.18662622
52400 -0.27244443 0.39093715 4.51443689
52500 -0.25328888 0.44307406 11.32605768
52600 -0.24421286 0.41029637 7.63874668
52700 -0.24770388 0.35863971 3.08675029
52800 -0.22980450 0.39994312 7.45801754
52900 -0.24303898 0.41861009 8.65645587
53000 -0.28339793 0.42086740 7.44227886
53100 -0.25916368 0.35555708 2.37709703
53200 -0.24558638 0.37632408 4.39310369
53300 -0.33222258 0.45385551 12.35490666
53400 -0.26981917 0.39326113 4.80426068
53500 -0.29823537 0.40842227 5.87925097
53600 -0.22686074 0.35041693 3.94560908
53700 -0.26126096 0.38484748 4.34990437
53800 -0.22740423 0.36450801 4.71571421
53900 -0.26790059 0.36665556 2.73666816
54000 -0.23218357 0.39376363 6.69534264
54100 -0.25061565 0.41231733 7.52699882
54200 -0.26213159 0.40175722 5.89427424
54300 -0.26363391 0.44416419 11.05290369
54400 -0.25587278 0.40569988 6.55983786
54500 -0.31703675 0.40648178 5.81431043
54600 -0.24918996 0.40357393 6.65460997
54700 -0.27557400 0.43201987 9.01293714
54800 -0.26567836 0.39707692 5.30095131
54900 -0.29483628 0.45049111 11.33711834
55000 -0.27117930 0.43553120 9.59966934
55100 -0.31720457 0.35969635 1.92982565
55200 -0.27772284 0.39054964 4.34775472
55300 -0.27709312 0.40047908 5.31038527
55400 -0.22481435 0.41475262 9.41052349
55500 -0.32960400 0.38841186 4.34652717
55600 -0.27495007 0.40873529 6.22543125
55700 -0.30894033 0.41152590 6.25897803
55800 -0.22748961 0.42168254 10.03219921
55900 -0.24363009 0.36002498 3.39028282
56000 -0.24232300 0.42891624 9.97301708
56100 -0.29415615 0.34252194 0.92113276
56200 -0.24088580 0.37979607 4.93095088
56300 -0.26124200 0.41250126 7.07935810
56400 -0.29306729 0.41879700 7.08039482
56500 -0.23774820 0.40194934 7.13447748
56600 -0.19389827 0.41036283 11.71876493
56700 -0.27795496 0.42356941 7.87769192
56800 -0.26937336 0.41477408 7.05553969
56900 -0.25420326 0.41408332 7.55617228
57000 -0.27345247 0.41758257 7.26521659
57100 -0.22819718 0.41390602 9.06511332
57200 -0.22635891 0.40785204 8.52753691
57300 -0.23380253 0.42224689 9.66320305
57400 -0.26662192 0.41067915 6.68198566
57500 -0.21956190 0.36714201 5.48916874
57600 -0.26108567 0.41685705 7.58494735
57700 -0.25203949 0.42992956 9.59095017
57800 -0.26507193 0.39471753 5.09568983
57900 -0.23602198 0.38594210 5.73961539
58000 -0.26035030 0.41199328 7.05729642
58100 -0.23441864 0.38904693 6.11513567
58200 -0.22493194 0.41851733 9.84078481
58300 -0.24831016 0.41204777 7.61327139
58400 -0.23750061 0.41675902 8.76942161
58500 -0.23175901 0.40052991 7.38154731
58600 -0.28150390 0.37967722 3.34528235
58700 -0.21842630 0.37541877 6.17112987
58800 -0.27597342 0.38915291 4.26275922
58900 -0.24719837 0.38120300 4.69096972
59000 -0.29057351 0.41617959 6.79327779
59100 -0.29352058 0.37868840 3.11692333
59200 -0.26318358 0.36363432 2.70238789
59300 -0.28886053 0.41169937 6.30041891
59400 -0.27288013 0.43521106 9.50875970
59500 -0.24121941 0.41577763 8.42980919
59600 -0.30559312 0.38958270 4.02817195
59700 -0.24050726 0.38005543 4.97412879
59800 -0.30718550 0.42253036 7.53266046
59900 -0.23827673 0.38536570 5.54853245
60000 -0.23296886 0.40003160 7.24974732
60100 -0.22755455 0.41090316 8.77392753
60200 -0.24350288 0.38541738 5.24402682
60300 -0.26988749 0.42252809 7.95994768
60400 -0.22437575 0.43061152 11.38919833
60500 -0.22683220 0.38698790 6.46021074
60600 -0.25235778 0.38846043 5.04751496
60700 -0.22149001 0.38284597 6.51363674
60800 -0.31535528 0.40561591 5.69525250
60900 -0.24327154 0.38241344 5.00504718
61000 -0.24273242 0.43077123 10.19034536
61100 -0.25369427 0.44347200 11.36421737
61200 -0.27525341 0.40476755 5.79431637
61300 -0.26798833 0.41997636 7.70953709
61400 -0.21821518 0.42388089 11.01761603
61500 -0.20823054 0.40444596 9.66529637
61600 -0.22390087 0.39063186 7.00260534
61700 -0.26265502 0.41864399 7.73552205
61800 -0.28912795 0.36586403 2.22813619
61900 -0.28224970 0.39642792 4.80670880
62000 -0.23158941 0.42943473 10.71667949
62100 -0.23066406 0.42085052 9.70616067
62200 -0.28710770 0.38222150 3.46329359
62300 -0.23569419 0.39109543 6.21680756
62400 -0.23556679 0.40650081 7.74703085
62500 -0.24025074 0.41293849 8.16253819
62600 -0.26801987 0.42093288 7.82374488
62700 -0.33565704 0.42295466 8.19463609
62800 -0.27719952 0.38906418 4.22614500
62900 -0.27926651 0.43772154 9.69855061
63000 -0.23330072 0.37500993 5.03764170
63100 -0.27262582 0.40595520 5.98792470
63200 -0.26685003 0.39232333 4.81125849
63300 -0.24669246 0.44292200 11.63419533
63400 -0.26099383 0.42757449 8.89836620
63500 -0.22453630 0.43692537 12.22166413
63600 -0.29622923 0.40520702 5.54136840
63700 -0.20368569 0.43025035 13.12079931
63800 -0.23824192 0.43179237 10.59164406
63900 -0.18315264 0.38586824 10.51332961
64000 -0.25264957 0.41097577 7.27884196
64100 -0.20201419 0.41440151 11.34446261
64200 -0.25279773 0.43047803 9.62628519
64300 -0.27058697 0.43492464 9.53489201
64400 -0.24565168 0.42581490 9.39156466
64500 -0.20365660 0.39537789 9.18949618
64600 -0.22186001 0.36379088 5.08756706
64700 -0.25045417 0.37887858 4.33831010
64800 -0.27207399 0.39757206 5.15008492
64900 -0.26833619 0.41504964 7.11950853
65000 -0.23395881 0.41956445 9.32854807
65100 -0.25508614 0.42256030 8.51914087
65200 -0.23429396 0.43948503 11.88667860
65300 -0.25266737 0.41846418 8.13707064
65400 -0.23994628 0.38836523 5.70743137
65500 -0.24591451 0.41258062 7.79981841
65600 -0.26424789 0.40328524 5.97302687
65700 -0.23614702 0.43621036 11.31523231
65800 -0.27732582 0.37551887 3.10860894
65900 -0.24624021 0.39940839 6.38607109
66000 -0.28145166 0.41136422 6.37301483
66100 -0.28199513 0.39430142 4.60846631
66200 -0.29091731 0.40588055 5.64659272
66300 -0.31004183 0.40958422 6.05476972
66400 -0.22458223 0.37508170 5.66255122
66500 -0.24063920 0.40014185 6.77604775
66600 -0.24568474 0.42111145 8.80906589
66700 -0.23999667 0.40685898 7.50962041
66800 -0.25207687 0.39796800 5.94717784
66900 -0.27798488 0.41250880 6.57144834
67000 -0.24216431 0.41071285 7.80115098
67100 -0.24001108 0.38062302 5.04937075
67200 -0.22866231 0.39299388 6.86846369
67300 -0.25715830 0.42284902 8.46364618
67400 -0.20802411 0.41308959 10.62440915
67500 -0.23925781 0.41696494 8.68520547
67600 -0.29720111 0.41016362 6.07192902
67700 -0.24482575 0.42492333 9.32501737
67800 -0.24005460 0.38512363 5.41974152
67900 -0.22888655 0.45091958 13.91692172
68000 -0.20518862 0.42938847 12.86528621
68100 -0.28289154 0.36096554 2.00474806
68200 -0.25784039 0.36932696 3.29183004
68300 -0.29019444 0.41657278 6.84268049
68400 -0.25850217 0.38117637 4.15583634
68500 -0.23390493 0.45102349 13.58832617
68600 -0.20116621 0.39596861 9.48904613
68700 -0.28223171 0.36283169 2.13176660
68800 -0.25029767 0.36825014 3.56420130
68900 -0.27335851 0.37503467 3.16998542
69000 -0.19099933 0.41651879 12.72888716
69100 -0.26414904 0.43937598 10.35547814
69200 -0.29457082 0.40180049 5.19640812
69300 -0.23562320 0.44404379 12.44649219
69400 -0.28405957 0.39746700 4.87695653
69500 -0.30111022 0.41241415 6.31908686
69600 -0.28078487 0.38919489 4.16247501
69700 -0.25922994 0.41064069 6.95178040
69800 -0.23942429 0.40920619 7.79770416
69900 -0.24193975 0.39443927 6.14488355
70000 -0.25495923 0.42875227 9.30290966
70100 -0.28533998 0.35951636 1.87855648
70200 -0.20618124 0.46773263 18.46809810
70300 -0.22371568 0.39469648 7.39336095
70400 -0.20109352 0.39205691 9.12848395
70500 -0.24091134 0.42254340 9.25417760
70600 -0.26837090 0.37951176 3.66125955
70700 -0.22473620 0.41995645 10.02709453
70800 -0.21327733 0.42064564 11.03809619
70900 -0.21632463 0.38481261 7.09737314
71000 -0.26653765 0.42275359 8.09408671
71100 -0.21599261 0.39053365 7.62679194
71200 -0.22656507 0.39821371 7.51931101
71300 -0.26770960 0.44054090 10.39720770
71400 -0.29455135 0.41555193 6.69096860
71500 -0.24584707 0.44025835 11.30247246
71600 -0.23469799 0.38615393 5.84342605
71700 -0.24900972 0.42157034 8.68967868
71800 -0.24355795 0.38177638 4.93654035
71900 -0.22728628 0.40506715 8.16319547
72000 -0.28662647 0.38835256 3.99251273
72100 -0.29337875 0.35361830 1.45938155
72200 -0.28443639 0.42929912 8.48024369
72300 -0.23695847 0.38458641 5.56454769
72400 -0.24680685 0.41379164 7.88902354
72500 -0.21006973 0.37837482 7.11503268
72600 -0.28938282 0.42323780 7.65014047
72700 -0.29322025 0.44435456 10.44210192
72800 -0.25187410 0.40051070 6.20925103
72900 -0.23557895 0.40533241 7.62249463
73000 -0.24683157 0.38520360 5.04326795
73100 -0.24642205 0.40537936 6.98770327
73200 -0.23471323 0.34265757 3.04101568
73300 -0.24354223 0.39169615 5.79783213
73400 -0.26323079 0.42929298 9.03432475
73500 -0.26958719 0.38202414 3.82644955
73600 -0.21092800 0.42340650 11.58149296
73700 -0.26771056 0.37840870 3.59526597
73800 -0.22456222 0.42875124 11.13386992
73900 -0.31263734 0.43139332 8.71195289
74000 -0.23522413 0.35341078 3.52431242
74100 -0.21802155 0.42416694 11.06894773
74200 -0.26316508 0.38879006 4.62024304
74300 -0.27828192 0.38617797 3.94915911
74400 -0.22679414 0.43465718 11.74582646
74500 -0.24307746 0.38337600 5.09586671
74600 -0.24363304 0.38334010 5.06140351
74700 -0.27361130 0.46245916 13.54467164
74800 -0.21771401 0.44571878 14.00247439
74900 -0.24231610 0.39090988 5.79601877
75000 -0.23753801 0.35809445 3.63823286
75100 -0.23025968 0.39914822 7.34704139
75200 -0.28121264 0.40951721 6.17349158
75300 -0.25404180 0.45068925 12.40970271
75400 -0.25343092 0.42833397 9.31914394
75500 -0.25277135 0.40888790 7.04355985
75600 -0.22250799 0.38644132 6.73855681
75700 -0.24809137 0.42531749 9.19949017
75800 -0.31620163 0.42942881 8.50715438
75900 -0.23119525 0.39135667 6.54006754
76000 -0.28444092 0.44921570 11.25370529
76100 -0.28083970 0.40856075 6.07627715
76200 -0.20501357 0.40106436 9.61821324
76300 -0.26696976 0.37495972 3.35497838
76400 -0.24250360 0.42568650 9.55146664
76500 -0.19646208 0.39683105 10.04817625
76600 -0.26679960 0.40383716 5.94221082
76700 -0.27032514 0.40007515 5.44781678
76800 -0.21100246 0.38640593 7.69327396
76900 -0.24528769 0.41214569 7.78504627
77000 -0.27398002 0.35188211 1.68439664
77100 -0.23507723 0.37562939 4.96738479
77200 -0.34047574 0.43498438 9.92953488
77300 -0.23960023 0.40630063 7.47397788
77400 -0.22919328 0.39353984 6.88164706
77500 -0.26018925 0.36579726 2.95708737
77600 -0.24947275 0.41495484 7.88380954
77700 -0.28862974 0.36939226 2.47228398
77800 -0.23268663 0.39774652 7.04273552
77900 -0.18675843 0.38579664 10.09235815
78000 -0.23803653 0.39598906 6.52668527
78100 -0.27774275 0.44148004 10.25599314
78200 -0.25890656 0.39457674 5.31671514
78300 -0.28121074 0.37875630 3.27779582
78400 -0.20104720 0.41609358 11.63468777
78500 -0.20907316 0.38764975 7.97508437
78600 -0.26569503 0.41197634 6.85776615
78700 -0.26947246 0.38438231 4.02615207
78800 -0.25628085 0.36550073 3.10085479
78900 -0.28507128 0.41366461 6.57125558
79000 -0.28705313 0.39387092 4.48968538
79100 -0.26303831 0.38516867 4.30993493
79200 -0.25419991 0.42006958 8.25717585
79300 -0.20988038 0.37922749 7.19927106
79400 -0.22876850 0.39931638 7.46883561
79500 -0.23690306 0.43734418 11.42232361
79600 -0.22637865 0.43524781 11.85603673
79700 -0.16052566 0.39388826 14.13404869
79800 -0.25824486 0.42893650 9.18405659
79900 -0.24799250 0.40403568 6.76410152
80000 -0.25102785 0.40307060 6.51091028
80100 -0.26313369 0.45622377 12.88249510
80200 -0.24489263 0.37885492 4.62746051
80300 -0.23384854 0.40156468 7.34570025
80400 -0.24732530 0.41447568 7.93965290
80500 -0.31607285 0.43001466 8.58107476
80600 -0.20918703 0.37437099 6.88901944
80700 -0.25440650 0.38786513 4.89952440
80800 -0.24955120 0.41066141 7.39551490
80900 -0.26107162 0.37876331 3.85953847
81000 -0.27464063 0.40177212 5.50033074
81100 -0.26506282 0.42155032 7.99754391
81200 -0.27664767 0.35987012 2.06488119
81300 -0.27962028 0.39657405 4.87093974
81400 -0.22793897 0.39838475 7.43617542
81500 -0.32239054 0.43077934 8.80228627
81600 -0.27100478 0.38612943 4.12950111
81700 -0.24632299 0.40235636 6.67902265
81800 -0.27708437 0.44262935 10.43412863
81900 -0.26852912 0.39320974 4.83923620
82000 -0.28387231 0.38712320 3.92527745
82100 -0.29153441 0.40090609 5.12685209
82200 -0.20025458 0.46154043 18.02223035
82300 -0.22530008 0.41198576 9.06044505
82400 -0.24400393 0.39663903 6.23733088
82500 -0.28277562 0.39556673 4.71483939
82600 -0.25507489 0.37595041 3.89336491
82700 -0.24338371 0.36187309 3.51684188
82800 -0.26878594 0.42070943 7.77254213
82900 -0.19825582 0.35822914 6.87125511
83000 -0.27951246 0.39167051 4.41161081
83100 -0.29092618 0.43393928 9.01103239
83200 -0.23664377 0.38744763 5.83054998
83300 -0.27933849 0.38965570 4.23252153
83400 -0.24596103 0.41424668 7.98625745
83500 -0.27588753 0.42377388 7.95069188
83600 -0.31605267 0.46315450 13.43853929
83700 -0.29937990 0.38888470 3.95043737
83800 -0.26217310 0.37964759 3.88730628
83900 -0.24743281 0.40654476 7.05754828
84000 -0.24463913 0.41405168 8.03630580
84100 -0.20338094 0.42897848 12.98534495
84200 -0.24494746 0.40981840 7.54543179
84300 -0.24728399 0.44137259 11.38259331
84400 -0.32789685 0.41556773 7.06706743
84500 -0.23427126 0.37283180 4.81236946
84600 -0.28557343 0.38418597 3.64770144
84700 -0.24633305 0.39355889 5.81670386
84800 -0.22300950 0.36517273 5.08751058
84900 -0.25175779 0.40712155 6.90116872
85000 -0.26007329 0.39898458 5.69604442
85100 -0.26411120 0.40460360 6.11495896
85200 -0.23401477 0.35171796 3.51439940
85300 -0.28538509 0.43992872 9.89682186
85400 -0.18067101 0.41251743 13.44978954
85500 -0.28298761 0.44350652 10.44177140
85600 -0.24682987 0.38200932 4.77629580
85700 -0.23564746 0.42890471 10.37883685
85800 -0.27118623 0.39867387 5.28338325
85900 -0.26038451 0.41619438 7.53526033
86000 -0.18742637 0.40618738 11.97429094
86100 -0.21821002 0.45487976 15.33866986
86200 -0.29320099 0.40558444 5.59714973
86300 -0.26398776 0.39276485 4.95109941
86400 -0.20999762 0.43983435 13.82703694
86500 -0.32712851 0.39925700 5.29395452
86600 -0.26793998 0.37620876 3.41781001
86700 -0.21270672 0.41423352 10.33470774
86800 -0.26923098 0.39719956 5.19724368
86900 -0.27226208 0.37986931 3.57424975
87000 -0.25145151 0.38291368 4.61581764
87100 -0.27210140 0.41197498 6.65836368
87200 -0.23473308 0.43071120 10.67259361
87300 -0.24687141 0.41531446 8.06003651
87400 -0.31022486 0.45543481 12.13226460
87500 -0.23405348 0.38535206 5.81695911
87600 -0.24368456 0.39314907 5.92408900
87700 -0.20873250 0.39586042 8.75948866
87800 -0.23944184 0.36241229 3.78129247
87900 -0.27620504 0.38408675 3.81839060
88000 -0.28773306 0.37702568 3.04171639
88100 -0.26247051 0.41613697 7.44812888
88200 -0.24789504 0.38855036 5.27804693
88300 -0.26593205 0.43637688 9.87963968
88400 -0.27602222 0.39312595 4.62368822
88500 -0.19082258 0.40551827 11.52690752
88600 -0.28198402 0.41316213 6.56512149
88700 -0.25241685 0.40722402 6.88057374
88800 -0.29012627 0.40825429 5.90824097
88900 -0.23537025 0.38151209 5.41061221
89000 -0.22278145 0.40257494 8.24216138
89100 -0.21228746 0.40141923 8.98967535
89200 -0.27963840 0.45852216 12.77193459
89300 -0.21144681 0.41295411 10.30014881
89400 -0.24957665 0.36093576 3.12784027
89500 -0.29736868 0.44444591 10.43577255
89600 -0.23870675 0.42703962 9.94796412
89700 -0.28296188 0.41132791 6.34210091
89800 -0.16615389 0.40863476 14.85814565
89900 -0.25051439 0.40384144 6.61593527
90000 -0.25961093 0.43504693 9.93447470
90100 -0.25275097 0.37109081 3.64318693
90200 -0.20860599 0.39808070 8.98634478
90300 -0.20648535 0.42519289 12.20912454
90400 -0.24677286 0.44996922 12.66194769
90500 -0.27338595 0.41167414 6.58971105
90600 -0.29418854 0.41618277 6.76610456
90700 -0.25898031 0.45565564 12.95564637
90800 -0.27334063 0.42377371 8.01532613
90900 -0.24192784 0.37388430 4.41563283
91000 -0.27170698 0.41298426 6.78296909
91100 -0.26571763 0.38071117 3.84478670
91200 -0.24183684 0.42532921 9.54518160
91300 -0.24708772 0.39336228 5.75811189
91400 -0.20726013 0.43659988 13.63010551
91500 -0.24306893 0.41736178 8.50746709
91600 -0.24359421 0.41010259 7.65209631
91700 -0.26152832 0.36179262 2.64919905
91800 -0.20809750 0.39545176 8.77855384
91900 -0.27441768 0.44986164 11.55648294
92000 -0.23656725 0.38259206 5.42258107
92100 -0.29302695 0.40518371 5.55611800
92200 -0.23175398 0.38417326 5.87132818
92300 -0.29908719 0.41845618 7.01635049
92400 -0.22391958 0.41971937 10.06047919
92500 -0.24121373 0.41623570 8.48328165
92600 -0.27319565 0.42177996 7.77441607
92700 -0.27220234 0.42314869 7.96915537
92800 -0.20712556 0.42302819 11.88079869
92900 -0.20274815 0.41784698 11.67291727
93000 -0.25918719 0.41082002 6.97338157
93100 -0.28201851 0.40439802 5.61113992
93200 -0.21288667 0.38645363 7.53148110
93300 -0.23096784 0.37900004 5.50322227
93400 -0.23002583 0.43780021 11.94264084
93500 -0.24672848 0.42791549 9.60011418
93600 -0.27478673 0.43043663 8.82471207
93700 -0.23673329 0.38975083 6.02894379
93800 -0.26256240 0.41405705 7.20529252
93900 -0.26550277 0.40922290 6.55985091
94000 -0.21076248 0.35887304 5.71468464
94100 -0.27911378 0.36543725 2.35913391
94200 -0.25937077 0.39159733 5.02040278
94300 -0.28005966 0.42534026 8.05389854
94400 -0.22405278 0.43055348 11.40609573
94500 -0.20376138 0.39415476 9.06349531
94600 -0.26422929 0.34490281 1.64790268
94700 -0.21410084 0.34471956 4.68925236
94800 -0.26445823 0.36738559 2.90201795
94900 -0.24198812 0.45024115 12.96889041
95000 -0.20671473 0.35896289 6.08938249
95100 -0.23905541 0.34331317 2.79513707
95200 -0.27992685 0.43555934 9.38963281
95300 -0.21773664 0.40567201 8.96691709
95400 -0.21553979 0.39167177 7.76861997
95500 -0.22532856 0.37669637 5.72907855
95600 -0.21462262 0.40746310 9.41880794
95700 -0.26821314 0.41738472 7.39478841
95800 -0.26349982 0.41244543 6.98811888
95900 -0.17265037 0.41686071 14.93717673
96000 -0.25561333 0.38770259 4.83096093
96100 -0.20641550 0.37258634 7.01341714
96200 -0.23917771 0.41089632 7.99867235
96300 -0.23438221 0.41547181 8.81971665
96400 -0.25081988 0.37582159 4.08379865
96500 -0.28758272 0.41517176 6.70936113
96600 -0.24195827 0.41268351 8.03320814
96700 -0.26595740 0.40038388 5.61791115
96800 -0.28360202 0.38242022 3.53099331
96900 -0.23368746 0.39124851 6.36182106
97000 -0.21666184 0.37512607 6.29458758
97100 -0.29406956 0.39928582 4.94642167
97200 -0.21251530 0.39428582 8.27169381
97300 -0.25363616 0.35985279 2.86598113
97400 -0.23380436 0.37368289 4.90551546
97500 -0.27409712 0.43208695 9.05896133
97600 -0.29388218 0.38278471 3.44536833
97700 -0.23411989 0.37286808 4.82497330
97800 -0.21688313 0.41676664 10.27143122
97900 -0.31384909 0.39309433 4.42917630
98000 -0.26347868 0.41732244 7.54918108
98100 -0.20898882 0.38869823 8.07520509
98200 -0.20272820 0.44941905 15.89392760
98300 -0.25772868 0.39268321 5.18852134
98400 -0.21165686 0.36061922 5.73960006
98500 -0.29332279 0.41471881 6.60249545
98600 -0.27715586 0.39749719 5.01377885
98700 -0.21490268 0.44046580 13.48609674
98800 -0.29635616 0.40194061 5.20258295
98900 -0.30077306 0.43100786 8.58182788
99000 -0.26455260 0.41362828 7.08395246
99100 -0.18627872 0.39336644 10.82491033
99200 -0.23047178 0.39676262 7.09858936
99300 -0.28464708 0.38693736 3.89690828
99400 -0.26857108 0.41355741 6.94153103
99500 -0.21035470 0.39152143 8.20622573
99600 -0.27501568 0.41983412 7.49221629
99700 -0.26921682 0.41735754 7.36019857
99800 -0.28402199 0.44210791 10.22497712
99900 -0.23675429 0.35114162 3.30774210
100000 -0.28470302 0.45743667 12.51015199
100100 -0.29293724 0.38506936 3.64333927
100200 -0.27972101 0.35015402 1.46333161
100300 -0.24409884 0.39473363 6.04969962
100400 -0.27110454 0.39535052 4.96333439
100500 -0.26441512 0.39057438 4.73500126
100600 -0.22098631 0.43622956 12.40082842
100700 -0.22000602 0.38791937 7.06442698
100800 -0.23890466 0.39683373 6.55470634
100900 -0.25926989 0.43079463 9.38308879
101000 -0.25764640 0.39370707 5.28742118
101100 -0.22473546 0.37259885 5.46767204
101200 -0.24833759 0.40613611 6.96693879
101300 -0.26761490 0.43696270 9.90378773
101400 -0.23089806 0.42095858 9.70302731
101500 -0.26513065 0.40525755 6.14751150
101600 -0.25957197 0.40078737 5.89626017
101700 -0.29952736 0.40411452 5.42002846
101800 -0.19064476 0.40637790 11.63741316
101900 -0.25509675 0.38021549 4.22541346
102000 -0.23303684 0.38606510 5.94563345
102100 -0.20392019 0.37846570 7.69409797
102200 -0.23956832 0.40783567 7.64025951
102300 -0.28820434 0.39842066 4.91288211
102400 -0.27738195 0.40490622 5.75844593
102500 -0.23719853 0.37903160 5.09500934
102600 -0.22073299 0.38063995 6.39302994
102700 -0.24453963 0.40027186 6.56514915
102800 -0.26109877 0.38717746 4.55660700
102900 -0.22534220 0.41601661 9.51682102
103000 -0.23687822 0.37644761 4.91429779
103100 -0.23403221 0.37925419 5.31648831
103200 -0.25860495 0.36090156 2.71127549
103300 -0.22896036 0.38507904 6.14253644
103400 -0.20055198 0.38295305 8.38555856
103500 -0.28520689 0.43138288 8.74014860
103600 -0.27523778 0.36848939 2.65198210
103700 -0.26464413 0.39029464 4.70157962
103800 -0.23576295 0.39060011 6.16738851
103900 -0.25424352 0.40933512 7.02391223
104000 -0.22649659 0.41161984 8.93087041
104100 -0.22710403 0.44156011 12.67654442
104200 -0.25779323 0.41749753 7.79354096
104300 -0.24051627 0.41934813 8.89114482
104400 -0.22810623 0.37947551 5.74253541
104500 -0.23523432 0.41193024 8.36148551
104600 -0.19455271 0.42474341 13.34002465
104700 -0.24500613 0.42029294 8.74735913
104800 -0.25954501 0.37018819 3.28149425
104900 -0.24659496 0.39984222 6.41028345
105000 -0.25628787 0.38602640 4.65564550
105100 -0.23000059 0.39123828 6.61217089
105200 -0.28587947 0.33812579 0.82648249
105300 -0.28577067 0.40602680 5.72207778
105400 -0.25920934 0.41364491 7.28952207
105500 -0.22965482 0.40126394 7.60141508
105600 -0.29515426 0.46779234 14.08887606
105700 -0.21755583 0.42740774 11.51488672
105800 -0.22980471 0.39490659 6.96731955
105900 -0.32402855 0.43199087 8.99948088
106000 -0.24289171 0.41985687 8.81351301
106100 -0.29628577 0.39257758 4.29220146
106200 -0.27455493 0.42054564 7.58935158
106300 -0.24398837 0.46818621 15.71195242
106400 -0.24134168 0.42310628 9.29797721
106500 -0.20756810 0.40582923 9.87174086
106600 -0.23087384 0.43784443 11.88975628
106700 -0.24476762 0.41904175 8.61077737
106800 -0.20983943 0.39769612 8.83673062
106900 -0.23205440 0.41305430 8.69893965
107000 -0.24485023 0.38116940 4.81498376
107100 -0.27635219 0.43455212 9.33174648
107200 -0.24945326 0.38358587 4.77078552
107300 -0.24216272 0.38632295 5.39840095
107400 -0.29844911 0.38661594 3.75236300
107500 -0.28496986 0.41162443 6.34295872
107600 -0.18614433 0.40562835 12.06023099
107700 -0.26806890 0.39037615 4.59372213
107800 -0.33728817 0.42592391 8.62361879
107900 -0.24348312 0.42922489 9.94661492
108000 -0.21095051 0.43606759 13.22210070
108100 -0.20983323 0.42382698 11.73158442
108200 -0.28462029 0.38549305 3.77279850
108300 -0.25964783 0.41337333 7.24090505
108400 -0.22383802 0.37468198 5.68902270
108500 -0.28252567 0.42598225 8.08843987
108600 -0.27624240 0.45076094 11.64664271
108700 -0.23750791 0.38923095 5.93371156
108800 -0.24761061 0.38254686 4.77931592
108900 -0.28287219 0.38559481 3.80991693
109000 -0.23339815 0.37639267 5.13582350
109100 -0.25870488 0.39141586 5.03107310
109200 -0.21076433 0.38209041 7.35092041
109300 -0.18044781 0.42697529 15.20772594
109400 -0.21697693 0.40497966 8.95677993
109500 -0.25677840 0.34708742 2.04266607
109600 -0.23084855 0.41951266 9.53259979
109700 -0.20246817 0.36871292 7.11696149
109800 -0.29809951 0.39378235 4.39937093
109900 -0.25386809 0.42328524 8.66370225
110000 -0.25459061 0.41253878 7.36349450
110100 -0.23371180 0.40133550 7.33150399
110200 -0.24914711 0.41034060 7.38053229
110300 -0.23817544 0.42967526 10.31897530
110400 -0.27541835 0.41558247 6.98178228
110500 -0.25346097 0.40320243 6.40831131
110600 -0.26581575 0.42679937 8.62332162
110700 -0.23785421 0.40195609 7.12857133
110800 -0.27253453 0.40661946 6.06103042
110900 -0.26490566 0.39445137 5.07633750
111000 -0.25713463 0.36556111 3.06784917
111100 -0.27143675 0.40396803 5.81260535
111200 -0.23236575 0.39531174 6.82936038
111300 -0.26399322 0.37964838 3.82017656
111400 -0.23394454 0.41711715 9.03987506
111500 -0.23088165 0.44082299 12.30423106
111600 -0.27357092 0.44061548 10.23560497
111700 -0.17679646 0.42877333 15.88084048
111800 -0.22562337 0.41505238 9.38446611
111900 -0.20774126 0.35539159 5.78995185
112000 -0.24905573 0.40631927 6.94955313
112100 -0.24657953 0.47277949 16.35325032
112200 -0.21873070 0.40021011 8.32338245
112300 -0.24348825 0.36474142 3.69251470
112400 -0.24295297 0.38407145 5.16118596
112500 -0.23908339 0.38165456 5.18914984
112600 -0.25945051 0.43351551 9.73532633
112700 -0.28709428 0.34642501 1.16091961
112800 -0.29439303 0.36887889 2.38786982
112900 -0.25498547 0.39149869 5.19915884
113000 -0.20231621 0.42746471 12.89468776
113100 -0.21644685 0.37939024 6.64196958
113200 -0.27738079 0.41145954 6.46742936
113300 -0.32445522 0.35389522 1.75137646
113400 -0.20688826 0.43981631 14.10919777
113500 -0.19651361 0.39520079 9.88631164
113600 -0.29120000 0.38354576 3.52866675
113700 -0.28002645 0.38271180 3.62009240
113800 -0.18932036 0.41036589 12.21530564
113900 -0.22220217 0.43309786 11.88377189
114000 -0.25930448 0.44413186 11.21505893
114100 -0.27634131 0.40536856 5.83113377
114200 -0.24786180 0.42294678 8.91715084
114300 -0.22497853 0.42162477 10.21040214
114400 -0.22947444 0.37861685 5.57723191
114500 -0.28575452 0.39637044 4.74509788
114600 -0.23123888 0.42957824 10.75930572
114700 -0.22776966 0.40988419 8.64587862
114800 -0.26410328 0.39340593 5.00662091
114900 -0.20224126 0.36920617 7.17313267
115000 -0.27826707 0.38795245 4.10397649
115100 -0.23789423 0.40074082 7.00292034
115200 -0.27207629 0.41696854 7.23068642
115300 -0.29550390 0.41261851 6.35157188
115400 -0.21412589 0.40308048 8.99997390
115500 -0.24830095 0.39496519 5.84558946
115600 -0.25892356 0.39690034 5.53847475
115700 -0.20758831 0.37666505 7.20872486
115800 -0.21650021 0.36385641 5.52492801
115900 -0.25461782 0.35852505 2.74236174
116000 -0.24768366 0.40310797 6.68412668
116100 -0.26713000 0.41130728 6.73487368
116200 -0.20633266 0.32605266 4.72615583
116300 -0.20974698 0.42408069 11.77081173
116400 -0.22815515 0.43941232 12.29873818
116500 -0.28115609 0.41528960 6.82339261
116600 -0.19677929 0.41332061 11.74803740
116700 -0.30819488 0.40680254 5.73696929
116800 -0.22216420 0.40678046 8.73023904
116900 -0.25388093 0.41219790 7.35766862
117000 -0.32870422 0.39753792 5.16878960
117100 -0.22380291 0.42368408 10.55187346
117200 -0.22904228 0.40487806 8.01720275
117300 -0.26053360 0.36832142 3.11270683
117400 -0.23181003 0.43081639 10.88139924
117500 -0.24022451 0.37373560 4.50502409
117600 -0.22013176 0.40009879 8.19935175
117700 -0.26455428 0.40438962 6.07679603
117800 -0.23015932 0.38284220 5.87027537
117900 -0.25511262 0.41174637 7.25106428
118000 -0.27606241 0.36975102 2.71910689
118100 -0.23211436 0.40804101 8.14065964
118200 -0.30536133 0.39539648 4.56461649
118300 -0.21804817 0.43615763 12.62750106
118400 -0.23948407 0.42144992 9.20613017
118500 -0.29090542 0.37947641 3.19960568
118600 -0.18450116 0.36357082 8.69061524
118700 -0.25494650 0.44230576 11.14037428
118800 -0.25077854 0.45889146 13.83462349
118900 -0.26078097 0.37980238 3.95327611
119000 -0.18255285 0.34499707 7.90928492
119100 -0.25684117 0.42550885 8.80757782
119200 -0.24406176 0.36124390 3.43995121
119300 -0.28027543 0.37219975 2.80093099
119400 -0.25660185 0.40628266 6.58970124
119500 -0.30180857 0.41096668 6.15843718
119600 -0.22401912 0.43364081 11.81648003
119700 -0.19118964 0.37708311 8.89075037
119800 -0.28179194 0.45608027 12.34629217
119900 -0.26436386 0.44687704 11.42139960
120000 -0.25024407 0.40540515 6.79294900
120100 -0.27458266 0.40746715 6.09761474
120200 -0.30115424 0.40741452 5.76960577
120300 -0.25893422 0.36302177 2.82907101
120400 -0.24150811 0.44437788 12.13313729
120500 -0.27943823 0.43152824 8.86123264
120600 -0.24698058 0.39638604 6.05066370
120700 -0.23726934 0.42996439 10.41293960
120800 -0.24477024 0.38938681 5.52016404
120900 -0.26539382 0.40869501 6.50609646
121000 -0.22165196 0.40306866 8.38078230
121100 -0.26045380 0.36056229 2.61584652
121200 -0.27936810 0.40737602 5.97764260
121300 -0.29798285 0.43124758 8.61499808
121400 -0.25999282 0.39171583 5.00618398
121500 -0.22794820 0.44195238 12.67097013
121600 -0.28485539 0.38877116 4.05483915
121700 -0.22053115 0.44851677 14.18626533
121800 -0.28555515 0.43037700 8.60340774
121900 -0.28305020 0.38030041 3.36772600
122000 -0.26556734 0.40285234 5.88210591
122100 -0.28343230 0.37997154 3.33496818
122200 -0.26795396 0.45053297 11.84356108
122300 -0.27293459 0.39360731 4.74743198
122400 -0.25112804 0.39717392 5.91562013
122500 -0.21457765 0.39285148 7.95918721
122600 -0.24514627 0.42801741 9.69869454
122700 -0.27819381 0.41930782 7.35493239
122800 -0.25365169 0.38923571 5.05558870
122900 -0.25937081 0.42563193 8.71705688
123000 -0.29897766 0.40612072 5.63132568
123100 -0.26840500 0.40372720 5.87878844
123200 -0.21356298 0.40711002 9.47195699
123300 -0.20156579 0.43389215 13.80820109
123400 -0.25824550 0.42000307 8.07208758
123500 -0.27520605 0.40754500 6.09033346
123600 -0.21959454 0.42162926 10.62935736
123700 -0.26051683 0.38420945 4.32507570
123800 -0.27465436 0.42052977 7.58491366
123900 -0.21249074 0.42450090 11.57917263
124000 -0.23970983 0.40767835 7.61476616
124100 -0.24189665 0.41939753 8.81588547
124200 -0.30199507 0.37992577 3.19605433
124300 -0.26555904 0.38459646 4.17136998
124400 -0.26142029 0.40861269 6.64255491
124500 -0.26215350 0.39511668 5.23977041
124600 -0.23570211 0.40394293 7.46917549
124700 -0.26685982 0.43994609 10.34158951
124800 -0.23141732 0.40896982 8.28900313
124900 -0.27933469 0.43107417 8.80374591
125000 -0.27398018 0.37657254 3.27019239
125100 -0.21140913 0.36644143 6.13140269
125200 -0.26827437 0.35860474 2.22051590
125300 -0.22406147 0.45395733 14.73475957
125400 -0.27421890 0.43896571 9.98806754
125500 -0.24120866 0.43870599 11.34788664
125600 -0.24994323 0.36601986 3.43215093
125700 -0.29846809 0.40366203 5.37408154
125800 -0.32208797 0.43101749 8.82673130
125900 -0.24229234 0.40633994 7.31917903
126000 -0.25542552 0.36936360 3.39909643
126100 -0.25763586 0.41123025 7.08344416
126200 -0.21378779 0.39238495 7.98376180
126300 -0.23996607 0.39143483 5.98220087
126400 -0.26211363 0.38431064 4.27183067
126500 -0.27131770 0.37428741 3.17064666
126600 -0.27673154 0.42736083 8.38110103
126700 -0.22236893 0.45262557 14.66057443
126800 -0.25589619 0.41933970 8.09355468
126900 -0.22538048 0.37125516 5.32268526
127000 -0.21577393 0.40475961 9.03430388
127100 -0.32054728 0.45167715 11.71407408
127200 -0.27405870 0.40773738 6.14014672
127300 -0.26408784 0.38521366 4.27552528
127400 -0.23200907 0.41112938 8.48625237
127500 -0.22485297 0.39742129 7.56899174
127600 -0.29989661 0.42185218 7.42398221
127700 -0.26146416 0.37418175 3.49397136
127800 -0.26594855 0.37250350 3.20812968
127900 -0.17808175 0.38179450 10.77720009
128000 -0.25178978 0.38997755 5.21009181
128100 -0.23576526 0.42915926 10.40410830
128200 -0.32868917 0.44919849 11.54162864
128300 -0.27877680 0.44040202 10.08157555
128400 -0.26526433 0.41576510 7.30406253
128500 -0.28219365 0.36978083 2.59321483
128600 -0.27353418 0.37771602 3.37010955
128700 -0.24436760 0.39668839 6.22180392
128800 -0.22474668 0.40109684 7.94181664
128900 -0.21607853 0.41366576 9.98135907
129000 -0.29930913 0.42059777 7.27215014
129100 -0.22671217 0.37679065 5.63395497
129200 -0.26766707 0.37262713 3.16005935
129300 -0.29852533 0.41921401 7.10707743
129400 -0.26127272 0.39195286 4.97756574
129500 -0.24151290 0.39107121 5.85735347
129600 -0.27822186 0.38995758 4.28332689
129700 -0.25463362 0.40562326 6.60719044
129800 -0.21636464 0.39717934 8.21934789
129900 -0.22342223 0.39153692 7.12158152
130000 -0.25954653 0.39908290 5.72695266
130100 -0.24358584 0.40744427 7.36341436
130200 -0.25899326 0.39246624 5.11577951
130300 -0.24634612 0.42040642 8.68822211
130400 -0.22327068 0.40090162 8.03426251
130500 -0.24825474 0.44617779 12.02275881
130600 -0.32916792 0.37916455 3.55889682
130700 -0.31747992 0.37884260 3.26085114
130800 -0.22184357 0.38724209 6.85980464
130900 -0.20013250 0.43061986 13.51753274
131000 -0.24254900 0.39167498 5.85245994
131100 -0.26423418 0.38070132 3.89594839
131200 -0.25023660 0.39628746 5.87383566
131300 -0.23504513 0.41224706 8.40926875
131400 -0.23457589 0.38417581 5.68294075
131500 -0.27451096 0.42461260 8.08899619
131600 -0.23506106 0.43908257 11.78051432
131700 -0.25771828 0.41939481 8.02143198
131800 -0.26338247 0.41273915 7.02547949
131900 -0.26641471 0.42521982 8.40398773
132000 -0.24673080 0.42477158 9.20277780
132100 -0.24387059 0.37464130 4.36091718
132200 -0.26049483 0.38656347 4.52694645
132300 -0.25886671 0.39661739 5.51343373
132400 -0.27328756 0.40647090 6.02480326
132500 -0.26305893 0.38824470 4.57588474
132600 -0.25491764 0.39108329 5.16429227
132700 -0.23664566 0.39492558 6.51231866
132800 -0.25748530 0.40917676 6.86353256
132900 -0.25617795 0.36348036 2.97506416
133000 -0.23989055 0.39145028 5.98814978
133100 -0.25235308 0.47661466 16.73148281
133200 -0.25894655 0.40121856 5.96529142
133300 -0.23837550 0.36774178 4.19326391
133400 -0.28531749 0.39139592 4.28439540
133500 -0.25080342 0.40718011 6.95393970
133600 -0.27826876 0.40595691 5.84955688
133700 -0.24871703 0.41164716 7.54751609
133800 -0.26752738 0.42845406 8.77745823
133900 -0.27525098 0.39716698 5.02696804
134000 -0.23888900 0.41191422 8.12967343
134100 -0.22255831 0.37561214 5.85720565
134200 -0.23494716 0.40139006 7.25590806
134300 -0.27992908 0.40938187 6.18361788
134400 -0.24992150 0.43421749 10.26109545
134500 -0.27907816 0.40181743 5.40225582
134600 -0.21363660 0.44473014 14.20272419
134700 -0.27372795 0.41106815 6.51317752
134800 -0.22654557 0.41805323 9.66605910
134900 -0.20820993 0.40754545 9.99571977
135000 -0.28079669 0.37298798 2.84800631
135100 -0.26746476 0.41962487 7.68432571
135200 -0.24832006 0.41540514 7.99458135
135300 -0.23307123 0.38873351 6.17654860
135400 -0.26762257 0.39774634 5.30132266
135500 -0.25880694 0.38776745 4.69999674
135600 -0.26843318 0.39339169 4.85923601
135700 -0.24499067 0.42875119 9.80144787
135800 -0.24649081 0.40736618 7.19536497
135900 -0.22136489 0.40837677 8.96450213
136000 -0.22851561 0.42646389 10.55156675
136100 -0.26397636 0.41914750 7.74691430
136200 -0.21387622 0.38287147 7.14249328
136300 -0.22409777 0.42055449 10.14726673
136400 -0.28242524 0.40430354 5.59405083
136500 -0.25275209 0.38375740 4.62383302
136600 -0.29261984 0.38109437 3.31538174
136700 -0.28149814 0.40632230 5.82337493
136800 -0.26235406 0.43268850 9.51172725
136900 -0.27577274 0.40133712 5.42808643
137000 -0.26725093 0.44759127 11.42784277
137100 -0.25156195 0.38638514 4.90431838
137200 -0.27011997 0.40432070 5.88781248
137300 -0.20935376 0.39590798 8.70754095
137400 -0.21135946 0.39856458 8.78606075
137500 -0.28543413 0.36406063 2.15796411
137600 -0.22256011 0.40334281 8.33833667
137700 -0.27324757 0.39518141 4.88759621
137800 -0.27089736 0.40867414 6.32851674
137900 -0.23410543 0.41209515 8.45370819
138000 -0.23021233 0.39496282 6.94412860
138100 -0.24952471 0.38386034 4.79015579
138200 -0.27317353 0.40523346 5.89687029
138300 -0.29878865 0.39581439 4.59093234
138400 -0.22081128 0.44793893 14.07839071
138500 -0.25185632 0.38977923 5.18906176
138600 -0.26414613 0.40460690 6.11405169
138700 -0.21912879 0.43044699 11.77828482
138800 -0.25288435 0.42344163 8.72886072
138900 -0.26052704 0.41752438 7.68504710
139000 -0.23581581 0.36674167 4.28703090
139100 -0.24129107 0.42092433 9.03471603
139200 -0.27712068 0.36447966 2.34054469
139300 -0.23873058 0.45518503 13.91816808
139400 -0.28985341 0.41107603 6.22041915
139500 -0.28323586 0.40791763 5.96362586
139600 -0.26227546 0.40201661 5.91526489
139700 -0.26345382 0.42955743 9.06037600
139800 -0.28521484 0.43754785 9.56900540
139900 -0.22960143 0.41091727 8.62929952
140000 -0.23764409 0.39085051 6.07103760
140100 -0.18841357 0.39380321 10.62528626
140200 -0.24144388 0.40195930 6.91225899
140300 -0.24595260 0.42986983 9.89364691
140400 -0.24882188 0.40920048 7.27197212
140500 -0.31055865 0.40115931 5.17234508
140600 -0.23617672 0.39117923 6.19353197
140700 -0.28437679 0.37403728 2.86280181
140800 -0.23265665 0.37101101 4.78884521
140900 -0.23575659 0.40327548 7.39652077
141000 -0.20357203 0.42150910 12.03140796
141100 -0.27806993 0.43852953 9.83567912
141200 -0.24734830 0.34408707 2.35793558
141300 -0.23446716 0.38764270 5.98789744
141400 -0.23917978 0.42013472 9.06572474
141500 -0.27606622 0.41544097 6.94972195
141600 -0.25132283 0.42869484 9.46591478
141700 -0.23085535 0.39484753 6.88851822
141800 -0.24737405 0.38241298 4.78069501
141900 -0.26196361 0.39071022 4.83755530
142000 -0.24022605 0.38491511 5.39175086
142100 -0.30658746 0.40231998 5.25638662
142200 -0.26747697 0.43010878 8.99302117
142300 -0.29466993 0.43438838 9.04432373
142400 -0.20349184 0.41261260 10.99771178
142500 -0.22659331 0.38901772 6.65634875
142600 -0.21015327 0.41774918 10.96865194
142700 -0.26738046 0.43284130 9.35542234
142800 -0.21642850 0.38418959 7.03604139
142900 -0.24010996 0.43703807 11.18312494
143000 -0.21939619 0.44419030 13.64390832
143100 -0.20708721 0.39509812 8.83821972
143200 -0.20972229 0.37331889 6.76286191
143300 -0.19358996 0.43022022 14.14020077
143400 -0.29833340 0.43983251 9.77795390
143500 -0.24578366 0.39234085 5.73312234
143600 -0.24861761 0.42962420 9.72129129
143700 -0.26548345 0.40075178 5.67115618
143800 -0.25950620 0.39184651 5.03776496
143900 -0.26733513 0.37864928 3.62635132
144000 -0.23300830 0.39031367 6.32222288
144100 -0.23985103 0.41648223 8.59300360
144200 -0.22782594 0.38193114 5.96090309
144300 -0.28126538 0.38828400 4.07252502
144400 -0.23508406 0.41477098 8.69322842
144500 -0.26755573 0.39387890 4.93293923
144600 -0.21111984 0.38187461 7.30156732
144700 -0.24555945 0.41392656 7.97151766
144800 -0.24789349 0.36951767 3.77389753
144900 -0.22935080 0.43392233 11.46324924
145000 -0.25183104 0.41253921 7.49266097
145100 -0.25831775 0.41467783 7.44420697
145200 -0.23302848 0.42388655 9.91653096
145300 -0.27752579 0.42526041 8.09762983
145400 -0.20123417 0.42413994 12.58270759
145500 -0.23571885 0.40943337 8.05386429
145600 -0.22006694 0.40495025 8.70192488
145700 -0.24587109 0.37393958 4.19850003
145800 -0.29664096 0.43150983 8.65305888
145900 -0.27162198 0.44373785 10.73294144
146000 -0.28214152 0.40390413 5.55749626
146100 -0.24983590 0.43867327 10.87335592
146200 -0.26966692 0.38824131 4.35331185
146300 -0.28311498 0.39729426 4.87563886
146400 -0.29772485 0.39712803 4.71951549
146500 -0.25160234 0.44509502 11.69744867
146600 -0.25485825 0.44695708 11.81708120
146700 -0.22956396 0.36642350 4.68665881
146800 -0.24937898 0.39101152 5.42279167
146900 -0.22322784 0.39123948 7.10930337
147000 -0.25379442 0.41298584 7.45037797
147100 -0.29073197 0.44625752 10.73857892
147200 -0.21674191 0.41082578 9.60713081
147300 -0.26386693 0.42851965 8.91144918
147400 -0.30656878 0.41114217 6.19786512
147500 -0.24772083 0.38298147 4.80951857
147600 -0.26857458 0.42145814 7.86981870
147700 -0.25785590 0.42508911 8.71170511
147800 -0.27592362 0.39190205 4.51282990
147900 -0.21824039 0.39903032 8.24581971
148000 -0.25976173 0.41404638 7.31284802
148100 -0.19004012 0.40465479 11.52190074
148200 -0.28413935 0.40642186 5.78858572
148300 -0.23015498 0.39395447 6.85288462
148400 -0.24241831 0.36837507 3.99540040
148500 -0.28417176 0.39576525 4.71075769
148600 -0.27161683 0.35029534 1.66761285
148700 -0.23555241 0.38905412 6.04206450
148800 -0.25383671 0.32202408 1.30805452
148900 -0.23568339 0.40118715 7.18773223
149000 -0.20486009 0.39881119 9.40762679
149100 -0.26095647 0.40330565 6.09822706
149200 -0.26612806 0.36872555 2.93525446
149300 -0.20641003 0.44559581 14.97861120
149400 -0.30131583 0.37706338 2.97024820
149500 -0.25170110 0.39622287 5.79581211
149600 -0.25049725 0.38136145 4.53510367
149700 -0.25945793 0.43184503 9.51338525
149800 -0.23804874 0.43028423 10.40596969
149900 -0.22626010 0.41891448 9.78911275
150000 -0.31976887 0.40404445 5.60802813
150100 -0.27106997 0.39578303 5.00566766
150200 -0.30265135 0.38250893 3.40737634
150300 -0.25286185 0.38782413 4.96754144
150400 -0.31120660 0.43160272 8.72243157
150500 -0.28708879 0.41003475 6.13717306
150600 -0.25550382 0.39157731 5.18315647
150700 -0.27977697 0.41525826 6.84671825
150800 -0.22582671 0.37171198 5.32214274
150900 -0.23725648 0.38352541 5.45662170
151000 -0.19936527 0.42917663 13.40697583
151100 -0.27211519 0.45752909 12.79648885
151200 -0.22967650 0.41150379 8.68924479
151300 -0.25422056 0.40572842 6.63712830
151400 -0.20998667 0.39976725 9.02795195
151500 -0.25865143 0.43395212 9.82643805
151600 -0.27261699 0.43124466 8.98749449
151700 -0.27439341 0.43556376 9.51661516
151800 -0.22047170 0.42063712 10.43903227
151900 -0.25389574 0.40047723 6.11063888
152000 -0.20728452 0.39423267 8.73797763
152100 -0.26535538 0.38016849 3.81361810
152200 -0.26506925 0.41095474 6.76555572
152300 -0.29840877 0.39406306 4.42519608
152400 -0.29001121 0.38869828 3.98358024
152500 -0.27264724 0.38001354 3.57517021
152600 -0.24941515 0.39485970 5.77859502
152700 -0.27360600 0.40490718 5.85107928
152800 -0.26846554 0.41123849 6.68421196
152900 -0.31849548 0.43196638 8.87860442
153000 -0.29082939 0.37721203 3.02289852
153100 -0.20787251 0.39536364 8.79084912
153200 -0.24387660 0.39048489 5.66867567
153300 -0.25702318 0.42423832 8.64108304
153400 -0.22882704 0.37423842 5.28846599
153500 -0.22295192 0.37230019 5.58186155
153600 -0.22913443 0.37008199 4.96670761
153700 -0.24696488 0.32833100 1.80768495
153800 -0.25128829 0.39572645 5.76819221
153900 -0.20547863 0.39054322 8.56618200
154000 -0.26478231 0.38618356 4.33394573
154100 -0.22787935 0.39930074 7.53101316
154200 -0.23657070 0.42850870 10.26888047
154300 -0.33381999 0.41615434 7.31781129
154400 -0.26171599 0.41588147 7.44708961
154500 -0.19702779 0.40738411 11.06731167
154600 -0.21890257 0.38122256 6.58694851
154700 -0.22683752 0.40246084 7.92548604
154800 -0.18364740 0.41975300 13.93935444
154900 -0.27566775 0.42727242 8.39516313
155000 -0.21408059 0.42849998 11.94719462
155100 -0.27604175 0.39293568 4.60551904
155200 -0.25343914 0.41986657 8.26795470
155300 -0.20336774 0.38613597 8.37859924
155400 -0.26731239 0.42144450 7.90862290
155500 -0.24821468 0.41237354 7.65476584
155600 -0.24409784 0.40993538 7.60541960
155700 -0.26301868 0.40193374 5.87905282
155800 -0.26886350 0.43514821 9.61726006
155900 -0.25639849 0.39691200 5.64651360
156000 -0.22964023 0.38270564 5.89536018
156100 -0.28251396 0.42659276 8.16574420
156200 -0.27302991 0.41296644 6.74440070
156300 -0.22874655 0.43069070 11.07855696
156400 -0.16634678 0.37540757 11.77474293
156500 -0.23628236 0.39098862 6.16943300
156600 -0.26284781 0.41663939 7.49251601
156700 -0.21517286 0.41731159 10.47882621
156800 -0.21061830 0.38597477 7.69037422
156900 -0.23021875 0.43148956 11.07946314
157000 -0.30871274 0.39198971 4.26900950
157100 -0.19360534 0.39504979 10.17714329
157200 -0.25773470 0.37929472 4.03700395
157300 -0.30085121 0.44585544 10.63726741
157400 -0.27386669 0.40744620 6.11381777
157500 -0.22910776 0.40467887 7.99168796
157600 -0.25155456 0.38721901 4.97705835
157700 -0.23329604 0.34939373 3.44457953
157800 -0.24466153 0.40199848 6.73301772
157900 -0.22923270 0.40222929 7.72941935
158000 -0.31678985 0.41026702 6.22035712
158100 -0.25440143 0.37182844 3.61927750
158200 -0.30369500 0.39630461 4.64411579
158300 -0.23324308 0.47666791 17.83401844
158400 -0.22515345 0.39467639 7.28281178
158500 -0.29865838 0.41393866 6.49190853
158600 -0.23634732 0.41596473 8.74974102
158700 -0.29585773 0.40589018 5.61494426
158800 -0.23732071 0.40693769 7.68218147
158900 -0.21188722 0.40754670 9.66507698
159000 -0.20868094 0.39085884 8.29724934
159100 -0.17440335 0.38470523 11.47474667
159200 -0.28605194 0.42896035 8.41266062
159300 -0.27168278 0.39017949 4.46710241
159400 -0.23682055 0.42705102 10.06680267
159500 -0.22736001 0.42443881 10.38079270
159600 -0.29302932 0.39361793 4.40645327
159700 -0.27700530 0.41236271 6.57706783
159800 -0.22347118 0.40578647 8.52371837
159900 -0.23355948 0.43910856 11.88276763
160000 -0.23579500 0.41588712 8.77605280
160100 -0.23185042 0.42019444 9.54553459
160200 -0.25674313 0.41651517 7.72347070
160300 -0.28168210 0.39179235 4.38069085
160400 -0.21875168 0.41073689 9.43197459
160500 -0.29008759 0.42967343 8.45672699
160600 -0.29062736 0.43114119 8.64292859
160700 -0.25457560 0.40338083 6.37548621
160800 -0.24127878 0.40194552 6.92053571
160900 -0.24752807 0.40723563 7.12639196
161000 -0.24697412 0.44158900 11.42959366
161100 -0.25038605 0.39014052 5.29342872
161200 -0.23518219 0.36638693 4.30428665
161300 -0.26238568 0.38476920 4.30032669
161400 -0.25761028 0.38259778 4.30964034
161500 -0.24920776 0.45843353 13.84051756
161600 -0.26008903 0.37459665 3.57877309
161700 -0.21768887 0.39615561 8.01051213
161800 -0.22915997 0.39238988 6.77709960
161900 -0.26129551 0.39006952 4.80527787
162000 -0.25319132 0.41740057 7.98697281
162100 -0.22198471 0.44531612 13.60158048
162200 -0.22682847 0.37046719 5.15984823
162300 -0.26888291 0.39596903 5.08916383
162400 -0.21851557 0.41926224 10.43159706
162500 -0.26646481 0.42837425 8.80227881
162600 -0.21334700 0.35939485 5.51824479
162700 -0.22030031 0.42563486 11.06807933
162800 -0.27657285 0.38405033 3.80664502
162900 -0.23193167 0.39680834 7.00257652
163000 -0.27024441 0.39494893 4.95034739
163100 -0.25362239 0.37671681 4.01817616
163200 -0.24686665 0.42830524 9.64269426
163300 -0.23026855 0.43637475 11.73027384
163400 -0.22934556 0.41043010 8.59342762
163500 -0.25077438 0.42497105 9.02046212
163600 -0.25755930 0.43286337 9.72694466
163700 -0.29358778 0.38609659 3.72686939
163800 -0.24383381 0.40829461 7.44118157
163900 -0.24517173 0.42020658 8.72788029
164000 -0.22459071 0.45402374 14.70493666
164100 -0.21790373 0.40290053 8.66415770
164200 -0.21637735 0.36822098 5.82342469
164300 -0.22461151 0.40466549 8.31914486
164400 -0.30244416 0.38261932 3.41596306
164500 -0.27517936 0.42673491 8.33890056
164600 -0.29176104 0.43217325 8.76882445
164700 -0.22283126 0.34176504 3.84966666
164800 -0.25231013 0.40565232 6.71836858
164900 -0.24472344 0.36745345 3.80273339
165000 -0.21294775 0.40285932 9.07906773
165100 -0.26099566 0.36836183 3.09733905
165200 -0.24844713 0.46251795 14.53489079
165300 -0.28355472 0.40564529 5.71568765
165400 -0.27899378 0.41319054 6.62667965
165500 -0.22559428 0.41000515 8.81867200
165600 -0.23028102 0.36790783 4.73610475
165700 -0.24756599 0.43086637 9.93766530
165800 -0.25039837 0.40190995 6.42297937
165900 -0.23775763 0.41897614 9.01471693
166000 -0.21305862 0.44806722 14.74135167
166100 -0.26991801 0.40019763 5.47224586
166200 -0.23440950 0.40284097 7.43918940
166300 -0.23647587 0.39214711 6.26320226
166400 -0.26525204 0.37794286 3.64125508
166500 -0.25183154 0.39445682 5.62114555
166600 -0.21633421 0.32203531 3.74275992
166700 -0.23337403 0.42977587 10.64039864
166800 -0.20173974 0.42586212 12.74817579
166900 -0.23319394 0.38138121 5.54297568
167000 -0.25460063 0.40709153 6.76484907
167100 -0.25558647 0.41179678 7.23554090
167200 -0.23170731 0.39546867 6.88907955
167300 -0.24994400 0.43017491 9.72555540
167400 -0.28683100 0.41959179 7.23780992
167500 -0.27540863 0.38418757 3.84614123
167600 -0.28429661 0.40207461 5.33291138
167700 -0.22920365 0.39162898 6.70399635
167800 -0.25902902 0.43562211 10.03598874
167900 -0.23879636 0.39225256 6.12821044
168000 -0.24895927 0.42938938 9.67338347
168100 -0.27689584 0.42319074 7.85488022
168200 -0.26544612 0.44725337 11.43876325
168300 -0.26454724 0.39529701 5.16920935
168400 -0.28863331 0.40484608 5.56095140
168500 -0.25658156 0.44261370 11.11191453
168600 -0.29626022 0.40008964 5.01596070
168700 -0.24501081 0.42516377 9.34489086
168800 -0.36493738 0.41342610 8.54117121
168900 -0.20795012 0.41365001 10.69475242
169000 -0.28978487 0.39721749 4.77779448
169100 -0.22091659 0.42627134 11.09931902
169200 -0.27377442 0.38558800 4.00654306
169300 -0.26666757 0.40198370 5.75586269
169400 -0.28496408 0.42509894 7.93791239
169500 -0.23880093 0.42152950 9.25737269
169600 -0.26665014 0.40170135 5.72768846
169700 -0.28604891 0.35566299 1.64650047
169800 -0.26849797 0.37655082 3.42620265
169900 -0.21267596 0.41008398 9.87198570
170000 -0.21730920 0.40756850 9.20437517
170100 -0.27200570 0.41106554 6.55961795
170200 -0.29922845 0.40515859 5.52946170
170300 -0.20171569 0.42224533 12.30186312
170400 -0.23027471 0.40781368 8.24270288
170500 -0.23455616 0.43221981 10.88248726
170600 -0.31017639 0.36867511 2.40991504
170700 -0.24123862 0.36112167 3.59437939
170800 -0.19755426 0.36641913 7.45331502
170900 -0.23174085 0.44950747 13.50589656
171000 -0.22272937 0.38164122 6.31801965
171100 -0.22559352 0.40983149 8.79964036
171200 -0.28415910 0.43407599 9.11365220
171300 -0.24701892 0.36542010 3.54339249
171400 -0.20032322 0.38983389 9.00279473
171500 -0.28528565 0.36271375 2.07476323
171600 -0.27637493 0.42230271 7.75804874
171700 -0.26021944 0.40632071 6.44329337
171800 -0.26205587 0.45097792 12.11704500
171900 -0.28532055 0.38050123 3.34796691
172000 -0.30055525 0.40005656 5.00581128
172100 -0.26437720 0.40212677 5.84942998
172200 -0.28972577 0.43906633 9.72250204
172300 -0.27876498 0.43517156 9.36113845
172400 -0.23868420 0.42052955 9.14349919
172500 -0.21468733 0.38975415 7.66702963
172600 -0.24690323 0.41512864 8.03693618
172700 -0.24801106 0.41013912 7.41673838
172800 -0.19503576 0.40648101 11.17784869
172900 -0.25127516 0.39550692 5.74784095
173000 -0.27014667 0.41924928 7.55580546
173100 -0.24776039 0.35976150 3.15020667
173200 -0.26127721 0.38974118 4.77646749
173300 -0.27353267 0.41453479 6.90936833
173400 -0.29798751 0.41095676 6.15772630
173500 -0.26616564 0.41788648 7.52099294
173600 -0.27330973 0.37422381 3.11077192
173700 -0.25110459 0.37812205 4.24690762
173800 -0.28824076 0.42374787 7.72590801
173900 -0.24441756 0.38258213 4.95460800
174000 -0.24601979 0.38831668 5.35685011
174100 -0.27719762 0.41163561 6.49122941
174200 -0.21232670 0.43118128 12.44756840
174300 -0.26120964 0.44440082 11.17814366
174400 -0.29716147 0.39282871 4.31261306
174500 -0.27435514 0.42994991 8.77231876
174600 -0.21777719 0.44838290 14.38903752
174700 -0.25237089 0.44071563 11.03471060
174800 -0.33352832 0.40966427 6.57519981
174900 -0.25480247 0.42126779 8.37434660
175000 -0.24927786 0.41490162 7.88755862
175100 -0.23373941 0.38155014 5.52044508
175200 -0.29967960 0.43343219 8.90212627
175300 -0.27605632 0.37635384 3.20160394
175400 -0.27293171 0.37018164 2.82907773
175500 -0.20437007 0.42958078 12.96813064
175600 -0.21480654 0.41863039 10.66554755
175700 -0.22908014 0.44781377 13.43926816
175800 -0.26818626 0.40636306 6.16260742
175900 -0.21056694 0.42832353 12.23260012
176000 -0.26582384 0.37983618 3.77091327
176100 -0.22983848 0.42083136 9.76142842
176200 -0.23976037 0.39182353 6.03018700
176300 -0.22739011 0.41279914 8.99792135
176400 -0.23584035 0.42432673 9.78679769
176500 -0.18217365 0.36906740 9.32667728
176600 -0.25224015 0.39271793 5.43880896
176700 -0.21666018 0.42485992 11.26776355
176800 -0.30800410 0.42404968 7.72619406
176900 -0.26180279 0.37611080 3.62594073
177000 -0.21529263 0.39883720 8.47206472
177100 -0.27666162 0.39161255 4.46876948
177200 -0.26277534 0.39103295 4.83633711
177300 -0.27232588 0.38167648 3.71845235
177400 -0.23920076 0.43309083 10.70485834
177500 -0.25678799 0.41608318 7.67129109
177600 -0.26034124 0.38713140 4.58234914
177700 -0.21575914 0.43123243 12.15923729
177800 -0.29402352 0.39552438 4.58031298
177900 -0.24991615 0.42962918 9.65605839
178000 -0.26611201 0.42005211 7.78045296
178100 -0.28006511 0.36757746 2.48205644
178200 -0.31201869 0.41031029 6.15640497
178300 -0.26102882 0.40877840 6.67574718
178400 -0.28448245 0.39480360 4.61425825
178500 -0.27809581 0.37258467 2.87416403
178600 -0.25601449 0.41643014 7.74535121
178700 -0.26754162 0.42320569 8.11659376
178800 -0.28243386 0.39927775 5.08232025
178900 -0.27708804 0.43056544 8.78614612
179000 -0.24815658 0.43174921 10.02279757
179100 -0.21735598 0.42008885 10.62568311
179200 -0.22066638 0.42742596 11.26559910
179300 -0.29697369 0.40357156 5.36811381
179400 -0.24183491 0.39159567 5.88647195
179500 -0.28031019 0.36059316 2.02960965
179600 -0.23176406 0.38315812 5.78570802
179700 -0.23787749 0.37557281 4.78522771
179800 -0.25320252 0.41024914 7.17243826
179900 -0.25464901 0.42835662 9.26606676
180000 -0.21568803 0.38133447 6.86190249
180100 -0.27711629 0.40145737 5.40863129
180200 -0.25617331 0.40920906 6.92369880
180300 -0.18805132 0.44379624 16.60493220
180400 -0.26516404 0.37661207 3.54147637
180500 -0.24327191 0.41450494 8.16472909
180600 -0.19521155 0.39118109 9.64730481
180700 -0.27376805 0.40875049 6.25739229
180800 -0.22150871 0.38010987 6.28923705
180900 -0.27847335 0.41399001 6.72856001
181000 -0.23348266 0.38560528 5.87641043
181100 -0.27076815 0.42239084 7.91700952
181200 -0.24496725 0.41054437 7.62433081
181300 -0.25557552 0.40590620 6.59482868
181400 -0.20897087 0.41317754 10.54772938
181500 -0.27860224 0.40095492 5.32488002
181600 -0.23934537 0.39490482 6.34295491
181700 -0.18766015 0.41428995 12.84121714
181800 -0.29412007 0.38729764 3.82772561
181900 -0.28333302 0.40803481 5.97465465
182000 -0.24141772 0.35252340 3.09529560
182100 -0.20973449 0.38119934 7.37059767
182200 -0.24634863 0.38624876 5.15865868
182300 -0.24360690 0.38405902 5.12305054
182400 -0.28499963 0.36381946 2.14896739
182500 -0.24697464 0.41255261 7.73988950
182600 -0.25194815 0.42569073 9.05357057
182700 -0.31117668 0.41613604 6.80624916
182800 -0.27674361 0.39638714 4.91567077
182900 -0.24993558 0.40877386 7.16909920
183000 -0.22928576 0.38771271 6.34701204
183100 -0.23212964 0.42478733 10.08913139
183200 -0.27684557 0.36637453 2.47085325
183300 -0.22149101 0.42345257 10.70209932
183400 -0.26760123 0.38419784 4.06947846
183500 -0.24402544 0.43562509 10.76365749
183600 -0.23665545 0.38852738 5.92481442
183700 -0.22422820 0.35993103 4.66654686
183800 -0.23189273 0.45195055 13.86378450
183900 -0.24959320 0.38217126 4.64648086
184000 -0.23547875 0.38199143 5.44279309
184100 -0.21884631 0.42653229 11.29817090
184200 -0.25518269 0.38893291 4.95882672
184300 -0.27484807 0.44955752 11.50003552
184400 -0.26787686 0.41260455 6.85584010
184500 -0.22580494 0.39380014 7.15168577
184600 -0.21540500 0.42742974 11.69732642
184700 -0.25242938 0.39225745 5.38720047
184800 -0.21637908 0.38237504 6.88905319
184900 -0.19083386 0.39542765 10.51184125
185000 -0.25935323 0.40525340 6.36521897
185100 -0.22517242 0.39343046 7.16420871
185200 -0.23236597 0.39343074 6.65183322
185300 -0.29164379 0.40259281 5.29755520
185400 -0.22450500 0.34334730 3.78924185
185500 -0.25455564 0.37282908 3.68463224
185600 -0.29219826 0.43528567 9.18153984
185700 -0.20377649 0.41342689 11.06231202
185800 -0.29563659 0.39632127 4.64841311
185900 -0.29068722 0.37663108 2.97952530
186000 -0.19599869 0.37783343 8.43715770
186100 -0.23484949 0.36208092 4.04931497
186200 -0.27424628 0.43545981 9.50630725
186300 -0.21913648 0.39493394 7.77568077
186400 -0.20549853 0.40322345 9.79280461
186500 -0.24536036 0.36593526 3.66647442
186600 -0.25402280 0.36893887 3.43323565
186700 -0.24684246 0.39963870 6.37679690
186800 -0.23942920 0.40355751 7.19648958
186900 -0.21840684 0.40964032 9.33922142
187000 -0.19263877 0.35011391 7.01891889
187100 -0.25217809 0.40192760 6.33808508
187200 -0.21718551 0.42465978 11.19915052
187300 -0.22793351 0.40842247 8.47450590
187400 -0.23841589 0.41498295 8.50684080
187500 -0.17765003 0.43417120 16.48571381
187600 -0.24508840 0.38426875 5.05825303
187700 -0.29583534 0.40587422 5.61334692
187800 -0.20688692 0.43501794 13.44994519
187900 -0.29751771 0.40438867 5.45157861
188000 -0.27204268 0.40596750 6.00536081
188100 -0.30229285 0.42534969 7.85890112
188200 -0.26267395 0.43635053 9.99235085
188300 -0.25754313 0.39449377 5.36582937
188400 -0.31821136 0.37073171 2.66731405
188500 -0.27039894 0.37240738 3.05952546
188600 -0.28383951 0.38681437 3.89894821
188700 -0.28940355 0.43845460 9.64098075
188800 -0.20097895 0.36703456 7.14940054
188900 -0.18534369 0.40409955 11.99139328
189000 -0.25397214 0.38405617 4.59200223
189100 -0.21962954 0.40734762 8.99146086
189200 -0.24163109 0.37331023 4.39065951
189300 -0.23542546 0.37689751 5.04154900
189400 -0.25696852 0.40909535 6.87675149
189500 -0.28585306 0.39412653 4.52997018
189600 -0.31302812 0.42375689 7.74274930
189700 -0.28356293 0.42866135 8.41196020
189800 -0.25683455 0.43195499 9.63768794
189900 -0.26022700 0.41385839 7.27281249
190000 -0.28054132 0.36626312 2.38472078
190100 -0.26413208 0.41284720 7.01049918
190200 -0.20288376 0.39589107 9.31333066
190300 -0.29634624 0.42450216 7.75706915
190400 -0.27845297 0.37085663 2.74246803
190500 -0.25906256 0.35377520 2.28382286
190600 -0.22821284 0.36589665 4.74788267
190700 -0.27045009 0.43310436 9.29498418
190800 -0.22685842 0.42234937 10.15952938
190900 -0.24373059 0.39937841 6.52115753
191000 -0.27776380 0.38837674 4.15244812
191100 -0.24838012 0.44970950 12.53877344
191200 -0.25306077 0.38686905 4.87476134
191300 -0.28059920 0.39684383 4.87755967
191400 -0.21223099 0.41454422 10.41188856
191500 -0.19122442 0.40608575 11.54315632
191600 -0.30105959 0.41705455 6.85144536
191700 -0.25616478 0.41659884 7.75840799
191800 -0.22494464 0.43088222 11.38173123
191900 -0.25172133 0.37022194 3.63097561
192000 -0.20136115 0.43419443 13.86888428
192100 -0.23251182 0.40545700 7.83791721
192200 -0.23606766 0.37462646 4.82822611
192300 -0.22787864 0.44531122 13.15842070
192400 -0.19590790 0.36617034 7.60683932
192500 -0.22939779 0.43044176 10.99986252
192600 -0.27881420 0.43210923 8.95084370
192700 -0.25969259 0.36504916 2.92804045
192800 -0.24703853 0.42103725 8.72746693
192900 -0.22423822 0.42721400 10.96162499
193000 -0.24733556 0.42736627 9.49785544
193100 -0.26940043 0.41966616 7.62816167
193200 -0.21659651 0.36299940 5.46253370
193300 -0.32828914 0.41692838 7.23626060
193400 -0.25721615 0.41230397 7.22131913
193500 -0.20836893 0.37562044 7.05735242
193600 -0.20696305 0.38555316 7.98760833
193700 -0.24867093 0.41328455 7.73403075
193800 -0.25854105 0.42482674 8.65027934
193900 -0.24566701 0.39926000 6.40231012
194000 -0.27158189 0.35967167 2.18414874
194100 -0.30158664 0.43183738 8.69180636
194200 -0.28992498 0.39471784 4.53648739
194300 -0.22586768 0.37045757 5.22993497
194400 -0.24304206 0.45062368 12.96584901
194500 -0.18760506 0.39288013 10.62967045
194600 -0.26221229 0.39712385 5.43047645
194700 -0.24502431 0.38920177 5.48964089
194800 -0.24698969 0.43156531 10.05976187
194900 -0.26487557 0.41045185 6.71666857
195000 -0.25115358 0.42131294 8.55140115
195100 -0.30101353 0.37327383 2.68504035
195200 -0.23050669 0.39843116 7.25900672
195300 -0.22669830 0.42865209 10.96224960
195400 -0.21913535 0.38225632 6.65259688
195500 -0.28873735 0.45567319 12.18049477
195600 -0.25594718 0.41444100 7.51869660
195700 -0.23856833 0.42122863 9.23511462
195800 -0.27888293 0.37564123 3.08376313
195900 -0.22131457 0.38839030 7.00212084
196000 -0.20498694 0.41095579 10.66933436
196100 -0.26474427 0.41153276 6.84126098
196200 -0.26148930 0.38530720 4.38019651
196300 -0.19196785 0.37992199 9.02923424
196400 -0.27415811 0.40427943 5.77100127
196500 -0.26536645 0.39506641 5.11855275
196600 -0.22238556 0.39982889 7.99490480
196700 -0.26644458 0.37904433 3.68698635
196800 -0.28300477 0.41195186 6.41102902
196900 -0.23095491 0.45406921 14.25227328
197000 -0.24772028 0.41729142 8.24522333
197100 -0.23278567 0.39196444 6.48761161
197200 -0.33273818 0.42948882 8.91957104
197300 -0.23630954 0.42954742 10.41950475
197400 -0.27733065 0.43523088 9.40064527
197500 -0.25157891 0.41039246 7.26554832
197600 -0.22302879 0.41831644 9.96167342
197700 -0.22443507 0.41815088 9.83484487
197800 -0.24764173 0.41067952 7.49567200
197900 -0.24565721 0.42044884 8.73053066
198000 -0.28032962 0.41270892 6.54511205
198100 -0.21372980 0.39835071 8.55770529
198200 -0.21973136 0.39033551 7.30177942
198300 -0.24722817 0.37351650 4.09477114
198400 -0.29108639 0.39402852 4.46040720
198500 -0.27677841 0.44004273 10.07560356
198600 -0.25560257 0.42370498 8.63702675
198700 -0.24923837 0.38230418 4.67536089
198800 -0.30111030 0.41005077 6.05620212
198900 -0.27988617 0.37564783 3.06358043
199000 -0.28143714 0.38199748 3.53408329
199100 -0.25024932 0.42001172 8.43897169
199200 -0.20730775 0.37656065 7.22669283
199300 -0.23782047 0.38995048 5.97869106
199400 -0.25325525 0.37662197 4.02799890
199500 -0.22875685 0.40746229 8.31186475
199600 -0.22117391 0.40234868 8.34440216
199700 -0.24631381 0.41682360 8.26497991
199800 -0.24853641 0.40206334 6.53271309
199900 -0.24248863 0.42730718 9.75733817
