0 0.87004796 0.42714194 0.70980772
100 0.79896720 0.15960208 47.26928919
200 0.76104443 0.16693306 49.71776992
300 0.76613825 0.14260685 56.20475765
400 0.78689331 0.12829969 58.14210686
500 0.74171166 0.17522757 50.27754192
600 0.79931941 0.11321765 61.77946558
700 0.76183605 0.10658293 68.51228221
800 0.75008769 0.13669036 60.31831400
900 0.72662357 0.14912003 60.29407180
1000 0.82520612 0.13309510 53.01141902
1100 0.79578350 0.15151084 49.97842949
1200 0.71718266 0.13039915 67.78344125
1300 0.82036285 0.14026560 51.13873554
1400 0.75892011 0.11687047 65.43940983
1500 0.79294022 0.15676565 48.72409155
1600 0.74730476 0.15684952 54.62651833
1700 0.75379358 0.14346073 57.67132031
1800 0.71851381 0.14987372 61.50650951
1900 0.76783883 0.15251665 52.98146029
2000 0.78040992 0.13492623 56.78663556
2100 0.77197284 0.15677952 51.18460088
2200 0.80347325 0.11765060 59.88676845
2300 0.77279325 0.10671112 67.01440556
2400 0.77600038 0.14013246 55.69689811
2500 0.76903668 0.11802717 63.67867496
2600 0.78379623 0.14060402 54.61459529
2700 0.78852554 0.11780816 61.38898830
2800 0.80422753 0.12894178 56.12537219
2900 0.79272965 0.18083912 41.97725324
3000 0.78234524 0.17552025 44.59088701
3100 0.77295004 0.13106995 58.92903391
3200 0.78693419 0.12402538 59.52166713
3300 0.73045933 0.15235526 58.66821516
3400 0.77133955 0.11276869 65.13923468
3500 0.81054043 0.12678827 56.23441738
3600 0.76636456 0.11260236 65.84779697
3700 0.79353185 0.11590304 61.47812354
3800 0.80470925 0.11443886 60.84080286
3900 0.81918035 0.12917368 54.73067109
4000 0.80882065 0.10722656 62.90365126
4100 0.77493312 0.13426354 57.66561941
4200 0.76602060 0.13495528 58.60182645
4300 0.75838030 0.11533950 66.02689491
4400 0.79494961 0.12513107 58.28770230
4500 0.76093507 0.12207440 63.43712614
4600 0.73723909 0.13325889 63.40802273
4700 0.75350448 0.18200783 46.64037081
4800 0.78443091 0.15375388 50.55898972
4900 0.77282174 0.15105766 52.77041493
5000 0.80240190 0.18737129 39.24961514
5100 0.80021031 0.17056183 44.02183588
5200 0.79123565 0.15477673 49.49323041
5300 0.71979137 0.13239676 66.67348486
5400 0.77961807 0.17005376 46.43085370
5500 0.82847484 0.14608857 48.73900199
5600 0.73064143 0.15261517 58.56003135
5700 0.79687469 0.13129466 56.10396139
5800 0.81301985 0.10772861 62.35762488
5900 0.78413469 0.14918295 51.95783463
6000 0.80334303 0.12242691 58.32334761
6100 0.76588826 0.11896463 63.78518590
6200 0.77006142 0.16737787 48.37965120
6300 0.74890270 0.13842450 59.95484333
6400 0.79609281 0.11828444 60.41595894
6500 0.75109033 0.18750418 45.53907229
6600 0.75474635 0.15276304 54.72421771
6700 0.79813259 0.15067239 49.98699221
6800 0.79084859 0.12765678 57.90959035
6900 0.73321792 0.13498868 63.52419531
7000 0.79330720 0.12983854 56.94335793
7100 0.77499135 0.18445202 43.07144663
7200 0.79417187 0.11923616 60.30215541
7300 0.79529544 0.20190593 36.25685616
7400 0.78767055 0.15719686 49.17579168
7500 0.71863994 0.12245843 70.08747551
7600 0.77337521 0.17221657 46.59873421
7700 0.73034224 0.15189833 58.82418083
7800 0.81314914 0.14692581 49.69851869
7900 0.73645880 0.15533829 56.78562399
8000 0.77076777 0.10499313 67.86535450
8100 0.74489390 0.13344675 62.13193246
8200 0.82811005 0.13759881 51.38133356
8300 0.77183800 0.11255905 65.14594744
8400 0.73387503 0.13009720 64.96765406
8500 0.74095382 0.15010649 57.61590405
8600 0.76535429 0.12801051 60.90334866
8700 0.79847792 0.14667819 51.15542496
8800 0.76196137 0.13143243 60.26998130
8900 0.77468866 0.16996371 47.06162819
9000 0.77618946 0.19120720 41.15138159
9100 0.74528482 0.14048809 59.86720617
9200 0.75525847 0.14988800 55.50866207
9300 0.76458577 0.14584878 55.42248895
9400 0.75344986 0.09853104 72.50368542
9500 0.79106881 0.11428826 62.28418978
9600 0.75899659 0.15054273 54.77830960
9700 0.73099993 0.13501336 63.88880336
9800 0.76033502 0.11534409 65.75044229
9900 0.72017804 0.12483053 69.03556002
10000 0.79742005 0.13742901 54.11163568
10100 0.80117370 0.10304344 65.07274728
10200 0.82307628 0.16978024 42.22018730
10300 0.75573466 0.16442182 51.18369170
10400 0.70267120 0.11362141 76.04460773
10500 0.79114666 0.13789107 54.63051708
10600 0.72205022 0.13995453 63.89715920
10700 0.72349645 0.12418506 68.65443920
10800 0.73919107 0.12075900 67.12957346
10900 0.76218303 0.15043971 54.36494166
11000 0.78743940 0.16014495 48.34292118
11100 0.75065539 0.14241797 58.45525752
11200 0.81199521 0.13783838 52.59486150
11300 0.73177331 0.12499208 66.96518365
11400 0.75080834 0.13019078 62.26804479
11500 0.77278722 0.19154358 41.49140673
11600 0.77703667 0.13251554 57.95818087
11700 0.77939172 0.13520375 56.82151951
11800 0.74314154 0.12150011 66.25837696
11900 0.78044739 0.13364197 57.18761324
12000 0.79112406 0.11420152 62.30729658
12100 0.74279714 0.13487769 62.00740658
12200 0.75310349 0.10486996 70.34666327
12300 0.79049515 0.12993250 57.21725979
12400 0.75927609 0.12050280 64.18581178
12500 0.82513329 0.11428569 59.15456021
12600 0.74111235 0.12709327 64.75701907
12700 0.77947790 0.13742304 56.11496602
12800 0.75439382 0.13414898 60.48151388
12900 0.71852477 0.14123375 64.13492899
13000 0.82694840 0.10543013 62.03246468
13100 0.78012533 0.12224301 60.89729014
13200 0.72880358 0.17820690 51.58985205
13300 0.77430308 0.15506198 51.39407517
13400 0.78885076 0.14157626 53.73967892
13500 0.76013158 0.15161628 54.29800834
13600 0.77017333 0.13400377 58.35428986
13700 0.74662623 0.11692044 67.23275165
13800 0.76888903 0.13354235 58.66776652
13900 0.75469074 0.18448471 45.80657653
14000 0.74920837 0.15639741 54.47029664
14100 0.72864064 0.15584297 57.94619518
14200 0.77043200 0.15250081 52.64681715
14300 0.76902632 0.14758598 54.30417209
14400 0.78756605 0.16061936 48.19127491
14500 0.78326656 0.09518782 69.75918895
14600 0.78187655 0.13813177 55.60747168
14700 0.77451337 0.16489089 48.51704918
14800 0.71525555 0.17583296 54.64903812
14900 0.77629343 0.13682621 56.69056933
15000 0.75392220 0.11811390 65.74355310
15100 0.75111549 0.15813656 53.67543284
15200 0.74575813 0.16742582 51.81936154
15300 0.83091272 0.13406913 52.29268466
15400 0.75658828 0.14303620 57.39684733
15500 0.77252202 0.10508298 67.60919270
15600 0.80402029 0.14025014 52.57854106
15700 0.75910920 0.13876438 58.35891464
15800 0.74659115 0.16912453 51.21265192
15900 0.78329907 0.09763880 68.88876064
16000 0.77810629 0.12278568 60.96364350
16100 0.77928255 0.15004484 52.27289952
16200 0.77683789 0.16653089 47.76182234
16300 0.81535107 0.16501445 44.19110221
16400 0.82097551 0.15477653 46.70088438
16500 0.75362891 0.16653564 50.88826994
16600 0.78824295 0.13593159 55.56430331
16700 0.80156469 0.13065323 55.83593297
16800 0.77444290 0.10385162 67.79164346
16900 0.78539875 0.15131247 51.17384403
17000 0.73176980 0.14672723 60.13788480
17100 0.75836240 0.13384311 60.00819575
17200 0.71868475 0.13902839 64.78928136
17300 0.78384643 0.15420741 50.49245379
17400 0.78405254 0.15914132 49.02129316
17500 0.76144206 0.14807126 55.17963278
17600 0.74888925 0.17762427 48.51149920
17700 0.78524004 0.09332192 70.19455182
17800 0.79142296 0.16283601 47.12606692
17900 0.81587090 0.11549053 59.48714471
18000 0.78078577 0.12729262 59.17604326
18100 0.76463588 0.17305148 47.51196457
18200 0.73859875 0.10896215 71.17859031
18300 0.76120248 0.12560246 62.24925650
18400 0.79518293 0.14824200 51.02225509
18500 0.73656576 0.14556804 59.69478343
18600 0.69979335 0.14198972 67.47651781
18700 0.77550700 0.18535838 42.76684819
18800 0.75605762 0.18075386 46.60644664
18900 0.82271245 0.10274159 63.28088385
19000 0.75350307 0.13090666 61.64095327
19100 0.77192754 0.12821583 59.97380320
19200 0.74129387 0.14128076 60.24760342
19300 0.84135143 0.12129792 55.74235423
19400 0.76508807 0.15162634 53.61403531
19500 0.77540992 0.12076103 61.96049334
19600 0.74307238 0.13139060 63.06911293
19700 0.73877264 0.14680380 58.96109809
19800 0.74492941 0.13477429 61.70706906
19900 0.76086923 0.13149667 60.40087239
20000 0.74236245 0.12025837 66.78957070
20100 0.73736046 0.14104904 60.95115757
20200 0.75468476 0.10726426 69.29215338
20300 0.80325031 0.10120223 65.51019238
20400 0.82904486 0.14234189 49.84407123
20500 0.78281269 0.18064581 43.14227370
20600 0.78471484 0.13120368 57.46088102
20700 0.77623766 0.14782596 53.31313279
20800 0.79163156 0.13680885 54.91620898
20900 0.80990042 0.12238671 57.72420235
21000 0.77010584 0.12605654 60.90593113
21100 0.72912531 0.16637294 54.82123434
21200 0.78094411 0.15067156 51.88591042
21300 0.76412131 0.12609163 61.68982603
21400 0.75520388 0.14505784 56.97781986
21500 0.75439452 0.12910976 62.08575047
21600 0.80262663 0.14523758 51.18085405
21700 0.76828264 0.14290149 55.82947757
21800 0.75245920 0.12250783 64.50970471
21900 0.73800781 0.13932606 61.37988340
22000 0.78979748 0.18776149 40.45681693
22100 0.79058026 0.15141196 50.56374987
22200 0.73790870 0.15706016 56.04366903
22300 0.75523012 0.13714523 59.41821335
22400 0.74456499 0.11665166 67.64057791
22500 0.74830939 0.15805990 54.11953196
22600 0.72813064 0.14651708 60.82047979
22700 0.71811662 0.17791389 53.55620842
22800 0.77537054 0.13838171 56.31922966
22900 0.75834890 0.11274385 66.90337338
23000 0.80040971 0.13296974 55.21320687
23100 0.78988246 0.12280512 59.59118199
23200 0.79242164 0.11805338 60.88083145
23300 0.74329501 0.10981222 70.14208970
23400 0.77135329 0.08958471 73.22457907
23500 0.75891697 0.19694051 41.97176367
23600 0.76989229 0.14534352 54.87179499
23700 0.69287289 0.15543660 64.83461825
23800 0.74660162 0.13663679 60.86378322
23900 0.77757076 0.13643895 56.65472396
24000 0.78020750 0.11369587 63.72535663
24100 0.77824663 0.13043115 58.47406712
24200 0.75857083 0.16844188 49.63859358
24300 0.73792135 0.15917949 55.42303100
24400 0.79340583 0.11517587 61.73475562
24500 0.74067739 0.16609102 52.99400097
24600 0.78830278 0.13451134 56.00468048
24700 0.77869390 0.15959435 49.52530568
24800 0.76071878 0.14422340 56.44929429
24900 0.79609352 0.12016327 59.79441148
25000 0.73267443 0.15980678 56.10497512
25100 0.79538772 0.14755363 51.20876871
25200 0.77830663 0.15566715 50.72055068
25300 0.79002008 0.14544372 52.42505528
25400 0.76065270 0.10952764 67.66954857
25500 0.76230520 0.14313972 56.56154566
25600 0.79356189 0.12272606 59.21865133
25700 0.78277972 0.14929274 52.08272581
25800 0.78166408 0.15423386 50.74050059
25900 0.78043798 0.12989388 58.38150198
26000 0.75014617 0.13580304 60.58794998
26100 0.73498076 0.14441638 60.30634897
26200 0.82074263 0.18771942 37.53641564
26300 0.76680191 0.17367769 47.04787477
26400 0.76657565 0.15152702 53.44408830
26500 0.77337907 0.16083898 49.82347811
26600 0.80963260 0.12381987 57.27987392
26700 0.80681626 0.10312325 64.50334514
26800 0.75984142 0.13534551 59.32593686
26900 0.77653065 0.16068422 49.47415014
27000 0.75958841 0.19458846 42.47523608
27100 0.77662168 0.13360743 57.66323573
27200 0.75561101 0.12851665 62.09986397
27300 0.73969465 0.14728083 58.66835078
27400 0.77218261 0.11617911 63.88683625
27500 0.77018340 0.10646146 67.43553955
27600 0.79245603 0.12717352 57.89132094
27700 0.75982663 0.12641914 62.17657379
27800 0.83331629 0.15540344 45.61692471
27900 0.79136713 0.16336878 46.97927946
28000 0.76324583 0.12997801 60.55788936
28100 0.77986822 0.14907668 52.49324314
28200 0.76649633 0.13938208 57.15336026
28300 0.76634692 0.12142177 62.91339962
28400 0.75460449 0.16316266 51.70775745
28500 0.77703810 0.14318612 54.62719381
28600 0.76070005 0.13587089 59.04078598
28700 0.74258886 0.12334560 65.74068045
28800 0.81434253 0.08985848 68.51955730
28900 0.77900987 0.11961334 61.89697987
29000 0.77434878 0.14046452 55.80022196
29100 0.77912113 0.12526790 60.03131941
29200 0.74948883 0.12130686 65.34639501
29300 0.72182963 0.16752426 55.76861139
29400 0.77479046 0.12431034 60.87559227
29500 0.80678804 0.13947337 52.55762784
29600 0.78112724 0.12803066 58.89749466
29700 0.76855495 0.12013058 63.04581971
29800 0.78510126 0.13919970 54.89927182
29900 0.76717310 0.18435850 44.10419447
30000 0.72080820 0.18558586 51.01227023
30100 0.73143631 0.15251956 58.45416616
30200 0.78596517 0.18397693 41.88610794
30300 0.75248203 0.15207132 55.26152478
30400 0.72550953 0.16425257 56.04925823
30500 0.78420942 0.13613034 55.96080979
30600 0.75218577 0.14817292 56.47431611
30700 0.78228334 0.13679455 55.97743196
30800 0.75949119 0.14470357 56.47431781
30900 0.77979586 0.12599430 59.71436499
31000 0.79710907 0.13307047 55.51543392
31100 0.75246563 0.14987225 55.92152896
31200 0.73286166 0.12549457 66.61949968
31300 0.79267799 0.11647138 61.37967727
31400 0.77824485 0.15923295 49.68489719
31500 0.79872339 0.13365339 55.16606323
31600 0.75628970 0.15324129 54.35919048
31700 0.80142625 0.10021330 66.03376112
31800 0.81064418 0.14185836 51.46786646
31900 0.80312068 0.15642197 47.78683011
32000 0.79007724 0.16154065 47.64590525
32100 0.76656023 0.15264794 53.11220874
32200 0.74414925 0.13882604 60.55934617
32300 0.76738053 0.12852409 60.46734293
32400 0.74933873 0.15414363 55.11490365
32500 0.76890148 0.14290992 55.74557033
32600 0.79623039 0.13253263 55.77683113
32700 0.72949449 0.10819479 72.95146591
32800 0.73497659 0.17286721 52.01765286
32900 0.76910345 0.11992243 63.04255424
33000 0.80304444 0.14936040 49.89227399
33100 0.74761372 0.12907152 63.10833352
33200 0.74392611 0.12054838 66.44871377
33300 0.74024380 0.15176000 57.23457001
33400 0.75273801 0.14803893 56.43329030
33500 0.75626662 0.18233806 46.15110061
33600 0.79669263 0.17292218 43.72226519
33700 0.75816709 0.16326036 51.16809881
33800 0.73326201 0.16847944 53.52769218
33900 0.80310457 0.11520382 60.73860210
34000 0.79185524 0.10958914 63.78742246
34100 0.81116787 0.14889549 49.27753744
34200 0.80733987 0.14023209 52.27102757
34300 0.76409973 0.09189325 73.35466292
34400 0.79552951 0.10493451 64.99213827
34500 0.81753141 0.12482401 56.27024506
34600 0.76488226 0.15515385 52.59552973
34700 0.78101280 0.14370029 53.98873179
34800 0.72893656 0.13712918 63.57542336
34900 0.80109949 0.15816838 47.47350321
35000 0.77438616 0.11046998 65.52973699
35100 0.79577285 0.13772720 54.18880015
35200 0.73972188 0.17537434 50.55416520
35300 0.81015651 0.15274817 48.21525167
35400 0.79295082 0.14213911 53.11892809
35500 0.75362133 0.15717612 53.58626974
35600 0.78020387 0.12106842 61.27354751
35700 0.79553917 0.11541890 61.42828840
35800 0.78670789 0.15940145 48.64130818
35900 0.79756779 0.15538356 48.64560138
36000 0.81102153 0.12195709 57.76465861
36100 0.77855405 0.08825981 72.80254351
36200 0.82277297 0.10802358 61.45594203
36300 0.74181039 0.16345094 53.56715878
36400 0.76410070 0.09015444 73.97872454
36500 0.76583113 0.14149026 56.58977433
36600 0.78837271 0.17057061 45.27071688
36700 0.72400372 0.14055734 63.36472421
36800 0.77893900 0.15406139 51.11771302
36900 0.80169020 0.14679848 50.79799003
37000 0.75342041 0.14046373 58.64913915
37100 0.76564899 0.09539602 71.89708851
37200 0.77244568 0.13036584 59.21805116
37300 0.77706188 0.10682392 66.44180000
37400 0.78723554 0.16891418 45.86253090
37500 0.82612840 0.13156050 53.43036391
37600 0.73204367 0.16173837 55.65204737
37700 0.78790218 0.13897897 54.64999979
37800 0.75077769 0.12600874 63.61881737
37900 0.69645909 0.17282383 59.12776631
38000 0.74176796 0.14355879 59.47179561
38100 0.75460523 0.09269589 74.40293278
38200 0.81306503 0.09753089 65.89608175
38300 0.71552153 0.11555204 72.94387215
38400 0.76091278 0.11535222 65.66719690
38500 0.79228720 0.10888456 63.98089462
38600 0.77583482 0.17204205 46.33880695
38700 0.83536259 0.10836163 60.44738435
38800 0.79766550 0.09514085 68.19868513
38900 0.77060812 0.11537240 64.35894326
39000 0.76156621 0.12760233 61.55208544
39100 0.75114216 0.18030139 47.44799817
39200 0.79665181 0.14666083 51.34775130
39300 0.74104960 0.10261285 72.97153169
39400 0.73941522 0.16409846 53.76358166
39500 0.74538992 0.14623306 58.08931398
39600 0.77551966 0.11907949 62.50186934
39700 0.75928482 0.13325104 60.06533179
39800 0.77457232 0.13404386 57.78019253
39900 0.78638571 0.16495596 47.07915649
40000 0.79166633 0.14685190 51.81747853
40100 0.76078639 0.14845567 55.15470680
40200 0.78834780 0.13623387 55.45770018
40300 0.73623643 0.15520373 56.86167460
40400 0.76813332 0.13072455 59.66281572
40500 0.76208147 0.14533012 55.92262775
40600 0.79081318 0.13758320 54.76301042
40700 0.77953211 0.15785776 49.92979881
40800 0.74593080 0.15765659 54.60099453
40900 0.77320238 0.12938994 59.43422434
41000 0.73813318 0.13674753 62.16398991
41100 0.79202273 0.15745875 48.61973607
41200 0.75674246 0.16887074 49.77819192
41300 0.81972321 0.14010784 51.23875795
41400 0.78357012 0.11972709 61.31805579
41500 0.80124019 0.11136524 62.21349997
41600 0.80976317 0.12745343 56.08948756
41700 0.79199413 0.13301638 56.07194245
41800 0.77886674 0.16325392 48.44828915
41900 0.76614005 0.10138090 69.72688140
42000 0.77362911 0.15370706 51.87955468
42100 0.77613944 0.15223033 52.00410790
42200 0.77631881 0.16816174 47.36492146
42300 0.75652675 0.13162236 60.97444851
42400 0.77198137 0.16985962 47.43370114
42500 0.75737485 0.22032159 36.54705213
42600 0.81624497 0.12725303 55.59025586
42700 0.83444436 0.14534348 48.55656868
42800 0.75672128 0.13438990 60.06926527
42900 0.78046175 0.12020991 61.52545000
43000 0.77358122 0.19340910 40.91029862
43100 0.75234639 0.11810740 65.97714406
43200 0.75899073 0.13012616 61.10144508
43300 0.74213310 0.14928326 57.67625691
43400 0.75140419 0.10996763 68.85136455
43500 0.81762635 0.12557151 56.01963152
43600 0.78443465 0.13013220 57.83538049
43700 0.75170781 0.16666678 51.13414159
43800 0.80945018 0.12845931 55.79384366
43900 0.83364035 0.10467275 61.82725838
44000 0.79858028 0.14608336 51.32564216
44100 0.76774928 0.13715182 57.68211665
44200 0.72123985 0.12705313 68.12493690
44300 0.79159047 0.15432805 49.58726472
44400 0.76170390 0.16077471 51.38853939
44500 0.75981464 0.14888795 55.16020136
44600 0.78959930 0.08304521 73.42206626
44700 0.76611339 0.12525988 61.69088488
44800 0.82525048 0.11150247 60.08403344
44900 0.79407906 0.11321141 62.32290150
45000 0.75606075 0.15040738 55.23712176
45100 0.76322171 0.12759931 61.32525192
45200 0.75838932 0.14196139 57.47068617
45300 0.79035498 0.11918640 60.72983348
45400 0.78507112 0.17268223 45.05689548
45500 0.75893619 0.13752377 58.77019720
45600 0.77016427 0.13799272 57.10292981
45700 0.75052474 0.15083003 55.92276262
45800 0.79364434 0.15188694 50.09146317
45900 0.74721156 0.12879699 63.25784043
46000 0.78542544 0.16573717 46.96634303
46100 0.80868690 0.12073462 58.37688521
46200 0.70704935 0.20745326 48.02943587
46300 0.73440852 0.18772078 48.10546418
46400 0.77122573 0.15748219 51.07474277
46500 0.77707386 0.12549477 60.20723969
46600 0.77204634 0.13945780 56.40429973
46700 0.74365185 0.13675644 61.28313600
46800 0.74055715 0.19101267 46.24823014
46900 0.75498923 0.13544029 59.98796615
47000 0.77333019 0.17515497 45.79251377
47100 0.79459377 0.12517608 58.31052699
47200 0.80163816 0.13266855 55.18715154
47300 0.76375974 0.14148938 56.87010704
47400 0.77653289 0.11913553 62.35771214
47500 0.77596686 0.13522929 57.23240872
47600 0.79559830 0.14037519 53.38362030
47700 0.74470733 0.14174324 59.56902091
47800 0.75183662 0.17386441 49.10162525
47900 0.79111801 0.13352021 56.00737305
48000 0.78750794 0.12484784 59.18919700
48100 0.76738109 0.11512932 64.86307496
48200 0.74389066 0.14553188 58.53548248
48300 0.73706758 0.17326089 51.56575371
48400 0.74277579 0.12681039 64.58548948
48500 0.75101415 0.13652783 60.23079133
48600 0.74747169 0.14084131 59.42199244
48700 0.71873356 0.13668519 65.51184747
48800 0.77232090 0.13590772 57.47795771
48900 0.79139294 0.17430797 43.90079512
49000 0.77818775 0.15557010 50.76359487
49100 0.74819894 0.14119120 59.20321814
49200 0.78865438 0.16228013 47.59028675
49300 0.75496040 0.15900569 52.85708764
49400 0.77952161 0.13567632 56.65720880
49500 0.75077743 0.14740836 56.91453894
49600 0.77051048 0.11798173 63.50183504
49700 0.79669575 0.14682305 51.29401643
49800 0.77043193 0.08972409 73.29330761
49900 0.76082940 0.11568476 65.56756840
50000 0.78609774 0.18266756 42.22017905
50100 0.75148973 0.13796425 59.71080355
50200 0.77780641 0.12062763 61.70871622
50300 0.82226756 0.12222223 56.74029769
50400 0.75575315 0.14117890 58.08881213
50500 0.75470965 0.11680058 66.06557050
50600 0.77394923 0.15215039 52.30159374
50700 0.71767653 0.11817926 71.67342452
50800 0.80866649 0.16323475 45.28806028
50900 0.73835319 0.15226019 57.38934375
51000 0.74352159 0.13062737 63.24218418
51100 0.78070673 0.09207164 71.17179603
51200 0.80403828 0.09972390 65.95099923
51300 0.77487568 0.16400025 48.72597529
51400 0.77655009 0.11066160 65.19521671
51500 0.78443341 0.16281041 47.91674794
51600 0.76321153 0.11642284 64.99240367
51700 0.79191167 0.12105840 59.94282986
51800 0.78456096 0.12843292 58.36578116
51900 0.78292321 0.09752504 68.97278713
52000 0.74951490 0.14290360 58.47698157
52100 0.79684474 0.15599712 48.53934878
52200 0.79757902 0.13956951 53.42857320
52300 0.78103903 0.13079852 58.02065037
52400 0.79358431 0.11888767 60.47983747
52500 0.73922202 0.13426134 62.77022967
52600 0.76441744 0.14922886 54.42295391
52700 0.71140988 0.13650288 66.92333724
52800 0.77930360 0.11004946 65.06699419
52900 0.74764703 0.16830703 51.28117899
53000 0.79119947 0.13031395 57.01836117
53100 0.71892635 0.15721010 59.25679594
53200 0.80498480 0.13743230 53.36322759
53300 0.75948562 0.15004867 54.85754644
53400 0.77361345 0.18443884 43.24814553
53500 0.73214056 0.14113505 61.78717511
53600 0.73087309 0.17306982 52.64711884
53700 0.79749740 0.15743743 48.04981915
53800 0.78080019 0.12144546 61.07833968
53900 0.76180235 0.15560115 52.88463802
54000 0.72107590 0.12815083 67.80035896
54100 0.76396994 0.12137253 63.25009544
54200 0.80830931 0.11818063 59.25563997
54300 0.76331115 0.17505620 47.13896626
54400 0.80686305 0.10917173 62.41920203
54500 0.72109590 0.16877008 55.54847313
54600 0.74549044 0.16520528 52.49061910
54700 0.72353895 0.15769674 58.28984966
54800 0.73081509 0.16903652 53.78200561
54900 0.80316247 0.11292505 61.49851472
55000 0.80441800 0.12422214 57.63356585
55100 0.73457347 0.16611871 53.97726148
55200 0.74045269 0.14686873 58.67195718
55300 0.78436678 0.16388591 47.61615761
55400 0.78584360 0.13108574 57.36899323
55500 0.78922902 0.12701065 58.29616532
55600 0.78018890 0.12875917 58.77518490
55700 0.79476670 0.16247774 46.87154789
55800 0.73813672 0.20033925 44.26510586
55900 0.82751812 0.12651259 54.94886447
56000 0.76057618 0.13782682 58.44554863
56100 0.78299067 0.09223599 70.84313402
56200 0.77641234 0.17512519 45.41503599
56300 0.82178478 0.11310185 59.80899329
56400 0.75650406 0.14933133 55.49636665
56500 0.77638172 0.12757289 59.62036155
56600 0.80940679 0.15777142 46.80233536
56700 0.75914643 0.13844247 58.45391174
56800 0.78330459 0.12685691 59.01963562
56900 0.79044387 0.10412476 65.81611481
57000 0.76548368 0.13371235 59.06625754
57100 0.75541424 0.17846471 47.31822674
57200 0.77789796 0.11976456 61.98217796
57300 0.78476532 0.16983227 45.88649483
57400 0.77219867 0.17736217 45.33228267
57500 0.74452129 0.14563957 58.40445152
57600 0.79759673 0.12420561 58.31420626
57700 0.78384135 0.17383400 44.88024586
57800 0.78635492 0.12619195 58.88342703
57900 0.75627597 0.12950500 61.68681969
58000 0.81282550 0.13811573 52.43559639
58100 0.78943084 0.15567559 49.42619842
58200 0.74532261 0.13774512 60.71410206
58300 0.73064094 0.15835000 56.87110840
58400 0.73869586 0.12603424 65.48642059
58500 0.73377956 0.14752380 59.56054226
58600 0.78893781 0.14928725 51.38148279
58700 0.72939555 0.15985115 56.64611494
58800 0.77005845 0.15484520 52.00058171
58900 0.80516610 0.11720796 59.87200606
59000 0.78753124 0.15243533 50.59697869
59100 0.82378023 0.11017205 60.64624424
59200 0.74981997 0.12810535 63.08510249
59300 0.71533293 0.16689127 57.12624145
59400 0.75261261 0.15844785 53.36284815
59500 0.75372593 0.14489510 57.24255212
59600 0.80184636 0.15289210 48.95361992
59700 0.76527420 0.15194435 53.49410423
59800 0.76618945 0.13245444 59.37022414
59900 0.72445510 0.16531810 55.92989808
60000 0.80435785 0.12017251 58.96679690
60100 0.78037246 0.09666344 69.57873785
60200 0.75309350 0.15303266 54.88556064
60300 0.79538071 0.15491255 49.01090114
60400 0.76192475 0.14691524 55.46257172
60500 0.77269945 0.14965860 53.20519157
60600 0.77457207 0.14165124 55.40556211
60700 0.76998372 0.15771442 51.16754620
60800 0.75849149 0.14249462 57.29210839
60900 0.75614631 0.12053889 64.61925530
61000 0.77076347 0.13518175 57.90630677
61100 0.76974354 0.16086566 50.28270763
61200 0.75564294 0.14457146 57.06277697
61300 0.70911259 0.13903702 66.56798925
61400 0.78965407 0.13906755 54.42760548
61500 0.74765566 0.14993344 56.62436980
61600 0.75456182 0.16679797 50.67782770
61700 0.76062804 0.12368623 62.95261131
61800 0.73578698 0.12961487 64.80627402
61900 0.79355433 0.11999820 60.11593299
62000 0.74457896 0.13285305 62.36894415
62100 0.76650196 0.19804543 40.65141599
62200 0.76518527 0.12515871 61.84843771
62300 0.78192328 0.15196965 51.38210125
62400 0.75698610 0.10690357 69.08406891
62500 0.77102084 0.13080683 59.25995109
62600 0.76063361 0.17441179 47.68592542
62700 0.78165445 0.12370195 60.23804348
62800 0.78672118 0.18137916 42.49462247
62900 0.79948720 0.15215756 49.40647226
63000 0.75303618 0.18537825 45.81151763
63100 0.74718051 0.15246676 55.93991284
63200 0.78082316 0.10732238 65.81553411
63300 0.77104329 0.11879687 63.16267408
63400 0.82290278 0.11261832 59.88519139
63500 0.77036079 0.10964429 66.32416579
63600 0.74470373 0.15688541 55.01654668
63700 0.81958992 0.11766123 58.45742019
63800 0.76417944 0.12085833 63.39073145
63900 0.76006182 0.13306622 60.01485612
64000 0.77980763 0.14148789 54.81296301
64100 0.78500002 0.12079689 60.79984231
64200 0.72190765 0.18535824 50.87607356
64300 0.74388497 0.13358671 62.24463444
64400 0.75913518 0.15056840 54.75108958
64500 0.77072644 0.14242947 55.65564286
64600 0.78328745 0.14935262 52.00533210
64700 0.79367447 0.15756011 48.41310316
64800 0.75937772 0.14230636 57.22500055
64900 0.76869140 0.12963770 59.93697568
65000 0.79784451 0.13876896 53.65025269
65100 0.74404358 0.11185068 69.33368324
65200 0.75406398 0.13096337 61.54084745
65300 0.71724049 0.16679844 56.80208180
65400 0.74971905 0.14512142 57.76765684
65500 0.75956640 0.11421906 66.23521741
65600 0.78838798 0.15521511 49.67768708
65700 0.81052357 0.13787524 52.71394816
65800 0.78246384 0.12841409 58.61612284
65900 0.78549701 0.15156932 51.08590156
66000 0.69361544 0.14273881 68.50201208
66100 0.78650589 0.15918236 48.72790598
66200 0.75930339 0.14994795 54.91338339
66300 0.78990950 0.14352667 53.02291134
66400 0.78397925 0.12979053 57.99745997
66500 0.75440932 0.13288071 60.88064403
66600 0.76308692 0.15156143 53.90538657
66700 0.77601195 0.11723521 63.05272114
66800 0.75988618 0.16797331 49.58546854
66900 0.79071017 0.11052078 63.59520529
67000 0.74856319 0.16690406 51.53820945
67100 0.78199532 0.10806247 65.42318782
67200 0.80349718 0.12064852 58.89259559
67300 0.74947937 0.19757881 43.18645935
67400 0.78364146 0.13968271 54.91806376
67500 0.76652909 0.12666267 61.18075735
67600 0.77940477 0.15677345 50.26251104
67700 0.78289770 0.17272295 45.29775457
67800 0.79611683 0.08964619 70.32329198
67900 0.79105768 0.11946657 60.56038768
68000 0.75922543 0.16670408 50.03702921
68100 0.72970436 0.15940633 56.72264387
68200 0.76245897 0.15107438 54.13703165
68300 0.76992000 0.15223350 52.79284807
68400 0.77068089 0.13731383 57.24803506
68500 0.72991984 0.11426080 70.82403534
68600 0.75787159 0.08553910 76.51611493
68700 0.80752821 0.14215930 51.65846301
68800 0.74742074 0.16858871 51.23637033
68900 0.80487260 0.13809031 53.16843785
69000 0.75003885 0.12337951 64.58464549
69100 0.78704696 0.15411428 50.15337562
69200 0.77492647 0.14152073 55.40142294
69300 0.75900121 0.13513222 59.51118901
69400 0.69360257 0.16897762 60.78673664
69500 0.80665819 0.17465994 42.26242025
69600 0.79132567 0.11364294 62.47309115
69700 0.76144509 0.16494718 50.22628803
69800 0.74380830 0.12329180 65.56704675
69900 0.74754387 0.15818305 54.20000273
70000 0.80005688 0.13988477 53.08004187
70100 0.74545295 0.12967496 63.24646120
70200 0.79769045 0.13763870 54.01841416
70300 0.77991739 0.11838154 62.19531984
70400 0.77436748 0.18729192 42.39953357
70500 0.77229360 0.16389256 49.08319500
70600 0.77406940 0.14895645 53.24286844
70700 0.74066035 0.14283617 59.86937118
70800 0.77658250 0.13366539 57.64973363
70900 0.77540584 0.13893750 56.14179194
71000 0.78584733 0.15423125 50.25499378
71100 0.78201370 0.15209727 51.33340180
71200 0.77389318 0.12646721 60.28819733
71300 0.79515130 0.14521679 51.94302752
71400 0.72138013 0.14356023 62.90519713
71500 0.78432293 0.12617104 59.12318986
71600 0.76529295 0.13555841 58.50975078
71700 0.77631012 0.10243932 68.04880772
71800 0.73982839 0.10710672 71.61537381
71900 0.74083910 0.11921287 67.37615731
72000 0.77610803 0.12633796 60.05316846
72100 0.76419490 0.15693695 52.16448753
72200 0.77858052 0.14440076 54.06679177
72300 0.77019659 0.13063880 59.42025016
72400 0.75835599 0.15325175 54.06127474
72500 0.78129464 0.14372461 53.94778927
72600 0.76712246 0.12399971 61.96631408
72700 0.79606999 0.11655591 60.99320381
72800 0.73025386 0.11012529 72.16428564
72900 0.74369370 0.11684191 67.71298607
73000 0.75729929 0.18130910 46.27914559
73100 0.80672001 0.09750085 66.47840223
73200 0.76008855 0.11690517 65.26368809
73300 0.74696639 0.13391909 61.66321375
73400 0.75473728 0.15526958 53.98363982
73500 0.74308140 0.14011031 60.32753459
73600 0.76314385 0.15334445 53.36706009
73700 0.78483767 0.11238441 63.62332295
73800 0.75371471 0.14160586 58.25316674
73900 0.75087927 0.13396169 61.05860393
74000 0.78540106 0.13452243 56.32950597
74100 0.79252629 0.11973934 60.31135085
74200 0.74209968 0.11326253 69.16231768
74300 0.78481268 0.08875936 71.88146154
74400 0.77574345 0.14823770 53.25008905
74500 0.76826236 0.17883304 45.44316278
74600 0.74555336 0.11395948 68.38849712
74700 0.77565972 0.14464017 54.35256555
74800 0.75989503 0.09405936 73.16156909
74900 0.80342811 0.11696324 60.11980800
75000 0.77394374 0.15725835 50.79392812
75100 0.78786583 0.12500952 59.09644303
75200 0.79625076 0.16562279 45.81715130
75300 0.76472146 0.15030647 54.05824577
75400 0.76482933 0.17041570 48.21924523
75500 0.77597057 0.14035219 55.63253266
75600 0.74090911 0.12979174 63.92161989
75700 0.78053231 0.14199801 54.56887799
75800 0.77198483 0.15526905 51.62710835
75900 0.75769194 0.13295122 60.38575512
76000 0.75285231 0.16132501 52.49284620
76100 0.74762820 0.10736104 70.30931206
76200 0.78973513 0.12989980 57.31123822
76300 0.82063032 0.13630008 52.35359177
76400 0.76199371 0.16216836 50.94639380
76500 0.78427961 0.09925636 68.20615427
76600 0.75739628 0.11024237 67.88553243
76700 0.76435423 0.16594369 49.54388257
76800 0.75807072 0.17399002 48.16271658
76900 0.80323320 0.12057839 58.94120535
77000 0.77673858 0.13540710 57.08103656
77100 0.76026695 0.14958856 54.88617920
77200 0.76183740 0.12938551 60.94127773
77300 0.76585209 0.14094546 56.75518661
77400 0.77015899 0.15722979 51.28654137
77500 0.76326377 0.14844276 54.81678271
77600 0.77129679 0.15847045 50.77699683
77700 0.79867591 0.15515918 48.59884114
77800 0.73695299 0.14971517 58.37765495
77900 0.74135490 0.13184302 63.19606559
78000 0.76075733 0.12601710 62.17672052
78100 0.72577852 0.11896416 69.96892556
78200 0.76767072 0.09873794 70.44803546
78300 0.77870604 0.17153699 46.12693457
78400 0.75119648 0.15586854 54.32790083
78500 0.77071009 0.15551263 51.71934449
78600 0.74248529 0.18523318 47.45617691
78700 0.80896979 0.14792588 49.76763533
78800 0.76040216 0.16830174 49.42073443
78900 0.79333791 0.14021820 53.67078147
79000 0.77030987 0.13915647 56.72161491
79100 0.78359997 0.17131474 45.60722067
79200 0.80909831 0.15895155 46.48615883
79300 0.77703340 0.14905322 52.84487485
79400 0.79313789 0.12853937 57.37822420
79500 0.78331099 0.15989244 48.88936090
79600 0.83671371 0.13505855 51.59663558
79700 0.80697662 0.12570150 56.91143232
79800 0.81665270 0.14667124 49.47755435
79900 0.77691228 0.14036421 55.51245454
80000 0.79479365 0.10640305 64.56362175
80100 0.78826335 0.12703452 58.39589163
80200 0.77275943 0.13270849 58.43203322
80300 0.75558570 0.14304493 57.53845119
80400 0.69786846 0.14907508 65.70648415
80500 0.78574642 0.14610874 52.70188849
80600 0.79371700 0.15598152 48.87147244
80700 0.80680235 0.11187723 61.50640437
80800 0.79472211 0.14903237 50.83247284
80900 0.75168401 0.16908104 50.45654700
81000 0.77202400 0.12862391 59.83022475
81100 0.75338051 0.12270316 64.31024825
81200 0.73419835 0.15548131 57.11572177
81300 0.77706158 0.11496723 63.68040420
81400 0.75583962 0.16114927 52.10847952
81500 0.77576781 0.13909634 56.04736092
81600 0.78120235 0.11331356 63.73532022
81700 0.77563428 0.16010883 49.75186164
81800 0.76569073 0.14596157 55.23917151
81900 0.72779074 0.13278884 65.13947500
82000 0.77075282 0.15208266 52.72978801
82100 0.76016768 0.14078527 57.58341392
82200 0.76880376 0.14256977 55.86290015
82300 0.74632334 0.13653553 60.93824558
82400 0.76447275 0.11282273 66.02807304
82500 0.78104485 0.10251236 67.44899417
82600 0.75980216 0.11014268 67.57921586
82700 0.78660024 0.16228331 47.82020024
82800 0.76311278 0.12711102 61.49770108
82900 0.79125005 0.12020282 60.29636748
83000 0.81257530 0.12259222 57.41946559
83100 0.76523595 0.16887065 48.59753126
83200 0.76514159 0.18061388 45.37783496
83300 0.77620013 0.11591220 63.47053285
83400 0.77783674 0.15023976 52.39003369
83500 0.73148851 0.15079893 58.95870292
83600 0.74867436 0.13738140 60.31492093
83700 0.80847413 0.12052915 58.46401263
83800 0.75858029 0.14147269 57.59431872
83900 0.81793206 0.14878764 48.73201563
84000 0.77573474 0.12460120 60.66311692
84100 0.74533389 0.15766461 54.69079256
84200 0.80467968 0.12208292 58.30778545
84300 0.78453986 0.15518308 50.12403026
84400 0.76801096 0.14126295 56.36983553
84500 0.75530084 0.12270271 64.03068220
84600 0.78467311 0.13069551 57.62782338
84700 0.81035354 0.11920143 58.73208934
84800 0.75109952 0.12535538 63.78274155
84900 0.75497791 0.16409736 51.38586328
85000 0.75475587 0.14048736 58.44696694
85100 0.75991110 0.13170412 60.46858380
85200 0.75150838 0.12333390 64.38025271
85300 0.78511788 0.13684478 55.63204744
85400 0.74448707 0.12799738 63.93497874
85500 0.81027144 0.11624383 59.72219666
85600 0.77414644 0.12843762 59.62074061
85700 0.75264581 0.11875928 65.71683472
85800 0.76393700 0.10238604 69.67430442
85900 0.76221045 0.18944006 43.43872040
86000 0.75660234 0.12734000 62.33618347
86100 0.76409013 0.13763091 58.02297022
86200 0.81212755 0.17523262 41.60934176
86300 0.74826316 0.12761923 63.47671475
86400 0.80691468 0.14336843 51.34389762
86500 0.77575817 0.14929319 52.93030937
86600 0.79295280 0.12133004 59.74152365
86700 0.78656356 0.15297419 50.54607854
86800 0.81233816 0.16511793 44.42119581
86900 0.70538203 0.15269862 63.13213255
87000 0.77006309 0.14011835 56.45511874
87100 0.77134325 0.09341504 71.85269594
87200 0.70245066 0.14160147 67.06769889
87300 0.78007484 0.12248372 60.82447782
87400 0.74777838 0.14499005 58.10124671
87500 0.72147363 0.16481159 56.60204871
87600 0.77290532 0.14509110 54.56124570
87700 0.76122503 0.14925400 54.85332478
87800 0.78878686 0.14394555 53.01884352
87900 0.74270161 0.18687416 46.98899547
88000 0.79003010 0.14168157 53.57681784
88100 0.74504849 0.11710252 67.41535273
88200 0.74831635 0.09907079 73.07962088
88300 0.77727010 0.14637304 53.62598101
88400 0.76494630 0.09923174 70.63893703
88500 0.75991036 0.12919368 61.27090230
88600 0.72254502 0.15206566 60.12756914
88700 0.75454222 0.14457540 57.22107667
88800 0.78260415 0.13785286 55.60881084
88900 0.76370652 0.14221887 56.65256746
89000 0.74354597 0.15636102 55.35085812
89100 0.76719398 0.12100430 62.93780374
89200 0.76768326 0.12489517 61.60043598
89300 0.70377147 0.16702690 59.28970733
89400 0.82440087 0.13078360 53.80716914
89500 0.75520557 0.12884276 62.05369947
89600 0.76819350 0.13250283 59.08870426
89700 0.73915517 0.15267700 57.13601273
89800 0.75738815 0.13640805 59.33902583
89900 0.74368937 0.14260169 59.46336745
90000 0.71143228 0.11915016 72.50969952
90100 0.76518544 0.18012897 45.50267005
90200 0.73802642 0.16492028 53.75294484
90300 0.76459901 0.16006254 51.19858017
90400 0.75365609 0.12979846 61.97278405
90500 0.75683720 0.12195356 64.05502509
90600 0.74542293 0.12432131 64.98034131
90700 0.73686302 0.16749609 53.21106672
90800 0.79042758 0.12959660 57.33222600
90900 0.78669808 0.14680610 52.38193441
91000 0.78719235 0.18447456 41.61466336
91100 0.83762610 0.18826710 36.19730762
91200 0.80386172 0.14523065 51.06346128
91300 0.78107230 0.14134842 54.70479898
91400 0.76347019 0.14366545 56.24062225
91500 0.76699050 0.13762674 57.63429067
91600 0.75528852 0.18510550 45.55525483
91700 0.80809539 0.13806183 52.87593854
91800 0.78768747 0.14622334 52.44718168
91900 0.78872400 0.15762116 48.93386686
92000 0.75433360 0.16251797 51.93231014
92100 0.79153167 0.13570529 55.27327095
92200 0.75772027 0.11540515 66.09861631
92300 0.79497940 0.14685190 51.46404959
92400 0.75106902 0.12453244 64.05478520
92500 0.77345553 0.14486405 54.56072641
92600 0.76762419 0.12341406 62.09086441
92700 0.71562146 0.15710835 59.89048155
92800 0.78420980 0.14963505 51.81323814
92900 0.74094713 0.13098536 63.53407734
93000 0.78716406 0.13627044 55.57909334
93100 0.75611752 0.12674138 62.59915107
93200 0.79600052 0.13539493 54.89611933
93300 0.78946963 0.14590986 52.34388868
93400 0.72320477 0.12911486 67.11191425
93500 0.76979061 0.07002389 80.66816602
93600 0.78685429 0.15636178 49.51267903
93700 0.78082950 0.17540450 44.80214892
93800 0.77383290 0.16609260 48.26077509
93900 0.78804060 0.10576380 65.51673328
94000 0.73652577 0.16072322 55.20243973
94100 0.75544264 0.11935275 65.11221679
94200 0.76911076 0.14575498 54.84851412
94300 0.73793256 0.14875678 58.50666537
94400 0.79889833 0.14143580 52.71670699
94500 0.74304768 0.17822452 49.24797137
94600 0.76845003 0.16723956 48.62943191
94700 0.74500745 0.14826986 57.53188446
94800 0.77971667 0.13239031 57.67199677
94900 0.75891077 0.11424848 66.31762751
95000 0.77386558 0.12978123 59.22497677
95100 0.75380539 0.08535205 77.17049465
95200 0.76628250 0.13379763 58.93215402
95300 0.78493465 0.13653719 55.74948227
95400 0.75533196 0.12679347 62.69565288
95500 0.79607752 0.12995799 56.61338394
95600 0.77287976 0.12648899 60.40946522
95700 0.78771399 0.15246792 50.56674348
95800 0.71353417 0.12955177 68.72828505
95900 0.80600413 0.09977351 65.74691028
96000 0.74576173 0.18794387 46.23143021
96100 0.78117558 0.16360558 48.07050331
96200 0.77667555 0.10062760 68.63499844
96300 0.73398025 0.16430790 54.59126823
96400 0.79016664 0.15019828 50.97221897
96500 0.74321561 0.18504359 47.39162316
96600 0.73244885 0.15440134 57.72597663
96700 0.78332306 0.09896758 68.41863324
96800 0.78615753 0.15704728 49.39070296
96900 0.80698114 0.14709993 50.20047874
97000 0.77700522 0.06375825 82.15520431
97100 0.79660320 0.13670028 54.42380725
97200 0.72973633 0.14694417 60.41627670
97300 0.80236080 0.13990471 52.84625034
97400 0.77930186 0.15704294 50.19594013
97500 0.74895169 0.14000006 59.45777836
97600 0.81296287 0.15367600 47.69168705
97700 0.75524388 0.11575853 66.33584631
97800 0.74147406 0.13938368 60.80648511
97900 0.75283896 0.16765857 50.68652865
98000 0.76896219 0.15469286 52.18860772
98100 0.77031784 0.14396937 55.23610584
98200 0.76680895 0.15245587 53.13618267
98300 0.77873716 0.11769882 62.56437545
98400 0.75855609 0.15811780 52.60079889
98500 0.80627163 0.07717248 73.89268477
98600 0.76801861 0.10771414 67.28934957
98700 0.77217115 0.10441831 67.88346159
98800 0.75497680 0.12499153 63.33111799
98900 0.76387569 0.14605854 55.45511758
99000 0.79271818 0.11140182 63.07906011
99100 0.78534517 0.13600240 55.87011198
99200 0.77979876 0.16740738 47.15346264
99300 0.73591248 0.18600740 48.30840239
99400 0.79338210 0.12426492 58.73535883
99500 0.74667501 0.15632699 54.87619494
99600 0.78602510 0.18472545 41.68043368
99700 0.75394176 0.15953729 52.85079849
99800 0.74486198 0.14525451 58.46880845
99900 0.77700422 0.12263768 61.14702608
100000 0.75464895 0.15993385 52.63264989
100100 0.76550084 0.15740509 51.85090084
100200 0.75666119 0.15989790 52.35262234
100300 0.76069974 0.15109829 54.37339625
100400 0.76889738 0.13395354 58.53663074
100500 0.76825919 0.18457404 43.90329058
100600 0.76618519 0.11934805 63.61855782
100700 0.72662974 0.17118140 53.89853068
100800 0.72915847 0.15540919 57.98528779
100900 0.77689422 0.13669203 56.65846025
101000 0.79223900 0.13172160 56.45678597
101100 0.74901755 0.15377201 55.27336207
101200 0.68277690 0.14102783 71.32483771
101300 0.80346908 0.12009640 59.07730348
101400 0.73584631 0.15662005 56.50911380
101500 0.75578024 0.14373853 57.29771282
101600 0.75967800 0.13358161 59.90543039
101700 0.80863387 0.14058811 52.04174385
101800 0.76724824 0.12455493 61.76876109
101900 0.77528114 0.12716443 59.88879982
102000 0.78326374 0.12218618 60.54462644
102100 0.79540288 0.13730160 54.36042489
102200 0.80953009 0.14226026 51.44427497
102300 0.77671313 0.16016233 49.60276481
102400 0.77965461 0.11861868 62.14829742
102500 0.74984569 0.14812947 56.83606644
102600 0.74443939 0.12876573 63.69527995
102700 0.75921839 0.16834078 49.57568968
102800 0.76454631 0.13717101 58.10484090
102900 0.82442223 0.14157798 50.41807160
103000 0.78979410 0.11248278 63.03160851
103100 0.81999988 0.13207461 53.73828782
103200 0.74653049 0.13510085 61.35718212
103300 0.73707457 0.14520898 59.72113162
103400 0.78435328 0.17509677 44.47297521
103500 0.73723399 0.11910513 67.99209446
103600 0.78368010 0.12834989 58.49455503
103700 0.77623037 0.17564261 45.29544840
103800 0.78389673 0.13554540 56.18083295
103900 0.77224921 0.12446453 61.14680153
104000 0.78331016 0.14425392 53.54859158
104100 0.81270512 0.15363039 47.72767209
104200 0.76621795 0.12356890 62.22745130
104300 0.74012805 0.11990850 67.25971873
104400 0.73651655 0.11523533 69.39711046
104500 0.76937246 0.14780272 54.19337350
104600 0.75009598 0.10589359 70.44021730
104700 0.77740886 0.13885475 55.91997647
104800 0.78368544 0.13105352 57.62796725
104900 0.76982312 0.10936771 66.48818864
105000 0.78335275 0.15348571 50.76365206
105100 0.78919521 0.13731165 55.02585391
105200 0.73602392 0.15317184 57.49755565
105300 0.76442862 0.13340165 59.30705829
105400 0.79102999 0.10209133 66.45745159
105500 0.74256202 0.14445345 59.07270461
105600 0.75306537 0.12782792 62.69231734
105700 0.78863904 0.13920781 54.49652509
105800 0.79849633 0.13485488 54.80972082
105900 0.80266732 0.15680083 47.71970318
106000 0.79519335 0.13639636 54.66583943
106100 0.78147539 0.12942151 58.40932634
106200 0.78372805 0.13355218 56.82919503
106300 0.78188351 0.09221768 70.97984704
106400 0.75835820 0.12808254 61.84662721
106500 0.73751660 0.17343245 51.44523337
106600 0.77821391 0.13463467 57.14357181
106700 0.77001570 0.11197700 65.57773334
106800 0.79400761 0.13370635 55.63803000
106900 0.76405737 0.12351970 62.53489308
107000 0.78911815 0.15801715 48.77438624
107100 0.79149950 0.11227033 62.91684451
107200 0.77780371 0.15515715 50.93212079
107300 0.75998191 0.13960776 57.97420485
107400 0.74752674 0.13558924 61.05111095
107500 0.75691457 0.15905108 52.56235681
107600 0.74961925 0.14142742 58.91570531
107700 0.74298955 0.15569423 55.63408498
107800 0.78325680 0.10473619 66.41803748
107900 0.75170314 0.17757992 48.10232916
108000 0.75938580 0.15943785 52.09935652
108100 0.80396674 0.14084085 52.40088415
108200 0.80866654 0.12175876 58.04205692
108300 0.76202200 0.10771759 68.09758882
108400 0.74672422 0.11230224 68.76662062
108500 0.74486521 0.12487825 64.88547710
108600 0.74267312 0.12868160 63.99863163
108700 0.71650105 0.14873307 62.21681459
108800 0.69221282 0.15983957 63.68429353
108900 0.76545328 0.16884974 48.57414389
109000 0.73740752 0.13088744 64.13456846
109100 0.77647880 0.15370539 51.52399049
109200 0.77546829 0.11431780 64.09534448
109300 0.77133236 0.15521343 51.72724324
109400 0.76120225 0.15337253 53.62633654
109500 0.74509653 0.15244285 56.26767162
109600 0.79272105 0.14166169 53.29064162
109700 0.71176562 0.15733461 60.54260613
109800 0.78245963 0.13512144 56.48212311
109900 0.78652594 0.09825599 68.30010487
110000 0.79540164 0.14968924 50.56368340
110100 0.73008087 0.15610415 57.62363995
110200 0.73400234 0.12196621 67.58069540
110300 0.79026297 0.14851287 51.46835353
110400 0.75645182 0.12518234 63.05629549
110500 0.76162443 0.10703857 68.38517242
110600 0.75381398 0.13833479 59.25277921
110700 0.74307911 0.12068934 66.53483672
110800 0.75350175 0.14653196 56.77729257
110900 0.78124019 0.11027672 64.75790091
111000 0.78814000 0.16083207 48.06537741
111100 0.76435097 0.11297251 65.99409265
111200 0.79194005 0.11712184 61.24240965
111300 0.74250593 0.15563051 55.72888782
111400 0.73953584 0.12821392 64.64751379
111500 0.75179958 0.13469019 60.69182220
111600 0.76499753 0.12469987 62.02291918
111700 0.75418296 0.16531906 51.15292215
111800 0.77942104 0.14436909 53.97476799
111900 0.76786392 0.15339542 52.71711055
112000 0.79034297 0.14506846 52.50395463
112100 0.75628253 0.11033652 68.01299669
112200 0.75561704 0.12929701 61.84842363
112300 0.79750631 0.14048259 53.15299142
112400 0.81249243 0.09978968 65.15242328
112500 0.76795933 0.13230497 59.18243476
112600 0.74258981 0.15469045 55.99285004
112700 0.79760181 0.16416334 46.09399157
112800 0.78587344 0.12147052 60.47824484
112900 0.80168939 0.13581518 54.18853987
113000 0.73151116 0.16832088 53.86580950
113100 0.73014075 0.13696646 63.42108155
113200 0.85067207 0.13329537 51.36753504
113300 0.77165990 0.10057217 69.28549367
113400 0.78980101 0.13381872 56.05720963
113500 0.76622681 0.12926787 60.38218377
113600 0.76577223 0.11732607 64.34451965
113700 0.78317316 0.15578767 50.10470308
113800 0.81032505 0.11793509 59.15435068
113900 0.74308570 0.13348611 62.40156895
114000 0.76025060 0.10050017 70.84001221
114100 0.78919735 0.11177354 63.33718306
114200 0.75297848 0.12511078 63.58416670
114300 0.74237608 0.12775654 64.34307447
114400 0.80964938 0.11513895 60.14757946
114500 0.81931324 0.14670423 49.24933883
114600 0.77632474 0.14304875 54.75731887
114700 0.80588882 0.16984783 43.67107652
114800 0.79332566 0.13354406 55.76188999
114900 0.75341269 0.16374148 51.71588906
115000 0.73645339 0.12135394 67.37786201
115100 0.77841589 0.16388516 48.32219900
115200 0.75802700 0.17804442 47.05808499
115300 0.81041935 0.14564429 50.32854533
115400 0.76234052 0.15067084 54.27403742
115500 0.77128701 0.12574461 60.85429517
115600 0.72677260 0.16043778 56.92700459
115700 0.73547547 0.12704230 65.68499769
115800 0.76494234 0.13176399 59.75736415
115900 0.78548724 0.12954456 57.90243135
116000 0.77980097 0.14454685 53.87471690
116100 0.79398637 0.12450895 58.59165783
116200 0.79606835 0.11287019 62.22914948
116300 0.75812883 0.14356740 57.01418466
116400 0.78985131 0.10242487 66.47060446
116500 0.80209691 0.11891994 59.59950938
116600 0.76184412 0.16948122 48.88891575
116700 0.77066550 0.10934092 66.38801062
116800 0.77446088 0.14303550 54.99363666
116900 0.79179348 0.14222058 53.21840985
117000 0.76303247 0.15181464 53.83730813
117100 0.75933697 0.13303344 60.12694466
117200 0.77189160 0.16380834 49.15871392
117300 0.77744651 0.11955170 62.10771903
117400 0.73340244 0.17823922 50.80433462
117500 0.74238231 0.15600714 55.63756878
117600 0.77122694 0.15447322 51.95928912
117700 0.78899717 0.08003959 74.59616688
117800 0.76491542 0.11172483 66.33896687
117900 0.75102333 0.16114803 52.81475342
118000 0.78324104 0.13062907 57.81522408
118100 0.74711476 0.10797498 70.17750521
118200 0.72144303 0.14216319 63.32304772
118300 0.76528193 0.14110071 56.78386355
118400 0.77848443 0.13417412 57.25600888
118500 0.77239510 0.15284261 52.29276048
118600 0.76024971 0.15892488 52.12743295
118700 0.71679995 0.15313019 60.84697201
118800 0.80406228 0.14791158 50.23073092
118900 0.75813929 0.15809473 52.66657516
119000 0.78479904 0.12564293 59.23938449
119100 0.76855566 0.12400367 61.77560930
119200 0.82255653 0.15355534 46.93846412
119300 0.77817981 0.12124108 61.46129341
119400 0.80578604 0.13134517 55.20858712
119500 0.78259202 0.13930288 55.15866660
119600 0.77122265 0.17438998 46.27224406
119700 0.72460822 0.16960847 54.69084299
119800 0.77286470 0.14221024 55.44896136
119900 0.80997557 0.15017810 48.99878339
120000 0.76249312 0.19567509 41.79465067
120100 0.79096503 0.13480100 55.61951894
120200 0.78774159 0.12709298 58.43544662
120300 0.67804268 0.14098857 72.37655633
120400 0.76853938 0.15722111 51.50068607
120500 0.76178338 0.13976600 57.67448398
120600 0.80144171 0.14856676 50.28786621
120700 0.80679741 0.14378813 51.22621698
120800 0.75990716 0.15598094 53.03660662
120900 0.76898857 0.15532155 51.99969257
121000 0.73540280 0.11946493 68.17283679
121100 0.77526416 0.11781989 62.95132915
121200 0.77157128 0.14187345 55.71795501
121300 0.80185415 0.11755647 60.07565581
121400 0.75947103 0.13897161 58.24352385
121500 0.78084330 0.10464878 66.73289184
121600 0.77022926 0.14173806 55.93293343
121700 0.77501193 0.13392600 57.76239463
121800 0.79217286 0.14053618 53.69727304
121900 0.73269743 0.17056963 53.03574209
122000 0.74648710 0.15692857 54.72853795
122100 0.74935440 0.14356506 58.29823669
122200 0.76932325 0.14900509 53.83717528
122300 0.77229847 0.14031633 56.10582904
122400 0.76974539 0.12489072 61.33115348
122500 0.83547454 0.12834555 53.81255914
122600 0.77617994 0.13350832 57.74919625
122700 0.77347719 0.14062954 55.85905172
122800 0.75574530 0.13700999 59.38608253
122900 0.76760822 0.14684052 54.71662792
123000 0.75213236 0.18338897 46.47314092
123100 0.73355407 0.16682613 53.94584261
123200 0.76602208 0.14349206 55.94859857
123300 0.79760458 0.13655662 54.36578765
123400 0.78101548 0.15489951 50.62080826
123500 0.76753501 0.11691614 64.24591678
123600 0.76804873 0.13466333 58.42417751
123700 0.75749896 0.13412169 60.04282556
123800 0.81165493 0.12004251 58.33839685
123900 0.79509081 0.12730078 57.57036415
124000 0.79404807 0.17268335 44.06516866
124100 0.78101164 0.14305760 54.18593231
124200 0.74274450 0.10306403 72.54692907
124300 0.73617611 0.12451913 66.38803294
124400 0.73708692 0.12459514 66.21449709
124500 0.76688014 0.14341420 55.85787408
124600 0.74576499 0.16395171 52.80603055
124700 0.78333610 0.14805371 52.39101470
124800 0.70880130 0.18518898 53.34090830
124900 0.81700372 0.18074012 39.69463366
125000 0.81300520 0.13275056 54.10765240
125100 0.81433043 0.13711231 52.61898988
125200 0.76387444 0.14754791 55.00371814
125300 0.68583594 0.16125430 64.62016176
125400 0.76373064 0.12018120 63.67488836
125500 0.78979902 0.12406431 59.18916473
125600 0.76146704 0.11606365 65.35243239
125700 0.79361742 0.14103833 53.38728243
125800 0.78073940 0.09809100 69.03151927
125900 0.76418857 0.20082331 40.26688245
126000 0.77428171 0.16757654 47.78405055
126100 0.78685017 0.14963546 51.51087014
126200 0.73147797 0.14008554 62.22332306
126300 0.73562015 0.12692196 65.70007939
126400 0.80089231 0.13962688 53.07690487
126500 0.78194795 0.14139002 54.58820292
126600 0.76010170 0.14705542 55.67347661
126700 0.78612995 0.12394516 59.63907409
126800 0.75746169 0.15919476 52.44242985
126900 0.74576565 0.15386073 55.74335063
127000 0.70685426 0.17179552 57.35150330
127100 0.76248244 0.16076680 51.28346133
127200 0.76520553 0.14295292 56.22372926
127300 0.75340658 0.14901985 56.03934019
127400 0.75815327 0.14811613 55.62718232
127500 0.77647654 0.17542446 45.32488570
127600 0.77241205 0.15455355 51.78364366
127700 0.75297128 0.12112888 64.88682873
127800 0.73464931 0.12732156 65.73111343
127900 0.77516792 0.14104448 55.51828101
128000 0.78740268 0.15453474 49.98893773
128100 0.78998411 0.10101210 66.94802655
128200 0.77558671 0.09383524 71.16600183
128300 0.73798289 0.13707858 62.08467962
128400 0.73513490 0.15488425 57.13690433
128500 0.75583781 0.15958694 52.56124228
128600 0.72346533 0.17068379 54.59101661
128700 0.72066136 0.17713736 53.30818274
128800 0.74993032 0.12296270 64.73715251
128900 0.79383205 0.16040249 47.56917569
129000 0.76018233 0.12666155 62.04836569
129100 0.78711056 0.15931079 48.62212151
129200 0.74706078 0.15240357 55.97702101
129300 0.80470708 0.16685330 44.62639563
129400 0.77439186 0.16296764 49.08248988
129500 0.81955085 0.13787313 51.94762509
129600 0.79307029 0.17951625 42.29771014
129700 0.76573399 0.14473326 55.60757110
129800 0.75356819 0.13488993 60.36831580
129900 0.79506889 0.11296781 62.30061859
130000 0.77341419 0.16447694 48.77369291
130100 0.73375766 0.12226819 67.52232743
130200 0.72791569 0.19357775 47.68268855
130300 0.78793554 0.12588403 58.80480056
130400 0.79023997 0.14223297 53.38390598
130500 0.80205392 0.12936813 56.19911520
130600 0.77153009 0.12758295 60.22863520
130700 0.79028127 0.13903387 54.36906649
130800 0.78644175 0.14673391 52.43290029
130900 0.75682621 0.13644651 59.40726373
131000 0.75137295 0.11856645 65.96909998
131100 0.73125742 0.14536590 60.63799600
131200 0.76325726 0.12351092 62.64684767
131300 0.77206236 0.11037203 65.85760065
131400 0.80903576 0.12666838 56.40891507
131500 0.78437421 0.18058693 42.97636289
131600 0.78067114 0.15285858 51.26620063
131700 0.78911531 0.16044770 48.06797545
131800 0.78010652 0.15166860 51.68803456
131900 0.81472622 0.13321584 53.81191084
132000 0.79388203 0.15038529 50.51499976
132100 0.74125324 0.16950930 51.93778352
132200 0.78516536 0.10679218 65.48929989
132300 0.76142131 0.12893387 61.14375728
132400 0.74201875 0.12560277 65.09581715
132500 0.76420860 0.13026021 60.33641849
132600 0.77546698 0.13374391 57.76319430
132700 0.77093760 0.10290513 68.56597654
132800 0.75311257 0.13319774 60.96979366
132900 0.79407163 0.09498693 68.62755104
133000 0.75690699 0.14940109 55.41765598
133100 0.74034696 0.15691132 55.69503425
133200 0.75410174 0.13818592 59.25716275
133300 0.79050590 0.15218563 50.34117828
133400 0.80061094 0.13475227 54.62965729
133500 0.77544735 0.11993396 62.22847581
133600 0.76737178 0.17455513 46.73006038
133700 0.77787899 0.14319456 54.52156006
133800 0.72805040 0.16232917 56.16058546
133900 0.81209497 0.09797185 65.82555535
134000 0.81994521 0.11770259 58.41516984
134100 0.78374940 0.10546649 66.10877035
134200 0.75896889 0.15314663 54.00584723
134300 0.72425605 0.15341344 59.42476180
134400 0.76105651 0.13161431 60.33737073
134500 0.78325448 0.17006393 45.99686085
134600 0.76628796 0.17944720 45.53886309
134700 0.76606195 0.15286803 53.11340406
134800 0.80260961 0.13960364 52.91539352
134900 0.78513271 0.09755781 68.70499627
135000 0.76550588 0.12025836 63.40911054
135100 0.82614788 0.11257017 59.65651165
135200 0.82909556 0.14419518 49.27201291
135300 0.74994246 0.15124869 55.88480506
135400 0.81306171 0.12297098 57.25312477
135500 0.79238389 0.16046240 47.70662412
135600 0.76189208 0.09499545 72.55101520
135700 0.75879817 0.13166769 60.63670839
135800 0.77807039 0.13667429 56.51991379
135900 0.74357380 0.18228626 48.06990078
136000 0.74221129 0.17415847 50.49291200
136100 0.79816682 0.15641744 48.28035793
136200 0.73894413 0.14634276 59.07335480
136300 0.77434824 0.11064096 65.47646000
136400 0.76083230 0.11468365 65.90235231
136500 0.80650044 0.09804687 66.30658575
136600 0.78143452 0.13795858 55.71381026
136700 0.81677007 0.14281796 50.64401355
136800 0.77216229 0.12865633 59.80211707
136900 0.76046592 0.14413824 56.51058698
137000 0.78023398 0.11445448 63.46734714
137100 0.73378243 0.14333078 60.83714481
137200 0.76502490 0.12931044 60.53003666
137300 0.78739623 0.13292896 56.60682498
137400 0.76969134 0.13045078 59.54602638
137500 0.77534464 0.11652068 63.37370822
137600 0.79210832 0.12839123 57.53640765
137700 0.75806550 0.15148506 54.62828661
137800 0.76309218 0.11756577 64.62813331
137900 0.75771883 0.14246137 57.41197171
138000 0.76692536 0.13949274 57.06180819
138100 0.72368445 0.18544880 50.53725733
138200 0.72296090 0.14300125 62.79553801
138300 0.76843471 0.16347370 49.70337466
138400 0.75155620 0.11229460 68.04024951
138500 0.76279016 0.12633398 61.79311587
138600 0.74601153 0.11238941 68.84667995
138700 0.74543692 0.12270188 65.50690373
138800 0.74790721 0.16666363 51.70585863
138900 0.77268425 0.15134244 52.70281979
139000 0.78996947 0.12369030 59.29236748
139100 0.78553725 0.12839638 58.26530401
139200 0.73617987 0.20914456 42.42418945
139300 0.78319904 0.12040634 61.13722148
139400 0.77073718 0.14606636 54.54226654
139500 0.74823145 0.15553584 54.87141548
139600 0.73285592 0.14131181 61.61277073
139700 0.72384217 0.12909139 67.00695845
139800 0.73395650 0.15801744 56.41212896
139900 0.73963066 0.16570036 53.27230326
140000 0.76665857 0.15208992 53.26517619
140100 0.77783848 0.15712671 50.34910004
140200 0.77637175 0.09374746 71.09990671
140300 0.78356807 0.14575397 53.06101964
140400 0.75488420 0.14384323 57.39528016
140500 0.78627332 0.13514891 56.03248375
140600 0.76923859 0.13025019 59.66924445
140700 0.76329199 0.17582792 46.92970425
140800 0.79177412 0.11133002 63.20509843
140900 0.74999989 0.15334465 55.25221543
141000 0.73191263 0.16249539 55.45613268
141100 0.73962957 0.17265010 51.32082186
141200 0.75794234 0.11047205 67.72980300
141300 0.76206302 0.14940986 54.69052229
141400 0.79600112 0.15798598 48.04397755
141500 0.75408240 0.15002924 55.63719982
141600 0.77121384 0.12470471 61.20145042
141700 0.78805160 0.13545731 55.73477464
141800 0.79254692 0.10692368 64.62376367
141900 0.76912927 0.15551575 51.92406045
142000 0.76816803 0.16277590 49.93867517
142100 0.78366019 0.14450755 53.43029460
142200 0.76868029 0.15129918 53.23352306
142300 0.79630379 0.11450315 61.65552017
142400 0.76710949 0.11964308 63.39778943
142500 0.80894642 0.18184630 40.09858053
142600 0.78694923 0.13180513 57.01422652
142700 0.76462505 0.14434423 55.87591390
142800 0.75825542 0.14165279 57.58476229
142900 0.74906909 0.13668509 60.47318684
143000 0.78723089 0.12599011 58.84964223
143100 0.75575973 0.15436916 54.10142367
143200 0.76351659 0.16303488 50.48835016
143300 0.78187849 0.11823883 62.00908243
143400 0.78798936 0.11503162 62.37509818
143500 0.78265619 0.15237620 51.17474894
143600 0.72982939 0.13941243 62.71133925
143700 0.79842741 0.12295519 58.63765078
143800 0.78824735 0.10331940 66.33804552
143900 0.76957266 0.08863174 73.79915355
144000 0.76840462 0.15888642 51.03223008
144100 0.81913653 0.15087790 48.00646632
144200 0.83331642 0.11823154 57.25850469
144300 0.78121977 0.16120818 48.75473034
144400 0.72661255 0.17332613 53.30581784
144500 0.76488762 0.15337156 53.12189255
144600 0.76076566 0.15825748 52.24994871
144700 0.81356272 0.09453374 66.91383386
144800 0.76993205 0.13133965 59.23104548
144900 0.76863206 0.13638718 57.80526743
145000 0.79957810 0.16781362 44.85685686
145100 0.77669054 0.13667388 56.68923993
145200 0.72852642 0.15428360 58.42568872
145300 0.78324238 0.14801813 52.41269679
145400 0.74016506 0.15319573 56.81999159
145500 0.79386146 0.14375635 52.52528176
145600 0.79004271 0.13633685 55.23758760
145700 0.77725902 0.13695325 56.53180813
145800 0.78755410 0.13407114 56.22756361
145900 0.79933530 0.12266168 58.64187992
146000 0.75847112 0.11431676 66.35683114
146100 0.72808876 0.13530326 64.29375637
146200 0.82059767 0.10960938 61.08525329
146300 0.75363671 0.14262507 57.95078068
146400 0.78018330 0.13064381 58.17220695
146500 0.75610963 0.17255751 48.83938697
146600 0.79096132 0.19310321 38.94269615
146700 0.82878582 0.14892895 47.85761964
146800 0.76644679 0.15181989 53.37391933
146900 0.79084811 0.13753161 54.77531442
147000 0.78153290 0.12793353 58.88063285
147100 0.75508915 0.17883170 47.26569950
147200 0.79605962 0.15127642 50.01969041
147300 0.77143311 0.09925821 69.77462505
147400 0.74919779 0.14094412 59.12842236
147500 0.75519432 0.18651413 45.19674427
147600 0.76493189 0.14977263 54.18993286
147700 0.78732408 0.12525604 59.07725059
147800 0.75341067 0.19200888 44.02392546
147900 0.75500984 0.11556471 66.43455696
148000 0.75638958 0.14006344 58.34231376
148100 0.77365419 0.14605326 54.17344304
148200 0.75217638 0.12932551 62.34197448
148300 0.80846777 0.14389302 51.03981643
148400 0.77707582 0.12074649 61.75911344
148500 0.76959262 0.13670972 57.57844096
148600 0.82552080 0.10974831 60.65918193
148700 0.77566428 0.16689204 47.80474409
148800 0.75265463 0.15890950 53.22216775
148900 0.73699985 0.09174300 77.45856490
149000 0.76568080 0.16111036 50.74943618
149100 0.79276810 0.16001510 47.79496298
149200 0.75049428 0.16275311 52.43136690
149300 0.76798370 0.20228519 39.39546481
149400 0.74536757 0.14766011 57.66029747
149500 0.74008169 0.11445325 69.08274426
149600 0.82446864 0.13428531 52.69037694
149700 0.80381740 0.13911890 52.94907459
149800 0.79583582 0.15394631 49.24898216
149900 0.78508248 0.10637315 65.64272644
150000 0.76749560 0.20637536 38.45519178
150100 0.77014600 0.11032710 66.11986996
150200 0.79027915 0.12367198 59.26432140
150300 0.77066002 0.16005091 50.39965329
150400 0.80527626 0.15929849 46.73997733
150500 0.78667225 0.13400769 56.34715842
150600 0.76589104 0.18359639 44.47804781
150700 0.70593809 0.13169648 69.48857968
150800 0.74851550 0.12463131 64.40617037
150900 0.81319777 0.12113077 57.84479873
151000 0.74960504 0.13753311 60.12709986
151100 0.77524874 0.11681871 63.28632351
151200 0.79893754 0.11238626 62.09832828
151300 0.73529044 0.14604467 59.75904102
151400 0.79783557 0.13463882 54.94512329
151500 0.81236001 0.17606336 41.36102432
151600 0.78535931 0.15238572 50.85837381
151700 0.73691093 0.15861597 55.75135005
151800 0.77751775 0.17861720 44.32526293
151900 0.78570119 0.19249631 39.68618511
152000 0.81278187 0.15341939 47.78353087
152100 0.74228799 0.16480059 53.10588928
152200 0.77863382 0.12573196 59.93975752
152300 0.75284999 0.13406821 60.73301053
152400 0.75742501 0.18209872 46.04936196
152500 0.75568946 0.11228308 67.43912507
152600 0.76750218 0.16499319 49.39227739
152700 0.75319490 0.11522892 66.81170614
152800 0.74758366 0.16753910 51.50744948
152900 0.80234836 0.14143206 52.37500862
153000 0.77967594 0.17922028 43.89976883
153100 0.75348567 0.18843620 44.94103581
153200 0.70892602 0.16897097 57.74328985
153300 0.80008271 0.14397021 51.81884988
153400 0.81156416 0.12433074 56.94068264
153500 0.75791129 0.18268165 45.82415146
153600 0.76255846 0.10856552 67.73384154
153700 0.77639032 0.11089927 65.13432843
153800 0.74835250 0.10973846 69.38744112
153900 0.78134928 0.12198652 60.83541954
154000 0.78806408 0.15928389 48.52275301
154100 0.80659342 0.12848511 56.04830721
154200 0.75382438 0.12039939 65.00193882
154300 0.78632647 0.17358825 44.66256309
154400 0.78390625 0.13146311 57.47175354
154500 0.74261942 0.11603039 68.15217378
154600 0.75674394 0.07645389 80.02949872
154700 0.75466081 0.09632719 73.10396666
154800 0.80432428 0.12824458 56.34019550
154900 0.78133349 0.13340101 57.15832878
155000 0.80432398 0.13255763 54.96177886
155100 0.75010526 0.15009738 56.20500550
155200 0.77688521 0.15348580 51.53896164
155300 0.76162290 0.14447825 56.24588111
155400 0.77434077 0.11383147 64.39976188
155500 0.79445466 0.17149990 44.35106234
155600 0.76529832 0.19008581 42.84996545
155700 0.79367176 0.14176402 53.15755788
155800 0.78085186 0.13965097 55.25640032
155900 0.77959233 0.14671474 53.23997867
156000 0.75724142 0.16380396 51.14409351
156100 0.78928794 0.11675980 61.65309555
156200 0.76883006 0.10712641 67.38392494
156300 0.76644944 0.10337503 68.99231080
156400 0.75464201 0.13303724 60.79716973
156500 0.76293493 0.15682882 52.36808754
156600 0.76575422 0.13695986 58.00803062
156700 0.76860891 0.13882415 57.04701349
156800 0.75127819 0.09840535 72.86848771
156900 0.74275790 0.13137377 63.12387846
157000 0.75571292 0.16484631 51.06569341
157100 0.75989922 0.12291744 63.30561556
157200 0.75640217 0.14839082 55.79421579
157300 0.79813747 0.12627950 57.58546810
157400 0.75674144 0.14257282 57.51724366
157500 0.79101555 0.13499122 55.55407059
157600 0.72428473 0.11668402 70.98769799
157700 0.78181593 0.12356094 60.26496874
157800 0.78217174 0.11560520 62.85168982
157900 0.76302066 0.15275709 53.55834519
158000 0.78573636 0.13358141 56.58845019
158100 0.74291545 0.14533371 58.74855086
158200 0.78008189 0.14355000 54.14597897
158300 0.76393193 0.15149258 53.81060076
158400 0.79803195 0.14896419 50.51002064
158500 0.77955398 0.13773036 56.00978505
158600 0.78751267 0.11334089 62.99637893
158700 0.77016986 0.16022035 50.41405368
158800 0.75617329 0.14538491 56.73823829
158900 0.69944123 0.17428677 58.12080283
159000 0.80234123 0.07869037 73.70404001
159100 0.77244617 0.13893823 56.51470196
159200 0.77806027 0.15936592 49.66873277
159300 0.76094474 0.10121737 70.49284239
159400 0.72928717 0.12863239 66.21000575
159500 0.73644750 0.13412187 63.26420664
159600 0.82215686 0.13586649 52.36970883
159700 0.74892791 0.17110255 50.30328136
159800 0.81602038 0.11920090 58.24031004
159900 0.76168190 0.13453578 59.32478671
160000 0.75967763 0.13806819 58.49590912
160100 0.73071044 0.13781897 63.05797550
160200 0.80776966 0.10233473 64.68878792
160300 0.76795768 0.14796858 54.32907664
160400 0.75669845 0.13890833 58.65668288
160500 0.78494604 0.14687220 52.56193682
160600 0.79691406 0.08756962 70.99124386
160700 0.77059585 0.15721932 51.23298028
160800 0.73267514 0.12525262 66.72923496
160900 0.73836005 0.14916907 58.31336165
161000 0.78504021 0.15834646 49.13877039
161100 0.76125719 0.18760094 44.05141739
161200 0.78954768 0.14636275 52.19764651
161300 0.77403714 0.12383907 61.12379618
161400 0.79666701 0.14660615 51.36276764
161500 0.80137721 0.12723376 56.95224915
161600 0.75090870 0.10731907 69.82921619
161700 0.72860425 0.11839315 69.66980239
161800 0.76835826 0.13021986 59.79444223
161900 0.79083126 0.15739689 48.76719583
162000 0.72299765 0.14236466 62.98466764
162100 0.78193664 0.14918426 52.21453319
162200 0.77710281 0.13905185 55.89623580
162300 0.75992161 0.18497649 44.92970697
162400 0.74657402 0.12001278 66.21554881
162500 0.73328265 0.12369667 67.13426845
162600 0.75720002 0.11688382 65.67911145
162700 0.83752133 0.11436933 58.27576433
162800 0.77988820 0.11391700 63.68931470
162900 0.77306690 0.20011302 39.27775656
163000 0.72159663 0.15720950 58.77701993
163100 0.74925088 0.13924865 59.64584763
163200 0.77626024 0.14627387 53.78054470
163300 0.85280312 0.14360897 48.05150551
163400 0.80495515 0.12796491 56.37006171
163500 0.75774936 0.16901272 49.59454967
163600 0.77695864 0.10702618 66.38510996
163700 0.76874100 0.13701677 57.59371291
163800 0.76606568 0.12793720 60.83142582
163900 0.74351661 0.13136679 63.00708724
164000 0.71881803 0.16311104 57.56609185
164100 0.72846931 0.13911181 63.03712384
164200 0.79070463 0.14180871 53.46367494
164300 0.75001771 0.11219746 68.30262144
164400 0.76076387 0.12743981 61.71588922
164500 0.73445710 0.11665509 69.26163980
164600 0.75231507 0.14852320 56.34954881
164700 0.76247999 0.12155960 63.39242597
164800 0.78801565 0.09076211 70.79617919
164900 0.79586955 0.13018461 56.56251826
165000 0.76656008 0.12609922 61.35896509
165100 0.75764491 0.15440536 53.82058242
165200 0.76980236 0.15974735 50.59901513
165300 0.75346037 0.15584449 54.00066450
165400 0.77376316 0.15001643 52.96294159
165500 0.80411623 0.14083780 52.38748051
165600 0.76104039 0.15001685 54.64983226
165700 0.76375401 0.12463414 62.21295612
165800 0.73230354 0.13448701 63.83527427
165900 0.80710384 0.09353178 67.84964453
166000 0.74929795 0.13887501 59.75493387
166100 0.73264704 0.18000036 50.45340887
166200 0.80612292 0.14466960 51.01977892
166300 0.76015190 0.13917460 58.08495878
166400 0.77016762 0.12106832 62.52625025
166500 0.78148804 0.14413881 53.79807678
166600 0.77495473 0.15336582 51.81407881
166700 0.76525107 0.14438912 55.77764245
166800 0.79501526 0.13121304 56.32346083
166900 0.78741291 0.12614876 58.77773982
167000 0.75700345 0.14631958 56.33490620
167100 0.78450990 0.12770032 58.60752530
167200 0.73925922 0.20052004 44.03892330
167300 0.79879665 0.16147790 46.74355853
167400 0.72897369 0.13741379 63.48007011
167500 0.77130262 0.11203818 65.39060418
167600 0.75725640 0.12276790 63.72829124
167700 0.77072259 0.18073984 44.60684013
167800 0.72559383 0.15169387 59.70203088
167900 0.79759564 0.10981658 63.10570517
168000 0.78137155 0.14800783 52.63599028
168100 0.77254607 0.18368683 43.58360386
168200 0.80507922 0.13801759 53.17149004
168300 0.75086167 0.16213188 52.55514716
168400 0.74363713 0.11421560 68.60025354
168500 0.75881329 0.14813301 55.52868373
168600 0.81497057 0.13825292 52.20812180
168700 0.81194952 0.12837780 55.59686229
168800 0.78734045 0.17148197 45.13223273
168900 0.73466618 0.13438433 63.47426360
169000 0.79122365 0.11442973 62.21985055
169100 0.78019076 0.11441459 63.48591188
169200 0.79775393 0.14851879 50.67259013
169300 0.73105029 0.16391789 55.19348822
169400 0.75187452 0.15689170 53.92681572
169500 0.76736210 0.14960047 53.91634495
169600 0.82503275 0.13568354 52.20746312
169700 0.76113714 0.11476146 65.83388453
169800 0.72063092 0.12497024 68.90880473
169900 0.72749227 0.14678759 60.84834169
170000 0.80438413 0.13673440 53.63886664
170100 0.71126054 0.13437235 67.62170044
170200 0.72481173 0.14381308 62.22067825
170300 0.79518362 0.10483448 65.06285510
170400 0.74166199 0.13281633 62.83820178
170500 0.76891885 0.17554473 46.25398208
170600 0.79356391 0.15982046 47.76640332
170700 0.72650245 0.12520554 67.79642144
170800 0.79423671 0.17028497 44.71318630
170900 0.78571490 0.13976918 54.65212255
171000 0.77151285 0.13531677 57.76723993
171100 0.77723562 0.14982694 52.58747840
171200 0.77005701 0.14856360 53.87454278
171300 0.81041306 0.14142733 51.62145508
171400 0.76596285 0.11458503 65.23457871
171500 0.79108169 0.12959349 57.26176424
171600 0.78858958 0.13669246 55.28694664
171700 0.73543447 0.14312653 60.62656903
171800 0.78480329 0.13877110 55.06685557
171900 0.78145527 0.11535258 63.02087321
172000 0.77902675 0.08317138 74.59888250
172100 0.75655435 0.11955800 64.88428445
172200 0.81650743 0.10940534 61.48786782
172300 0.76973957 0.16725213 48.45706774
172400 0.74006316 0.11878573 67.64134165
172500 0.75376925 0.17971688 47.21820034
172600 0.76775575 0.18477911 43.91533230
172700 0.73726388 0.12617288 65.67352271
172800 0.73771903 0.11840733 68.14440768
172900 0.76548392 0.20706072 38.55703505
173000 0.76723058 0.11249949 65.76715652
173100 0.77368437 0.14662646 53.99557025
173200 0.74378395 0.15772607 54.91375199
173300 0.78598349 0.14115437 54.19269294
173400 0.75159256 0.12716961 63.12211474
173500 0.79869744 0.12191415 58.95126857
173600 0.78615722 0.13623701 55.70369567
173700 0.75241534 0.13482071 60.55960970
173800 0.75187394 0.16473281 51.65935029
173900 0.75859235 0.15362958 53.91577411
174000 0.74105368 0.15065226 57.43650126
174100 0.76834482 0.16335552 49.74907113
174200 0.73028501 0.18100713 50.58017139
174300 0.80756499 0.13914750 52.58675385
174400 0.75358891 0.12231103 64.40813290
174500 0.74772264 0.15996112 53.65547268
174600 0.80277665 0.12568740 57.31552276
174700 0.79951775 0.13758266 53.85063995
174800 0.76901685 0.14242205 55.88038881
174900 0.78498672 0.17061615 45.64169581
175000 0.77660038 0.15864136 50.05866223
175100 0.77876470 0.11016657 65.09237751
175200 0.78081518 0.15490530 50.64295268
175300 0.81572566 0.14500511 50.06202266
175400 0.74743983 0.13790714 60.33827868
175500 0.79819372 0.12390546 58.35108262
175600 0.73870191 0.15012322 57.97157944
175700 0.74048636 0.11842589 67.69299576
175800 0.75349566 0.15320109 54.77655831
175900 0.74147129 0.17849723 49.42255269
176000 0.76491441 0.11503109 65.22614494
176100 0.77793588 0.10578975 66.69017328
176200 0.77138551 0.14150551 55.85526897
176300 0.78573949 0.11286364 63.35819304
176400 0.73146471 0.13655272 63.32667002
176500 0.79215805 0.10023337 66.98329165
176600 0.82927037 0.15236360 46.79505470
176700 0.77890307 0.10534950 66.72421810
176800 0.75846491 0.09375967 73.46967814
176900 0.80127467 0.14774611 50.55205114
177000 0.76745054 0.15677402 51.77541718
177100 0.78540789 0.14823449 52.09688610
177200 0.75673471 0.16246269 51.60132258
177300 0.79943661 0.17491560 42.89221051
177400 0.80982922 0.10651943 63.05483708
177500 0.76851427 0.11906650 63.40273891
177600 0.72966714 0.13381502 64.49311167
177700 0.76884250 0.13136118 59.36649569
177800 0.77496782 0.14576520 54.09592936
177900 0.70511152 0.17538118 56.69850639
178000 0.76567166 0.12167187 62.92173233
178100 0.71334081 0.13776622 66.16579233
178200 0.74997989 0.13338581 61.37528986
178300 0.79034198 0.14179986 53.50610204
178400 0.81553727 0.12002922 58.00733507
178500 0.78787720 0.12210264 60.04410007
178600 0.76713148 0.13543858 58.30146558
178700 0.76780873 0.16100272 50.49697835
178800 0.77074467 0.13732381 57.23667090
178900 0.76550085 0.15106574 53.72585616
179000 0.69770355 0.16198604 61.93794801
179100 0.78794063 0.16135777 47.93581999
179200 0.77404935 0.13753649 56.74850598
179300 0.77969400 0.09841910 69.04133097
179400 0.76739513 0.15518734 52.24927808
179500 0.80825122 0.09945685 65.64917079
179600 0.76532454 0.16159876 50.65637874
179700 0.82715066 0.12179393 56.51312637
179800 0.79591463 0.12116836 59.48200524
179900 0.79082551 0.14952524 51.10207524
180000 0.84350307 0.10214658 62.09695321
180100 0.77296199 0.14692353 53.99700171
180200 0.77433488 0.13856675 56.39119672
180300 0.76392561 0.12069183 63.48005357
180400 0.78593975 0.11638713 62.15364378
180500 0.80261056 0.12289420 58.24145367
180600 0.72446717 0.13656618 64.52626748
180700 0.74299460 0.18924666 46.32150000
180800 0.78544599 0.11541472 62.53496520
180900 0.74314418 0.16492098 52.93689915
181000 0.77710982 0.13027502 58.66302857
181100 0.79768767 0.11934192 59.90128731
181200 0.79937692 0.09038791 69.72293068
181300 0.76826973 0.14207113 56.08652549
181400 0.79597378 0.15755732 48.17208743
181500 0.71956582 0.14211737 63.67410533
181600 0.77808822 0.17549842 45.10680083
181700 0.74719410 0.14735487 57.47185936
181800 0.74492441 0.12220650 65.74850961
181900 0.74884877 0.12937191 62.82453228
182000 0.76214300 0.17747408 46.63746404
182100 0.80088284 0.10686645 63.78242192
182200 0.79219818 0.12281336 59.33616624
182300 0.75453058 0.13113748 61.41733052
182400 0.76551082 0.15152938 53.58602646
182500 0.75030447 0.16350830 52.24312262
182600 0.78184656 0.13279287 57.29029803
182700 0.78973553 0.09445121 69.28659850
182800 0.75760849 0.14894390 55.45505708
182900 0.83808176 0.15929165 44.17260722
183000 0.73350743 0.15079282 58.62235580
183100 0.74165428 0.15392614 56.36654774
183200 0.76185047 0.18079258 45.77896392
183300 0.76792716 0.12422142 61.78745809
183400 0.74717436 0.13958276 59.85726960
183500 0.81436600 0.10455173 63.33384341
183600 0.80001821 0.12964283 56.31253781
183700 0.74796798 0.12379043 64.76320819
183800 0.78656024 0.10740590 65.11964793
183900 0.71402763 0.12589652 69.81439340
184000 0.78372920 0.15005309 51.74352433
184100 0.80264624 0.11720791 60.11416577
184200 0.79313220 0.14905397 50.99461947
184300 0.73174874 0.14679419 60.12112597
184400 0.72716015 0.15961748 57.09781204
184500 0.79051634 0.13594390 55.30895169
184600 0.78109730 0.18038730 43.41442987
184700 0.79537456 0.16547702 45.94990406
184800 0.79013952 0.17405745 44.10680919
184900 0.80111010 0.14555848 51.23192675
185000 0.80364213 0.13801809 53.30877452
185100 0.74155612 0.16371949 53.53049797
185200 0.78065787 0.15386361 50.96965240
185300 0.75706633 0.12019933 64.59925869
185400 0.72669003 0.16890191 54.52624258
185500 0.77107304 0.12450956 61.28309509
185600 0.74601387 0.14252751 59.12552845
185700 0.78967726 0.11814888 61.14813567
185800 0.78395816 0.13897494 55.10114813
185900 0.74339869 0.15478849 55.83690273
186000 0.77368371 0.13041318 59.04576910
186100 0.76142984 0.17765135 46.68773912
186200 0.75996893 0.14198291 57.24161322
186300 0.75624271 0.13686466 59.35994849
186400 0.76016604 0.13829371 58.35717329
186500 0.76868632 0.14410485 55.40756261
186600 0.78742503 0.13584694 55.68263398
186700 0.79528685 0.11072858 63.03497092
186800 0.76105023 0.20009819 40.87897519
186900 0.79643979 0.15787585 48.03061710
187000 0.75727758 0.14317013 57.25713036
187100 0.73783337 0.13562736 62.56408587
187200 0.74554107 0.14843341 57.39998618
187300 0.77965228 0.14042766 55.15930465
187400 0.79575605 0.13208464 55.96848874
187500 0.78900715 0.15455409 49.80384869
187600 0.78560882 0.15531620 49.96194087
187700 0.77216795 0.11437219 64.49353022
187800 0.78498769 0.13048583 57.65856725
187900 0.76979296 0.14517882 54.93491176
188000 0.80844296 0.11577865 60.04330221
188100 0.82896607 0.12649711 54.84996835
188200 0.77103028 0.19142573 41.74692151
188300 0.75542268 0.16741851 50.37745061
188400 0.73669526 0.10351154 73.36134495
188500 0.78436814 0.11552985 62.62050311
188600 0.72598511 0.12405234 68.26152896
188700 0.81920838 0.17002472 42.45672067
188800 0.76694075 0.15567110 52.16713336
188900 0.77697860 0.12424259 60.62607770
189000 0.74006103 0.14145500 60.39024585
189100 0.80829794 0.11470032 60.41757286
189200 0.73890019 0.15880552 55.37368628
189300 0.74368471 0.13653292 61.34804133
189400 0.79358316 0.13004939 56.84646942
189500 0.79078421 0.12158402 59.89257385
189600 0.78270275 0.19948263 38.25879869
189700 0.78268894 0.12701170 59.04166349
189800 0.80463582 0.14707410 50.42921304
189900 0.77794213 0.13948727 55.65813982
190000 0.78250914 0.10291356 67.13654984
190100 0.75393461 0.15422402 54.40926333
190200 0.79611424 0.10514374 64.85904670
190300 0.77139488 0.16435597 49.06589349
190400 0.78163523 0.11183969 64.18130697
190500 0.82461140 0.11667887 58.39320741
190600 0.77997801 0.11354551 63.80345063
190700 0.79832004 0.14818850 50.71449755
190800 0.71421839 0.16534622 57.77129135
190900 0.75463609 0.13586318 59.90630359
191000 0.78790550 0.11236327 63.28186744
191100 0.75513408 0.14087795 58.27129000
191200 0.77099052 0.13598792 57.62351706
191300 0.74004993 0.13345881 62.89117638
191400 0.72656215 0.16784679 54.84556157
191500 0.78103502 0.12641849 59.42882890
191600 0.76967850 0.16254678 49.80652355
191700 0.77950491 0.16156828 48.85596095
191800 0.74871352 0.15756778 54.20210045
191900 0.74993081 0.13947511 59.47323441
192000 0.79940051 0.17081367 44.03263346
192100 0.77351218 0.18928427 41.98593052
192200 0.76148426 0.10465616 69.22448878
192300 0.78808445 0.16317601 47.39654399
192400 0.76707533 0.16299793 50.01957756
192500 0.75932072 0.13237936 60.33676435
192600 0.79476462 0.13405955 55.44642496
192700 0.72868546 0.13906436 63.01482170
192800 0.76812700 0.13454485 58.45122077
192900 0.78216587 0.16878795 46.48254952
193000 0.74832123 0.16201428 52.97111348
193100 0.75828536 0.14763463 55.75392895
193200 0.79414274 0.12892375 57.14785750
193300 0.75555756 0.14235324 57.75507416
193400 0.75613760 0.12551360 62.99390669
193500 0.75135998 0.16710255 51.06241200
193600 0.74238770 0.13140905 63.17091386
193700 0.74212274 0.15686813 55.42576139
193800 0.78987086 0.16577647 46.45572156
193900 0.75861241 0.12288619 63.49694696
194000 0.75373574 0.13900879 59.05438206
194100 0.76810636 0.14399868 55.51637088
194200 0.81686325 0.12299533 56.92188777
194300 0.75736565 0.11205010 67.27734506
194400 0.75429020 0.17039231 49.70590257
194500 0.76288395 0.13499758 59.01366791
194600 0.72844360 0.17446582 52.67534187
194700 0.79802297 0.10997865 63.00691610
194800 0.75724525 0.15633855 53.30798150
194900 0.78559516 0.17179765 45.24250851
195000 0.75928362 0.13624371 59.12205314
195100 0.80260479 0.13712264 53.68903514
195200 0.80054086 0.11546808 60.90186391
195300 0.76995593 0.16047515 50.36804754
195400 0.78044354 0.15538716 50.54523655
195500 0.77509636 0.12698702 59.96915300
195600 0.78716157 0.18155149 42.39855642
195700 0.80125687 0.14336482 51.88767064
195800 0.76757848 0.11724009 64.13230669
195900 0.75458385 0.12769313 62.51378705
196000 0.80037656 0.14597820 51.17704102
196100 0.80555846 0.14653360 50.50553020
196200 0.75263383 0.17880242 47.63245843
196300 0.78472725 0.12463804 59.57410425
196400 0.74666556 0.09089923 76.23240754
196500 0.75094925 0.13720198 60.02936496
196600 0.76809657 0.14060982 56.56040090
196700 0.77429813 0.21602930 35.27162464
196800 0.75126162 0.15183870 55.51163288
196900 0.80414759 0.14332708 51.61798155
197000 0.77585265 0.10223749 68.17566336
197100 0.81610275 0.12477123 56.40625171
197200 0.78642260 0.16379745 47.40586405
197300 0.76463854 0.23176951 32.97363699
197400 0.75728910 0.13578769 59.54788961
197500 0.76436954 0.15327272 53.22135025
197600 0.74883344 0.13289133 61.70462020
197700 0.78445203 0.17990701 43.15077808
197800 0.73561669 0.14165552 61.04909649
197900 0.78588248 0.13949850 54.71699507
198000 0.78435962 0.12336678 60.03097986
198100 0.76729924 0.10214958 69.30470420
198200 0.76339575 0.12505443 62.12517294
198300 0.77561533 0.17322146 46.03895236
198400 0.75442565 0.14243907 57.89280671
198500 0.71133383 0.12832406 69.53516634
198600 0.72566305 0.11887658 70.01804669
198700 0.69229644 0.21643762 48.84607603
198800 0.79213983 0.12251018 59.44169852
198900 0.78659510 0.13096536 57.32188507
199000 0.77845811 0.14909528 52.65804086
199100 0.75829513 0.14967236 55.13848175
199200 0.78613659 0.20714939 35.97064693
199300 0.78352088 0.14163560 54.32799531
199400 0.76134338 0.16262377 50.90537873
199500 0.80506808 0.09798847 66.46209273
199600 0.79551497 0.13207801 55.99575795
199700 0.80469659 0.13176612 55.17777069
199800 0.78681419 0.15486239 49.95861923
199900 0.76223412 0.12217949 63.22286262
