0 0.69860958 0.08753520 0.07865221
100 0.62855930 0.05713984 3.47038347
200 0.66031354 0.01517446 4.38519357
300 0.69329090 0.04728347 1.41202228
400 0.66567157 0.03370568 2.78668884
500 0.67649091 0.05470065 1.30235427
600 0.67855041 0.02910235 2.74328107
700 0.69775611 0.03770504 1.94284844
800 0.65759081 0.05646124 1.84708152
900 0.67094082 0.03342713 2.63819108
1000 0.69654671 0.04495660 1.52085057
1100 0.64470860 0.04077752 3.28222026
1200 0.67105424 0.04735245 1.80481099
1300 0.65089329 0.03539306 3.29276320
1400 0.71410602 0.03194897 2.41496138
1500 0.66074742 0.08424343 0.89451736
1600 0.68966243 0.03677732 2.05198659
1700 0.68639992 0.05899835 0.93304860
1800 0.72850418 0.02866848 2.95033733
1900 0.64646545 0.04880947 2.74320882
2000 0.69854768 0.03008454 2.44514040
2100 0.66080966 0.07554463 1.06697410
2200 0.61655539 0.04917228 4.77323009
2300 0.65913505 0.02803687 3.42431842
2400 0.67670368 0.05614447 1.23301299
2500 0.62806805 0.06633919 3.15362736
2600 0.65499273 0.05795633 1.89666252
2700 0.67693570 0.01291692 4.05771242
2800 0.65886268 0.02072292 3.98856705
2900 0.64574970 0.05573372 2.45129932
3000 0.62071054 0.04606461 4.59792220
3100 0.67018311 0.03291372 2.69480754
3200 0.67713936 0.06438170 0.89563618
3300 0.64612431 0.03373962 3.64651423
3400 0.66708203 0.04150930 2.25237720
3500 0.66458036 0.05886015 1.47351927
3600 0.65614307 0.06167971 1.69593766
3700 0.67158255 0.04721347 1.79698481
3800 0.61802915 0.05622802 4.31760280
3900 0.69043481 0.05461626 1.07558826
4000 0.70580434 0.06929766 0.48816203
4100 0.64267286 0.05517139 2.64800284
4200 0.62489553 0.02859587 5.36961577
4300 0.67275974 0.03361289 2.57463996
4400 0.63009488 0.05571545 3.42392398
4500 0.64223363 0.06061946 2.44389024
4600 0.66853372 0.06880236 0.98170988
4700 0.62955567 0.04778267 3.84452665
4800 0.64830406 0.03787479 3.26600575
4900 0.74719835 0.02902491 3.63257359
5000 0.68649368 0.05000545 1.34093775
5100 0.73296700 0.03222005 2.84047262
5200 0.66692379 0.02904856 3.06407137
5300 0.66052277 0.03057823 3.18891675
5400 0.68618966 0.04679147 1.51093643
5500 0.69792037 0.04901741 1.30177476
5600 0.66141026 0.03813192 2.65841368
5700 0.64209468 0.04545899 3.16387383
5800 0.66370933 0.04632347 2.09909142
5900 0.66505711 0.04799674 1.96267213
6000 0.65378443 0.04451894 2.60701327
6100 0.66459644 0.03488849 2.74646069
6200 0.67431864 0.05857209 1.18790177
6300 0.68396196 0.01511200 3.73159543
6400 0.68252970 0.02046653 3.31539188
6500 0.67681989 0.07456035 0.59224663
6600 0.63719638 0.03795833 3.89673142
6700 0.70626244 0.06404239 0.66608413
6800 0.68006985 0.04024974 1.98365205
6900 0.65513444 0.04413994 2.56663195
7000 0.67829131 0.04190461 1.92317064
7100 0.69133803 0.02525922 2.83060696
7200 0.65698116 0.03447574 3.07202493
7300 0.68708020 0.02719512 2.73373549
7400 0.70117729 0.06285808 0.69045423
7500 0.64548948 0.01396173 5.18699063
7600 0.65191905 0.06330578 1.82912187
7700 0.70514424 0.03470718 2.14480793
7800 0.65753118 0.03596658 2.95194023
7900 0.68429629 0.04816616 1.46667643
8000 0.67839303 0.03276161 2.49393078
8100 0.69117524 0.05066883 1.25572018
8200 0.63137394 0.04532277 3.84956804
8300 0.65189405 0.03658318 3.16793741
8400 0.66003792 0.04293839 2.42649748
8500 0.65299998 0.06189032 1.83067490
8600 0.71126473 0.03009058 2.50711067
8700 0.67314518 0.07826511 0.59679333
8800 0.66586249 0.07653765 0.85792575
8900 0.69448695 0.05369014 1.08749830
9000 0.63017491 0.05136008 3.62069224
9100 0.64692126 0.06579388 1.99370532
9200 0.64891241 0.02952238 3.78851822
9300 0.69346914 0.05681098 0.95397201
9400 0.66921265 0.02716284 3.12655677
9500 0.68063249 0.04691214 1.59671098
9600 0.67725925 0.06416055 0.90080376
9700 0.60938118 0.06515766 4.71287966
9800 0.64883933 0.03573347 3.37380025
9900 0.64709407 0.06704826 1.94242732
10000 0.68038437 0.04183168 1.88416332
10100 0.63762862 0.03776308 3.88181192
10200 0.65736969 0.02927686 3.40955312
10300 0.65655799 0.00515863 5.44104643
10400 0.65484882 0.01963280 4.24875849
10500 0.64471005 0.06875997 2.01645887
10600 0.65161380 0.06130425 1.91929272
10700 0.65150619 0.03435105 3.33071721
10800 0.65995814 0.04755556 2.17688523
10900 0.67458090 0.05844639 1.18641674
11000 0.68606467 0.05572217 1.07735959
11100 0.67260070 0.05009491 1.62061998
11200 0.71334435 0.03832553 1.99090614
11300 0.71906259 0.02157726 3.25675398
11400 0.66744920 0.05164982 1.69864729
11500 0.69025404 0.03545434 2.13056285
11600 0.66538092 0.06564376 1.18941587
11700 0.66291523 0.01189977 4.56846546
11800 0.66851990 0.05198504 1.64821649
11900 0.65956499 0.00702824 5.13936958
12000 0.67592608 0.04130844 2.01212636
12100 0.62725721 0.04380914 4.22446265
12200 0.69504600 0.06613875 0.58556329
12300 0.66396444 0.06090394 1.41353197
12400 0.66930131 0.04599562 1.92944145
12500 0.64309720 0.06308053 2.30048807
12600 0.70758743 0.05865928 0.88331215
12700 0.68018602 0.03454720 2.33833109
12800 0.67764492 0.02041345 3.41688423
12900 0.66120157 0.03065625 3.15693681
13000 0.66801372 0.02429576 3.37712699
13100 0.65273795 0.03453772 3.25950603
13200 0.66427648 0.03592696 2.69076248
13300 0.72373278 0.05978983 1.09005129
13400 0.67911416 0.05763176 1.11564322
13500 0.64151449 0.03910977 3.56408722
13600 0.70236495 0.06373827 0.66025287
13700 0.64514076 0.06302125 2.18848200
13800 0.66589539 0.00929537 4.69522758
13900 0.64223968 0.03614065 3.70713540
14000 0.69737125 0.02986325 2.46303720
14100 0.63801636 0.01289103 5.71497235
14200 0.67660698 0.03714635 2.24890730
14300 0.65912121 0.06353091 1.50053520
14400 0.65448567 0.02221440 4.06107697
14500 0.69098268 0.01947212 3.28302542
14600 0.64778314 -0.00984150 7.39587729
14700 0.66093071 0.04747954 2.14240393
14800 0.65206049 0.06507391 1.75901428
14900 0.67621755 0.06165397 1.01801137
15000 0.65229613 0.05721468 2.05312137
15100 0.65015298 0.04173099 2.94000100
15200 0.69711730 0.02371666 2.91372883
15300 0.66502311 0.01885079 3.90428855
15400 0.62024441 0.03327377 5.40667206
15500 0.63880989 0.03757680 3.82044243
15600 0.66128726 0.00799845 4.98148090
15700 0.65441414 0.05711194 1.95872821
15800 0.70379784 0.07750558 0.26021120
15900 0.65705556 0.05513049 1.92874894
16000 0.65719746 0.04630055 2.35784441
16100 0.65268799 0.04519303 2.62111483
16200 0.68580449 0.02520209 2.89811972
16300 0.69276713 0.01899618 3.30696667
16400 0.71549532 0.03775195 2.05746217
16500 0.64326470 0.04857953 2.93147903
16600 0.65837906 0.03812261 2.78055683
16700 0.63776780 0.04984805 3.19403294
16800 0.68199782 0.02951015 2.64644837
16900 0.67039456 0.03523157 2.53571608
17000 0.65862043 0.04497273 2.37013462
17100 0.65483077 0.01510274 4.62390234
17200 0.64161151 0.05645457 2.65270980
17300 0.65465116 0.06502312 1.63994950
17400 0.63458110 0.02326385 5.08403447
17500 0.66330231 0.05717459 1.59036823
17600 0.62346681 0.04488501 4.44749603
17700 0.67385263 0.04690566 1.75134685
17800 0.63659470 0.04974747 3.27277457
17900 0.68743799 0.06881216 0.56524267
18000 0.71656054 0.01350072 3.87818868
18100 0.69155518 0.06304562 0.71847067
18200 0.64929316 0.04276897 2.92328709
18300 0.65559170 0.03402157 3.16262478
18400 0.65008137 0.07439055 1.57385688
18500 0.63196737 0.03383747 4.50295951
18600 0.72340746 0.04636925 1.71208309
18700 0.66613518 0.07528400 0.87885334
18800 0.66291906 0.05290116 1.79664806
18900 0.70642489 0.04881482 1.33060090
19000 0.69025289 0.04692627 1.45591349
19100 0.66773220 0.05430843 1.56446519
19200 0.64697897 0.05059848 2.62586999
19300 0.70213872 0.03730049 1.96790138
19400 0.66510388 0.06568357 1.19767829
19500 0.68137723 0.05009433 1.41869191
19600 0.73111820 0.04238847 2.14371526
19700 0.68957728 0.00874702 4.21786974
19800 0.68315179 0.03682715 2.13733567
19900 0.67631023 0.05038636 1.51135907
20000 0.66412574 0.04465149 2.17520992
20100 0.63765936 0.07828671 2.17891149
20200 0.66254939 0.02193130 3.74863491
20300 0.69779691 0.03649110 2.01911675
20400 0.67383054 0.03427371 2.50239291
20500 0.66072450 0.06145801 1.51402491
20600 0.62461272 0.05697898 3.76702513
20700 0.69770425 0.04579621 1.47166042
20800 0.66820988 0.07215244 0.89304918
20900 0.67911678 0.03001479 2.66701930
21000 0.69269642 0.00845019 4.21735521
21100 0.66940833 0.02442286 3.32387672
21200 0.70203109 0.03475247 2.13068253
21300 0.63463368 0.04714645 3.53312671
21400 0.65680151 0.05150945 2.10872145
21500 0.67391211 0.06764607 0.86367727
21600 0.66914394 0.08621634 0.57104276
21700 0.67996894 0.04784212 1.56084382
21800 0.65788422 0.03784531 2.81847248
21900 0.66566735 0.05066088 1.80653984
22000 0.65871929 0.06440848 1.48542663
22100 0.71679300 0.04671243 1.56078502
22200 0.71006859 0.03204605 2.35955779
22300 0.67401710 0.06137718 1.08341663
22400 0.65478394 0.02878622 3.55794726
22500 0.65994664 0.07036951 1.24111896
22600 0.64939225 0.05108869 2.47673009
22700 0.69977320 0.03711054 1.97756774
22800 0.66654596 0.04742804 1.94149182
22900 0.66778174 0.04918261 1.81021148
23000 0.66554866 0.05974688 1.40360416
23100 0.67047422 0.05662115 1.37674806
23200 0.65725766 0.00439165 5.48393208
23300 0.68787867 0.06893199 0.55607398
23400 0.67099062 0.05816978 1.29565564
23500 0.69355525 0.03262438 2.29050460
23600 0.69892211 0.00714537 4.31157179
23700 0.67986030 0.06194757 0.92679761
23800 0.63584366 0.03705544 4.03902667
23900 0.69570496 0.03250329 2.28712691
24000 0.65738952 0.03833668 2.80900915
24100 0.63608089 0.04495647 3.55772139
24200 0.68563485 0.05963893 0.91768685
24300 0.63927210 0.03932397 3.68472924
24400 0.68101162 0.02837710 2.74519950
24500 0.64266669 0.05720330 2.55933296
24600 0.66431487 0.05225826 1.77635152
24700 0.66860569 0.00283765 5.21306246
24800 0.68590441 0.04570130 1.57351747
24900 0.66440680 0.04810745 1.97985636
25000 0.66722896 0.03694732 2.52479116
25100 0.65299365 0.04839643 2.43626258
25200 0.60924286 0.00431097 8.69662395
25300 0.69262816 0.04254091 1.67794567
25400 0.64920282 0.04013496 3.08208806
25500 0.68279184 0.06121370 0.90024893
25600 0.70562512 0.05181000 1.17695915
25700 0.64204027 0.06066884 2.45313501
25800 0.70439187 0.03414442 2.17812269
25900 0.63932411 0.04489635 3.35898783
26000 0.66673180 0.04847930 1.88057780
26100 0.64781993 0.02612682 4.09000271
26200 0.69785534 0.06207138 0.72158994
26300 0.69625516 0.02383342 2.90768601
26400 0.64695931 0.03367247 3.60632777
26500 0.71060880 0.04883331 1.36528845
26600 0.67060423 0.04920872 1.72193303
26700 0.70110030 0.07079127 0.42718026
26800 0.65098442 0.03895772 3.06434377
26900 0.64858774 0.06522527 1.92625118
27000 0.66484597 0.06655013 1.17734981
27100 0.64281174 0.04841462 2.96577409
27200 0.70682587 0.04576682 1.49391494
27300 0.63478843 0.02162549 5.19755638
27400 0.69927297 0.02760334 2.62090240
27500 0.64738076 0.05723202 2.29894194
27600 0.65963931 0.06564225 1.40471999
27700 0.66934332 0.05483212 1.48998480
27800 0.66828546 0.07727397 0.76114216
27900 0.68286419 0.07957139 0.35548209
28000 0.69000224 0.05977792 0.85888551
28100 0.64140583 0.04021780 3.50359404
28200 0.67397002 0.07578881 0.63187101
28300 0.65282804 0.04654593 2.54126603
28400 0.64269410 0.00487803 6.16607805
28500 0.67840100 0.04927887 1.51957510
28600 0.66996701 0.05124965 1.63928856
28700 0.69151998 0.05777158 0.92757490
28800 0.65612616 0.03680368 2.95934407
28900 0.68992296 0.06495580 0.66482140
29000 0.66543832 0.06043515 1.37994356
29100 0.64604013 0.03000002 3.90583269
29200 0.63224419 0.06886039 2.78026237
29300 0.68519762 0.04195502 1.79416503
29400 0.67374332 0.05505098 1.35491381
29500 0.62867561 0.05163884 3.71298499
29600 0.69051120 0.04009115 1.83955373
29700 0.68880159 0.05183847 1.22246876
29800 0.67972735 0.02586886 2.95320313
29900 0.67819952 0.03467231 2.37148399
30000 0.69339544 0.03940677 1.85758008
30100 0.63315594 0.03589083 4.28905651
30200 0.68807122 0.05800066 0.95312026
30300 0.68752844 0.05911115 0.91371877
30400 0.64919197 0.05339766 2.37661657
30500 0.63212261 0.05443829 3.34160495
30600 0.67049740 0.06318167 1.11299639
30700 0.67818764 0.03108070 2.61282459
30800 0.67052083 0.03488557 2.55445543
30900 0.69264667 0.03725247 1.99566202
31000 0.71684966 0.06295018 0.82830023
31100 0.69720600 0.02374157 2.91157706
31200 0.70319075 0.04986069 1.26206568
31300 0.63470515 0.07343011 2.48468814
31400 0.65325529 0.02469405 3.92802668
31500 0.70866519 0.07109828 0.45519746
31600 0.63893506 0.06247696 2.56845240
31700 0.67673953 0.03817183 2.18188582
31800 0.63384850 0.03720791 4.15943351
31900 0.65929420 0.05484338 1.84804116
32000 0.65940820 0.05236287 1.95849520
32100 0.68277263 0.03967355 1.96803158
32200 0.64104586 0.03066063 4.14176946
32300 0.68069036 0.04794872 1.54109901
32400 0.67947228 0.02540815 2.99266576
32500 0.69997875 0.02738274 2.63663365
32600 0.65852517 0.05630072 1.81489416
32700 0.66665535 0.04292352 2.18479516
32800 0.62981013 0.06277977 3.15598199
32900 0.63334154 0.06018581 3.01426009
33000 0.71184995 0.04116984 1.80070473
33100 0.66127378 0.07954767 0.95900892
33200 0.67550280 0.04085535 2.04910125
33300 0.67283862 0.05579436 1.34593976
33400 0.68271455 0.02914096 2.65989536
33500 0.65127928 0.05117128 2.37897616
33600 0.66385537 0.06097593 1.41465610
33700 0.64819446 0.05994590 2.14407252
33800 0.63385914 0.04697097 3.59334560
33900 0.68705127 0.02218238 3.11162544
34000 0.66338002 0.03815271 2.58305538
34100 0.66884824 0.06564033 1.07550958
34200 0.70766716 0.02643557 2.73525549
34300 0.66643350 0.05356554 1.64143437
34400 0.66373133 0.06570230 1.24587437
34500 0.62185555 0.08725575 3.13448570
34600 0.65302085 0.05039363 2.33391611
34700 0.66801435 0.04160451 2.21655781
34800 0.67310891 0.04476545 1.88699314
34900 0.68414648 0.03888966 1.99290376
35000 0.67276699 0.02781194 2.97637623
35100 0.61938950 0.03666349 5.25478267
35200 0.68390588 0.01506183 3.73675664
35300 0.67657852 0.02458531 3.11797066
35400 0.62553377 0.04766362 4.14215784
35500 0.71251059 0.05303658 1.18103887
35600 0.63648012 0.05035702 3.24960010
35700 0.66475607 0.04766801 1.99038579
35800 0.68779803 0.05258182 1.19868585
35900 0.66853761 0.05570244 1.47607769
36000 0.64148229 0.05354699 2.79110228
36100 0.67763719 0.05293507 1.35760164
36200 0.62474115 0.08684704 2.91844774
36300 0.64819320 0.03092833 3.72742008
36400 0.65588308 0.06052951 1.75211119
36500 0.62758017 0.03551295 4.70160549
36600 0.69085104 0.05631154 0.99619243
36700 0.69453954 0.04305608 1.63621326
36800 0.64965113 0.02669994 3.95395403
36900 0.64105417 0.04255835 3.38707685
37000 0.68404507 0.03830023 2.03071079
37100 0.65626476 0.06847770 1.45321338
37200 0.69313201 0.05199506 1.17582156
37300 0.68406732 0.04097280 1.86903004
37400 0.69305140 0.04272857 1.66414995
37500 0.65885336 0.04486057 2.36670174
37600 0.69462870 0.06132852 0.76216727
37700 0.72944232 0.05137074 1.61582742
37800 0.67306562 0.04629367 1.80491530
37900 0.66435246 0.04005300 2.43219488
38000 0.65998895 0.07466550 1.12136039
38100 0.67335735 0.07163920 0.75708294
38200 0.68779359 0.01796179 3.43963221
38300 0.68702345 0.03485585 2.20607561
38400 0.67605571 0.03404167 2.46191539
38500 0.67622544 0.03377861 2.47525134
38600 0.68364716 0.04637943 1.57129059
38700 0.63869907 0.03387716 4.06501716
38800 0.73090955 0.06646150 1.04011575
38900 0.64826432 0.04178384 3.03285044
39000 0.66985979 0.03815438 2.36665629
39100 0.70762290 0.04387329 1.60415828
39200 0.68225166 0.05561581 1.14248008
39300 0.63936695 0.03297956 4.08405283
39400 0.64651576 0.05543256 2.42341024
39500 0.68065575 0.05012712 1.43075210
39600 0.65931174 0.02901395 3.34727724
39700 0.66009219 0.04923326 2.08494727
39800 0.65845035 0.06806441 1.37312750
39900 0.65048092 0.06374534 1.88326975
40000 0.67826563 0.07424415 0.56787317
40100 0.63702872 0.06588939 2.56445805
40200 0.63245155 0.00683168 6.62156440
40300 0.62874212 0.05873294 3.39032812
40400 0.64276919 0.07322402 1.99615949
40500 0.61986934 0.04827910 4.54798701
40600 0.68436610 0.01570734 3.67483557
40700 0.70127982 0.03537788 2.08882790
40800 0.68525085 0.03011307 2.55085987
40900 0.69567501 0.03342411 2.22552707
41000 0.62085907 0.06999370 3.58183250
41100 0.65332025 0.04414383 2.64945527
41200 0.68873408 0.03292865 2.31274340
41300 0.67044815 0.02915872 2.94589949
41400 0.67481235 0.05725082 1.23095493
41500 0.66673722 0.07000573 1.00303448
41600 0.63306419 0.04750514 3.61805664
41700 0.64354683 0.03096119 3.97665887
41800 0.67318503 0.03879389 2.23261500
41900 0.70395654 0.02844618 2.56780197
42000 0.60136712 0.04265344 6.50853630
42100 0.64500729 0.02620643 4.23484428
42200 0.73920486 0.03260505 3.03955030
42300 0.64081174 0.07612592 2.03661083
42400 0.65886263 0.02960023 3.32420511
42500 0.65882413 0.05954400 1.66607000
42600 0.64637215 0.06257239 2.13838630
42700 0.65508409 0.05143798 2.18785433
42800 0.66904523 0.05116994 1.67128620
42900 0.66535802 0.01776762 3.98111530
43000 0.66083425 0.07797141 1.00960731
43100 0.67914816 0.02443679 3.07229931
43200 0.71202130 0.02430457 2.93715467
43300 0.63356884 0.04858495 3.52830308
43400 0.69658289 0.04254834 1.65618473
43500 0.68437209 -0.01434250 6.65922007
43600 0.64765527 0.03023635 3.80346891
43700 0.68725806 0.05542268 1.07474724
43800 0.67684110 0.04578002 1.73807053
43900 0.67190756 0.01460449 4.04078912
44000 0.67479276 0.02680014 2.99681234
44100 0.64102150 0.07529396 2.04442610
44200 0.64758595 0.03622246 3.40740351
44300 0.68180022 0.03236152 2.45309782
44400 0.67114634 0.03997513 2.21775968
44500 0.67815483 0.06526435 0.84188833
44600 0.64787001 0.05966663 2.17215812
44700 0.68349503 0.04998864 1.38677529
44800 0.64890318 0.02411606 4.18462855
44900 0.63871368 0.03446073 4.02570476
45000 0.67300186 0.02419659 3.23752813
45100 0.64269749 0.08404177 1.76912134
45200 0.62997496 0.06548442 3.04741610
45300 0.70317795 0.04863841 1.32405592
45400 0.67764873 0.05572836 1.22977846
45500 0.67399590 0.05260713 1.46114844
45600 0.67724599 0.04796786 1.61254449
45700 0.69840017 0.05090103 1.20663432
45800 0.70164357 0.05827123 0.87199573
45900 0.65757174 0.01360409 4.63220504
46000 0.64656470 0.06726878 1.96333204
46100 0.67671680 0.06331576 0.94392025
46200 0.67914572 0.05397647 1.27653309
46300 0.66258924 0.05349268 1.78124801
46400 0.65622687 0.04400878 2.52555192
46500 0.65814269 0.07450079 1.20112217
46600 0.68282072 0.04367476 1.73383013
46700 0.64640241 0.03741323 3.39490254
46800 0.62560876 0.04416115 4.32601726
46900 0.71176178 0.06132866 0.81690621
47000 0.64674803 0.01449210 5.07368708
47100 0.61670797 0.05439277 4.50879094
47200 0.62508170 0.04014348 4.59777729
47300 0.67504860 0.02953410 2.79400758
47400 0.67284049 0.05911513 1.20460561
47500 0.67318361 0.03550110 2.43961355
47600 0.64670469 0.06624490 1.98989819
47700 0.68022757 0.05184112 1.35511319
47800 0.66269469 0.05891862 1.53968307
47900 0.66253249 0.04339325 2.30406925
48000 0.65663947 0.04795086 2.29462422
48100 0.65334708 0.05378868 2.15599056
48200 0.66753846 0.07171427 0.92691715
48300 0.71830511 0.02361416 3.08493646
48400 0.69265757 0.01216838 3.88415256
48500 0.65575556 0.01969665 4.20309970
48600 0.71934691 0.04441109 1.73221503
48700 0.65398609 0.05855290 1.91757107
48800 0.63923269 0.01399179 5.54503930
48900 0.67019221 0.04371428 2.02829323
49000 0.67566824 0.06904091 0.77524980
49100 0.69691281 0.04076337 1.75925452
49200 0.64906603 0.02662403 3.98915136
49300 0.67894290 0.05960239 1.03768430
49400 0.64248500 0.05900796 2.49416122
49500 0.68218211 0.03174744 2.48794473
49600 0.64496444 0.04740446 2.89760180
49700 0.69487436 0.04861930 1.33312443
49800 0.68868577 0.06416128 0.70621282
49900 0.68993645 0.04636836 1.48881410
50000 0.67757430 0.04584761 1.71769648
50100 0.67823966 0.04056802 2.00283621
50200 0.63957590 0.06249937 2.52868450
50300 0.69710591 0.02732568 2.64496650
50400 0.64880955 0.02052781 4.46814594
50500 0.70418717 0.06411593 0.65259963
50600 0.68992913 0.07194650 0.44421077
50700 0.64509710 0.06106868 2.26498811
50800 0.68353690 0.03872144 2.01304763
50900 0.69597588 0.06015109 0.80206457
51000 0.59938066 0.05450857 6.09686075
51100 0.67551230 0.02343006 3.23130137
51200 0.68661807 0.04254554 1.74004575
51300 0.70857366 0.04207714 1.71428268
51400 0.70517269 0.05696783 0.93926203
51500 0.59532451 0.04669845 6.89900683
51600 0.69703637 0.01129873 3.93834930
51700 0.71945254 0.05115114 1.38230619
51800 0.68596669 0.04062376 1.86123589
51900 0.70560225 0.05198571 1.16837852
52000 0.66769389 0.05553277 1.51050935
52100 0.65075952 0.07047779 1.64809268
52200 0.71255865 0.06488691 0.69532443
52300 0.65027097 0.04494563 2.75197969
52400 0.64948381 0.03566959 3.34514333
52500 0.62225904 0.03359240 5.22681311
52600 0.64859334 0.06218081 2.03646786
52700 0.69072535 0.05874128 0.89415054
52800 0.69837941 0.03707213 1.98127171
52900 0.66886105 0.02872067 3.02518893
53000 0.63087759 0.04328222 3.99740726
53100 0.63433636 0.04846725 3.48366887
53200 0.69370391 0.05809047 0.89802478
53300 0.68011091 0.05608310 1.16213496
53400 0.62495925 0.05286991 3.92617996
53500 0.63410357 0.06140891 2.91580561
53600 0.66156845 0.06156166 1.47724489
53700 0.63245133 -0.00093829 7.37568087
53800 0.68376607 0.01345945 3.87640329
53900 0.66922269 0.06766631 0.99635541
54000 0.63599742 0.04733927 3.43474096
54100 0.71335100 0.01792601 3.45719448
54200 0.63397679 0.04452306 3.71837798
54300 0.68948110 0.05825752 0.92654100
54400 0.61139062 0.06700218 4.47023932
54500 0.66758587 0.03509694 2.63154163
54600 0.66552531 0.06402320 1.24141722
54700 0.66924578 0.05518672 1.47702577
54800 0.66885315 0.03907765 2.34082930
54900 0.69119107 0.05375877 1.10792452
55000 0.68071691 0.03265535 2.45356974
55100 0.68409304 0.01704751 3.56707374
55200 0.66745159 0.03022479 2.96398929
55300 0.67111187 0.05322819 1.51106330
55400 0.67024481 0.05046255 1.66966528
55500 0.70771455 0.07999818 0.22979352
55600 0.63097282 0.02570290 5.14240466
55700 0.66545373 0.05788566 1.48353119
55800 0.67671656 0.04518488 1.77340803
55900 0.65942466 0.02714937 3.47678587
56000 0.67322374 0.03212467 2.66201431
56100 0.64345081 0.05888945 2.44394440
56200 0.67502326 0.03796248 2.23624604
56300 0.70532699 0.05072892 1.22800804
56400 0.67284718 0.05872431 1.22047940
56500 0.63217229 0.04807458 3.64842391
56600 0.67953612 0.06628568 0.77771291
56700 0.71051554 0.04763199 1.42649239
56800 0.62788667 0.03383896 4.78880823
56900 0.64794913 0.05249365 2.48307303
57000 0.64164294 0.08214366 1.86219791
57100 0.69151058 0.02662422 2.72803751
57200 0.64774097 0.04111824 3.09903396
57300 0.68535207 0.03394833 2.28869229
57400 0.64902622 0.05529981 2.29821693
57500 0.70559713 0.04299445 1.64048009
57600 0.65995858 0.03710980 2.77924652
57700 0.68790807 0.02236690 3.08655616
57800 0.66204933 0.02874510 3.25875731
57900 0.61892726 0.01448638 6.94268429
58000 0.68218751 0.05267735 1.27835917
58100 0.65849685 0.02625877 3.58014040
58200 0.67776797 0.01258543 4.06778491
58300 0.67571782 0.07016393 0.73990784
58400 0.70747527 0.05847444 0.89012581
58500 0.69077169 0.04607488 1.49654014
58600 0.68618041 0.05049587 1.32081994
58700 0.64751951 0.00253208 6.12709862
58800 0.72841687 0.01188939 4.28549892
58900 0.65192886 0.04901835 2.45498139
59000 0.64152902 0.04272203 3.34981067
59100 0.67867392 0.03020355 2.66317291
59200 0.73114938 0.03957459 2.31075677
59300 0.69426665 0.05293083 1.12418894
59400 0.65174673 0.07456197 1.48773584
59500 0.67863137 0.02561099 2.99517156
59600 0.63294664 0.06096689 3.00986838
59700 0.68488893 0.05279205 1.22846730
59800 0.62586380 0.07219507 3.13464528
59900 0.64600703 0.02303153 4.41969312
60000 0.70320365 0.04356544 1.59756150
60100 0.69981945 0.04967816 1.26615992
60200 0.67094896 0.06236680 1.13011045
60300 0.70463861 0.01526129 3.60108286
60400 0.70303230 0.04389960 1.57822479
60500 0.64800894 0.05750190 2.25457959
60600 0.66936081 0.03195176 2.78466175
60700 0.64046186 0.04266340 3.41613753
60800 0.65766931 0.04235928 2.55716988
60900 0.61519746 0.05321922 4.68995556
61000 0.70694419 0.03677399 2.02287537
61100 0.67182731 0.06797970 0.90950002
61200 0.69318645 0.01490760 3.64357081
61300 0.65801019 0.04731692 2.26932569
61400 0.68828531 -0.00740442 5.83647209
61500 0.66234300 0.05752004 1.61129823
61600 0.71188731 0.03513162 2.17460717
61700 0.63912656 0.03429656 4.01125841
61800 0.64723721 0.05917192 2.22542205
61900 0.68960666 0.03613027 2.09368208
62000 0.67016543 0.06212372 1.16235718
62100 0.64139944 0.03689840 3.70791918
62200 0.63686315 0.04062823 3.75563451
62300 0.59607600 0.05289272 6.50964653
62400 0.65538082 0.01832647 4.33071854
62500 0.63899349 0.04154233 3.56954663
62600 0.67897141 0.02982535 2.68334132
62700 0.65836430 0.04009512 2.66106281
62800 0.70156176 0.04730402 1.38965245
62900 0.70678867 0.06080018 0.79135604
63000 0.66677800 0.04749594 1.93018856
63100 0.72125653 0.05459009 1.25694978
63200 0.66581747 0.01417066 4.26756061
63300 0.66548606 0.06186508 1.32274218
63400 0.67387439 0.06752425 0.86861088
63500 0.70828930 0.05365114 1.10846469
63600 0.65505313 0.00758086 5.28075939
63700 0.66984814 0.05277292 1.56976599
63800 0.65613331 0.05302793 2.06533106
63900 0.71314913 0.05465027 1.11474873
64000 0.69730925 0.06622697 0.57392873
64100 0.63872494 0.04846131 3.20543476
64200 0.66260986 0.03176326 3.02713752
64300 0.69150334 0.08133698 0.21025086
64400 0.66178539 0.07042867 1.16741001
64500 0.66754943 0.03339541 2.74460523
64600 0.69797526 0.03411354 2.17256256
64700 0.66078521 0.04269660 2.41073997
64800 0.65863491 0.04982997 2.11405130
64900 0.65909436 0.05518583 1.84079069
65000 0.68533748 0.05572638 1.08757134
65100 0.67560123 0.03603237 2.34357895
65200 0.65318353 0.05711260 2.01555543
65300 0.69500774 0.02122303 3.11536651
65400 0.64041179 0.05528791 2.77496294
65500 0.66287124 0.05596379 1.65886618
65600 0.65177443 0.04361492 2.75249157
65700 0.67028212 0.07881381 0.66600367
65800 0.61086112 0.04509594 5.48009744
65900 0.67057561 0.01684944 3.88990470
66000 0.64761867 0.07353627 1.72206656
66100 0.63611877 0.06647530 2.60235848
66200 0.66685996 0.05300014 1.65362470
66300 0.69565564 0.01981957 3.22388779
66400 0.63600706 0.05801340 2.92898531
66500 0.66500930 0.06339643 1.28208516
66600 0.64370563 0.06889384 2.06832460
66700 0.66576556 0.07639599 0.86457293
66800 0.69763837 0.04375164 1.58472768
66900 0.63841009 0.08254084 2.04906946
67000 0.67837795 0.06147805 0.97572675
67100 0.67486385 0.02628925 3.03255011
67200 0.65776357 0.00813423 5.11161812
67300 0.66067759 0.00143327 5.63082669
67400 0.64331939 0.05441094 2.64552698
67500 0.68524795 0.05602849 1.07555828
67600 0.66771687 0.02897709 3.04322716
67700 0.69592535 0.06182489 0.73697098
67800 0.64497254 0.03601966 3.56075291
67900 0.64334837 0.03612489 3.64471841
68000 0.67563811 0.02609274 3.02789244
68100 0.68292142 0.03167977 2.47966575
68200 0.64460607 0.06469350 2.15751819
68300 0.68546143 0.04720444 1.49937063
68400 0.65952039 0.05428375 1.86428679
68500 0.64079198 0.06260427 2.45201471
68600 0.70528580 0.06971739 0.47248815
68700 0.64965025 0.02187378 4.31940191
68800 0.69024659 0.05381262 1.11420167
68900 0.66825675 0.07282001 0.87319291
69000 0.66679437 0.04403033 2.11760892
69100 0.67099936 0.05332808 1.50965283
69200 0.65132179 0.02106474 4.30017124
69300 0.68114615 0.06220430 0.89199139
69400 0.65009364 0.01809304 4.59969765
69500 0.66327624 0.05508030 1.68320702
69600 0.66948258 0.01497182 4.08055217
69700 0.66216035 0.03977328 2.52954834
69800 0.66532995 0.04065852 2.36171165
69900 0.66197699 0.05201942 1.87394278
70000 0.69760990 0.06401698 0.65024505
70100 0.66800741 0.05014401 1.75457272
70200 0.68784751 0.04502563 1.58493228
70300 0.67658602 0.02320190 3.22308136
70400 0.65787353 0.05450816 1.92207353
70500 0.63119565 0.05268524 3.48636232
70600 0.67732846 0.05298232 1.36233046
70700 0.68894192 0.06603413 0.63798070
70800 0.69868947 0.04633281 1.44094265
70900 0.62796893 0.05755047 3.49521910
71000 0.65196173 0.07271480 1.52607853
71100 0.63617485 0.04468044 3.56695148
71200 0.67851445 0.02298756 3.19627243
71300 0.62732990 0.06393914 3.29066470
71400 0.68775773 0.05230169 1.21250095
71500 0.64944264 0.04572986 2.75064702
71600 0.66526240 0.01114727 4.55075397
71700 0.73137882 0.05734658 1.40197212
71800 0.67375230 0.02852933 2.89849928
71900 0.61923979 0.00234399 8.02945365
72000 0.65895910 0.03666472 2.84785668
72100 0.66482384 0.04525526 2.11717453
72200 0.66678743 0.05405453 1.60703037
72300 0.66168063 0.05245713 1.86434933
72400 0.64312492 0.06573159 2.20454939
72500 0.65171719 0.05013499 2.40887474
72600 0.70237461 0.09620404 0.01002404
72700 0.70885390 0.02757065 2.66220141
72800 0.70625935 0.06796821 0.53260758
72900 0.65763198 0.03058015 3.30708228
73000 0.65954870 0.04417823 2.37618905
73100 0.65548515 0.05170739 2.15687441
73200 0.61959231 0.05450798 4.26746017
73300 0.66491657 0.00784008 4.86214906
73400 0.64672927 0.05882839 2.26643624
73500 0.68388623 0.06968402 0.58935615
73600 0.66381472 0.03710708 2.63244714
73700 0.63768325 0.04491682 3.45876690
73800 0.67133435 0.01896086 3.69453107
73900 0.63848483 0.03928099 3.73545763
74000 0.68401283 0.04037483 1.90537519
74100 0.67528529 -0.00065908 5.37153407
74200 0.63176544 0.02860059 4.87691576
74300 0.67710062 0.05716985 1.17940165
74400 0.66312029 0.05029337 1.91543122
74500 0.62057084 0.06162267 3.89090574
74600 0.64488483 0.04585573 2.98464183
74700 0.66923799 0.01496104 4.08896282
74800 0.68147674 0.07574674 0.46566603
74900 0.66632693 0.04507270 2.07544218
75000 0.68686416 0.04612288 1.53764734
75100 0.69660975 0.04414484 1.56564656
75200 0.67994746 0.02473755 3.03327066
75300 0.68400074 0.03681456 2.12418780
75400 0.67687841 0.04134883 1.98728390
75500 0.67867243 0.02342341 3.15942004
75600 0.69689552 0.01982253 3.21903209
75700 0.66484732 0.05859937 1.47486152
75800 0.69043794 0.01111963 3.99557693
75900 0.71240283 0.08212906 0.23660041
76000 0.63757847 0.01735849 5.36303378
76100 0.70403712 0.06244419 0.71336854
76200 0.69132481 0.04780733 1.39966680
76300 0.67322899 0.04645957 1.79163216
76400 0.67040700 0.03570144 2.50502544
76500 0.66282988 0.05142658 1.87049760
76600 0.65092119 0.03750768 3.15701027
76700 0.67023672 0.01297820 4.22932367
76800 0.65564072 0.06266633 1.68077468
76900 0.65135060 0.07418456 1.51660054
77000 0.66259892 0.07235990 1.08140792
77100 0.67562252 0.04504323 1.80725389
77200 0.66375394 0.07531146 0.96165054
77300 0.67876552 0.06437805 0.85991336
77400 0.67661379 0.04381505 1.85183150
77500 0.67986319 0.04965239 1.47018634
77600 0.67463292 0.04453063 1.86016962
77700 0.65760539 0.01195799 4.77434883
77800 0.65848316 0.06272349 1.55659296
77900 0.67971937 0.07171664 0.60562633
78000 0.61212485 0.03321977 6.09082053
78100 0.66551601 0.03210952 2.89913127
78200 0.65450990 0.01703749 4.47606310
78300 0.69567981 0.02664114 2.70009339
78400 0.63509921 0.03560778 4.17923505
78500 0.70726479 0.02461221 2.86804807
78600 0.66713786 0.05297251 1.64575251
78700 0.64873183 0.02843790 3.87478006
78800 0.67203204 0.02016272 3.57809941
78900 0.66370639 0.04936333 1.94064894
79000 0.65531933 0.02191456 4.04684887
79100 0.68545772 0.05838336 0.97171153
79200 0.66370879 0.05906149 1.49650670
79300 0.64959247 0.01507853 4.87628733
79400 0.62195174 0.07100396 3.46615060
79500 0.70000054 0.04756536 1.37469574
79600 0.68750010 0.01906865 3.35306522
79700 0.66633698 0.02651352 3.26673076
79800 0.67834218 0.06320241 0.91156165
79900 0.69971178 0.03988134 1.80716829
80000 0.67486504 0.06712006 0.85642831
80100 0.69612687 0.06378417 0.66329376
80200 0.65554851 0.06438944 1.62202340
80300 0.68144607 0.03243455 2.45466933
80400 0.67796907 0.04660173 1.66836871
80500 0.66435781 0.06949704 1.10039798
80600 0.66461976 0.00138261 5.48857519
80700 0.63221699 0.09678532 2.30243512
80800 0.63234644 0.06871559 2.77785921
80900 0.66126918 0.04383165 2.32748008
81000 0.68912494 0.05373633 1.12929695
81100 0.69989106 0.00996176 4.05344828
81200 0.67255314 0.04550050 1.86176291
81300 0.63818694 0.01721278 5.33728913
81400 0.67730009 0.03209018 2.56351465
81500 0.67170989 0.04262429 2.04615102
81600 0.68626107 0.02188122 3.14565128
81700 0.65255888 0.04914670 2.41835917
81800 0.62485471 0.02119148 5.92879917
81900 0.68454815 0.03427857 2.27903304
82000 0.64042735 0.03148252 4.12177277
82100 0.69841050 0.03707942 1.98076322
82200 0.65635894 0.06068116 1.72525660
82300 0.71035245 0.06756880 0.57947808
82400 0.68422667 0.03007745 2.56898023
82500 0.71463320 0.01646042 3.59649627
82600 0.64138783 0.06809629 2.22661665
82700 0.67627662 0.06007643 1.07834516
82800 0.68559862 0.03569682 2.17114932
82900 0.69124861 0.03763990 1.98268422
83000 0.65525803 0.05481808 2.02162495
83100 0.72470139 0.03507426 2.41275501
83200 0.65683395 0.05703364 1.85470794
83300 0.71571071 0.03542801 2.20818402
83400 0.67621004 0.04153239 1.99221175
83500 0.75212685 0.02087933 4.48864471
83600 0.68906079 0.02129347 3.15719208
83700 0.65081480 0.05772096 2.10335025
83800 0.70414564 0.05851531 0.86908302
83900 0.66180912 0.02753101 3.35514905
84000 0.68133627 0.02475632 3.00497325
84100 0.63961961 0.04766579 3.19233046
84200 0.72262073 0.03746994 2.21085288
84300 0.67464554 0.04773667 1.68715200
84400 0.64923955 0.03914579 3.13992912
84500 0.68852011 0.05302694 1.16912828
84600 0.66202467 0.04488768 2.23974672
84700 0.61537912 0.02847519 6.13824620
84800 0.71702751 0.04232150 1.80837278
84900 0.68195023 0.02996273 2.61550683
85000 0.67441852 -0.00338896 5.67184429
85100 0.66557052 0.04388667 2.16704740
85200 0.67161353 0.00774774 4.65813523
85300 0.69906586 0.06355667 0.66449442
85400 0.68850123 0.03364909 2.26733251
85500 0.65185984 0.04307371 2.77903843
85600 0.63024346 0.04676746 3.84983884
85700 0.69760584 0.04252417 1.65460175
85800 0.70075005 0.04112433 1.73345344
85900 0.69116255 0.05302903 1.14218629
86000 0.67096937 0.07333895 0.77679430
86100 0.66955731 0.05745587 1.36838027
86200 0.68194492 0.01588301 3.70082697
86300 0.63220027 0.06057590 3.07553122
86400 0.66428640 0.06606709 1.21345191
86500 0.64968979 0.04165011 2.96791330
86600 0.66386278 0.01887048 3.94394872
86700 0.61904024 0.04103110 5.01590664
86800 0.66668458 0.05458882 1.58604598
86900 0.67966500 0.06814109 0.71425116
87000 0.67736012 0.02863493 2.80276875
87100 0.66589776 0.05345451 1.66472284
87200 0.68347190 0.05271599 1.25447785
87300 0.68474053 0.06428069 0.75436007
87400 0.61774847 0.04091513 5.12816828
87500 0.68831643 0.03903586 1.92656636
87600 0.68366204 0.03952224 1.96224422
87700 0.67616804 0.04442257 1.82840630
87800 0.63215881 0.06243943 3.00661153
87900 0.66133947 0.07601892 1.03486451
88000 0.66191178 0.03110047 3.09892882
88100 0.70300333 0.03832813 1.90621969
88200 0.70597136 0.06451037 0.64758549
88300 0.71710709 0.02964200 2.62145011
88400 0.65364197 0.06318324 1.75227057
88500 0.72332796 0.05182462 1.43253050
88600 0.63943248 0.05080505 3.04428350
88700 0.68858717 0.05506335 1.07477757
88800 0.63721066 0.01445768 5.62999444
88900 0.59631326 0.05931358 6.20316254
89000 0.66694918 0.05945646 1.36806776
89100 0.64193472 0.04076703 3.44006107
89200 0.70547583 0.02412764 2.89329974
89300 0.64717850 0.04854105 2.71906718
89400 0.65443318 0.04307025 2.65866620
89500 0.63253046 0.06839076 2.77564128
89600 0.68517354 0.05035475 1.34223742
89700 0.64713169 0.04226033 3.06446398
89800 0.70436377 0.01822320 3.35324399
89900 0.68296745 0.01534822 3.72801603
90000 0.66223374 0.05088277 1.91939622
90100 0.68266460 0.03302279 2.39323130
90200 0.68119115 -0.00867578 6.08209863
90300 0.61001269 0.01792493 7.41701676
90400 0.61810118 0.05841119 4.21852331
90500 0.71168130 0.06093521 0.83125531
90600 0.66688849 0.03834947 2.44858008
90700 0.63683155 0.06549442 2.59044429
90800 0.65384575 0.06402265 1.71229203
90900 0.69795945 0.06630797 0.56965827
91000 0.66010236 0.00814690 5.01440632
91100 0.63850167 0.01053781 5.89276389
91200 0.67132379 0.06088439 1.17617817
91300 0.65482297 0.06877617 1.50794586
91400 0.63653956 0.04296424 3.64015247
91500 0.62373248 0.06481435 3.52738246
91600 0.64687147 0.06128452 2.16076479
91700 0.67094494 0.03071123 2.82256511
91800 0.65896518 0.05528387 1.84169427
91900 0.68272409 0.07421236 0.48172981
92000 0.67809099 0.05686463 1.17033252
92100 0.66809971 0.06344680 1.17688261
92200 0.68433558 0.02061481 3.27369107
92300 0.67718059 0.03751991 2.21224344
92400 0.67260697 0.06129380 1.12427417
92500 0.70340504 0.04000885 1.80526613
92600 0.68634306 0.03198961 2.40596264
92700 0.64929405 0.03289035 3.53739890
92800 0.67073335 0.03488731 2.54809958
92900 0.67495519 0.02735833 2.95202770
93000 0.66336990 0.03495430 2.78635372
93100 0.67026158 0.03428913 2.60114621
93200 0.65001696 0.06114949 2.00383344
93300 0.69882619 0.03550235 2.08066208
93400 0.70578723 0.03585558 2.07399932
93500 0.66501109 0.06587212 1.19446824
93600 0.61708470 0.03743711 5.39453149
93700 0.70937420 0.04346965 1.64177826
93800 0.65916638 0.02549267 3.60936316
93900 0.64965200 0.06439959 1.90115497
94000 0.64987879 0.02390940 4.15095760
94100 0.69849037 0.04386547 1.57668215
94200 0.65632324 0.06550435 1.54880471
94300 0.68249596 0.04225214 1.82060351
94400 0.70737877 0.04490280 1.54507384
94500 0.68219219 0.06093058 0.92176902
94600 0.66591192 0.05528712 1.58061947
94700 0.68554686 0.04450674 1.64419783
94800 0.62452792 0.09248623 2.87624604
94900 0.69706477 0.02772328 2.61626984
95000 0.72053820 0.04535116 1.70415651
95100 0.64634550 0.08555483 1.54373426
95200 0.68530596 0.00986273 4.17032111
95300 0.68619666 0.04964173 1.36324368
95400 0.68143637 0.00189094 4.98499764
95500 0.66195332 0.03384946 2.91172191
95600 0.68279549 0.04068728 1.90699716
95700 0.62429122 0.05578509 3.84338903
95800 0.69316286 0.04980291 1.28324728
95900 0.67477330 0.06444814 0.95016052
96000 0.68901879 0.05663181 1.00069331
96100 0.70809961 0.04709094 1.43248617
96200 0.73956210 0.05300557 1.88681790
96300 0.64242795 0.04252455 3.30898413
96400 0.66295452 0.04830132 2.02256084
96500 0.64570547 0.03309154 3.71231879
96600 0.66282831 0.04988511 1.94661853
96700 0.71041308 0.01750567 3.45687319
96800 0.67873881 0.02953266 2.70884236
96900 0.66246590 0.01934336 3.95715070
97000 0.74264782 0.02408133 3.79124078
97100 0.67567224 0.03775287 2.23327275
97200 0.61853256 0.07004773 3.76704116
97300 0.67628776 0.02059617 3.43361929
97400 0.67321726 0.04027538 2.14217274
97500 0.71844603 0.06699209 0.71488892
97600 0.67408129 0.03885363 2.20532906
97700 0.62228689 0.07531868 3.32424734
97800 0.69212881 0.05079027 1.24177657
97900 0.65637355 0.05712240 1.87087793
98000 0.69683119 0.02436962 2.86499811
98100 0.68339587 0.05159374 1.30943173
98200 0.65537014 0.04782757 2.35689348
98300 0.64036713 0.04255756 3.42785677
98400 0.65513096 0.04100077 2.74707042
98500 0.68192269 0.05874212 1.01450066
98600 0.67936762 0.04765566 1.58281238
98700 0.64384520 0.04082472 3.32753772
98800 0.61620970 0.10048649 3.51052556
98900 0.67330832 0.07289319 0.72361244
99000 0.67859501 0.06938876 0.69761072
99100 0.70930990 0.04484409 1.56442434
99200 0.67592041 0.06628021 0.85842565
99300 0.68007578 0.04907083 1.49537740
99400 0.68364797 0.05875813 0.98414018
99500 0.67346174 0.00997534 4.40435959
99600 0.65631260 0.03371475 3.15116175
99700 0.66524551 0.03847225 2.49676933
99800 0.65840736 0.03706691 2.84526112
99900 0.66587539 0.06094519 1.34488376
100000 0.66785487 0.03771023 2.45666221
100100 0.68604391 0.06404105 0.74390939
100200 0.64528263 0.03386415 3.68397073
100300 0.68361647 0.03959219 1.95876178
100400 0.69448518 0.03709674 1.99361661
100500 0.68405291 0.02283219 3.10458996
100600 0.63500433 0.06765749 2.63523792
100700 0.72024822 0.00648355 4.57765891
100800 0.66751852 0.00830584 4.73143301
100900 0.63195688 0.05310304 3.41459538
101000 0.66903870 0.05695229 1.40585364
101100 0.68516075 0.05074883 1.32294042
101200 0.67904944 0.04697994 1.62502649
101300 0.69671256 0.03457074 2.14589798
101400 0.67670104 0.03073441 2.67028146
101500 0.71211501 0.06135285 0.82018802
101600 0.63578293 0.04297773 3.68768566
101700 0.64791601 0.03361002 3.56018579
101800 0.62716252 0.04842564 3.98260666
101900 0.68500396 0.03395585 2.29335552
102000 0.69709369 0.02119876 3.10904090
102100 0.69522124 0.05895481 0.85377206
102200 0.67548965 0.03319376 2.53191547
102300 0.68914846 0.03172776 2.38942718
102400 0.69652092 0.03847246 1.89887099
102500 0.65828346 0.04620640 2.31701035
102600 0.65593221 0.03407818 3.14382795
102700 0.63573063 0.03777899 4.00100286
102800 0.70347809 0.01417194 3.68927651
102900 0.64336210 0.03655008 3.61687178
103000 0.65673853 0.04695266 2.34278752
103100 0.67613691 0.02516133 3.08513686
103200 0.70932410 0.03682497 2.03901138
103300 0.69182861 0.04032884 1.81370961
103400 0.66231657 0.03721945 2.68071902
103500 0.66648036 0.03315251 2.79607659
103600 0.65385735 0.06106708 1.82245821
103700 0.68232563 0.03796617 2.08028989
103800 0.69037972 0.03541064 2.13216779
103900 0.64053190 0.06620280 2.33935313
104000 0.70177557 0.04365137 1.58916026
104100 0.61748262 0.06875124 3.89280188
104200 0.61916110 0.04464266 4.79968123
104300 0.62551236 0.05463960 3.80298715
104400 0.66265043 0.03515741 2.79977543
104500 0.71619349 0.02081822 3.26599149
104600 0.69233542 0.02466166 2.86730593
104700 0.69623721 0.05039339 1.23748732
104800 0.69441406 0.04192260 1.70209337
104900 0.71172411 0.04322687 1.68032120
105000 0.70382340 0.02267693 2.99673756
105100 0.66698167 0.05695990 1.47133010
105200 0.64848250 0.05799864 2.20908340
105300 0.69209198 0.01141167 3.95521426
105400 0.70754288 0.03763421 1.97319322
105500 0.67107874 0.07033994 0.85807928
105600 0.68871108 0.02716190 2.71641458
105700 0.67423941 0.04482836 1.85375905
105800 0.67290082 0.04425527 1.92092033
105900 0.65894667 0.03822116 2.75100050
106000 0.66651103 0.04148433 2.27279719
106100 0.66062147 0.05650753 1.72113180
106200 0.63539802 0.03719776 4.05876861
106300 0.65120624 0.00345437 5.85094493
106400 0.65086752 0.03019505 3.64336592
106500 0.64032732 0.04823965 3.11998130
106600 0.64731169 0.07186937 1.78369527
106700 0.63493018 0.05097957 3.31854228
106800 0.69728838 0.06095424 0.76596203
106900 0.64534302 0.04137369 3.21221453
107000 0.66373726 0.07423683 0.98936358
107100 0.62341408 0.02266120 5.92334694
107200 0.67193586 0.05217108 1.53760090
107300 0.65920854 0.05560327 1.81750656
107400 0.73368417 0.03703934 2.54933402
107500 0.64491253 0.04132315 3.23880114
107600 0.69761548 0.03042273 2.42334143
107700 0.63620622 0.05826868 2.90557435
107800 0.69885181 0.01257796 3.82196608
107900 0.64573304 0.00950038 5.56754177
108000 0.66635230 0.04558910 2.04635681
108100 0.68019410 0.02840684 2.75892683
108200 0.69779251 0.03472517 2.13283807
108300 0.62260821 0.03221238 5.29232519
108400 0.67687212 0.02674201 2.95081593
108500 0.67705489 0.06592921 0.84364833
108600 0.66154865 0.02146289 3.82329213
108700 0.68649074 0.03969780 1.90942765
108800 0.65031958 0.04050366 3.00397939
108900 0.64480960 0.05243844 2.65404104
109000 0.65220440 0.05061464 2.36166679
109100 0.68367208 0.06554527 0.72686472
109200 0.67494752 0.05298036 1.41923663
109300 0.67798009 0.02555569 3.01341599
109400 0.64062482 0.03954062 3.59037442
109500 0.63267125 0.07861996 2.49513347
109600 0.65678970 0.02863987 3.47969883
109700 0.71956241 0.07359490 0.53995855
109800 0.64602733 0.04561379 2.93545424
109900 0.67217071 0.03048294 2.80354574
110000 0.65522563 0.02811327 3.58622292
110100 0.65815319 0.05249467 2.00395564
110200 0.65170920 0.04312155 2.78357979
110300 0.68212193 0.03180003 2.48543044
110400 0.66428984 0.04415087 2.19717048
110500 0.63391194 0.01819297 5.53001082
110600 0.65751474 0.02479768 3.73019335
110700 0.63630189 0.02582767 4.77949215
110800 0.65969267 0.08184636 0.97711763
110900 0.71472153 0.04609150 1.56142503
111000 0.62844262 0.00665726 6.91666271
111100 0.71022560 0.02608425 2.78405028
111200 0.65528144 0.04082097 2.75095336
111300 0.68231007 0.06799139 0.66874235
111400 0.68904615 0.04646546 1.49296672
111500 0.70136803 0.05996906 0.80217377
111600 0.67156490 0.04821106 1.74532433
111700 0.65712025 0.01439752 4.58322842
111800 0.62661215 0.04004593 4.49013379
111900 0.68583747 0.02965787 2.57429624
112000 0.67370806 0.07802370 0.58711190
112100 0.63102379 0.04884308 3.68737412
112200 0.66916134 0.04572220 1.94855102
112300 0.71525279 0.02575793 2.87226614
112400 0.64146903 0.05525600 2.71395011
112500 0.68535021 0.01717047 3.53767385
112600 0.65107624 0.02649296 3.89840953
112700 0.66295082 0.02755778 3.31025864
112800 0.66831612 0.04337450 2.10515738
112900 0.63950336 0.04617464 3.27850656
113000 0.66475565 0.04359110 2.21206408
113100 0.63674415 0.06110501 2.75706123
113200 0.66305163 0.03257526 2.95563918
113300 0.71753437 0.02110489 3.26594636
113400 0.65151036 0.04508282 2.68357112
113500 0.66738342 0.06018995 1.32434096
113600 0.69189326 0.03077786 2.42871173
113700 0.65564934 0.03148235 3.33082453
113800 0.67207290 0.05317216 1.48638489
113900 0.67769272 0.04145797 1.96239171
114000 0.68657044 0.05781088 0.98013768
114100 0.61535038 0.05963855 4.39730263
114200 0.70292513 0.05340805 1.08968312
114300 0.69483349 0.06765748 0.53636568
114400 0.67529961 0.07702961 0.56887385
114500 0.68003286 0.01356206 3.93510213
114600 0.69810880 0.03201823 2.31254868
114700 0.66834611 0.04726481 1.89148470
114800 0.70648652 0.03303998 2.26285932
114900 0.67820369 0.07381929 0.58025444
115000 0.64717014 0.03818740 3.30589603
115100 0.67518095 0.01433214 3.97748358
115200 0.72649785 -0.00494008 5.85727847
115300 0.64499297 0.02724937 4.15921417
115400 0.74423586 0.05236906 2.11275878
115500 0.66984972 0.06348424 1.12122019
115600 0.67539689 0.05869858 1.15556046
115700 0.66840600 0.04072386 2.25592075
115800 0.67104002 0.01192464 4.29797499
115900 0.71363972 0.03648567 2.11005614
116000 0.67786257 0.01027563 4.27026453
116100 0.63623538 0.03674324 4.03367250
116200 0.65062202 0.06674759 1.77195380
116300 0.68665144 0.01599902 3.61717483
116400 0.68808627 0.05121073 1.26116474
116500 0.66073044 0.01817322 4.11886056
116600 0.69997638 0.01223449 3.85139295
116700 0.61036851 0.05535636 5.01342911
116800 0.69061995 0.04230318 1.70845412
116900 0.63438654 0.01436053 5.81962243
117000 0.70647637 0.02554959 2.79240355
117100 0.70952880 0.02400415 2.93308326
117200 0.65640010 0.02753784 3.57585812
117300 0.70364625 0.03809614 1.92269134
117400 0.65775653 0.03932434 2.73302358
117500 0.64422927 0.02882974 4.08778962
117600 0.66607663 0.04692783 1.98372532
117700 0.66062500 0.03948673 2.60612338
117800 0.67470876 0.04627999 1.76274302
117900 0.66429581 0.05921948 1.46891994
118000 0.66171891 0.05955766 1.55051227
118100 0.68302167 0.05208597 1.29200879
118200 0.67439713 0.02045418 3.49152216
118300 0.70738971 0.03574988 2.09134258
118400 0.67207172 0.03352174 2.59967407
118500 0.65250012 0.04722657 2.52063657
118600 0.65712735 0.04989166 2.17445517
118700 0.66581964 0.06345042 1.25208451
118800 0.66178001 0.03370203 2.92809438
118900 0.71073930 0.05094256 1.26098265
119000 0.63693774 0.05154517 3.16235947
119100 0.65147216 0.02869923 3.71937551
119200 0.67098551 0.05053772 1.64417875
119300 0.63796523 0.04842876 3.25395259
119400 0.71112581 0.03412892 2.23139161
119500 0.64861019 0.01398751 5.01953027
119600 0.62446638 0.04076313 4.60716734
119700 0.63890452 0.03961961 3.68922510
119800 0.64048042 0.02820237 4.34874038
119900 0.64559894 0.03924344 3.32541731
120000 0.67957412 0.05102526 1.40787113
120100 0.65256662 0.07087841 1.54899622
120200 0.63255539 0.09419511 2.29123607
120300 0.63161718 0.06635123 2.90422513
120400 0.65367973 0.05295421 2.17943700
120500 0.71933154 0.04227970 1.85267088
120600 0.66997343 0.03947793 2.28225786
120700 0.60357588 0.03536712 6.73750961
120800 0.68427662 0.04343643 1.72333099
120900 0.67164956 0.01537602 3.98248290
121000 0.65441584 0.06593598 1.61913651
121100 0.69844164 0.04347083 1.59898799
121200 0.66050435 0.03261201 3.05052381
121300 0.64133482 0.06257360 2.42116957
121400 0.67818194 0.05191775 1.39396552
121500 0.73643695 0.05688004 1.59349109
121600 0.68136050 0.02741608 2.80792829
121700 0.67795867 0.07412835 0.57758118
121800 0.61371934 0.03686680 5.71507678
121900 0.70810537 0.04011308 1.82607029
122000 0.64705477 0.06783611 1.91885647
122100 0.70013917 0.04988511 1.25576059
122200 0.65022301 0.04934258 2.52196190
122300 0.69254611 0.02686756 2.70195725
122400 0.64253721 0.02086292 4.78232532
122500 0.68870919 0.03727712 2.03082121
122600 0.65558703 0.03096692 3.36903910
122700 0.66850558 0.06062867 1.27100021
122800 0.70720596 0.04899064 1.32694041
122900 0.67172301 0.04411848 1.96116596
123000 0.62731271 0.07154637 3.04652590
123100 0.67221936 0.02502252 3.19669347
123200 0.68698730 0.04348495 1.68164038
123300 0.65254548 0.05015178 2.36838819
123400 0.65935521 0.05162864 1.99589363
123500 0.65911601 0.04123648 2.56232565
123600 0.66252039 0.04642014 2.13776100
123700 0.68213706 0.02771626 2.77201191
123800 0.72263243 0.05487522 1.27423640
123900 0.71504421 0.00737983 4.40241216
124000 0.67591877 0.05369660 1.36195535
124100 0.66109436 0.05009748 2.00195513
124200 0.68422651 0.05138215 1.30624931
124300 0.65745820 0.01984312 4.11746453
124400 0.68814791 0.04432025 1.62035337
124500 0.67703751 0.05167957 1.43107002
124600 0.69006013 0.04327680 1.65816132
124700 0.67979777 0.05112204 1.39859253
124800 0.68226515 0.04269810 1.79901649
124900 0.64380991 0.05923114 2.40971310
125000 0.68678418 0.03613488 2.12670573
125100 0.66027829 0.01831409 4.12520102
125200 0.69261449 0.04169376 1.72708189
125300 0.67867302 0.07804061 0.46852748
125400 0.66202411 0.08107250 0.90020941
125500 0.70610041 0.03305488 2.25943228
125600 0.71840589 0.03013131 2.61020522
125700 0.64755365 0.02688120 4.04848956
125800 0.65369235 0.03858059 2.95837107
125900 0.66267478 0.06247049 1.40081798
126000 0.66800691 0.02494448 3.32844482
126100 0.68964360 0.03873915 1.93007326
126200 0.65721712 0.04189430 2.60332392
126300 0.68129890 0.02775280 2.78469440
126400 0.66497845 0.04865122 1.93160285
126500 0.61124865 0.05018916 5.17896045
126600 0.68403354 0.05563820 1.11144833
126700 0.70436856 0.04968374 1.27540521
126800 0.69158412 0.02127831 3.13396600
126900 0.64420169 0.02453879 4.40392287
127000 0.73253198 0.06885235 1.01425311
127100 0.66249170 0.06238387 1.41092303
127200 0.66579776 0.05745009 1.49014371
127300 0.58707403 0.06620622 6.94714745
127400 0.65449308 0.07247707 1.41419583
127500 0.66717826 0.05360729 1.61477529
127600 0.65666666 0.05277439 2.05401857
127700 0.70883266 0.06252688 0.74112519
127800 0.66111243 0.03438314 2.90890758
127900 0.62846063 0.02473156 5.39160991
128000 0.68563833 0.00753194 4.37830019
128100 0.73272384 0.05643292 1.48447027
128200 0.71874740 0.02836883 2.74124466
128300 0.69020218 0.06052502 0.82713559
128400 0.66126954 0.06177771 1.48049620
128500 0.66188955 0.01658196 4.20548761
128600 0.61211179 0.07152109 4.26769307
128700 0.69280749 0.04798745 1.37851873
128800 0.67762445 0.05867990 1.10400795
128900 0.67309278 0.02147927 3.44475180
129000 0.64778608 0.06471362 1.98571134
129100 0.71184293 0.03189104 2.38954253
129200 0.69158023 0.03386977 2.22205009
129300 0.71564239 0.07064197 0.55328921
129400 0.67561044 0.05676021 1.23226487
129500 0.70635556 0.03985958 1.82863171
129600 0.66550675 0.03563767 2.66614664
129700 0.65000247 0.03467724 3.38340765
129800 0.65329172 0.01899910 4.37140479
129900 0.72268801 0.03395403 2.43840769
130000 0.69524078 0.05779297 0.90204170
130100 0.66675156 0.03930477 2.39468494
130200 0.68378152 0.03654594 2.14472842
130300 0.65561150 0.04729568 2.37404231
130400 0.69401219 0.03288908 2.26986475
130500 0.63118340 0.05207152 3.51643166
130600 0.65951503 0.04071275 2.57700566
130700 0.67573698 0.04051698 2.06346177
130800 0.67662404 0.02278318 3.25443604
130900 0.66468796 0.04104916 2.36107072
131000 0.64383629 0.03642505 3.59806822
131100 0.69286024 0.04249175 1.67908730
131200 0.65062850 0.04354832 2.81216872
131300 0.65569879 0.06582579 1.56523687
131400 0.67622046 0.06715758 0.82204548
131500 0.60866331 0.02561291 6.93791458
131600 0.67796783 0.07077073 0.66988340
131700 0.64554449 0.01894955 4.76728854
131800 0.65920125 0.07768673 1.08120999
131900 0.67732613 0.03201361 2.56812693
132000 0.70599088 0.02333722 2.95653587
132100 0.62303136 0.04236167 4.62317399
132200 0.69147049 0.02515235 2.83746193
132300 0.64292187 0.03578683 3.69062202
132400 0.66975432 0.02961477 2.93444084
132500 0.67142604 0.04334566 2.01309294
132600 0.65584776 0.04485056 2.49544040
132700 0.71596383 0.04636917 1.56555491
132800 0.70617525 0.02987974 2.47749224
132900 0.63291090 0.08525432 2.35919098
133000 0.71026833 0.01838998 3.38281680
133100 0.64933865 0.04104123 3.02135460
133200 0.65383475 0.04491273 2.58291882
133300 0.65866653 0.03230115 3.14579482
133400 0.68804391 0.03238359 2.35746373
133500 0.66687346 0.04946561 1.82554603
133600 0.68352858 0.04459975 1.67024771
133700 0.66120222 0.02857831 3.30316232
133800 0.67035971 0.05213827 1.58464587
133900 0.69616175 0.03676687 2.00658025
134000 0.63888580 0.02630904 4.58265140
134100 0.68523634 0.04753340 1.48535495
134200 0.66595838 0.04448776 2.12022026
134300 0.66499445 0.04269632 2.25454987
134400 0.67406740 0.04950800 1.61097083
134500 0.63908749 0.03356969 4.06165991
134600 0.67343243 0.05190923 1.50927904
134700 0.66683428 0.04412966 2.11072959
134800 0.69777323 0.02051733 3.16122668
134900 0.68590027 0.03166285 2.43438394
135000 0.70447820 0.04218944 1.68105775
135100 0.65405370 0.03759058 3.00299876
135200 0.67099741 0.02187581 3.47226972
135300 0.64427657 0.07879044 1.77747287
135400 0.70695090 0.06283666 0.71471455
135500 0.69928544 0.06704150 0.54338662
135600 0.68182803 0.03230041 2.45672785
135700 0.70043981 0.02867278 2.54388258
135800 0.66313944 0.07261891 1.05421260
135900 0.70591017 0.08234266 0.17335594
136000 0.66122076 0.04586994 2.21694657
136100 0.63177112 0.05479531 3.34932180
136200 0.71621224 0.05006206 1.37831719
136300 0.65442282 0.05786253 1.92642264
136400 0.62955949 0.04193228 4.16686258
136500 0.67429048 0.04493984 1.84630038
136600 0.68635548 0.04523268 1.59281618
136700 0.68841096 0.05668154 1.00539742
136800 0.70125689 0.02352986 2.92463120
136900 0.63412329 0.05201644 3.32108139
137000 0.62307496 0.04552628 4.44242358
137100 0.62882559 0.04092332 4.27792498
137200 0.65926665 0.02831076 3.39927666
137300 0.65363956 0.02801887 3.66528657
137400 0.68119267 0.05174137 1.34130524
137500 0.67376852 0.04690037 1.75383085
137600 0.65882521 0.04339440 2.44977852
137700 0.62425780 0.06762669 3.39245655
137800 0.67774212 0.05752194 1.14989937
137900 0.72652823 0.02565140 3.11573036
138000 0.68205175 0.06929287 0.63253365
138100 0.62430045 0.03034488 5.29112858
138200 0.64694569 0.03520874 3.50633318
138300 0.68671125 0.03160481 2.42724628
138400 0.67547119 0.04501538 1.81248556
138500 0.66499662 0.03868231 2.49254766
138600 0.67060445 0.04673840 1.85044819
138700 0.63716033 0.08267028 2.12457190
138800 0.69468393 0.03735561 1.97629018
138900 0.69363470 0.04087590 1.76808796
139000 0.68623647 0.05103886 1.29331383
139100 0.68682947 0.01636273 3.58432777
139200 0.68102415 0.07831632 0.41513253
139300 0.65440966 0.06097632 1.80066331
139400 0.67398966 0.06306554 1.02034624
139500 0.68525303 0.04388001 1.68346309
139600 0.61866743 0.04651949 4.73757640
139700 0.64180821 0.03756695 3.64208507
139800 0.68121194 0.03557051 2.25207489
139900 0.68439182 0.04669314 1.54261842
140000 0.67770634 0.05398728 1.30708874
140100 0.63096498 0.06222206 3.09650327
140200 0.69435659 0.02666729 2.70476735
140300 0.64868329 0.01353552 5.05475517
140400 0.65648447 0.03169877 3.27932952
140500 0.66146844 0.04843013 2.07206614
140600 0.66946139 0.03837838 2.36491553
140700 0.69457043 0.07212679 0.40319796
140800 0.68423319 0.04177579 1.81932531
140900 0.72104649 0.10065095 0.22168931
141000 0.74523206 0.06029649 1.81115399
141100 0.60706977 0.07704469 4.58148664
141200 0.63970103 0.03396657 3.99818981
141300 0.64491968 0.06203599 2.23755368
141400 0.65844473 0.03415448 3.03123679
141500 0.64885206 0.03865857 3.18944132
141600 0.67958230 0.03258500 2.48083215
141700 0.62179480 0.05240564 4.19063778
141800 0.69628859 0.06318406 0.68459414
141900 0.64823134 0.05771509 2.23400377
142000 0.66396350 0.01592020 4.18402115
142100 0.70291914 0.04220676 1.67429014
142200 0.69759152 0.05726327 0.91611449
142300 0.67950299 0.05706961 1.13157297
142400 0.62664630 0.06885589 3.17536068
142500 0.67186110 0.05356153 1.47416472
142600 0.67879727 0.03371241 2.42180007
142700 0.68168439 0.05284570 1.27949474
142800 0.72653407 0.05652658 1.29699773
142900 0.69852161 0.00529043 4.48604376
143000 0.62994551 0.06054044 3.23234448
143100 0.66662571 0.05762152 1.45488951
143200 0.69784130 0.04758464 1.37601487
143300 0.63143338 0.02400328 5.23844142
143400 0.67162408 0.04798684 1.75528087
143500 0.70262003 0.02879970 2.53817373
143600 0.67335042 0.07328264 0.71200866
143700 0.65727835 0.03792732 2.83907876
143800 0.67346868 0.02237492 3.36478193
143900 0.67136664 0.00874386 4.57377648
144000 0.67286592 0.02988846 2.82594309
144100 0.65637471 0.06841530 1.45037960
144200 0.70519126 0.03328612 2.23884547
144300 0.63672278 0.04721471 3.39514665
144400 0.69818167 0.07105817 0.42046790
144500 0.66336533 0.08609692 0.76769747
144600 0.65133140 0.04733033 2.57136334
144700 0.68685817 0.02821889 2.66261810
144800 0.65823316 0.07056769 1.30536506
144900 0.70878380 0.04727171 1.42871364
145000 0.71418605 0.05570235 1.08176295
145100 0.69229295 0.05288066 1.13981537
145200 0.72512362 0.03793336 2.24173227
145300 0.74071514 0.03666496 2.83452499
145400 0.68899683 0.02041543 3.22738654
145500 0.65821901 0.05321566 1.96721266
145600 0.67045300 0.04467735 1.96681057
145700 0.67621965 0.00813070 4.50273699
145800 0.64487774 0.07096689 1.94069250
145900 0.63714419 0.04211906 3.65052808
146000 0.65626825 0.05080287 2.16641166
146100 0.68452609 0.07185299 0.51584796
146200 0.71146622 0.03849216 1.95734405
146300 0.65902902 0.03489503 2.95863903
146400 0.66904585 0.04966619 1.74582573
146500 0.65705738 0.05409002 1.97589723
146600 0.66061219 0.04412667 2.33661438
146700 0.62092339 0.07892553 3.34862154
146800 0.70237503 0.04016078 1.79318653
146900 0.66975612 0.06319535 1.13463728
147000 0.64365893 0.03888006 3.45498170
147100 0.64965512 0.06662688 1.82418632
147200 0.72544843 0.02090874 3.45152524
147300 0.66447506 0.05543568 1.62400035
147400 0.69654133 0.03469097 2.13861565
147500 0.64970243 0.06033185 2.05170376
147600 0.65646054 0.04554454 2.43054090
147700 0.67795030 0.04687747 1.65409617
147800 0.65857193 0.04440190 2.40371652
147900 0.65971819 0.04575191 2.28273971
148000 0.66426187 0.04738225 2.02292053
148100 0.67485426 0.05504346 1.32669957
148200 0.64816090 0.01119754 5.28658470
148300 0.65860455 0.05016553 2.09852888
148400 0.65215543 0.04796430 2.49840845
148500 0.63972938 0.06424350 2.45553733
148600 0.69255967 0.05218680 1.17073032
148700 0.69164623 0.06270388 0.73039319
148800 0.62974155 0.03114317 4.83875634
148900 0.67540838 0.03009198 2.74593920
149000 0.68761978 0.07734429 0.33327567
149100 0.67646964 0.02910149 2.79013868
149200 0.68837822 0.04939246 1.34809465
149300 0.71438510 0.04191817 1.79021491
149400 0.64302690 0.05098682 2.82411294
149500 0.68067039 0.05564822 1.17035707
149600 0.66214991 0.05796602 1.59974259
149700 0.67887123 0.04806257 1.57196097
149800 0.67078352 0.03697808 2.41268265
149900 0.66210205 0.04180064 2.41170987
150000 0.69327039 0.05695161 0.94922576
150100 0.69475955 0.06025288 0.80364801
150200 0.63747142 0.05722767 2.86964806
150300 0.65933282 0.05839339 1.69246461
150400 0.69323922 0.01201186 3.89381044
150500 0.64412885 0.05731890 2.47163082
150600 0.62509830 0.05507695 3.81417235
150700 0.70696226 0.03807090 1.94184341
150800 0.65733860 0.03191504 3.22777838
150900 0.67204567 0.02234303 3.40602475
151000 0.61908566 0.03418896 5.43911190
151100 0.61370132 0.05961654 4.53914257
151200 0.66931067 0.05445087 1.50827924
151300 0.67014863 0.03012256 2.88698045
151400 0.69549971 0.05197269 1.16343760
151500 0.67364199 0.02786074 2.94940879
151600 0.64502699 0.03150656 3.85669135
151700 0.62828334 0.07999748 2.77168978
151800 0.68547239 0.04303186 1.72821008
151900 0.66893040 0.03756836 2.43151493
152000 0.70641761 0.03824721 1.92729665
152100 0.66822321 0.06428171 1.14278015
152200 0.69690464 0.04742149 1.38704025
152300 0.64125152 0.06143625 2.46927367
152400 0.67999835 0.03905694 2.05706103
152500 0.68100181 0.05575636 1.15921528
152600 0.64658861 0.04971579 2.69063950
152700 0.67781844 0.02869240 2.78839761
152800 0.67755623 0.07099707 0.67244631
152900 0.67657581 0.06737047 0.80668945
153000 0.68385436 0.03817436 2.04154575
153100 0.64845757 0.04661105 2.75350080
153200 0.69424415 0.06740658 0.54773034
153300 0.65696850 0.04352067 2.52081248
153400 0.66989142 0.04995617 1.70545561
153500 0.71126297 0.02941931 2.55424398
153600 0.71905218 0.03183842 2.50449304
153700 0.67475334 0.02011764 3.50929301
153800 0.68392135 0.03726331 2.09720769
153900 0.69314975 0.05058563 1.24435282
154000 0.67359288 0.04797422 1.70200874
154100 0.67309457 0.05917420 1.19532403
154200 0.64393433 0.02040147 4.73964291
154300 0.68542127 0.05458693 1.13744318
154400 0.66664044 0.06052281 1.33565440
154500 0.70819228 0.04916549 1.32563064
154600 0.62728517 0.06153749 3.38340549
154700 0.67533953 0.05857167 1.16222275
154800 0.66759944 0.05291570 1.63336393
154900 0.66902366 0.05028791 1.71541287
155000 0.71239119 0.02234465 3.09194722
155100 0.68294899 0.04668929 1.56638467
155200 0.66150740 0.07071183 1.16973853
155300 0.65122096 0.05003016 2.43819009
155400 0.63228180 0.06202147 3.01406158
155500 0.72354993 0.04442306 1.82169769
155600 0.69362108 0.04044253 1.79389129
155700 0.67157429 0.04470116 1.93299121
155800 0.65931686 0.04444444 2.37076919
155900 0.67912298 0.03812760 2.13202159
156000 0.65803695 0.07559250 1.17831186
156100 0.65941936 0.01004992 4.86890282
156200 0.67310382 0.06220459 1.07594873
156300 0.67473650 0.03943297 2.15330484
156400 0.66880162 0.03952781 2.31511200
156500 0.63445092 0.04806602 3.49691021
156600 0.67342253 0.05587901 1.32651176
156700 0.71116729 0.06200512 0.78415970
156800 0.64367012 0.06374217 2.24384248
156900 0.64479502 0.02047807 4.68566384
157000 0.63126670 0.06619738 2.93344187
157100 0.66642999 0.03818563 2.47398098
157200 0.66843238 0.04716690 1.89392542
157300 0.65462752 0.04311203 2.64745121
157400 0.68856045 0.02807884 2.65175834
157500 0.67234768 0.00918564 4.50594947
157600 0.62153951 0.06119790 3.83082589
157700 0.69471353 0.05282055 1.12692351
157800 0.65858052 0.07448960 1.18317698
157900 0.66793154 0.03105854 2.89065544
158000 0.65594047 0.04182822 2.66259912
158100 0.68989669 0.03417268 2.21765674
158200 0.63465230 0.03749318 4.08871180
158300 0.69440728 0.04009540 1.80991967
158400 0.70421809 0.02560747 2.77602046
158500 0.62566856 0.05508959 3.77105359
158600 0.65349632 0.05228705 2.21955906
158700 0.64536810 0.04016363 3.28251786
158800 0.70934622 0.02889265 2.57180330
158900 0.65015518 0.05488078 2.26012528
159000 0.67846914 0.08547968 0.33720869
159100 0.68989114 0.05771130 0.94526151
159200 0.68638398 0.04254087 1.74347409
159300 0.71373666 0.03868846 1.97390031
159400 0.65599343 0.05788261 1.85522666
159500 0.67237414 0.07364969 0.72876347
159600 0.60890909 0.04998851 5.39935105
159700 0.70368336 0.04470816 1.53537741
159800 0.69520372 0.04465969 1.54277727
159900 0.66436172 0.01930278 3.89106386
160000 0.65260834 0.04536272 2.61560084
160100 0.63389643 0.04556909 3.66620303
160200 0.68607917 0.04455069 1.63420759
160300 0.68009543 0.05411108 1.25099262
160400 0.66929154 0.05844039 1.33510539
160500 0.66650921 0.00586446 4.99156645
160600 0.69245257 0.02350345 2.95434326
160700 0.68212074 0.04475855 1.68564294
160800 0.66144093 0.06394250 1.39347261
160900 0.61862049 0.00589586 7.73910710
161000 0.67678165 0.08037052 0.46220406
161100 0.64364479 0.05923364 2.41890267
161200 0.68366276 0.01202110 4.00359575
161300 0.68657518 0.04421699 1.64598482
161400 0.63054266 0.05568222 3.39419387
161500 0.69904178 0.01647058 3.48904126
161600 0.67795184 0.01546986 3.81573295
161700 0.71616874 0.03719805 2.10275663
161800 0.66383167 0.01590441 4.19010808
161900 0.67779741 0.07921987 0.46238428
162000 0.71218994 0.05312212 1.17306541
162100 0.68768273 0.06401167 0.72343761
162200 0.68128212 0.02024559 3.35556222
162300 0.61161781 0.08128896 4.08075686
162400 0.62731731 0.06909233 3.11902874
162500 0.65608587 0.03095964 3.34751105
162600 0.63027843 0.04311998 4.04821700
162700 0.70118931 0.03044476 2.41967287
162800 0.69083915 0.04741644 1.42447600
162900 0.64039747 0.06745516 2.30581421
163000 0.66145035 0.04172923 2.44077886
163100 0.64704561 0.03644428 3.42174867
163200 0.72092175 0.02784443 2.82207286
163300 0.65981439 0.02853209 3.36127266
163400 0.67597045 0.04882661 1.59806759
163500 0.62730715 0.02900648 5.16216534
163600 0.63930098 0.06483556 2.46045468
163700 0.67108222 0.01433425 4.08742890
163800 0.70157830 0.03430982 2.15884525
163900 0.66318450 0.03482009 2.80190089
164000 0.66100487 0.06593657 1.34046862
164100 0.69578928 0.01855799 3.32526580
164200 0.67826031 0.05782889 1.12550819
164300 0.68310810 0.01893415 3.42850453
164400 0.64328175 0.05056020 2.83062674
164500 0.71305206 0.05813669 0.96144641
164600 0.65153561 0.06735232 1.70733402
164700 0.69027487 0.08105715 0.22670476
164800 0.61323833 0.06181772 4.49273682
164900 0.64502055 0.07328584 1.86819317
165000 0.68998565 0.05149029 1.22673987
165100 0.72528233 0.03625478 2.35132462
165200 0.65099466 0.04731844 2.58843492
165300 0.66664934 0.02326768 3.50005763
165400 0.70835469 0.03192966 2.35168581
165500 0.66860207 0.02467006 3.33021490
165600 0.68010223 0.02298836 3.16335686
165700 0.66566811 0.05594342 1.55983059
165800 0.68784213 0.02722514 2.72199709
165900 0.63489451 0.04438228 3.66602809
166000 0.66476989 0.02407077 3.50320459
166100 0.66225690 0.05185526 1.87122876
166200 0.74898182 0.03554509 3.27682659
166300 0.66966321 0.02394831 3.35209020
166400 0.65282653 0.04076634 2.86698138
166500 0.66102257 0.00701437 5.08278369
166600 0.70016291 0.02522349 2.79577660
166700 0.72066274 0.00391451 4.82968509
166800 0.67955993 0.01290481 4.00168390
166900 0.64438500 0.08004951 1.74552516
167000 0.67674575 0.05338367 1.35692148
167100 0.68662674 0.03301497 2.33291894
167200 0.64024058 0.04212666 3.46025554
167300 0.68044119 0.04034542 1.97060829
167400 0.68276532 0.05250352 1.27647505
167500 0.58442666 0.05442868 7.71697093
167600 0.67894254 0.02211128 3.25503468
167700 0.66302705 0.04454690 2.22102227
167800 0.65820102 0.03375378 3.06785798
167900 0.64607215 0.04510699 2.96072817
168000 0.68706602 0.02690801 2.75486302
168100 0.68072772 0.05294732 1.29268752
168200 0.67141557 0.04152611 2.11813265
168300 0.65052070 0.06380354 1.87919229
168400 0.65830305 0.05426658 1.91509046
168500 0.67490934 0.04781461 1.67642804
168600 0.70659198 0.03073087 2.42083332
168700 0.65840336 0.02938539 3.35835129
168800 0.62794873 0.07917826 2.81246502
168900 0.71070957 0.04739277 1.44110772
169000 0.63273178 0.00719466 6.56892200
169100 0.70278900 0.04964030 1.27193882
169200 0.65271670 0.03270640 3.38206996
169300 0.71651251 0.04222786 1.80514154
169400 0.64270355 0.05106988 2.83851996
169500 0.74052926 0.02458144 3.66528985
169600 0.63661414 0.04166243 3.71051986
169700 0.65052570 0.02483793 4.04852110
169800 0.67496646 0.05422680 1.36093184
169900 0.67421325 0.05277818 1.44742844
170000 0.65189215 0.06344003 1.82549854
170100 0.65920418 0.03503786 2.94218917
170200 0.62504694 0.03980550 4.62066963
170300 0.63451569 0.04719809 3.53811831
170400 0.66393529 0.03465569 2.78527140
170500 0.61976717 0.02583530 5.96885501
170600 0.69046625 0.04015114 1.83638949
170700 0.66386872 0.05906031 1.49076396
170800 0.69784766 0.05082522 1.21139594
170900 0.66841322 0.04819155 1.84091991
171000 0.64599758 0.04450706 2.99786373
171100 0.67693879 0.03343335 2.48146913
171200 0.68442982 0.05505928 1.13104922
171300 0.70023739 0.04372215 1.58362653
171400 0.65630015 0.03519088 3.05494930
171500 0.65280881 0.02998944 3.56424346
171600 0.63132899 0.03847247 4.25067243
171700 0.69010151 0.04501499 1.56066594
171800 0.63216722 0.05763503 3.19803819
171900 0.66133837 0.06942223 1.21486080
172000 0.69541487 0.01643200 3.50231713
172100 0.66355768 0.04173694 2.36131320
172200 0.64161262 0.04982824 2.96314570
172300 0.66144339 0.05958679 1.55991977
172400 0.68962964 0.02752230 2.68028043
172500 0.71508738 0.02021299 3.29679807
172600 0.67995826 0.02272398 3.18662702
172700 0.61365623 0.01642733 7.21981851
172800 0.71395494 0.06759445 0.62242992
172900 0.63764870 0.03408164 4.11645738
173000 0.67905064 0.04873754 1.53335792
173100 0.62080030 0.05956936 3.95361459
173200 0.65624068 0.02148895 4.03943126
173300 0.62530984 0.06882965 3.27510543
173400 0.69141617 0.04934222 1.31994635
173500 0.66478027 0.04964455 1.88805021
173600 0.72174900 0.03641724 2.25789325
173700 0.70953981 0.05538056 1.04095103
173800 0.64947082 0.04338930 2.87898440
173900 0.66445897 0.05550929 1.62129418
174000 0.67702120 0.05473266 1.28857870
174100 0.69450065 -0.00345920 5.36702470
174200 0.66250300 0.05308823 1.80336975
174300 0.65245911 0.05228511 2.26842343
174400 0.66855757 0.05389361 1.55721287
174500 0.66460240 0.03984394 2.43587112
174600 0.63249890 0.04736487 3.66342788
174700 0.66238222 0.05376626 1.77632789
174800 0.70049731 0.07623232 0.28257509
174900 0.63304761 0.06103908 3.00028752
175000 0.67904889 0.05276676 1.33496409
175100 0.69029225 0.04239247 1.70643422
175200 0.68887510 0.03442554 2.21188688
175300 0.63568797 0.08611599 2.16440164
175400 0.68090050 0.05725681 1.09588575
175500 0.67973011 0.00684642 4.54422940
175600 0.67310938 0.05397289 1.42080035
175700 0.61203695 0.03742689 5.82644621
175800 0.72173090 0.04312173 1.85368483
175900 0.64673193 0.07836575 1.65276396
176000 0.67689683 0.06404486 0.91326445
176100 0.67172480 0.02380567 3.30253146
176200 0.65280187 0.05326868 2.20574007
176300 0.67648391 0.05072043 1.49074111
176400 0.65893817 0.04134339 2.56333587
176500 0.68418517 0.08582325 0.22554458
176600 0.67232966 0.03642082 2.40398005
176700 0.68259082 0.03427737 2.31127163
176800 0.71329784 0.03239615 2.37355631
176900 0.66097307 0.04412144 2.32275737
177000 0.66987114 0.04376789 2.03489905
177100 0.71991619 0.04696101 1.60489431
177200 0.70098923 0.05507503 1.00961593
177300 0.68265414 0.04259308 1.79821666
177400 0.66898366 0.04875814 1.79387087
177500 0.65357918 0.05298428 2.18268484
177600 0.66336643 0.07462999 0.99282794
177700 0.62895195 0.02098419 5.64566196
177800 0.64326811 0.05674056 2.54494315
177900 0.65563667 0.02285661 3.95960377
178000 0.73248720 0.04062741 2.29026106
178100 0.66473221 0.04959760 1.89210944
178200 0.70037886 0.05105018 1.19811441
178300 0.67158177 0.04493672 1.91978044
178400 0.68400555 0.04673842 1.54630893
178500 0.65625986 0.04616318 2.40580187
178600 0.64937744 0.02835147 3.84807744
178700 0.65625892 0.07233829 1.33922624
178800 0.65586038 0.06558686 1.56628524
178900 0.67715015 0.04381325 1.83953325
179000 0.68461965 0.05713123 1.03714310
179100 0.63161761 0.03392907 4.52075939
179200 0.59722575 0.03793913 7.20704914
179300 0.68512832 0.05721251 1.02596788
179400 0.70518741 0.03555314 2.09015375
179500 0.60117965 0.02889229 7.41088403
179600 0.67613647 0.06551732 0.87926136
179700 0.68104291 0.03545796 2.26252287
179800 0.62980491 0.03438912 4.61606898
179900 0.69628996 0.05926196 0.83667628
180000 0.65968275 0.05293568 1.92026562
180100 0.67147464 0.04323542 2.01795697
180200 0.69621827 0.02229892 3.02587982
180300 0.69224596 0.03779481 1.96480542
180400 0.64674638 0.01432963 5.08767962
180500 0.68264807 0.03340050 2.36829153
180600 0.68928242 0.04590337 1.52065574
180700 0.64407953 0.05337095 2.65068393
180800 0.67287231 0.03024701 2.80069544
180900 0.64604317 0.04061632 3.21888070
181000 0.73748636 0.05143189 1.88204439
181100 0.69737654 0.00974942 4.07602512
181200 0.64425349 0.05167528 2.72147565
181300 0.65604114 0.01244499 4.79913020
181400 0.67629574 0.04044158 2.05454850
181500 0.66407333 0.05468758 1.67197046
181600 0.73538646 0.04866880 1.94354692
181700 0.67506748 0.05196730 1.46438563
181800 0.68683510 0.04376391 1.66790612
181900 0.69008947 0.04348162 1.64627281
182000 0.67756637 0.02145694 3.33614024
182100 0.68800512 0.06912411 0.54859882
182200 0.68308484 0.02513439 2.94549126
182300 0.64694774 0.06660648 1.96483460
182400 0.66231848 0.03517647 2.81099309
182500 0.64457275 0.04258225 3.18448897
182600 0.61910797 0.01237240 7.11105814
182700 0.71130294 0.03128633 2.42466250
182800 0.66742765 0.04297869 2.15619369
182900 0.67978032 0.03406401 2.37819490
183000 0.67157934 0.01246200 4.23531749
183100 0.68058449 0.03476931 2.31600245
183200 0.68582844 0.02808781 2.68609771
183300 0.64748479 0.01480249 5.00823107
183400 0.65803519 0.04858249 2.20240269
183500 0.66606058 0.05809407 1.45399551
183600 0.67827992 0.05431450 1.27946337
183700 0.66950907 0.04832972 1.79975709
183800 0.63808242 0.06064267 2.69139305
183900 0.73668209 0.02351378 3.59785838
184000 0.67258641 0.03339563 2.59382377
184100 0.66127771 0.07066896 1.17986295
184200 0.65031272 0.05027674 2.47061421
184300 0.64374612 0.01714497 5.01472734
184400 0.61729609 0.04674926 4.83778889
184500 0.67869474 0.06703110 0.77043128
184600 0.67219449 0.05661271 1.32780144
184700 0.66860790 0.05091299 1.69749945
184800 0.69587817 0.03753211 1.95961347
184900 0.66552633 0.05139734 1.77532642
185000 0.64640479 0.04400209 3.00410645
185100 0.68838555 0.01625286 3.57423930
185200 0.65758572 0.04040431 2.67530891
185300 0.67451319 0.02388287 3.22169782
185400 0.71239270 0.03078291 2.47229217
185500 0.65635895 0.05209375 2.09977506
185600 0.73352133 0.05434449 1.60405267
185700 0.64737030 0.07121330 1.79927982
185800 0.68163377 0.05746391 1.07331846
185900 0.62852576 0.04423524 4.10913740
186000 0.63897435 0.06428784 2.49974405
186100 0.64751136 0.06954991 1.84113253
186200 0.67680133 0.07009202 0.71633297
186300 0.69623290 0.03664415 2.01407726
186400 0.65885914 0.06651625 1.40686630
186500 0.71108010 0.06713009 0.60159967
186600 0.64674034 0.02924878 3.92116305
186700 0.67432629 0.04290347 1.95957673
186800 0.61100936 0.05658530 4.90208515
186900 0.67204431 0.08748953 0.46901604
187000 0.63714101 0.06730386 2.51014514
187100 0.73041958 0.04257680 2.11138711
187200 0.63482445 0.03080489 4.51790779
187300 0.65229030 0.02265151 4.12950233
187400 0.63737612 0.01715629 5.39241512
187500 0.70426051 0.06173345 0.74124058
187600 0.65529573 0.05643809 1.94805549
187700 0.69304507 0.03531974 2.11595370
187800 0.70405670 0.03451429 2.15241761
187900 0.67692520 0.05373605 1.33639966
188000 0.64097012 0.06404275 2.38872543
188100 0.65196837 0.06198825 1.87596524
188200 0.69077404 0.02938692 2.53566284
188300 0.65828335 0.04938060 2.15130133
188400 0.69025791 0.02897310 2.56986422
188500 0.61540333 0.03870777 5.45666644
188600 0.67626187 0.02817454 2.86119808
188700 0.67430768 0.07748386 0.58353578
188800 0.65731286 -0.00750732 6.69000771
188900 0.63336423 0.06233157 2.92961783
189000 0.69048805 0.04348876 1.64199857
189100 0.63531204 0.03082029 4.48518227
189200 0.69016401 0.07046623 0.48449503
189300 0.67778915 0.07472868 0.56598062
189400 0.67146075 0.05590715 1.37933418
189500 0.75803736 0.02838950 4.24819922
189600 0.65234020 0.02852568 3.69001713
189700 0.63756523 0.04634995 3.38821379
189800 0.65292000 0.06989452 1.56143298
189900 0.65122316 0.06452958 1.81866548
190000 0.66257730 0.02827735 3.27229828
190100 0.69900515 0.04684113 1.41342758
190200 0.67958687 0.05662940 1.14885261
190300 0.64345505 0.03622740 3.63213814
190400 0.69934933 0.02508104 2.80663671
190500 0.67196570 0.03894235 2.25697928
190600 0.70723331 0.04336238 1.63007014
190700 0.66528924 0.03766118 2.54548281
190800 0.63982513 0.03435701 3.96500816
190900 0.67736266 0.03920003 2.10454271
191000 0.70416602 0.02476384 2.83891751
191100 0.71104437 0.04368172 1.64686355
191200 0.64749687 0.03023188 3.81208432
191300 0.69024625 0.05373988 1.11756726
191400 0.68947690 0.06754254 0.58211120
191500 0.67471232 -0.00990114 6.35886367
191600 0.67847242 0.06751717 0.75928569
191700 0.70993061 0.07154061 0.45427679
191800 0.66288001 0.03086234 3.07895457
191900 0.65286534 0.01417746 4.79359232
192000 0.63591150 0.03070132 4.45482109
192100 0.67455979 0.04228487 1.98912009
192200 0.63623718 0.05013876 3.27592013
192300 0.70861999 0.04863256 1.35645901
192400 0.69333564 0.05579993 0.99902989
192500 0.68054457 0.02993033 2.64413597
192600 0.69831215 0.05780501 0.89163305
192700 0.67413609 0.04134455 2.05470162
192800 0.64726316 0.01745593 4.79734934
192900 0.67392026 0.07053438 0.77418798
193000 0.70448690 0.02986207 2.46973057
193100 0.65059397 0.05764038 2.11764681
193200 0.67894818 0.01975144 3.44150494
193300 0.65271011 0.03626418 3.14929467
193400 0.67654279 0.03110331 2.64849755
193500 0.71734818 0.04159050 1.85631479
193600 0.64222266 0.04816276 3.01266010
193700 0.64452788 0.05103640 2.73729507
193800 0.71977396 0.04592932 1.65732390
193900 0.69450010 0.04126226 1.74018549
194000 0.71123866 0.07038837 0.50157822
194100 0.66319606 0.04268268 2.31990251
194200 0.69184029 0.01986482 3.24411395
194300 0.70111028 0.03065258 2.40514888
194400 0.67491422 0.04383172 1.89208581
194500 0.67875784 0.03348637 2.43764588
194600 0.65617853 0.04928760 2.24603426
194700 0.73560476 0.06601554 1.21132103
194800 0.65599425 0.05215609 2.11277265
194900 0.62028984 0.05474046 4.20106794
195000 0.62987977 0.05786640 3.34604298
195100 0.70704884 0.07537812 0.32796145
195200 0.69920445 0.02125960 3.10034159
195300 0.67586954 0.04769243 1.65918069
195400 0.66487670 0.02824882 3.19093886
195500 0.67308446 0.05467961 1.38919188
195600 0.66473998 0.03186889 2.94255886
195700 0.72835829 0.06845994 0.89948406
195800 0.64268266 0.04935676 2.92500713
195900 0.70282187 0.01907646 3.27829154
196000 0.66578382 0.04781611 1.94695235
196100 0.69335717 0.03919228 1.87085297
196200 0.69295826 0.02157169 3.10029257
196300 0.67780723 0.07175357 0.64519003
196400 0.60882587 0.06234349 4.86536738
196500 0.69644969 0.05262413 1.12853876
196600 0.66714095 0.06764435 1.06330239
196700 0.64836944 0.04610833 2.78501367
196800 0.68377620 0.04115430 1.86301390
196900 0.70376950 0.01199237 3.87977594
197000 0.65224987 0.05456990 2.17198454
197100 0.69828878 -0.01686389 6.83004836
197200 0.65177983 0.05312615 2.26117125
197300 0.64552242 0.04811755 2.82979769
197400 0.64828793 0.06222214 2.05065238
197500 0.66137956 0.00622784 5.14237857
197600 0.69579221 0.06465770 0.63339191
197700 0.63816219 0.03880077 3.78463013
197800 0.63813544 0.04007344 3.70920822
197900 0.68145070 0.02834337 2.73937455
198000 0.66976022 0.06431593 1.09389849
198100 0.62241351 0.03785135 4.94105898
198200 0.65997005 0.05166002 1.96957503
198300 0.70638709 0.00431286 4.59841187
198400 0.63377290 0.02688566 4.86586818
198500 0.67545638 0.05042123 1.53022181
198600 0.62235906 0.03767098 4.95651128
198700 0.68624227 0.06993906 0.54646764
198800 0.69106310 0.06569406 0.62838269
198900 0.66007698 0.07336453 1.15164784
199000 0.68528328 0.02621336 2.83052490
199100 0.63856123 0.06042784 2.67033915
199200 0.67302151 0.03601036 2.41125627
199300 0.64544417 0.05363902 2.56283947
199400 0.67169607 0.03454119 2.54298439
199500 0.70617633 0.02354582 2.94169401
199600 0.67437086 0.05490244 1.34532148
199700 0.65213890 0.04218886 2.81640638
199800 0.65287160 0.04258590 2.75873252
199900 0.67872524 0.07615909 0.51050221
