0 0.69152131 -0.22425708 2.90443923
100 0.71827024 -0.05901300 29.20426848
200 0.68205470 -0.03595903 35.01983401
300 0.69803469 -0.04388869 32.79843356
400 0.61304008 -0.07584101 28.90463919
500 0.68705172 -0.06122082 28.59157765
600 0.66457704 -0.07400698 26.16381601
700 0.68653940 -0.04631688 32.26815675
800 0.65352244 -0.05865370 30.20410050
900 0.67469057 -0.06586312 27.73032254
1000 0.68309410 -0.05123129 31.08583969
1100 0.71078717 -0.06111713 28.59069411
1200 0.64774149 -0.07233032 27.28221694
1300 0.68318892 -0.04007058 33.92295685
1400 0.66133318 -0.04114865 34.24957305
1500 0.67117338 -0.06511254 28.00154666
1600 0.70669189 -0.02103525 38.93305546
1700 0.67749862 -0.02318007 38.56779304
1800 0.68503421 -0.06044029 28.80641540
1900 0.65299107 -0.03602748 35.94566588
2000 0.66823945 -0.02918895 37.17367809
2100 0.63656206 -0.05434277 32.18592305
2200 0.61352164 -0.04493298 36.26884708
2300 0.69336151 -0.08159264 23.87292172
2400 0.68551606 -0.07810361 24.72389530
2500 0.67656953 -0.06701170 27.41626831
2600 0.65651601 -0.04382649 33.75786209
2700 0.68198484 -0.02179375 38.86163124
2800 0.65682890 -0.03185288 36.88331051
2900 0.67043497 -0.06932296 27.04299336
3000 0.71525542 -0.05553150 29.99878769
3100 0.68428247 -0.03410104 35.47464793
3200 0.65634582 -0.05005054 32.19020920
3300 0.68294144 -0.05697081 29.67708975
3400 0.65801114 -0.06922709 27.50959941
3500 0.64903478 -0.04544101 33.69886559
3600 0.66815758 -0.03308417 36.12899952
3700 0.66928738 -0.04346939 33.37560930
3800 0.68197139 -0.06326824 28.18347772
3900 0.68385395 -0.05330828 30.55874999
4000 0.70846019 -0.06701310 27.17723624
4100 0.66871470 -0.05371869 30.81662579
4200 0.61840159 -0.05737926 32.76156120
4300 0.63131226 -0.05179561 33.16171169
4400 0.65927842 -0.04526828 33.27324752
4500 0.67919107 -0.05295260 30.73271470
4600 0.66262165 -0.02749380 37.82838516
4700 0.70358905 -0.07599876 25.09471738
4800 0.68352603 -0.06791216 27.06807965
4900 0.70398884 -0.05320946 30.46074082
5000 0.69375683 -0.04829888 31.69621470
5100 0.68482576 -0.05527313 30.06074986
5200 0.64858344 -0.05584605 31.12740714
5300 0.64105156 -0.06307938 29.80315010
5400 0.65487014 -0.06264380 29.18733393
5500 0.67490440 -0.06442403 28.06291428
5600 0.66247161 -0.04933101 32.12166168
5700 0.68263763 -0.01464314 40.86499572
5800 0.67563770 -0.05763274 29.66770643
5900 0.72171434 -0.03340277 35.77279678
6000 0.71023081 -0.03545911 35.04327596
6100 0.67932565 -0.03858573 34.38242594
6200 0.67165772 -0.03450442 35.64559429
6300 0.66246510 -0.03449263 35.95151705
6400 0.71492212 -0.04089109 33.68004823
6500 0.69213866 -0.05466928 30.12448159
6600 0.63984170 -0.07485799 27.15397389
6700 0.62780893 -0.07412001 28.11666045
6800 0.63561473 -0.04935998 33.48294239
6900 0.67971294 -0.06784626 27.15346192
7000 0.66944702 -0.03170519 36.45779409
7100 0.67100384 -0.06138737 28.88838183
7200 0.66744018 -0.04902168 32.02513058
7300 0.63750129 -0.04234095 35.14713690
7400 0.63242977 -0.05819354 31.51805022
7500 0.64882076 -0.01464739 42.02271390
7600 0.66343869 -0.02544156 38.35953220
7700 0.69725416 -0.03255586 35.76695463
7800 0.66353819 -0.06687011 27.83950445
7900 0.70968587 -0.00633434 43.16666945
8000 0.67329402 -0.07441539 25.80081197
8100 0.65250925 -0.03010119 37.55037008
8200 0.67386419 -0.05259106 30.94713316
8300 0.63869872 -0.02834253 38.77781389
8400 0.71287722 -0.05565404 29.93538535
8500 0.69655735 -0.04605614 32.24966903
8600 0.63221720 -0.03482340 37.45656779
8700 0.66053369 -0.05824784 30.00084749
8800 0.70852213 -0.07535534 25.26892500
8900 0.64251829 -0.03970128 35.52978522
9000 0.67633286 -0.06095013 28.85248702
9100 0.64902356 -0.06714740 28.40946513
9200 0.66810117 -0.04426822 33.20814016
9300 0.66881867 -0.05507478 30.48032016
9400 0.73397605 -0.04559199 32.93890400
9500 0.66383961 -0.03916716 34.67067239
9600 0.64430363 -0.06100435 30.11050334
9700 0.64515238 -0.06398836 29.35487805
9800 0.64742964 -0.05720912 30.85552662
9900 0.70774693 -0.04811569 31.75285952
10000 0.65730259 -0.03218384 36.77428336
10100 0.64375755 -0.07619150 26.62672947
10200 0.67967312 -0.04670295 32.28628981
10300 0.69328600 -0.06495211 27.64629483
10400 0.70102749 -0.06994907 26.46224194
10500 0.63474737 -0.06691375 29.29355258
10600 0.63697674 -0.08255254 25.62766381
10700 0.64723857 -0.03803417 35.70493306
10800 0.67919240 -0.02582218 37.80321796
10900 0.71680445 -0.04486024 32.68934280
11000 0.69360284 -0.07348447 25.67510436
11100 0.65636835 -0.05377370 31.26555493
11200 0.71010701 -0.03683716 34.67841638
11300 0.65192583 -0.07249052 27.03584459
11400 0.67960533 -0.06379254 28.10495226
11500 0.68390719 -0.03143561 36.19290417
11600 0.65557716 -0.06110666 29.52170851
11700 0.67037451 -0.05319698 30.89470070
11800 0.69979669 -0.05359295 30.35823766
11900 0.69444687 -0.03594741 34.87730253
12000 0.69071559 -0.04520671 32.50291126
12100 0.64608881 -0.06516725 29.02641923
12200 0.69385882 -0.03066701 36.28898727
12300 0.62365355 -0.05032376 34.08350119
12400 0.67351982 -0.04750703 32.22695035
12500 0.69680374 -0.04359068 32.87797695
12600 0.69557252 -0.07264234 25.85555348
12700 0.68684568 -0.02689093 37.38080019
12800 0.66985722 -0.02346938 38.68888554
12900 0.69176268 -0.04987086 31.31621995
13000 0.69877832 -0.03432814 35.29151604
13100 0.69044643 -0.03629445 34.81594477
13200 0.68746105 -0.05820361 29.31135959
13300 0.67536732 -0.03226116 36.14542768
13400 0.66162982 -0.04058309 34.38470087
13500 0.69115405 -0.05962641 28.92885774
13600 0.64264543 -0.01172307 43.19656837
13700 0.60430348 -0.05710581 34.07770684
13800 0.65647469 -0.03220255 36.80496250
13900 0.68158424 -0.02452523 38.11274480
14000 0.68244002 -0.04986521 31.43788385
14100 0.65061644 -0.05840484 30.40347879
14200 0.64413709 -0.06632546 28.86222731
14300 0.69446918 -0.03431451 35.30968532
14400 0.69980700 -0.05664755 29.61022607
14500 0.64250505 -0.07175720 27.70022156
14600 0.66706786 -0.03384014 35.96279794
14700 0.65868723 -0.06919810 27.48813035
14800 0.70141051 -0.03428104 35.30427667
14900 0.67708699 -0.06177188 28.63882108
15000 0.68936779 -0.04527486 32.49896985
15100 0.65657394 -0.05653849 30.57966396
15200 0.66199660 -0.06371573 28.63725713
15300 0.63680159 -0.03815952 36.27723713
15400 0.66079770 -0.04577803 33.08281472
15500 0.65021521 -0.04199835 34.52168921
15600 0.69517977 -0.04166618 33.37979985
15700 0.70330427 -0.05157457 30.86305670
15800 0.66035802 -0.03932468 34.76155387
15900 0.67821907 -0.05050956 31.35994410
16000 0.70407254 -0.06002574 28.80211636
16100 0.70224127 -0.04471079 32.58880153
16200 0.67784699 -0.01948398 39.58999688
16300 0.72097412 -0.03876806 34.34101926
16400 0.66503853 -0.07710374 25.45252427
16500 0.72774727 -0.05800088 29.66674233
16600 0.66562163 -0.06999457 27.04218390
16700 0.64839193 -0.05866545 30.45287910
16800 0.71199188 -0.05511239 30.05687417
16900 0.66685400 -0.02927696 37.19481091
17000 0.71165593 -0.03120291 36.19386833
17100 0.68787912 -0.05541586 29.98415852
17200 0.66847697 -0.05245134 31.13701950
17300 0.65705836 -0.07099076 27.14460748
17400 0.67603435 -0.02530451 38.01598095
17500 0.64692993 -0.06831880 28.24630516
17600 0.70880888 -0.05505836 30.03700098
17700 0.69873598 -0.03875114 34.12628333
17800 0.66765952 -0.05168392 31.35339136
17900 0.64596166 -0.03383974 36.88071407
18000 0.67251725 -0.05181542 31.17544344
18100 0.69441999 -0.04496273 32.53757203
18200 0.68332554 -0.05699159 29.66556172
18300 0.70802346 -0.02133566 38.85909473
18400 0.72018357 -0.05416644 30.42075862
18500 0.64249438 -0.05275446 32.21862666
18600 0.67915408 -0.05332055 30.64265107
18700 0.64285607 -0.05120964 32.58103502
18800 0.66530876 -0.03780929 34.97372558
18900 0.65346868 -0.06320303 29.11898426
19000 0.70171324 -0.06988517 26.47788497
19100 0.66852420 -0.04211527 33.74762934
19200 0.68416270 -0.06062341 28.77598533
19300 0.67997066 -0.07605394 25.27650707
19400 0.65085086 -0.03591378 36.07858565
19500 0.68109756 -0.05012595 31.39717118
19600 0.65236053 -0.04478838 33.70124619
19700 0.67563641 -0.06099763 28.85785921
19800 0.68118802 -0.04866130 31.76251551
19900 0.68697863 -0.05317709 30.54555184
20000 0.61257204 -0.05185087 34.61081935
20100 0.64875775 -0.03553703 36.28321608
20200 0.66722010 -0.05520090 30.50056172
20300 0.67474829 -0.05260137 30.92186596
20400 0.66268401 -0.05271909 31.27016685
20500 0.69082389 -0.05075795 31.10289973
20600 0.67676068 -0.07087496 26.51917610
20700 0.65038478 -0.06584313 28.64555485
20800 0.68332884 -0.02192487 38.80185242
20900 0.66855731 -0.06315683 28.54166611
21000 0.68214551 -0.06529938 27.70158098
21100 0.63277709 -0.05064933 33.34733860
21200 0.68345329 -0.03522151 35.19072239
21300 0.67011628 -0.04313111 33.43733204
21400 0.69266281 -0.05917140 29.02612482
21500 0.70688512 -0.06734596 27.08765327
21600 0.69333248 -0.07428802 25.49517677
21700 0.68427885 -0.04252832 33.26941090
21800 0.69443738 0.00555833 46.69841728
21900 0.61777921 -0.04662578 35.47937781
22000 0.72766047 -0.06697974 27.53177079
22100 0.67345887 -0.07545784 25.56180748
22200 0.70144520 -0.04275665 33.08811393
22300 0.66366682 -0.06561253 28.12879298
22400 0.72095412 -0.05965528 29.10233024
22500 0.68527423 -0.01292718 41.31382546
22600 0.66904173 -0.03886014 34.57622140
22700 0.67789258 -0.04304256 33.25793095
22800 0.68352289 -0.07445755 25.57044559
22900 0.64390815 -0.04289592 34.62440113
23000 0.71337351 -0.06205749 28.39774352
23100 0.69039589 -0.08199017 23.81026223
23200 0.65032345 -0.04396710 34.01030246
23300 0.66610506 -0.05856524 29.71980531
23400 0.64423932 -0.04358758 34.42829272
23500 0.65771366 -0.08305847 24.42587992
23600 0.67326146 -0.05551307 30.24440392
23700 0.65191572 -0.03433255 36.44564564
23800 0.66031437 -0.06149296 29.23027775
23900 0.67825093 -0.04883299 31.77894447
24000 0.67883486 -0.06194967 28.55796036
24100 0.65256129 -0.03094860 37.31954382
24200 0.67958799 -0.07557952 25.39060082
24300 0.64353522 -0.03311847 37.20701057
24400 0.65962282 -0.00775177 43.51967251
24500 0.69203744 -0.05511813 30.01526605
24600 0.61757114 -0.06553939 30.88314772
24700 0.73972798 -0.06459162 28.49770809
24800 0.68181754 -0.01777777 39.98999557
24900 0.65463914 -0.05658927 30.65319469
25000 0.68399562 -0.05855139 29.27678621
25100 0.68875340 -0.09104334 21.89468603
25200 0.70448247 -0.03427236 35.31563658
25300 0.66095960 -0.02487108 38.61003858
25400 0.67822217 -0.02711552 37.47010730
25500 0.65172625 -0.04020885 34.91089751
25600 0.66203487 -0.03628154 35.49438922
25700 0.70160063 -0.05973269 28.86547111
25800 0.66140775 -0.05264311 31.33739573
25900 0.69255342 -0.03830073 34.27097886
26000 0.68394286 -0.10640721 18.86800065
26100 0.66763036 -0.05111335 31.49617982
26200 0.65317027 -0.06408199 28.92516479
26300 0.69116277 -0.04493083 32.56918843
26400 0.66059168 -0.06432915 28.54688269
26500 0.65638704 -0.04865989 32.53696952
26600 0.66158960 -0.09255116 22.25518894
26700 0.68225459 -0.02954028 36.73168109
26800 0.68349771 -0.04618659 32.34678709
26900 0.65688975 -0.03486433 36.07770948
27000 0.68713705 -0.04555174 32.45468522
27100 0.65163453 -0.04761490 33.01872975
27200 0.65133882 -0.03853128 35.36689970
27300 0.68684133 -0.04358126 32.96186150
27400 0.64298354 -0.03911881 35.65493684
27500 0.68720435 -0.04907907 31.56252166
27600 0.65846601 -0.03724385 35.38293369
27700 0.63563414 -0.05014568 33.28507202
27800 0.65720987 -0.05681829 30.48417013
27900 0.65742349 -0.05379933 31.21376545
28000 0.68853939 -0.06175343 28.44638706
28100 0.66495824 -0.05688770 30.16575795
28200 0.67874156 -0.04324819 33.18670563
28300 0.68303673 -0.06099743 28.70498954
28400 0.70887635 -0.05907830 29.06102681
28500 0.64063801 -0.05848209 30.92737255
28600 0.67701779 -0.04618713 32.47457742
28700 0.65884917 -0.02903292 37.55827543
28800 0.68319495 -0.04346538 33.04621063
28900 0.69018775 -0.05096812 31.05657809
29000 0.66093706 -0.06299458 28.84874143
29100 0.69067591 -0.03681332 34.67708297
29200 0.65552648 -0.06806622 27.88558523
29300 0.68497691 -0.03406347 35.47396510
29400 0.72524611 -0.04064174 33.95203645
29500 0.64821699 -0.06861403 28.11047282
29600 0.66314103 -0.04496196 33.20149364
29700 0.69147280 -0.04385763 32.84081288
29800 0.68715482 -0.03771423 34.47941218
29900 0.68393960 -0.05103914 31.11972209
30000 0.66210674 -0.04315865 33.70168778
30100 0.69563721 -0.03220422 35.86680694
30200 0.69047607 -0.04243791 33.21446726
30300 0.67966540 -0.04605529 32.45070506
30400 0.65647145 -0.02693425 38.22981905
30500 0.70624409 -0.05479092 30.08324174
30600 0.65808222 -0.05128469 31.80820268
30700 0.65101465 -0.07233623 27.11517869
30800 0.65754286 -0.09086785 22.76943332
30900 0.62781617 -0.04929759 34.03110104
31000 0.63648775 -0.04654678 34.13616947
31100 0.71368615 -0.04240300 33.27176130
31200 0.67957653 -0.05437558 30.37423745
31300 0.67701067 -0.01050823 42.16699660
31400 0.65148596 -0.05039336 32.32854428
31500 0.64535208 -0.08678212 24.22412898
31600 0.65316676 -0.05873096 30.20205006
31700 0.65129037 -0.04528984 33.62494710
31800 0.66451281 -0.07051275 26.96186971
31900 0.66979098 -0.04450627 33.09481570
32000 0.68679370 -0.07750080 24.84015073
32100 0.68487034 -0.04789890 31.89193654
32200 0.63075428 -0.03048215 38.71742005
32300 0.69674827 -0.08364117 23.41085840
32400 0.68885493 -0.05777817 29.39781383
32500 0.62058819 -0.02199569 41.79631625
32600 0.67711142 -0.06411466 28.08289045
32700 0.72171681 -0.02751008 37.36118960
32800 0.68211014 -0.05801064 29.43944959
32900 0.70303713 -0.06099902 28.56534555
33000 0.72953302 -0.01716774 40.43314197
33100 0.63306695 -0.05308279 32.72407186
33200 0.65663036 -0.03642505 35.67633904
33300 0.69361066 -0.07005420 26.45794744
33400 0.63706129 -0.03488380 37.12393904
33500 0.63194347 -0.05234542 32.98224177
33600 0.69955817 -0.04560196 32.35928010
33700 0.69413808 -0.03139029 36.09277025
33800 0.66092780 -0.06380734 28.65680451
33900 0.70396187 -0.03276252 35.71578374
34000 0.69582900 -0.04805068 31.74792839
34100 0.67198433 -0.04579714 32.70198678
34200 0.66974651 -0.05796875 29.74719884
34300 0.68994961 -0.04868719 31.62957000
34400 0.68700237 -0.03057568 36.37920004
34500 0.67040557 -0.03232907 36.26177814
34600 0.67903655 -0.04685937 32.25982300
34700 0.70234662 -0.01889698 39.51220789
34800 0.69013614 -0.07114502 26.23594820
34900 0.66621561 -0.05337911 30.98162473
35000 0.62886799 -0.05575811 32.35693225
35100 0.65981638 -0.05984646 29.64422366
35200 0.68964557 -0.03889389 34.14180839
35300 0.68662861 -0.02607062 37.60805037
35400 0.65469409 -0.07960509 25.31327133
35500 0.68799309 -0.05587084 29.87160601
35600 0.67634548 -0.05771040 29.63189382
35700 0.66831850 -0.07333516 26.19033350
35800 0.60726622 -0.05175122 35.11350684
35900 0.67400242 -0.06311028 28.39630754
36000 0.70162618 -0.02579628 37.59516308
36100 0.66701929 -0.05139927 31.44502506
36200 0.70324923 -0.02798916 37.00022683
36300 0.65143023 -0.05526552 31.12699447
36400 0.67397545 -0.05986844 29.17022260
36500 0.65803080 -0.06486232 28.52557036
36600 0.67011742 -0.04136037 33.89371385
36700 0.66174400 -0.06408777 28.55905149
36800 0.63657256 -0.07859305 26.52203954
36900 0.66704482 -0.03471766 35.73038306
37000 0.67663084 -0.04149333 33.68590733
37100 0.66653721 -0.04472654 33.14214827
37200 0.64420868 -0.04871332 33.12883323
37300 0.66915068 -0.05625222 30.18232990
37400 0.67413851 -0.03306990 35.96024672
37500 0.65038522 -0.04787168 33.01515778
37600 0.66220088 -0.04237210 33.90045303
37700 0.69348792 -0.06694755 27.17792581
37800 0.65840850 -0.05843276 30.04229195
37900 0.70692045 -0.07800411 24.66503502
38000 0.65195461 -0.03849629 35.34627399
38100 0.66738731 -0.05180105 31.33315332
38200 0.68609401 -0.04046582 33.77568329
38300 0.71456687 -0.08044770 24.20770247
38400 0.68450861 -0.02177236 38.82530264
38500 0.67017119 -0.05517320 30.41495990
38600 0.67576898 -0.05099607 31.29505007
38700 0.67133757 -0.09283040 21.87038917
38800 0.70452382 -0.02482676 37.87038910
38900 0.69326142 -0.04966976 31.35531780
39000 0.65838228 -0.07862082 25.37038753
39100 0.67200712 -0.05662671 30.00707901
39200 0.65673201 -0.03343370 36.46485585
39300 0.71019061 -0.04458004 32.67160276
39400 0.65278121 -0.03576069 36.02601319
39500 0.65147946 -0.05534418 31.10535743
39600 0.65374504 -0.04908177 32.54973980
39700 0.63671000 -0.05776915 31.34070353
39800 0.70583394 -0.06314897 28.06622161
39900 0.65766776 -0.03096802 37.08511096
40000 0.71361932 -0.03493812 35.22164190
40100 0.71173279 -0.03554836 35.03616304
40200 0.66467928 -0.05047817 31.75434779
40300 0.71201455 -0.04036053 33.77850180
40400 0.65918204 -0.05214458 31.54920766
40500 0.59865544 -0.07961711 29.41966927
40600 0.67290561 -0.06050482 29.04602415
40700 0.69121362 -0.05040150 31.18830487
40800 0.67067729 -0.04458543 33.04821152
40900 0.67276122 -0.07207017 26.34697937
41000 0.71831436 -0.03069704 36.42974900
41100 0.70619450 -0.02210057 38.63323236
41200 0.69490607 -0.03334349 35.56582018
41300 0.64491390 -0.07148667 27.62640949
41400 0.69392606 -0.05687992 29.57213351
41500 0.65941696 -0.03051407 37.13482481
41600 0.64484065 -0.06589997 28.92268986
41700 0.67856563 -0.04620033 32.43685118
41800 0.62999471 -0.03904196 36.49992031
41900 0.68366009 -0.05468986 30.22202977
42000 0.70041215 -0.01453003 40.74663633
42100 0.62851535 -0.03657312 37.25188697
42200 0.68058208 -0.04479159 32.75419336
42300 0.70772915 -0.06798278 26.94586550
42400 0.70955338 -0.04224903 33.26341488
42500 0.66925047 -0.04170979 33.82968383
42600 0.64838494 -0.04936287 32.74154294
42700 0.70052918 -0.04732299 31.92297694
42800 0.61562358 -0.10218401 23.12527206
42900 0.70490016 -0.04627326 32.20063453
43000 0.66406893 -0.04640077 32.80180450
43100 0.68995490 -0.05424255 30.24881416
43200 0.65144442 -0.05331741 31.60497137
43300 0.66169690 -0.05064332 31.82294029
43400 0.69885508 -0.07905952 24.40800320
43500 0.68646835 -0.04751990 31.96465342
43600 0.70050975 -0.03316397 35.60086373
43700 0.74012490 -0.05451943 30.93535990
43800 0.66685031 -0.05892966 29.60690600
43900 0.72624256 -0.04618643 32.55499993
44000 0.67936307 -0.00931747 42.46110832
44100 0.62116925 -0.01714578 43.11039737
44200 0.65029823 -0.03674389 35.88702333
44300 0.65231081 -0.02638905 38.56860570
44400 0.66455568 -0.02850180 37.48378755
44500 0.67718598 -0.08598104 23.16229692
44600 0.65880498 -0.05853738 30.00061282
44700 0.69826087 -0.03633077 34.76224268
44800 0.68031572 -0.03701247 34.77495547
44900 0.65859566 -0.03997281 34.66422812
45000 0.67547492 -0.02520306 38.05741928
45100 0.64796044 -0.03211969 37.23398878
45200 0.71354952 -0.03526066 35.13525318
45300 0.65123572 -0.06226456 29.44804797
45400 0.67770636 -0.04122896 33.72972953
45500 0.63018623 -0.05334502 32.85632056
45600 0.66091784 -0.06916865 27.40526334
45700 0.63671819 -0.05520236 31.96523550
45800 0.67037304 -0.04077578 34.03747723
45900 0.71336917 -0.05857711 29.23187435
46000 0.64516969 -0.05772206 30.85248225
46100 0.64689681 -0.05752632 30.80671687
46200 0.63159913 -0.02463387 40.25259290
46300 0.67883653 -0.04962775 31.56707698
46400 0.66265140 -0.05227925 31.38024463
46500 0.66686400 -0.04969977 31.87410043
46600 0.66805676 -0.03803128 34.82399028
46700 0.69579158 -0.06288366 28.12093545
46800 0.66006108 -0.06142219 29.25724365
46900 0.63609837 -0.08246374 25.70272065
47000 0.68859545 -0.04046590 33.74400623
47100 0.67137168 -0.02378979 38.55583148
47200 0.68987287 -0.06227013 28.30902602
47300 0.66583252 -0.06600129 27.96140643
47400 0.70335277 -0.04974293 31.31992107
47500 0.68998009 -0.05131861 30.97141540
47600 0.65034381 -0.06610652 28.58594853
47700 0.68423525 -0.02176575 38.83141392
47800 0.72783819 -0.04017728 34.14140658
47900 0.64775461 -0.06931236 27.97318408
48000 0.68327006 -0.05062562 31.23373671
48100 0.69938480 -0.05423854 30.19953794
48200 0.66299898 -0.06415956 28.49489338
48300 0.71562270 -0.02447806 38.07820482
48400 0.63559851 -0.06161587 30.48727289
48500 0.62596013 -0.05662526 32.35658417
48600 0.69405954 -0.05232615 30.68881284
48700 0.66296899 -0.04026559 34.41662947
48800 0.66126280 -0.04164266 34.12454400
48900 0.68620078 -0.05457616 30.21163973
49000 0.70768320 -0.04200713 33.30967707
49100 0.69047905 -0.05926804 29.02126150
49200 0.68103952 -0.05338053 30.59033211
49300 0.66869717 -0.05231078 31.16490935
49400 0.66597931 -0.07758270 25.31343127
49500 0.68227609 -0.06161454 28.57088243
49600 0.65789154 -0.04798013 32.64356760
49700 0.67360946 -0.07000245 26.79766725
49800 0.73487581 -0.04588974 32.89417416
49900 0.65610699 -0.05234454 31.62991245
50000 0.66395692 -0.04646231 32.79023094
50100 0.67185410 -0.05310887 30.87371026
50200 0.63896820 -0.04625466 34.05578930
50300 0.68191318 -0.08476286 23.32708036
50400 0.68063741 -0.04112337 33.69600922
50500 0.68421778 -0.05672377 29.71620110
50600 0.67546800 -0.08852724 22.66127460
50700 0.73558691 -0.03512919 35.71148650
50800 0.63833428 -0.04646189 34.04211702
50900 0.67590019 -0.03419842 35.61564043
51000 0.62324122 -0.06889569 29.65055533
51100 0.65786761 -0.08003598 25.07965418
51200 0.67447138 -0.06731057 27.39803970
51300 0.70151900 -0.02991582 36.47388498
51400 0.68962393 -0.06176766 28.43115598
51500 0.66256116 -0.06753361 27.72114459
51600 0.66673376 -0.04507858 33.04578737
51700 0.61516494 -0.02344218 41.84060812
51800 0.62015992 -0.06718107 30.28954538
51900 0.69832089 -0.04663254 32.09894443
52000 0.69075897 -0.05330248 30.47253086
52100 0.66244294 -0.05886437 29.77846205
52200 0.62260989 -0.05676628 32.57593647
52300 0.63508485 -0.03770032 36.50755015
52400 0.70348952 -0.04260251 33.13282349
52500 0.67439669 -0.06556330 27.80804707
52600 0.66867926 -0.04344457 33.40083977
52700 0.67285791 -0.06419224 28.17099583
52800 0.67506465 -0.01288452 41.52853588
52900 0.69694717 -0.02421863 38.03234304
53000 0.62893827 -0.05322567 32.97367036
53100 0.65020897 -0.06270304 29.39449620
53200 0.66824674 -0.03534731 35.52465730
53300 0.66241683 -0.05329690 31.13745619
53400 0.63736984 -0.04809299 33.68983974
53500 0.63550148 -0.03464234 37.28737298
53600 0.70056631 -0.04682124 32.04990212
53700 0.63886672 -0.06648791 29.13258740
53800 0.67446566 -0.04987051 31.60838201
53900 0.65787859 -0.04106873 34.40980870
54000 0.67368564 -0.04567771 32.68613749
54100 0.68813377 -0.09440677 21.20469246
54200 0.69558690 -0.04352309 32.89994111
54300 0.63843772 -0.03435520 37.17853739
54400 0.67999751 -0.05118010 31.15572110
54500 0.67394514 -0.06734585 27.40340490
54600 0.64553399 -0.03434252 36.77022178
54700 0.69926561 -0.05281143 30.55136538
54800 0.65647995 -0.08315932 24.45693784
54900 0.67114128 -0.05841876 29.59716014
55000 0.70047391 0.00065123 45.19569273
55100 0.68414172 -0.06902626 26.80017626
55200 0.65978811 -0.02516556 38.57548255
55300 0.64417222 -0.07100964 27.77666355
55400 0.70788687 -0.05988197 28.85943650
55500 0.61312627 -0.08072157 27.81503782
55600 0.70280443 -0.06158537 28.42469981
55700 0.68277198 -0.07349910 25.79973009
55800 0.64294370 -0.06333343 29.63324227
55900 0.68496019 -0.03068983 36.37708117
56000 0.66129755 -0.04240807 33.92573989
56100 0.66959383 -0.02014040 39.62296618
56200 0.62181681 -0.06440238 30.80942560
56300 0.64815175 -0.04945030 32.73169583
56400 0.67705787 -0.06800350 27.17435903
56500 0.67661819 -0.05258047 30.88156610
56600 0.67052911 -0.04030833 34.15414970
56700 0.67566847 -0.05426089 30.48986795
56800 0.65577668 -0.05409961 31.21135228
56900 0.65571858 -0.05630090 30.67504682
57000 0.62397640 -0.04440626 35.55387449
57100 0.67465516 -0.04074859 33.92682711
57200 0.67856957 -0.08492983 23.35722022
57300 0.66508511 -0.05390669 30.89048459
57400 0.64648527 -0.02291797 39.81913950
57500 0.68568826 -0.04110130 33.61668144
57600 0.68036834 -0.07247202 26.07719300
57700 0.63458409 -0.04734949 34.05576000
57800 0.67407021 -0.05851377 29.49397666
57900 0.69024152 -0.06107350 28.59055048
58000 0.67459205 -0.05457015 30.44068753
58100 0.68496858 -0.07295025 25.88876719
58200 0.64202321 -0.07492781 27.00939919
58300 0.71761263 -0.02496649 37.97681875
58400 0.64492826 -0.08053848 25.59812715
58500 0.68900291 -0.06159721 28.47841361
58600 0.71154101 -0.07323755 25.77720282
58700 0.66136759 -0.06396172 28.60326528
58800 0.68447619 -0.08239955 23.79547213
58900 0.69518669 -0.03062979 36.29173915
59000 0.68198231 -0.07949708 24.47308849
59100 0.68696172 -0.08447639 23.31021131
59200 0.66397520 -0.05546794 30.54685848
59300 0.69852098 -0.03921286 34.00606008
59400 0.66504652 -0.03671567 35.27019198
59500 0.65390013 -0.06605495 28.42774231
59600 0.69140595 -0.07224744 25.97254253
59700 0.64147401 -0.04901061 33.21048210
59800 0.67062404 -0.06725362 27.51691214
59900 0.69736882 -0.03681675 34.63617276
60000 0.67983224 -0.06574425 27.64124696
60100 0.67881059 -0.03019684 36.62136688
60200 0.66930598 -0.04056137 34.12526223
60300 0.67338961 -0.04249767 33.50778101
60400 0.70216856 -0.06521212 27.56502585
60500 0.69034849 -0.08709069 22.71176217
60600 0.69101593 -0.01540207 40.53834748
60700 0.65341158 -0.05721137 30.55839898
60800 0.68719133 -0.07248348 25.96391514
60900 0.66789535 -0.05524234 30.46851058
61000 0.68972807 -0.04782146 31.84976464
61100 0.65768463 -0.04361920 33.76085152
61200 0.70124763 -0.06462819 27.70072183
61300 0.63493854 -0.07872685 26.59740036
61400 0.64294514 -0.07243581 27.52035922
61500 0.63543774 -0.01867952 41.65474984
61600 0.67365538 -0.05675416 29.93128835
61700 0.64554275 -0.04079415 35.07663385
61800 0.68205975 -0.05691819 29.70531044
61900 0.75115211 -0.03274043 37.02210839
62000 0.67043683 -0.03337039 35.98266625
62100 0.65402959 -0.04676697 33.12012303
62200 0.68743833 -0.06686634 27.25455032
62300 0.65992925 -0.03174503 36.78319754
62400 0.62805241 -0.06288566 30.69983295
62500 0.70600560 -0.05626253 29.72200957
62600 0.69621141 -0.06111390 28.54046101
62700 0.69753390 -0.04376336 32.83164863
62800 0.66911054 -0.05533241 30.40819468
62900 0.68498646 -0.05664180 29.72431024
63000 0.68729713 -0.07621555 25.12042222
63100 0.62482632 -0.01311756 43.97630875
63200 0.72906205 -0.04989500 31.69855771
63300 0.66534553 -0.07371916 26.20197619
63400 0.66878731 -0.04887928 32.01792427
63500 0.65825880 -0.06082204 29.47421224
63600 0.63250255 -0.01308900 43.43691401
63700 0.72224916 -0.04448944 32.89033552
63800 0.65705518 -0.06468150 28.60952759
63900 0.66290659 -0.05667340 30.29187788
64000 0.71063558 -0.04679024 32.11414892
64100 0.64040668 -0.04446823 34.42392454
64200 0.67011758 -0.01855842 40.05116067
64300 0.68837984 -0.04353654 32.95426630
64400 0.67201743 -0.03177081 36.36496118
64500 0.65754126 -0.07697020 25.77251686
64600 0.69776345 -0.03912255 34.03102402
64700 0.71554499 -0.05045415 31.25738985
64800 0.71428134 -0.04052283 33.76618046
64900 0.68726188 -0.06130529 28.56871154
65000 0.67470041 -0.07713141 25.15523933
65100 0.65913102 -0.04011130 34.60620500
65200 0.64347659 -0.04549146 33.98474564
65300 0.68228422 -0.06433511 27.92589496
65400 0.66126247 -0.05506883 30.74593605
65500 0.64524040 -0.03718189 36.03598721
65600 0.68546454 -0.02440364 38.08231783
65700 0.68550504 -0.05387728 30.39324966
65800 0.66263034 -0.01365141 41.69600324
65900 0.69076987 -0.02988356 36.52404396
66000 0.68893631 -0.06780481 27.01850512
66100 0.63729663 -0.07378306 27.55290736
66200 0.69867340 -0.06818990 26.86884116
66300 0.66697176 -0.04056028 34.19991556
66400 0.64461017 -0.03106817 37.69618071
66500 0.68123895 -0.05563830 30.03230815
66600 0.64507398 -0.03376277 36.94956413
66700 0.67108437 -0.04022350 34.15997097
66800 0.64283570 -0.03167240 37.63372811
66900 0.70670993 -0.04668411 32.10698242
67000 0.67638328 -0.03275671 35.98836242
67100 0.66105459 -0.03269638 36.48398456
67200 0.63773016 -0.03824635 36.19625293
67300 0.65978086 -0.03201649 36.71637011
67400 0.63053941 -0.05649263 32.06030744
67500 0.66257627 -0.06702742 27.83838010
67600 0.66025903 -0.07365579 26.40552252
67700 0.65954010 -0.04615776 33.03644363
67800 0.62873793 -0.04885301 34.07654782
67900 0.67651277 -0.06156620 28.70116267
68000 0.69550639 -0.01702131 40.04856510
68100 0.68242469 -0.05412657 30.38131761
68200 0.70414171 -0.07633530 25.02152546
68300 0.67061491 -0.01134382 42.09293645
68400 0.69074767 -0.05229486 30.72172046
68500 0.64982916 -0.02989763 37.73620170
68600 0.65868302 -0.05908484 29.87360357
68700 0.67821465 -0.05347456 30.62469664
68800 0.69246562 -0.07476326 25.39417796
68900 0.62908043 -0.04679967 34.56999588
69000 0.65703093 -0.02855347 37.76478014
69100 0.65944297 -0.07197752 26.81956137
69200 0.69117724 -0.08954094 22.18542760
69300 0.72254706 -0.06067876 28.89151212
69400 0.67936394 -0.06236814 28.44737339
69500 0.69292433 -0.05425579 30.22014206
69600 0.67042517 -0.09079234 22.32125766
69700 0.68048689 -0.03635487 34.94475871
69800 0.68041605 -0.07236640 26.10029265
69900 0.70897681 -0.06084180 28.63861291
70000 0.67962079 -0.09001880 22.25370753
70100 0.69557573 -0.05737984 29.44205760
70200 0.69989532 -0.05033251 31.16693403
70300 0.66493062 -0.03144358 36.67620529
70400 0.72362881 -0.02509088 38.06667178
70500 0.68679733 -0.04043630 33.77381298
70600 0.63681930 -0.07770833 26.70269248
70700 0.63354951 -0.05032395 33.37689837
70800 0.67834464 -0.05678205 29.81196282
70900 0.67473589 -0.04581408 32.62437965
71000 0.65467975 -0.03713888 35.57494618
71100 0.70491150 -0.07707889 24.85897128
71200 0.69242278 -0.06546693 27.53158695
71300 0.63649396 -0.05942716 30.95415335
71400 0.65186489 -0.02588364 38.72838253
71500 0.67552230 -0.05851106 29.45803295
71600 0.69228351 -0.05439728 30.19011972
71700 0.68564329 -0.03842704 34.31326557
71800 0.65034502 -0.07412738 26.74202930
71900 0.68458174 -0.04673834 32.18959440
72000 0.67324845 -0.05842988 29.53588470
72100 0.68989051 -0.05604591 29.80790092
72200 0.64291605 -0.03322731 37.21312271
72300 0.72069856 -0.02702658 37.47145850
72400 0.64061693 -0.05240794 32.41408928
72500 0.66978056 -0.03477057 35.62993116
72600 0.65947679 -0.04733657 32.74046884
72700 0.65132465 -0.04128876 34.65039813
72800 0.68632537 -0.03805590 34.40085247
72900 0.64592607 -0.06837201 28.28775774
73000 0.67594705 -0.06974307 26.79839798
73100 0.67291751 -0.03929817 34.34945324
73200 0.65769155 -0.05399349 31.15460516
73300 0.70196110 -0.07855808 24.52018602
73400 0.69407636 -0.04558173 32.38187264
73500 0.67063296 -0.05994744 29.24382661
73600 0.66718603 -0.03358890 36.02581625
73700 0.68596453 -0.04193293 33.39780322
73800 0.68583438 -0.06425630 27.88787924
73900 0.70969214 -0.06944651 26.62442558
74000 0.65005828 -0.06775630 28.21565558
74100 0.73582375 -0.05876680 29.73839945
74200 0.66600799 -0.06487850 28.21878853
74300 0.68529678 -0.03644780 34.83797412
74400 0.65184320 -0.04539406 33.57163171
74500 0.68327957 -0.06845973 26.94523552
74600 0.69341761 -0.04677099 32.08412974
74700 0.73796407 -0.04375401 33.55163886
74800 0.68942271 -0.08781489 22.56720066
74900 0.64696143 -0.07213750 27.36720558
75000 0.70979775 -0.03279100 35.74832287
75100 0.73484912 -0.07362278 26.23055454
75200 0.66788729 -0.05227586 31.19923854
75300 0.74679186 -0.05129785 32.02111885
75400 0.66290297 -0.05131002 31.61144684
75500 0.68301078 -0.02082627 39.11330302
75600 0.64560645 -0.04202975 34.75365437
75700 0.66032818 -0.05264403 31.37941525
75800 0.63432641 -0.04123679 35.63570921
75900 0.64842005 -0.01437203 42.12191317
76000 0.67275385 -0.04502244 32.87795507
76100 0.68953249 -0.02913214 36.73948353
76200 0.65560685 -0.04497879 33.50328581
76300 0.65357139 -0.05501424 31.08681976
76400 0.70270159 -0.04301688 33.02381028
76500 0.64352325 -0.03203218 37.49818789
76600 0.67959339 -0.04331012 33.15306212
76700 0.65001583 -0.08016174 25.41363787
76800 0.66587257 -0.03341843 36.11520616
76900 0.67430547 -0.05600315 30.09733555
77000 0.72284890 -0.07763811 24.98344138
77100 0.65426096 -0.04588041 33.33441370
77200 0.70227085 -0.06012176 28.77336402
77300 0.67316853 -0.06373093 28.27150128
77400 0.67834653 -0.03738255 34.71839988
77500 0.61822532 -0.08830739 25.75042979
77600 0.61282595 -0.05165370 34.63759939
77700 0.69205736 -0.04570935 32.36340886
77800 0.69347177 -0.03537304 35.03502207
77900 0.63760876 -0.07809689 26.56682766
78000 0.64186680 -0.04806343 33.42575163
78100 0.67664271 -0.04432966 32.95644387
78200 0.68168271 -0.07081495 26.43065535
78300 0.65402599 -0.05639338 30.72889882
78400 0.66495124 -0.06608222 27.97297127
78500 0.70637153 -0.06902328 26.69542005
78600 0.67872072 -0.05574422 30.05684785
78700 0.68584791 -0.08348426 23.53967455
78800 0.69034915 -0.05692610 29.58903006
78900 0.65740603 -0.05903675 29.93876731
79000 0.67397438 -0.05302628 30.83667543
79100 0.69062667 -0.08690627 22.74839946
79200 0.67100132 -0.03448732 35.66895269
79300 0.66614055 -0.04863903 32.16440047
79400 0.61588851 -0.06616833 30.87599597
79500 0.68617594 -0.04733372 32.01567565
79600 0.71162949 -0.04806095 31.80426553
79700 0.63245077 -0.01414685 43.13746224
79800 0.69159786 -0.02614550 37.53344157
79900 0.70650698 -0.05343628 30.41800551
80000 0.69174000 -0.03012237 36.45108181
80100 0.68348360 -0.05616882 29.86321885
80200 0.64350573 -0.02980259 38.09912183
80300 0.69762842 -0.06579460 27.42889613
80400 0.66553878 -0.07927768 24.95295882
80500 0.68468108 -0.05919740 29.11028057
80600 0.65986275 -0.04540864 33.21388025
80700 0.68503358 -0.03065586 36.38512973
80800 0.66983347 -0.06410950 28.27717423
80900 0.71482467 -0.06418579 27.91405626
81000 0.64165614 -0.08355313 25.12662698
81100 0.65846022 -0.08059329 24.93242906
81200 0.65149925 -0.06973685 27.68672045
81300 0.66098627 -0.07343379 26.42716035
81400 0.64343920 -0.04812924 33.31900208
81500 0.66639520 -0.08409414 23.87231130
81600 0.67469411 -0.05550932 30.20804131
81700 0.66901904 -0.06322688 28.51066551
81800 0.68214845 -0.07725149 24.96778749
81900 0.71592315 -0.04426364 32.82731652
82000 0.64375305 -0.04194092 34.87910491
82100 0.65616341 -0.03461436 36.17559176
82200 0.63861502 -0.07431560 27.35078306
82300 0.69681887 -0.08296888 23.55631402
82400 0.70795997 -0.05292706 30.55419956
82500 0.65855702 -0.06797305 27.77701340
82600 0.68543876 -0.05116649 31.06507238
82700 0.63473322 -0.03841971 36.34199996
82800 0.65970367 -0.05836486 30.00566822
82900 0.66759305 -0.04287309 33.58222791
83000 0.68654968 -0.06155702 28.51798178
83100 0.68976046 -0.05812253 29.30477884
83200 0.67919869 -0.04835632 31.87861863
83300 0.67006904 -0.04014672 34.20979349
83400 0.68456103 -0.06682316 27.30489934
83500 0.66158756 -0.05466466 30.83247340
83600 0.65800204 -0.07123906 27.04769805
83700 0.65986065 -0.04184005 34.12886267
83800 0.65156535 -0.06298327 29.26142248
83900 0.65752983 -0.05663643 30.51477226
84000 0.65971137 -0.07003559 27.25340290
84100 0.67865865 -0.02253765 38.72040528
84200 0.71168589 -0.03688455 34.68314921
84300 0.69197474 -0.02583944 37.61421007
84400 0.69538337 -0.05000869 31.25848519
84500 0.69931417 -0.06733517 27.06669564
84600 0.68285634 -0.06341079 28.13418000
84700 0.70311104 -0.01787979 39.80074498
84800 0.70159059 -0.05058614 31.10490230
84900 0.71412535 -0.02950088 36.68464953
85000 0.69594916 -0.05991283 28.82912948
85100 0.68664952 -0.06296206 28.18261003
85200 0.72602157 -0.09353537 21.65238346
85300 0.68287562 -0.05318771 30.60477541
85400 0.72700330 -0.03829673 34.60889052
85500 0.69844300 -0.08793503 22.48698805
85600 0.63319538 -0.04347252 35.13460164
85700 0.67890503 -0.05950266 29.14198362
85800 0.62720666 -0.04534236 35.07469129
85900 0.67692422 -0.05053702 31.38213400
86000 0.64867555 -0.07066283 27.61486776
86100 0.66828237 -0.04855174 32.11611692
86200 0.68876813 -0.06945755 26.63798755
86300 0.65555162 -0.04939032 32.39043537
86400 0.65802662 -0.05762435 30.25386035
86500 0.63835421 -0.05067626 32.98126488
86600 0.69026439 -0.06710401 27.16766211
86700 0.61375541 -0.06584324 31.13375917
86800 0.64336862 -0.06049744 30.28429455
86900 0.67462436 -0.05442154 30.47635040
87000 0.67130410 -0.05889671 29.47712461
87100 0.69928309 -0.06292971 28.10141885
87200 0.64881723 -0.03794117 35.64725292
87300 0.71243531 -0.03759712 34.50495378
87400 0.70150434 -0.04178940 33.33748803
87500 0.70673454 -0.04591445 32.30241078
87600 0.65029002 -0.03884516 35.33646559
87700 0.67060676 -0.06360320 28.37370390
87800 0.62282805 -0.07188178 28.99671551
87900 0.65972453 -0.04344463 33.72138599
88000 0.67541394 -0.03847920 34.49880211
88100 0.68333926 -0.04874434 31.70349373
88200 0.66758281 -0.02389170 38.64333342
88300 0.65064061 -0.06680767 28.40750725
88400 0.67422514 -0.09706304 20.92387682
88500 0.74279313 -0.07502133 26.22332827
88600 0.68106079 -0.07136063 26.31732682
88700 0.67097176 -0.04815056 32.13538939
88800 0.63531501 -0.04834508 33.75717255
88900 0.64900882 -0.05471850 31.38155708
89000 0.68754995 -0.05451920 30.20791422
89100 0.66585742 -0.02165901 39.31970984
89200 0.74223395 -0.05384197 31.18874208
89300 0.66678233 -0.04272328 33.64736194
89400 0.66794097 -0.04840751 32.16328155
89500 0.66120358 -0.04902399 32.24705941
89600 0.66100341 -0.04187780 34.07390073
89700 0.64586189 -0.06871940 28.21082571
89800 0.67933058 -0.06157469 28.63692642
89900 0.67999439 -0.04167198 33.56679419
90000 0.72057883 -0.08038980 24.32606369
90100 0.65742425 -0.04204936 34.17561259
90200 0.67917314 -0.05270009 30.79550133
90300 0.64627371 -0.04110869 34.95561169
90400 0.70303656 -0.06546343 27.50831278
90500 0.65199351 -0.02914756 37.83283238
90600 0.66526350 -0.04900885 32.10159134
90700 0.67312069 -0.03971745 34.23475035
90800 0.67937847 -0.04798040 31.96956382
90900 0.66881501 -0.04736596 32.39823001
91000 0.67378727 -0.04988306 31.62279613
91100 0.69093786 -0.06350719 28.00548582
91200 0.70011730 -0.06458380 27.71040079
91300 0.68522117 -0.05673741 29.69755106
91400 0.66098892 -0.03114103 36.90350470
91500 0.65734478 -0.03805489 35.21735474
91600 0.68047792 -0.03344668 35.71589184
91700 0.63297871 -0.04188452 35.55772691
91800 0.68006175 -0.04853364 31.81643251
91900 0.69226689 -0.03757122 34.46433360
92000 0.67994300 -0.04536629 32.62030524
92100 0.68066487 -0.05510681 30.17326167
92200 0.67642404 -0.05841064 29.46062158
92300 0.65056900 -0.06480585 28.87985559
92400 0.67335910 -0.02918299 37.02579393
92500 0.67962623 -0.05373225 30.53144640
92600 0.68040876 -0.02344401 38.43351542
92700 0.70478767 -0.04615882 32.22913413
92800 0.66788505 -0.04104717 34.04396839
92900 0.65892475 -0.02128358 39.68500880
93000 0.69166367 -0.07172190 26.09019300
93100 0.65756990 -0.06031310 29.62506256
93200 0.67953353 -0.02921723 36.87109294
93300 0.63707998 -0.04451756 34.61510358
93400 0.66678027 -0.03692876 35.15501420
93500 0.63818707 -0.04387102 34.71144709
93600 0.67446693 -0.05854841 29.47540386
93700 0.67705020 -0.03756412 34.69964359
93800 0.65689413 -0.03406725 36.28917235
93900 0.62820617 -0.06782754 29.52920208
94000 0.65944736 -0.06219777 29.09720760
94100 0.68922835 -0.09752672 20.55572836
94200 0.72713233 -0.06381342 28.26013185
94300 0.72977320 -0.05862520 29.57411812
94400 0.61665154 -0.10094806 23.28432005
94500 0.67601523 -0.00645380 43.37231909
94600 0.67545150 -0.03124770 36.41521256
94700 0.66587760 -0.05544866 30.48484821
94800 0.72073411 -0.05933144 29.17563049
94900 0.69245335 -0.08101973 24.00465476
95000 0.68822620 -0.02732807 37.24430166
95100 0.66325667 -0.03270421 36.39855506
95200 0.67379176 -0.05271266 30.91895018
95300 0.67021262 -0.06164753 28.84959315
95400 0.68651172 -0.03609423 34.91409433
95500 0.70948492 -0.01805927 39.79026813
95600 0.63253260 -0.03101692 38.45187516
95700 0.68546901 -0.05569769 29.94738322
95800 0.65207568 -0.05925425 30.12762913
95900 0.70020875 -0.02294319 38.38025940
96000 0.68502459 -0.05678737 29.68832273
96100 0.63416534 -0.07429218 27.63911079
96200 0.67937235 -0.03716875 34.75288196
96300 0.66354637 -0.03313315 36.27339181
96400 0.67017603 -0.06900952 27.12303559
96500 0.67838311 -0.06692756 27.39502518
96600 0.66931237 -0.04007206 34.25213228
96700 0.64653249 -0.01976463 40.69531767
96800 0.63974423 -0.01400265 42.71262146
96900 0.70314597 -0.06633822 27.30386323
97000 0.69175673 -0.04940230 31.43357831
97100 0.69026210 -0.05834444 29.24611824
97200 0.65043195 -0.04830317 32.90414205
97300 0.67132195 -0.01052422 42.30932842
97400 0.71733943 -0.03341584 35.68388431
97500 0.67267956 -0.06869841 27.12341664
97600 0.66221891 -0.06832364 27.55067390
97700 0.70475039 -0.03997766 33.81709162
97800 0.66384999 -0.04170701 34.01104654
97900 0.67018370 -0.05842840 29.62292508
98000 0.69129117 -0.01779399 39.85803680
98100 0.67634319 -0.03595105 35.14074526
98200 0.66192246 -0.07286268 26.52063071
98300 0.67980039 -0.05105165 31.19165199
98400 0.66707384 -0.05819416 29.77709849
98500 0.69789795 -0.05975123 28.86194570
98600 0.68517077 -0.05620069 29.82900496
98700 0.64134541 -0.01484404 42.37714059
98800 0.66988426 -0.04114363 33.95679018
98900 0.69070148 -0.06295739 28.13783043
99000 0.68952183 -0.02934570 36.68177071
99100 0.69484195 -0.09424252 21.18137357
99200 0.69394021 -0.06362022 27.95605974
99300 0.69631139 -0.05390253 30.28878474
99400 0.68095349 -0.00118183 44.82753298
99500 0.66952734 -0.05353113 30.83774338
99600 0.65072582 -0.04652763 33.33809426
99700 0.67061020 -0.06185850 28.78756714
99800 0.68148483 -0.07404152 25.70002272
99900 0.67129231 -0.05712082 29.90721341
100000 0.65264345 -0.05593191 30.90593737
100100 0.62360114 -0.02045485 41.99113818
100200 0.67539201 -0.07127433 26.46049306
100300 0.72197709 -0.06450942 27.96940284
100400 0.65394136 -0.03844583 35.26599105
100500 0.62190727 -0.04366576 35.90285780
100600 0.64089410 -0.03717251 36.28589806
100700 0.67391368 -0.05749207 29.74529576
100800 0.65466884 -0.05842416 30.20689963
100900 0.65636588 -0.06540955 28.46830688
101000 0.66426452 -0.02497414 38.45812391
101100 0.65230184 -0.06343055 29.12011047
101200 0.64013229 -0.03702833 36.36911981
101300 0.70320149 -0.04873371 31.57249992
101400 0.70382928 -0.05965136 28.89106643
101500 0.67968359 -0.04169107 33.56812880
101600 0.66146207 -0.08268339 24.35583958
101700 0.69124887 -0.06178875 28.41059102
101800 0.68123484 -0.05291368 30.70188929
101900 0.70755802 -0.04143862 33.45555560
102000 0.68517974 -0.02682447 37.42225498
102100 0.63114533 -0.06916989 29.01175197
102200 0.68049974 -0.04277902 33.27144516
102300 0.63110193 -0.03159442 38.39425104
102400 0.64364081 -0.03391657 36.98837565
102500 0.69129329 -0.07257826 25.89822664
102600 0.68351305 -0.03985843 33.97272775
102700 0.66615020 -0.07919319 24.95072881
102800 0.64821907 -0.09791160 21.76049353
102900 0.63992420 -0.05084618 32.84336372
103000 0.62682744 -0.04141683 36.10973899
103100 0.66371293 -0.03405166 36.02263595
103200 0.67433852 -0.07831062 24.90234718
103300 0.68165819 -0.03890899 34.25246913
103400 0.61256644 -0.08767748 26.36273926
103500 0.65181118 -0.05425011 31.35758615
103600 0.68578085 -0.05202680 30.84644503
103700 0.68247349 -0.09600906 20.95974161
103800 0.67063847 -0.04386088 33.23467377
103900 0.70191000 -0.04149782 33.41351362
104000 0.68572678 -0.03988991 33.93049144
104100 0.63939737 -0.04115664 35.33628324
104200 0.66553634 -0.05206344 31.33014153
104300 0.65380378 -0.02787996 38.09170359
104400 0.67110998 -0.02654885 37.80508276
104500 0.63876984 -0.03012469 38.29090823
104600 0.68715104 -0.02778476 37.13311555
104700 0.66221096 -0.07466429 26.10209799
104800 0.62678940 -0.04760537 34.53141940
104900 0.66154352 -0.03146970 36.79371247
105000 0.64495704 -0.07220355 27.46047422
105100 0.65756371 -0.06739147 27.95378221
105200 0.66649186 -0.05963547 29.44895179
105300 0.66901076 -0.05284838 31.02212874
105400 0.72579694 -0.07255962 26.19730403
105500 0.72042292 -0.02958422 36.77089483
105600 0.62541291 -0.03751284 37.23137243
105700 0.69663321 -0.06821850 26.86700049
105800 0.69343100 -0.04837324 31.67958785
105900 0.67713224 -0.02000365 39.46044556
106000 0.67170444 -0.03182793 36.35844923
106100 0.66358908 -0.04340013 33.58462403
106200 0.67911325 -0.05156567 31.07793670
106300 0.68618412 -0.08291289 23.65884671
106400 0.68178850 -0.05037862 31.32124674
106500 0.69341377 -0.05662776 29.63671281
106600 0.67063682 -0.06297487 28.52155518
106700 0.62993925 -0.05688339 32.00709628
106800 0.66141079 -0.02364714 38.93001485
106900 0.73048207 -0.03705206 35.03538759
107000 0.72406044 -0.06615238 27.63180599
107100 0.67874270 -0.03793968 34.56374152
107200 0.67000724 -0.06531623 27.98801917
107300 0.64331746 -0.05462248 31.71151752
107400 0.63731300 -0.09029470 23.95298578
107500 0.65700846 -0.05641117 30.59189546
107600 0.68979470 -0.05485623 30.09980789
107700 0.66527532 -0.03507709 35.69497590
107800 0.71179352 -0.04932241 31.48917134
107900 0.73413197 -0.04475052 33.15864466
108000 0.66832852 -0.05145105 31.38983279
108100 0.67044840 -0.07134716 26.57770821
108200 0.66501249 -0.06033837 29.33091233
108300 0.68097455 -0.04527758 32.62273850
108400 0.70048303 -0.03689459 34.61234606
108500 0.69738813 -0.03077279 36.24505752
108600 0.64608753 -0.04523748 33.90524870
108700 0.69854968 -0.05260179 30.60398813
108800 0.70954970 -0.04238494 33.22835885
108900 0.66915232 -0.06347929 28.44681330
109000 0.65011885 -0.06360191 29.18609298
109100 0.62684545 -0.02563958 40.31261438
109200 0.65518084 -0.04850866 32.62832642
109300 0.64598389 -0.03043481 37.79156528
109400 0.66773559 -0.04118768 34.01240530
109500 0.64700288 -0.04081702 34.99225705
109600 0.68746669 -0.06192421 28.41858346
109700 0.66731961 -0.05513678 30.51300183
109800 0.72144509 -0.03058776 36.52142357
109900 0.62822877 -0.03649149 37.29392316
110000 0.67200491 -0.03388560 35.80029984
110100 0.67944917 -0.05728861 29.66557780
110200 0.69787103 -0.04849848 31.62877304
110300 0.66671543 -0.04803524 32.29705240
110400 0.74176244 -0.05172806 31.69152788
110500 0.66579343 -0.06575112 28.02131281
110600 0.67202514 -0.06770826 27.37102281
110700 0.68934802 -0.05352490 30.43171951
110800 0.73973480 -0.04431883 33.47585642
110900 0.62113271 -0.04037657 36.81218656
111000 0.67045388 -0.04959072 31.78888977
111100 0.66162726 -0.05114572 31.70046058
111200 0.69372294 -0.05448016 30.15969648
111300 0.69935013 -0.06575492 27.43559084
111400 0.69127385 -0.04942058 31.43309618
111500 0.63107519 -0.05445464 32.52157575
111600 0.66484605 -0.05595301 30.39736777
111700 0.66541160 -0.05500858 30.60857727
111800 0.68080953 -0.08181499 23.98648664
111900 0.71364809 -0.00785718 42.76684963
112000 0.65178592 -0.02607166 38.68066704
112100 0.67189202 -0.03469079 35.58951688
112200 0.66034874 -0.04242266 33.95915387
112300 0.64601855 -0.06113282 29.98576420
112400 0.67893018 -0.05580808 30.03681486
112500 0.73637671 -0.05757683 30.04612908
112600 0.65134577 -0.00973865 43.30944124
112700 0.65674151 -0.02751546 38.05955948
112800 0.66522308 -0.05493680 30.63270217
112900 0.62485978 -0.02835731 39.71790248
113000 0.66189166 -0.03968911 34.60700279
113100 0.65064496 -0.07260888 27.07132139
113200 0.69694021 -0.02126402 38.85155347
113300 0.64204318 -0.04435321 34.35713623
113400 0.68984286 -0.03105004 36.21862290
113500 0.66489005 -0.07024835 27.00926426
113600 0.71036485 -0.04728574 31.98596290
113700 0.65220482 -0.06960795 27.68243720
113800 0.62172197 -0.02819292 40.00326945
113900 0.66990288 -0.04733379 32.37302545
114000 0.66135641 -0.06049787 29.42729896
114100 0.68108886 -0.05503381 30.18303190
114200 0.68650558 -0.02685538 37.39504194
114300 0.66258855 -0.04622818 32.89987731
114400 0.67818675 -0.02473037 38.12459482
114500 0.69492526 -0.06218052 28.29192891
114600 0.66952781 -0.07342506 26.13237820
114700 0.64770655 -0.07085073 27.62199665
114800 0.67088724 -0.08133111 24.33181767
114900 0.66279434 -0.06157239 29.11599322
115000 0.67247815 -0.02287192 38.77871308
115100 0.67269669 -0.06396891 28.22807345
115200 0.69287406 -0.08017314 24.18731356
115300 0.66120683 -0.06437896 28.51109183
115400 0.68495552 -0.08770868 22.64697080
115500 0.71105044 -0.04044314 33.74593814
115600 0.68452040 -0.06043866 28.81462705
115700 0.72422521 -0.08830363 22.70110592
115800 0.66273540 -0.05476883 30.76348875
115900 0.67542482 -0.04287199 33.35937731
116000 0.68269485 -0.05526565 30.09718399
116100 0.71294268 -0.07671231 25.01245280
116200 0.68708151 -0.03266112 35.81848105
116300 0.64932662 -0.02517048 39.04952812
116400 0.64536897 -0.02932367 38.12511167
116500 0.68031965 -0.03536025 35.21075758
116600 0.69207178 -0.03653060 34.73949100
116700 0.70094491 -0.05509252 29.99028295
116800 0.64559944 -0.03290064 37.15074584
116900 0.66868076 -0.05146628 31.37495110
117000 0.65385181 -0.04428697 33.75940370
117100 0.63530263 -0.03819376 36.36412797
117200 0.70656046 -0.05844213 29.19662095
117300 0.67130692 -0.03576835 35.32082834
117400 0.68241507 -0.06420591 27.95404117
117500 0.72008289 -0.07532086 25.44201845
117600 0.69702403 -0.03575788 34.91637653
117700 0.66051529 -0.04555138 33.15157051
117800 0.71546042 -0.03759683 34.54722318
117900 0.64024815 -0.03988034 35.61625943
118000 0.63135819 -0.02953190 38.93234576
118100 0.66309090 -0.07419101 26.17599011
118200 0.71417452 -0.06322736 28.13110026
118300 0.68944134 -0.04351836 32.94715963
118400 0.68744732 -0.05369430 30.41203285
118500 0.64880748 -0.06952182 27.87043231
118600 0.63962134 -0.02122254 40.68122645
118700 0.67614263 -0.02900766 37.00301063
118800 0.65860636 -0.07153861 26.95401934
118900 0.64374007 -0.04035535 35.29026253
119000 0.66896620 -0.03048946 36.79951383
119100 0.65229519 -0.05150676 32.01231985
119200 0.65763893 -0.05286273 31.43564585
119300 0.66422453 -0.01818467 40.34988093
119400 0.68596479 -0.05490279 30.13481463
119500 0.67141947 -0.06563492 27.87191778
119600 0.66945517 -0.05010604 31.68998817
119700 0.69427173 -0.05756746 29.40317471
119800 0.68042104 -0.04102266 33.72629861
119900 0.65177691 -0.08319785 24.66431865
120000 0.67543396 -0.05251032 30.92731544
120100 0.66765766 -0.04724219 32.46626805
120200 0.69346754 -0.06928459 26.63613640
120300 0.64740716 -0.04539713 33.79431432
120400 0.66279759 -0.08224917 24.39972157
120500 0.64632885 -0.04191341 34.74463948
120600 0.66153647 -0.06002503 29.53371531
120700 0.63884473 -0.04561534 34.22576020
120800 0.64967338 -0.07068040 27.56012496
120900 0.64226280 -0.05766694 31.02944719
121000 0.66673026 -0.07696970 25.42469635
121100 0.63427404 -0.05870918 31.27058085
121200 0.63833694 -0.05762480 31.27403615
121300 0.64223472 -0.05895042 30.72086485
121400 0.71280894 -0.03481223 35.24431023
121500 0.64815380 -0.04729710 33.27339264
121600 0.69134827 -0.04371349 32.87881271
121700 0.67778532 -0.06095040 28.81910244
121800 0.71242657 -0.04302846 33.09439537
121900 0.71310589 -0.07156088 26.17809895
122000 0.72317683 -0.04532141 32.69917371
122100 0.66143721 -0.05576761 30.56827480
122200 0.69808315 -0.06075492 28.62094094
122300 0.69419840 -0.05394533 30.28828020
122400 0.68368566 -0.06034283 28.85085919
122500 0.67601791 -0.05474430 30.36274883
122600 0.64615488 -0.03549757 36.43041502
122700 0.67719967 -0.06490730 27.89421611
122800 0.67875893 -0.02557200 37.88095490
122900 0.68275879 -0.05277869 30.70781734
123000 0.69233516 -0.03810495 34.32388453
123100 0.69155057 -0.09326088 21.40622879
123200 0.68111316 -0.02549652 37.85443614
123300 0.65229858 -0.04493285 33.66733895
123400 0.64582448 -0.04318718 34.44390445
123500 0.61700030 -0.04912328 34.91403975
123600 0.66415847 -0.05352799 31.01653395
123700 0.66769998 -0.05714064 30.01198029
123800 0.64482877 -0.06672781 28.72988872
123900 0.66631910 -0.03162848 36.57883856
124000 0.69771271 -0.04893004 31.52067728
124100 0.66610291 -0.02533161 38.29586823
124200 0.68910601 -0.06104728 28.60854028
124300 0.71348568 0.00454546 46.46489910
124400 0.67647241 -0.02821388 37.21062093
124500 0.68353842 -0.03754971 34.57557030
124600 0.67961282 -0.12000678 16.40659872
124700 0.69845857 -0.04207585 33.26362091
124800 0.69388239 -0.04880260 31.56877914
124900 0.68221532 -0.01781594 39.97206902
125000 0.67095881 -0.03008871 36.84774751
125100 0.65194201 -0.06116956 29.67477505
125200 0.67343373 -0.03215110 36.22440010
125300 0.67215591 -0.07223053 26.32711188
125400 0.65684738 -0.04418058 33.65286288
125500 0.66234196 -0.04993320 31.97576568
125600 0.66876312 -0.08678376 23.21845382
125700 0.67250289 -0.03537034 35.39247299
125800 0.73585794 -0.03250789 36.41890913
125900 0.68198220 -0.03823381 34.42308872
126000 0.69031348 -0.03436005 35.32920474
126100 0.64272337 -0.06461143 29.34419634
126200 0.68053085 -0.06334377 28.19260921
126300 0.72054513 -0.04289379 33.26285228
126400 0.65074396 -0.03404994 36.57779594
126500 0.64948688 -0.03170302 37.26742253
126600 0.63752391 -0.03678622 36.59237800
126700 0.69430025 -0.04233899 33.21084227
126800 0.73673453 -0.00023159 45.60526306
126900 0.69887999 -0.04330216 32.94751793
127000 0.62046016 -0.04346808 36.06760604
127100 0.68386506 -0.04738515 32.03730007
127200 0.66713301 -0.06191124 28.88324881
127300 0.63013514 -0.06971516 28.95610301
127400 0.70805024 -0.08658988 22.80434357
127500 0.66657901 -0.05274989 31.12479042
127600 0.66966819 -0.03963579 34.35477120
127700 0.72029944 -0.03037239 36.55555725
127800 0.65668171 -0.03615431 35.74551047
127900 0.68999870 -0.04771332 31.87429774
128000 0.66685101 -0.03980189 34.40095688
128100 0.67425285 -0.05696429 29.86463705
128200 0.65092198 -0.07450412 26.62852095
128300 0.63320831 -0.04364922 35.08842602
128400 0.67360571 -0.06842048 27.16286739
128500 0.66720381 -0.05588988 30.33267015
128600 0.69345394 -0.04903787 31.51242011
128700 0.69488640 -0.06016652 28.77312384
128800 0.69319855 -0.02616467 37.51602314
128900 0.65773976 -0.05060283 31.99243898
129000 0.67163810 -0.02134687 39.22598320
129100 0.70481505 -0.04160238 33.39625721
129200 0.67178886 -0.01825380 40.08839567
129300 0.63809781 -0.05586994 31.71568437
129400 0.62775559 -0.05469811 32.69613516
129500 0.69116717 -0.02778893 37.08844307
129600 0.71250040 -0.05037462 31.23454591
129700 0.70408799 -0.04195964 33.30076963
129800 0.65198458 -0.03980578 35.00325549
129900 0.63961712 -0.02648740 39.22761775
130000 0.68356497 -0.08561635 23.11522939
130100 0.67818692 -0.04482614 32.79475357
130200 0.65858745 -0.06931086 27.46623824
130300 0.69739974 -0.07003356 26.44566197
130400 0.66555395 -0.05192160 31.36471134
130500 0.68951074 -0.05846926 29.22356193
130600 0.65430868 -0.01980015 40.29982763
130700 0.68779628 -0.05695635 29.60957305
130800 0.67617719 -0.03288797 35.95818245
130900 0.66472765 -0.07665382 25.56382752
131000 0.64585590 -0.05565713 31.31751152
131100 0.65408363 -0.04705113 33.04572114
131200 0.68714876 -0.02316253 38.40206974
131300 0.66230192 -0.02232681 39.26177403
131400 0.68821707 -0.05032877 31.23727929
131500 0.69717860 -0.05396496 30.27060158
131600 0.63363462 -0.05075722 33.26316446
131700 0.69435530 -0.01839316 39.66713727
131800 0.62744580 -0.03060028 38.92015925
131900 0.66175524 -0.03548391 35.71571200
132000 0.70641596 -0.05376694 30.33594251
132100 0.72928371 -0.01877843 39.97155396
132200 0.68020714 -0.06794708 27.12015746
132300 0.68054983 -0.07977561 24.43854503
132400 0.67175093 -0.04988363 31.67810425
132500 0.67309919 -0.05121972 31.30764109
132600 0.70278532 -0.05831477 29.20975527
132700 0.64396042 -0.03042822 37.90468959
132800 0.64732174 -0.03434015 36.67507770
132900 0.68044834 -0.05157641 31.04827448
133000 0.67199181 -0.04574808 32.71424748
133100 0.60113437 -0.04737891 36.79591365
133200 0.68456001 -0.05682486 29.68627204
133300 0.63290613 -0.03503891 37.35298272
133400 0.70610173 -0.05079681 31.06973103
133500 0.66468044 -0.05986352 29.45650074
133600 0.64363063 -0.07134205 27.73098145
133700 0.63959784 -0.05672109 31.41652427
133800 0.65419638 -0.05737393 30.48269082
133900 0.70830223 -0.06321735 28.06747539
134000 0.63716036 -0.03854169 36.15463299
134100 0.67272148 -0.06414228 28.18649171
134200 0.65604257 -0.02824580 37.89129974
134300 0.68943723 -0.04338416 32.98163105
134400 0.67740863 -0.03230425 36.08569332
134500 0.62760551 -0.07430556 28.08947019
134600 0.66423166 -0.03280779 36.33552532
134700 0.66005072 -0.04288484 33.85207413
134800 0.69453853 -0.05817542 29.25447733
134900 0.64744072 -0.07716945 26.20796535
135000 0.67449623 -0.06244715 28.54090015
135100 0.64615520 -0.03757832 35.88220085
135200 0.65656645 -0.05867110 30.06305576
135300 0.69655510 -0.05734883 29.44572804
135400 0.66951067 -0.06873105 27.20746218
135500 0.62530341 -0.04606790 35.03054611
135600 0.63076962 -0.05562927 32.25495033
135700 0.68098834 -0.04374818 33.01321872
135800 0.70744260 -0.06668966 27.24455364
135900 0.69244975 -0.04020294 33.77576046
136000 0.66979255 -0.06724504 27.54368060
136100 0.69523803 -0.03397435 35.39616221
136200 0.72919317 -0.04049640 34.09718057
136300 0.69359197 -0.06144253 28.47536440
136400 0.67117891 -0.04669696 32.49654291
136500 0.64677383 -0.03635972 36.16961153
136600 0.71035279 -0.06895075 26.74546912
136700 0.66856838 -0.05357417 30.85681760
136800 0.64544597 -0.05050986 32.61073501
136900 0.67697959 -0.05568712 30.10936190
137000 0.64910853 -0.06637711 28.58479734
137100 0.70470167 -0.02670688 37.35561803
137200 0.71699807 -0.01476495 40.82398328
137300 0.64148934 -0.05094504 32.72593402
137400 0.65034023 -0.06191176 29.57605029
137500 0.67622151 -0.05981172 29.12791396
137600 0.68292243 -0.03364560 35.61815584
137700 0.65115889 -0.03629819 35.96204956
137800 0.65527433 -0.05271289 31.57564908
137900 0.68643034 -0.03749195 34.54730678
138000 0.71622651 -0.08470906 23.30674494
138100 0.68939394 -0.05475118 30.12973689
138200 0.68430886 -0.06004749 28.91171045
138300 0.66093976 -0.04053204 34.42466187
138400 0.69352391 -0.04723584 31.96583104
138500 0.63806016 -0.07174902 27.96752690
138600 0.72096118 -0.03780709 34.59224770
138700 0.64947119 -0.05189902 32.05362830
138800 0.70313830 -0.05146647 30.88938182
138900 0.65561726 -0.05485751 31.03233347
139000 0.67864034 -0.01905069 39.69437400
139100 0.69369638 -0.05059289 31.12182175
139200 0.64412089 -0.05382277 31.86285279
139300 0.66162333 -0.07934884 25.07985211
139400 0.70898269 -0.04389928 32.83413316
139500 0.67513046 -0.06528860 27.85396882
139600 0.65075171 -0.05912402 30.22331677
139700 0.65944256 -0.05388058 31.10983760
139800 0.66485364 -0.03775443 35.00400312
139900 0.66515671 -0.07902399 25.02222620
140000 0.66838282 -0.01368797 41.48711119
140100 0.63133553 -0.07113939 28.54599377
140200 0.67260779 -0.06946089 26.94930787
140300 0.62459286 -0.03826625 37.09539516
140400 0.66796630 -0.04173339 33.86389912
140500 0.68761129 -0.08781321 22.58835788
140600 0.67755617 -0.04727057 32.18794624
140700 0.69199333 -0.04794833 31.79707536
140800 0.68921023 -0.03430343 35.35554201
140900 0.71015052 -0.07700969 24.91385520
141000 0.71804793 -0.06706749 27.29164011
141100 0.64804654 -0.11278943 18.87348010
141200 0.71590974 -0.08793891 22.61151246
141300 0.64890931 -0.05193585 32.07304020
141400 0.64045274 -0.04174208 35.12151454
141500 0.68919304 -0.06434483 27.82507532
141600 0.65263258 -0.07360127 26.75002829
141700 0.69004146 -0.04136940 33.49448062
141800 0.65567629 -0.01907768 40.44097080
141900 0.65102665 -0.05635868 30.87974117
142000 0.63192833 -0.04682084 34.36671838
142100 0.68133975 -0.04976091 31.48390372
142200 0.69109927 -0.03254352 35.80609523
142300 0.61775868 -0.02179322 42.08132245
142400 0.72648066 -0.02472358 38.23916756
142500 0.67644437 -0.03034271 36.63495967
142600 0.66960114 -0.05727398 29.92000580
142700 0.65031849 -0.02383311 39.36820169
142800 0.65162876 -0.03357551 36.66089325
142900 0.68700271 -0.03236612 35.89841117
143000 0.65325920 -0.03654994 35.79531897
143100 0.64804552 -0.02466483 39.25436312
143200 0.63918325 -0.06467604 29.53802205
143300 0.66423767 -0.08224571 24.34793683
143400 0.66099768 -0.03302203 36.39920765
143500 0.67262136 -0.09323416 21.75085169
143600 0.64212647 -0.04457817 34.29482857
143700 0.64263847 -0.05087342 32.67719819
143800 0.66254853 -0.04308874 33.70300416
143900 0.64708473 -0.04322086 34.36777640
144000 0.69677992 -0.05869530 29.11916348
144100 0.64530623 -0.07610556 26.56006382
144200 0.68074801 -0.05725254 29.64848405
144300 0.69389151 -0.03261089 35.76712611
144400 0.68618070 -0.03133150 36.18686683
144500 0.72705648 -0.03941683 34.31782034
144600 0.66181179 -0.04388601 33.52635623
144700 0.67899579 -0.03813783 34.50648577
144800 0.66283324 -0.03640819 35.43100630
144900 0.67229519 -0.05583142 30.19292620
145000 0.66318718 -0.04242255 33.85066245
145100 0.66221997 -0.09151672 22.44630423
145200 0.62092812 -0.07044520 29.47388485
145300 0.70159937 -0.05224898 30.69156257
145400 0.73292552 -0.05028293 31.72135323
145500 0.70175485 -0.02674640 37.33530358
145600 0.67349134 -0.05478926 30.41550788
145700 0.68145122 -0.03886639 34.26740907
145800 0.67554861 -0.04755528 32.16310265
145900 0.70841271 -0.03140794 36.10623440
146000 0.65266825 -0.06638098 28.40907003
146100 0.63797412 -0.06004626 30.71250327
146200 0.73043890 -0.07333850 26.15098187
146300 0.69979786 -0.01752819 39.89518180
146400 0.65666334 -0.03006020 37.37277954
146500 0.67222855 -0.02646326 37.79679992
146600 0.68285999 -0.04345612 33.05427064
146700 0.67366595 -0.04342730 33.26151687
146800 0.72107969 -0.03407399 35.58049794
146900 0.63610106 -0.05955207 30.94914074
147000 0.73721241 -0.04139658 34.13024689
147100 0.63440715 -0.02979878 38.65556156
147200 0.66574996 -0.04799404 32.34003572
147300 0.71912006 -0.03755419 34.62168986
147400 0.65975649 -0.03819369 35.08104219
147500 0.68370680 -0.03345417 35.65607290
147600 0.62455789 -0.03667306 37.51629624
147700 0.70492181 -0.02159152 38.76775323
147800 0.64830668 -0.07257566 27.19701500
147900 0.65087378 -0.05903205 30.23946990
148000 0.66557284 -0.04163026 33.97007716
148100 0.68722298 -0.05986310 28.91449064
148200 0.67668549 -0.04134449 33.72312078
148300 0.66255855 -0.07128661 26.85583757
148400 0.70362238 -0.05023747 31.19722185
148500 0.67233913 -0.04312339 33.37535942
148600 0.66958552 -0.05200468 31.21335983
148700 0.68693395 -0.05775775 29.42601504
148800 0.60040412 -0.03420858 40.28220800
148900 0.64541119 -0.04374678 34.32282601
149000 0.63763553 -0.01952980 41.27643081
149100 0.66454077 -0.05295386 31.14457709
149200 0.69160796 -0.03022753 36.42380634
149300 0.67143322 -0.04262671 33.52853555
149400 0.66410558 -0.04477122 33.21507066
149500 0.67527975 -0.05269250 30.88604500
149600 0.64566545 -0.04887635 33.00766610
149700 0.64681624 -0.06516356 28.98833347
149800 0.70782756 -0.07866851 24.52444898
149900 0.66809937 -0.03528878 35.54484011
150000 0.67942305 -0.05818007 29.45014411
150100 0.64365371 -0.05237154 32.24737967
150200 0.67178609 -0.05799228 29.68187982
150300 0.68770142 -0.05572241 29.91139802
150400 0.67013100 -0.06583281 27.86321409
150500 0.62911374 -0.02625221 39.98135749
150600 0.65743401 -0.05584931 30.71071117
150700 0.66592603 -0.04295638 33.61622890
150800 0.65221297 -0.08096075 25.13089576
150900 0.63677045 -0.06147729 30.44552897
151000 0.65009835 -0.03463406 36.45462816
151100 0.69803761 -0.06490005 27.63791859
151200 0.62845588 -0.03071588 38.81625006
151300 0.63609118 -0.08232753 25.73282014
151400 0.68103655 -0.02818699 37.12096194
151500 0.67315468 -0.04952091 31.73022401
151600 0.70101193 -0.04800167 31.75209009
151700 0.66094833 -0.03691338 35.36980046
151800 0.70767239 -0.05390453 30.31092253
151900 0.68616351 -0.06193881 28.43228900
152000 0.65688182 -0.05934451 29.88712029
152100 0.68447012 -0.03723672 34.64285808
152200 0.68925645 -0.03197627 35.97607292
152300 0.68008441 -0.09301403 21.61991202
152400 0.70702899 -0.07279479 25.83580658
152500 0.66254840 -0.06052078 29.37646066
152600 0.64006758 -0.00808042 44.40446916
152700 0.68537972 -0.07057227 26.42541697
152800 0.70259646 -0.03775527 34.38952100
152900 0.64119722 -0.04621567 33.93212673
153000 0.70769132 -0.07275903 25.84880637
153100 0.66469749 -0.05814319 29.87049125
153200 0.66427744 -0.05238363 31.29498393
153300 0.66473368 -0.06160887 29.03702185
153400 0.68124461 -0.06583523 27.59245293
153500 0.67245720 -0.07366836 25.99230927
153600 0.65888866 -0.05035003 32.00762440
153700 0.66515976 -0.03397362 35.99193910
153800 0.65113033 -0.05854431 30.34454701
153900 0.66885963 -0.06883866 27.20264427
154000 0.72188217 -0.04141712 33.67196691
154100 0.68279877 -0.02854756 36.99115392
154200 0.64097413 -0.05515045 31.71767747
154300 0.64382479 -0.06799664 28.49060640
154400 0.66192076 -0.01670377 40.85339014
154500 0.67693511 -0.07808360 24.88943970
154600 0.70721114 -0.04637127 32.18976679
154700 0.70524448 -0.04393522 32.79833877
154800 0.70612222 -0.07368359 25.62830032
154900 0.65845597 -0.04679077 32.92041048
155000 0.67905948 -0.04892586 31.73836511
155100 0.66000791 -0.04309650 33.79938660
155200 0.67791665 -0.03660783 34.93155375
155300 0.61087253 -0.06637460 31.26226644
155400 0.66039911 -0.10040056 20.70408431
155500 0.70819953 -0.03270801 35.75611945
155600 0.65059580 -0.06468970 28.90585536
155700 0.67896077 -0.06390917 28.09076515
155800 0.66348475 -0.05486562 30.71211307
155900 0.68492708 -0.05431162 30.29498764
156000 0.65843725 -0.05724190 30.32947761
156100 0.65074305 -0.03461726 36.42712280
156200 0.69894477 -0.04296309 33.03454368
156300 0.71457788 -0.05883760 29.18590881
156400 0.70003278 -0.08141628 23.88942245
156500 0.68774695 -0.03929911 34.05754517
156600 0.67277077 -0.02769498 37.44572632
156700 0.69660620 -0.03585343 34.89246369
156800 0.66515659 -0.05064926 31.69492785
156900 0.67810025 -0.08684028 22.95833309
157000 0.65174891 -0.05630669 30.85729810
157100 0.67657400 -0.05675698 29.85797132
157200 0.67381131 -0.03033884 36.70149545
157300 0.71555845 -0.05225129 30.81074430
157400 0.64661707 -0.05848279 30.59014985
157500 0.68299534 -0.06328772 28.16093129
157600 0.67085077 -0.05136169 31.33534303
157700 0.67362903 -0.05837638 29.53870148
157800 0.66989415 -0.03318333 36.04874873
157900 0.72110134 -0.02994723 36.68688379
158000 0.69326489 -0.01015425 42.02796070
158100 0.69332694 -0.07312736 25.75786225
158200 0.66807665 -0.06070786 29.13991419
158300 0.67700661 -0.04766520 32.10077341
158400 0.68636797 -0.02791646 37.10764372
158500 0.68446299 -0.05535849 30.04543392
158600 0.65471437 -0.07326587 26.72957709
158700 0.66355578 -0.04237965 33.84821331
158800 0.69155692 -0.04687104 32.07277774
158900 0.67187295 -0.05123359 31.33792925
159000 0.73486665 -0.06464295 28.30431160
159100 0.64138484 -0.06165463 30.12212553
159200 0.65307890 -0.05712075 30.59596029
159300 0.67079477 -0.04686878 32.46418069
159400 0.67544888 -0.04971063 31.62376355
159500 0.63816044 -0.02565609 39.54435566
159600 0.66572999 -0.08482561 23.73722614
159700 0.60936382 -0.03190149 40.04586367
159800 0.66589739 -0.07809802 25.20173798
159900 0.65101278 -0.07240748 27.09905095
160000 0.68989400 -0.03270521 35.77431762
160100 0.65931073 -0.09171321 22.51950182
160200 0.65777120 -0.04689027 32.92390445
160300 0.64880684 -0.05208526 32.04122894
160400 0.64178984 -0.06682684 28.87907294
160500 0.68171660 -0.03375908 35.60925525
160600 0.69185483 -0.05439837 30.19325289
160700 0.66695388 -0.06522525 28.10561423
160800 0.73350560 -0.05254950 31.17718750
160900 0.67173533 -0.06122995 28.90501375
161000 0.68912148 -0.02751933 37.18202828
161100 0.65933213 -0.01924668 40.23815087
161200 0.62242043 -0.06003175 31.80167549
161300 0.68442857 -0.05902868 29.15482431
161400 0.64328393 -0.07141905 27.73298133
161500 0.70189837 -0.04049800 33.67244567
161600 0.65730013 -0.03488450 36.05475450
161700 0.68728690 -0.01832614 39.75089219
161800 0.73294783 -0.04293431 33.58416320
161900 0.66403286 -0.03670413 35.30917559
162000 0.70547572 -0.06371046 27.93136429
162100 0.64382650 -0.05632052 31.26757567
162200 0.65348298 -0.01395742 41.99209653
162300 0.68417517 -0.05430417 30.30843409
162400 0.63551363 -0.02521187 39.83350389
162500 0.65581865 -0.05185133 31.76487817
162600 0.64620737 -0.04698263 33.45571857
162700 0.65980245 -0.08565850 23.77906020
162800 0.63051398 -0.06967215 28.93961245
162900 0.67151211 -0.06282721 28.53124630
163000 0.69055697 -0.06727855 27.12422321
163100 0.70832424 -0.06722544 27.12664474
163200 0.65675281 -0.03745180 35.40093730
163300 0.67347612 -0.06581772 27.77242854
163400 0.68846729 -0.04635036 32.23557076
163500 0.67073582 -0.04573108 32.75453787
163600 0.68930931 -0.04010249 33.83050453
163700 0.65378101 -0.07114362 27.25571924
163800 0.72386808 -0.04173151 33.63614773
163900 0.66460512 -0.04904991 32.11437354
164000 0.61615172 -0.06285988 31.63298427
164100 0.66248489 -0.06877055 27.43722172
164200 0.69265772 -0.05428544 30.21477784
164300 0.65098049 -0.00681254 44.18089870
164400 0.70190490 -0.04779150 31.80637917
164500 0.67085982 -0.06618539 27.75921022
164600 0.65257557 -0.03835997 35.35229142
164700 0.63223256 -0.04318923 35.27209765
164800 0.65170208 -0.05707426 30.67280198
164900 0.67573897 -0.05145939 31.18051685
165000 0.66962171 -0.04746787 32.34765761
165100 0.71187937 -0.06039445 28.77597053
165200 0.67219669 -0.05705479 29.89770027
165300 0.65989425 -0.04330087 33.75145697
165400 0.69229887 -0.05542887 29.93717346
165500 0.69939339 -0.07510961 25.28802832
165600 0.70908475 -0.04053302 33.70282440
165700 0.71845442 -0.04157701 33.56150386
165800 0.68431238 -0.04235790 33.31277602
165900 0.70763127 -0.07310102 25.77069151
166000 0.66136283 -0.05160220 31.59714949
166100 0.68286398 -0.04619335 32.35572857
166200 0.69758014 -0.05057014 31.11055605
166300 0.66442869 -0.03158785 36.65519936
166400 0.65812209 -0.07552872 26.07055855
166500 0.70424640 -0.04054823 33.66662654
166600 0.70554330 -0.04066695 33.64217839
166700 0.66520129 -0.02721845 37.81036157
166800 0.61705262 -0.04028424 37.16627271
166900 0.65804935 -0.04587912 33.16863906
167000 0.65341264 -0.06326010 29.10808160
167100 0.63603000 -0.04939058 33.44862078
167200 0.73077174 -0.07254586 26.34114278
167300 0.67899714 -0.04446757 32.86897075
167400 0.66710463 -0.04685786 32.58152390
167500 0.67252830 -0.04472714 32.95946433
167600 0.68668120 -0.04423549 32.79643650
167700 0.65629284 -0.06412546 28.77355788
167800 0.68373744 -0.04658846 32.24094056
167900 0.72863825 -0.05127675 31.34170204
168000 0.66771218 -0.05167014 31.35511088
168100 0.66311615 -0.03769921 35.08106040
168200 0.67467848 -0.05490729 30.35580841
168300 0.67441606 -0.05148541 31.20702052
168400 0.60843251 -0.03192996 40.12307650
168500 0.66537655 -0.05949210 29.52141698
168600 0.72400699 -0.06416780 28.09658217
168700 0.66082198 -0.05478817 30.83188024
168800 0.64195414 -0.06025938 30.42244456
168900 0.71236740 -0.05010103 31.30122426
169000 0.66004559 -0.01814983 40.51793587
169100 0.70304429 -0.03667874 34.67367743
169200 0.70774310 -0.06824699 26.88470772
169300 0.68544123 -0.06205572 28.41471865
169400 0.69147515 -0.06226856 28.29445448
169500 0.69728066 -0.05559612 29.87032570
169600 0.71367028 -0.04417572 32.81646835
169700 0.69001625 -0.02157022 38.81140811
169800 0.64420265 -0.05915021 30.56098285
169900 0.70365259 -0.05603559 29.76598808
170000 0.67778971 -0.07016850 26.65790833
170100 0.61852044 -0.04219276 36.55174505
170200 0.69217091 -0.04988894 31.30841795
170300 0.67808352 -0.05115620 31.20178382
170400 0.63790872 -0.05464333 32.02761172
170500 0.66969248 -0.02165881 39.19618216
170600 0.66850539 -0.04737326 32.40608884
170700 0.68863638 -0.05824861 29.28643429
170800 0.73508115 -0.05425658 30.81025870
170900 0.70904049 -0.05704676 29.55400455
171000 0.66402582 -0.06096562 29.21578938
171100 0.63971620 -0.05172938 32.63621844
171200 0.66093317 0.00010148 45.79355658
171300 0.67390618 -0.02395566 38.44068201
171400 0.62301943 -0.00094130 47.68105731
171500 0.65325123 -0.04509818 33.58019365
171600 0.63030039 -0.03377178 37.86774928
171700 0.67086978 -0.02049212 39.48661333
171800 0.67842043 -0.02317074 38.55005833
171900 0.64194824 -0.03907380 35.72624331
172000 0.69309204 -0.06533633 27.55737907
172100 0.65496534 -0.05268511 31.59638833
172200 0.74810696 -0.08020030 25.31309427
172300 0.67509231 -0.02048334 39.37497921
172400 0.71440965 -0.02945988 36.69979650
172500 0.64168959 -0.04229033 34.90718951
172600 0.65383658 -0.06502216 28.67282445
172700 0.65450065 -0.04225896 34.25031838
172800 0.68585097 -0.05397685 30.36379199
172900 0.68497202 -0.03572258 35.03419872
173000 0.70550549 -0.05729851 29.46716262
173100 0.68632942 -0.06279210 28.22723700
173200 0.64818411 -0.04528588 33.78208577
173300 0.66857989 -0.01677615 40.60148642
173400 0.68205257 -0.05061614 31.25721041
173500 0.70199871 -0.06664374 27.22956952
173600 0.65719428 -0.05035552 32.07734748
173700 0.63469613 -0.03926521 36.12361339
173800 0.63247095 -0.05539512 32.19586072
173900 0.65250584 -0.05201944 31.87502606
174000 0.65079474 -0.06423114 29.00405521
174100 0.68067163 -0.03724561 34.70672731
174200 0.66460139 -0.08933321 22.81677941
174300 0.68378840 -0.07943267 24.45638116
174400 0.69965030 -0.06030371 28.72721708
174500 0.66670045 -0.04966997 31.88699187
174600 0.68158513 -0.07952206 24.47481452
174700 0.67457879 -0.07420024 25.81588567
174800 0.64911293 -0.06867664 28.04999565
174900 0.66249126 -0.08994637 22.76471702
175000 0.63056368 -0.05855489 31.55857243
175100 0.67034200 -0.04529194 32.87789594
175200 0.69468138 -0.04334139 32.95096595
175300 0.66942401 -0.03948383 34.40178273
175400 0.67127950 -0.03622223 35.20178950
175500 0.68028481 -0.03679721 34.83219762
175600 0.67731142 -0.02653218 37.64971079
175700 0.67390709 -0.04789590 32.11865966
175800 0.68161287 -0.05279015 30.72539873
175900 0.65989392 -0.05177088 31.61309824
176000 0.63850843 -0.09803317 22.28590735
176100 0.67691374 -0.04782560 32.06245151
176200 0.68180066 -0.01693556 40.22834584
176300 0.70295033 -0.04023109 33.74429478
176400 0.67606391 -0.04753975 32.15455778
176500 0.63468507 -0.07695572 27.00739489
176600 0.68083080 -0.05473522 30.26113591
176700 0.67001171 -0.04650836 32.57865486
176800 0.64356623 -0.06005213 30.37987578
176900 0.65782219 -0.03704716 35.46158328
177000 0.68333461 -0.06588538 27.54369435
177100 0.72167365 -0.09382275 21.48940331
177200 0.63938922 -0.05766736 31.19938742
177300 0.68331118 -0.03263791 35.88050209
177400 0.65390360 -0.03287893 36.73927236
177500 0.71004937 -0.03852571 34.23489682
177600 0.63998977 -0.04699950 33.80523969
177700 0.69536197 -0.03378289 35.44653028
177800 0.67375525 -0.04130258 33.80657041
177900 0.69844191 -0.05419589 30.21104515
178000 0.71168831 -0.06191425 28.41072090
178100 0.63343347 -0.06589558 29.61799162
178200 0.65515295 -0.03854696 35.18447508
178300 0.69093647 -0.06109092 28.57984766
178400 0.68344129 -0.06026274 28.87407219
178500 0.65675225 -0.03192553 36.86714512
178600 0.63027410 -0.06489393 30.06828192
178700 0.65351688 -0.06698736 28.22778663
178800 0.63334331 -0.07799159 26.86542437
178900 0.67017114 -0.04291532 33.49114666
179000 0.64289818 -0.06488361 29.27016781
179100 0.68316895 -0.04150504 33.55146422
179200 0.67714531 -0.07796544 24.91084048
179300 0.69057451 -0.04662533 32.14378097
179400 0.64383628 -0.04226223 34.79156002
179500 0.64009917 -0.04197814 35.08169475
179600 0.71535815 -0.05559476 29.98489794
179700 0.71731679 -0.05243803 30.79339924
179800 0.65117980 -0.04790969 32.96646788
179900 0.70736505 -0.03819334 34.29848688
180000 0.69417625 -0.05022794 31.20999941
180100 0.67953163 -0.08411835 23.51192099
180200 0.70218426 -0.05248120 30.63516449
180300 0.64653111 -0.07428342 26.90344787
180400 0.68634835 -0.05012194 31.31270698
180500 0.66258017 -0.05943681 29.63544625
180600 0.66224885 -0.02739953 37.86808269
180700 0.68529972 -0.05684630 29.66991042
180800 0.60046748 -0.08414074 28.25097070
180900 0.68916898 -0.07074376 26.33786661
181000 0.67961389 -0.04836075 31.86895336
181100 0.68300412 -0.07893984 24.57822800
181200 0.64235087 -0.07633790 26.67407754
181300 0.68949101 -0.04350417 32.95027425
181400 0.67510567 -0.07591294 25.41737020
181500 0.63786768 -0.04332659 34.87083235
181600 0.62869422 -0.03488224 37.68597032
181700 0.66758581 -0.03226254 36.36701370
181800 0.69672461 -0.06100992 28.56349307
181900 0.65583596 -0.07391363 26.53275413
182000 0.70316482 -0.03495162 35.13032987
182100 0.67037936 -0.05326547 30.87765623
182200 0.66985262 -0.04684997 32.49690066
182300 0.65976392 -0.06142165 29.26928503
182400 0.71677411 -0.05991686 28.96064164
182500 0.70463075 -0.05343082 30.40890127
182600 0.68466796 -0.07018375 26.52529006
182700 0.76733828 -0.04046423 35.94662991
182800 0.68219338 -0.03753587 34.60224794
182900 0.64601722 -0.06730557 28.53041894
183000 0.67915813 -0.05140735 31.11634406
183100 0.67489277 -0.06007888 29.09625709
183200 0.63065963 -0.03492487 37.53645653
183300 0.68896122 -0.05311374 30.53733974
183400 0.66195631 -0.08803396 23.18846227
183500 0.68086031 -0.03533762 35.20625152
183600 0.65999746 -0.05232036 31.47270404
183700 0.67418349 -0.03915985 34.35203881
183800 0.68270366 -0.06875753 26.88612111
183900 0.62965653 -0.04968443 33.80304375
184000 0.67009789 -0.06345029 28.42495117
184100 0.66879875 -0.02104945 39.39346467
184200 0.69988389 -0.04010523 33.77265369
184300 0.62979150 -0.05302134 32.96384550
184400 0.63724723 -0.05556783 31.84249747
184500 0.66528605 -0.03878397 34.71943723
184600 0.71083352 -0.04200477 33.33945211
184700 0.67412895 -0.05488876 30.37441528
184800 0.68554897 -0.05504362 30.10622989
184900 0.66203001 -0.05784319 30.04081956
185000 0.64516714 -0.03976124 35.36542860
185100 0.69287308 -0.04370669 32.86852660
185200 0.69133454 -0.02659194 37.41352797
185300 0.67351842 -0.06534393 27.88237280
185400 0.68326182 -0.05940680 29.08262778
185500 0.64202404 -0.07673331 26.60461230
185600 0.68785910 -0.02404502 38.14927657
185700 0.65194156 -0.06047531 29.84084571
185800 0.71053015 -0.06107687 28.59757301
185900 0.68677165 -0.05503862 30.09053312
186000 0.66002150 -0.04988096 32.07890782
186100 0.65946987 -0.03905102 34.86853204
186200 0.68811961 -0.05918075 29.06752670
186300 0.65614185 -0.05892398 30.02059311
186400 0.66553408 -0.04411691 33.33202856
186500 0.66722914 -0.06957362 27.08512394
186600 0.61980188 -0.06219980 31.49033759
186700 0.65338128 -0.06606353 28.44978886
186800 0.67706955 -0.05102457 31.25728601
186900 0.66299570 -0.04236808 33.87176288
187000 0.60841932 -0.04661413 36.29571037
187100 0.68629056 -0.05007791 31.32449896
187200 0.61281277 -0.07992323 28.01769996
187300 0.70090598 -0.07254382 25.86856708
187400 0.65818600 -0.04981364 32.17081254
187500 0.62549589 -0.02611919 40.28078079
187600 0.69246097 -0.04252411 33.17533507
187700 0.63941145 -0.04983948 33.12562825
187800 0.66591543 -0.04076885 34.18127354
187900 0.68483109 -0.04558836 32.47769023
188000 0.65622298 -0.05797570 30.24609534
188100 0.65091926 -0.03093466 37.40253835
188200 0.67476674 -0.05183515 31.11125480
188300 0.65847883 -0.02721371 38.06818401
188400 0.64475582 -0.04965538 32.86217303
188500 0.65040572 -0.05755798 30.61886191
188600 0.63711452 -0.05990397 30.80034342
188700 0.67677657 -0.05817292 29.50983258
188800 0.68577556 -0.04838534 31.75613520
188900 0.68997928 -0.05174479 30.86553085
189000 0.70123274 -0.04056168 33.65488112
189100 0.69107567 -0.02505360 37.83758331
189200 0.66549248 -0.10012794 20.56980519
189300 0.69679484 -0.08200168 23.76677013
189400 0.65737030 -0.05083798 31.94950252
189500 0.67710222 -0.06866100 27.02102176
189600 0.66699267 -0.03326573 36.11832623
189700 0.70401453 -0.09221165 21.59605770
189800 0.68345454 -0.05528878 30.07866648
189900 0.71117433 -0.06799604 26.97535114
190000 0.66817107 -0.03914337 34.52963135
190100 0.66093807 -0.08453078 23.97640996
190200 0.68638318 -0.09643705 20.81164685
190300 0.67580216 -0.05182378 31.08848711
190400 0.65989566 -0.06815255 27.68079794
190500 0.69531076 -0.02394552 38.11403381
190600 0.64109029 -0.07181096 27.77029471
190700 0.66653295 -0.06669133 27.77649060
190800 0.72162874 -0.08153137 24.09817235
190900 0.64552095 -0.06876925 28.21781249
191000 0.65316535 -0.05322184 31.54647142
191100 0.66855772 -0.05795295 29.78769608
191200 0.69059734 -0.04636660 32.20915548
191300 0.68352945 -0.05903080 29.16871790
191400 0.70006805 -0.01283628 41.23150440
191500 0.67099642 -0.05297831 30.93046146
191600 0.70687590 -0.02114228 38.90445327
191700 0.61921360 -0.05180245 34.06423280
191800 0.67924322 -0.05348530 30.60017012
191900 0.72034372 -0.08040200 24.31857491
192000 0.68788067 -0.01903799 39.54326406
192100 0.65690892 -0.04718171 32.88696339
192200 0.65283782 -0.07085229 27.36647150
192300 0.64323940 -0.02443686 39.57840632
192400 0.65601195 -0.07107885 27.16992042
192500 0.72974586 -0.04021156 34.18742435
192600 0.65033438 -0.05611312 30.97374297
192700 0.63498283 -0.04082310 35.69995008
192800 0.63424164 -0.05646301 31.81721392
192900 0.66321435 -0.03230313 36.50739781
193000 0.64579714 -0.05681695 31.03797314
193100 0.68951214 -0.05988273 28.88314956
193200 0.69761402 -0.06114817 28.52794426
193300 0.67504024 -0.09090254 22.17236942
193400 0.67797852 -0.06086056 28.83630800
193500 0.67213702 -0.02725660 37.58265474
193600 0.61610774 -0.05850708 32.67836998
193700 0.67726165 -0.05769769 29.61372064
193800 0.66500132 -0.04951447 31.98395428
193900 0.66830756 -0.02532430 38.22557526
194000 0.62037291 -0.06790761 30.10367539
194100 0.71387385 -0.00984132 42.19227199
194200 0.68783028 -0.04683732 32.11972345
194300 0.63393734 -0.05390157 32.46435604
194400 0.68076111 -0.06358546 28.13098545
194500 0.68379902 -0.07614479 25.18681279
194600 0.69069528 -0.06492919 27.67243147
194700 0.66222377 -0.05206002 31.45063924
194800 0.69205659 -0.06219558 28.30701947
194900 0.60882638 -0.07123975 30.32193998
195000 0.63905326 -0.06809320 28.74763505
195100 0.63903325 -0.07104052 28.06969310
195200 0.67652262 -0.06375805 28.18072232
195300 0.64655280 -0.03345016 36.95270972
195400 0.67055586 -0.06709328 27.55624768
195500 0.65720894 -0.08562888 23.89302673
195600 0.66303772 -0.03282792 36.37356445
195700 0.72064209 -0.04169782 33.57305569
195800 0.63476598 -0.08767647 24.66837839
195900 0.70001447 -0.03499289 35.11438365
196000 0.70561792 -0.00937400 42.24751678
196100 0.66422293 -0.03553440 35.61102699
196200 0.66626819 -0.06707030 27.69704063
196300 0.68555914 -0.05806680 29.37010694
196400 0.69899966 -0.03882534 34.10660104
196500 0.67996082 -0.06923431 26.82718720
196600 0.67761257 -0.04142161 33.68199070
196700 0.67904387 -0.03531309 35.24915939
196800 0.68210854 -0.05891761 29.22041261
196900 0.65771624 -0.06389865 28.76588177
197000 0.64770357 -0.04924588 32.80627363
197100 0.67253175 -0.04636205 32.54335672
197200 0.67844332 -0.06255458 28.42250811
197300 0.65888009 -0.06473560 28.52009283
197400 0.70094680 -0.02822615 36.93095973
197500 0.70334601 -0.03777452 34.38669936
197600 0.64390614 -0.04087442 35.14629368
197700 0.62581243 -0.04618591 34.96269315
197800 0.65463150 -0.03225982 36.87155309
197900 0.61309609 -0.04183233 37.10141897
198000 0.66371852 -0.05695606 30.19335050
198100 0.65743320 -0.03181622 36.86723617
198200 0.66295143 -0.06272769 28.83537395
198300 0.70973624 -0.05417026 30.26352769
198400 0.67084120 -0.05068797 31.50336296
198500 0.66405820 -0.05468237 30.73627619
198600 0.69156059 -0.04188500 33.34728963
198700 0.67801900 -0.03913929 34.26573653
198800 0.68225884 -0.07833073 24.72600642
198900 0.68358083 -0.04332516 33.07578058
199000 0.67570571 -0.05999206 29.09701268
199100 0.65091369 -0.03889146 35.29356889
199200 0.66330039 -0.02402166 38.75545337
199300 0.66231018 -0.04084363 34.29127362
199400 0.63588003 -0.05022371 33.24978363
199500 0.66053022 -0.07993033 24.99426198
199600 0.67200822 -0.01480268 41.06052622
199700 0.66138019 -0.05960069 29.64165991
199800 0.68575417 -0.05394703 30.37250362
199900 0.70821662 -0.02395464 38.13427566
