0 -0.38926790 0.01093637 0.11739099
100 -0.25219309 0.13118009 19.52755001
200 -0.34744527 0.11393499 7.87159106
300 -0.35291800 0.06961347 3.53137497
400 -0.33471934 0.12624124 10.09920683
500 -0.31110883 0.11501501 10.56504634
600 -0.29735051 0.08912402 9.24000473
700 -0.26506065 0.09993211 14.09752765
800 -0.23030454 0.08276890 17.82362021
900 -0.26744606 0.16188832 21.88918776
1000 -0.29801776 0.10500970 10.71370757
1100 -0.29199736 0.19505430 24.85537558
1200 -0.28081407 0.08328834 10.57111709
1300 -0.29955173 0.06870529 7.40513642
1400 -0.29636169 0.11403845 11.87283388
1500 -0.40327199 0.11117092 6.18484022
1600 -0.28280444 0.02209080 7.11140121
1700 -0.29685453 0.06142662 7.20610865
1800 -0.29854884 0.08962845 9.16279876
1900 -0.35379234 0.08919369 5.04533070
2000 -0.36382432 0.06928231 3.05435938
2100 -0.31015107 0.12257507 11.54873819
2200 -0.33831550 0.09549453 6.46209165
2300 -0.35121380 0.08681181 4.95819218
2400 -0.31317003 0.11856165 10.79815424
2500 -0.37413065 0.11888428 7.40134741
2600 -0.30280996 0.11897019 11.79990461
2700 -0.31846784 0.18150592 19.79594611
2800 -0.37405914 0.08291296 3.77374405
2900 -0.36014230 0.09945539 5.74000549
3000 -0.33081620 0.00402690 2.40130713
3100 -0.30944763 0.13402821 13.08164629
3200 -0.31517777 0.08187982 6.94955783
3300 -0.27058046 0.12505227 16.19374278
3400 -0.22876442 0.10014772 19.67559542
3500 -0.29811626 0.05074742 6.47779924
3600 -0.30776090 0.12240235 11.74519385
3700 -0.40362773 0.15418648 11.89331603
3800 -0.25642290 0.06008880 12.11252346
3900 -0.28769862 0.14240505 16.44539949
4000 -0.30223979 0.01793843 4.93942267
4100 -0.34053009 0.08726167 5.57563444
4200 -0.32324242 0.09584320 7.53882218
4300 -0.31214425 0.11081255 9.99902696
4400 -0.29985723 0.10634638 10.66906370
4500 -0.29898474 0.12967131 13.50936580
4600 -0.30865787 0.10095061 9.26720608
4700 -0.35207827 0.19507533 20.17543788
4800 -0.26889460 0.06051444 10.42531106
4900 -0.31678809 0.10009347 8.47146252
5000 -0.32058951 0.06538780 5.29079458
5100 -0.31688476 0.10328888 8.78836831
5200 -0.27772593 0.07924373 10.61525842
5300 -0.33417223 0.14097400 12.10348175
5400 -0.28029447 0.11493365 13.76957888
5500 -0.31058543 0.10867170 9.90225177
5600 -0.24897807 0.07963339 14.57454995
5700 -0.30508608 0.14315281 14.75069058
5800 -0.24885526 0.11194055 17.68771009
5900 -0.28854792 0.13721984 15.62542553
6000 -0.31100501 0.08097366 7.23842130
6100 -0.28154638 0.06058714 8.85103098
6200 -0.31085681 0.11414507 10.48780254
6300 -0.32205127 0.09814538 7.85426025
6400 -0.34939696 0.11086264 7.42559637
6500 -0.29699163 0.08805695 9.18237581
6600 -0.31296584 0.14142897 13.78854866
6700 -0.23837518 0.18306937 29.81848721
6800 -0.30141487 0.07423519 7.61494540
6900 -0.27626194 0.05191625 9.00320228
7000 -0.33371513 0.08515226 5.82229561
7100 -0.30682410 0.12361785 11.98156095
7200 -0.33895971 0.10147589 7.01163711
7300 -0.36534483 0.05399506 2.05822381
7400 -0.31664317 0.14929442 14.61859166
7500 -0.30519409 0.08880327 8.43709090
7600 -0.28770869 0.09466278 10.78518990
7700 -0.29452867 0.08033581 8.78902198
7800 -0.34026465 0.11881302 8.84242218
7900 -0.33957234 0.07971858 5.00327689
8000 -0.32227933 0.12797468 11.20901032
8100 -0.25733433 0.05174531 11.51553573
8200 -0.28092651 0.08926804 11.07363956
8300 -0.33074506 0.03754257 3.10284548
8400 -0.28751264 0.16627214 20.14991585
8500 -0.29991975 0.07151367 7.56513057
8600 -0.28777950 0.14500819 16.81040779
8700 -0.35361805 0.11102911 7.23937392
8800 -0.31436613 0.15781169 16.11884448
8900 -0.30240171 0.12821123 12.98177229
9000 -0.29574381 0.14020223 15.26300856
9100 -0.34409255 0.08967366 5.58350421
9200 -0.36340446 0.09569249 5.24814340
9300 -0.27856656 0.12663554 15.39132017
9400 -0.32997338 0.13871093 12.07222465
9500 -0.35051457 0.10322194 6.55178848
9600 -0.32903102 0.05365626 3.95779529
9700 -0.32495653 0.16278392 16.06506451
9800 -0.36632194 0.09653584 5.22668973
9900 -0.29998339 0.09582136 9.59252796
10000 -0.31969627 0.11464626 9.79622641
10100 -0.29770680 0.10180071 10.41364192
10200 -0.32061540 0.14387161 13.50047768
10300 -0.32379304 0.10731164 8.66164452
10400 -0.35833210 0.12471140 8.64457311
10500 -0.24562517 0.08327794 15.38340239
10600 -0.32190319 0.15938334 15.75107979
10700 -0.33013217 0.13797898 11.95985618
10800 -0.26893575 0.13591673 17.82559679
10900 -0.28966932 0.06081576 7.93570832
11000 -0.32015344 0.13465730 12.25403001
11100 -0.32875055 0.08889961 6.48981292
11200 -0.30337029 0.10505576 10.18700717
11300 -0.29960161 0.09792847 9.83491095
11400 -0.30126080 0.15468856 16.83898965
11500 -0.32753325 0.07888341 5.73701137
11600 -0.28349261 0.13476550 15.86785589
11700 -0.27277318 0.08990823 12.13507729
11800 -0.34497316 0.14200506 11.59669555
11900 -0.32939627 0.09635536 7.13462077
12000 -0.31494520 0.00786411 3.64808162
12100 -0.28692185 0.02792476 6.78323029
12200 -0.23388176 0.10744043 19.56935680
12300 -0.30823228 0.07429524 6.97054794
12400 -0.32946207 0.08712179 6.28290303
12500 -0.28421077 0.09901874 11.60592792
12600 -0.28186513 0.10087162 12.06546483
12700 -0.25135935 0.07021739 13.51226197
12800 -0.32004144 0.17124622 17.85931900
12900 -0.34565566 0.08052310 4.71863860
13000 -0.31306372 0.13742808 13.22219768
13100 -0.34183206 0.14130591 11.67543493
13200 -0.26272169 0.10116841 14.54019065
13300 -0.33959115 0.08449944 5.39469235
13400 -0.31723514 0.13744412 12.87045394
13500 -0.32264002 0.09587172 7.58797620
13600 -0.31260863 0.05175612 5.15797352
13700 -0.32790801 0.11691664 9.43337760
13800 -0.30047161 0.12573484 12.85757498
13900 -0.40540041 0.13750032 9.46775088
14000 -0.33604263 0.10473390 7.52986724
14100 -0.31283820 0.10581919 9.39744027
14200 -0.27207107 0.08453473 11.75596632
14300 -0.34824932 0.07079948 3.84535002
14400 -0.33082287 0.14516665 12.92941570
14500 -0.32142259 0.13179797 11.77255649
14600 -0.29208739 0.14497544 16.33150509
14700 -0.32629501 0.05118183 4.02600262
14800 -0.21983420 0.14721876 27.06653874
14900 -0.32845150 0.10279463 7.84296209
15000 -0.32898469 0.07199849 5.11347864
15100 -0.29579263 0.08409394 8.96548316
15200 -0.30105122 0.13016590 13.36701201
15300 -0.30716265 0.11626561 11.06823259
15400 -0.33784300 0.09828895 6.76210484
15500 -0.33993799 0.10025916 6.82967187
15600 -0.29972820 0.06947384 7.44052384
15700 -0.29058877 0.05147954 7.31048080
15800 -0.34581106 0.12523346 9.30993022
15900 -0.32704757 -0.00436149 2.67054009
16000 -0.30385374 0.06462511 6.71025427
16100 -0.29963720 0.12386589 12.70772479
16200 -0.34105398 0.13603567 10.99016882
16300 -0.27014023 0.07945539 11.58836012
16400 -0.31966308 0.08759108 7.06310885
16500 -0.33684496 0.03950640 2.77465757
16600 -0.27220778 0.11807271 15.13600831
16700 -0.33290338 0.11424569 8.77701693
16800 -0.29770191 0.14103822 15.17833988
16900 -0.28251676 0.06482280 9.00215386
17000 -0.31673271 0.10789055 9.28690667
17100 -0.34058805 0.13977019 11.53274325
17200 -0.33539780 0.10459686 7.55697386
17300 -0.31163085 0.09594238 8.50702320
17400 -0.35025058 0.09062043 5.34353344
17500 -0.36780784 0.12903963 8.84378076
17600 -0.32732570 0.12169624 10.04576394
17700 -0.33539655 0.09367042 6.47387652
17800 -0.33418453 0.06311945 4.15787015
17900 -0.32981805 0.09189220 6.68484183
18000 -0.23948002 0.09505556 17.40111081
18100 -0.32885387 0.12864549 10.80571686
18200 -0.31459762 0.14843581 14.66337818
18300 -0.27001627 0.15324729 20.19025126
18400 -0.35250392 0.08486313 4.72881451
18500 -0.36390558 0.15424601 12.54731925
18600 -0.28013005 0.03103068 7.66585371
18700 -0.30526642 0.10569568 10.07301362
18800 -0.30411106 0.18390020 21.50698548
18900 -0.30361081 0.09724464 9.37369792
19000 -0.32774842 0.09485782 7.10914846
19100 -0.35173412 0.12780560 9.33193394
19200 -0.31108622 0.07405532 6.69492579
19300 -0.28925200 0.06195045 8.05148909
19400 -0.31400957 0.04301188 4.62218806
19500 -0.32011986 0.03752076 3.89432242
19600 -0.27377899 0.11707573 14.81923443
19700 -0.25437649 0.09302239 14.92968559
19800 -0.33997371 0.09529992 6.34261470
19900 -0.31594222 0.13389254 12.49646128
20000 -0.33352596 0.08164301 5.54218943
20100 -0.30704434 0.07848185 7.40007781
20200 -0.35165428 0.10972542 7.18848856
20300 -0.37815399 0.09308301 4.57084766
20400 -0.24646112 0.13752071 21.24306599
20500 -0.31875578 0.09035538 7.38235917
20600 -0.31942905 0.12091221 10.55571997
20700 -0.31785039 0.04978866 4.61373446
20800 -0.36824804 0.15615457 12.69621892
20900 -0.34737136 0.13624927 10.66681796
21000 -0.38828467 0.10927637 6.03928718
21100 -0.26833066 0.10897259 14.60592126
21200 -0.31480590 0.07405374 6.37099611
21300 -0.38548914 0.07841131 3.17944945
21400 -0.28563522 0.16169902 19.61293873
21500 -0.32663445 0.06302584 4.67738083
21600 -0.36497859 0.13368790 9.54947673
21700 -0.31312938 0.05584741 5.33271913
21800 -0.35908633 0.05071246 2.12284113
21900 -0.35484741 0.07681277 3.96947916
22000 -0.31517336 0.06816295 5.92087319
22100 -0.31822201 0.11125860 9.53305705
22200 -0.34689250 0.06066006 3.25002486
22300 -0.32607272 0.11917744 9.83425249
22400 -0.35641927 0.09923586 5.87351836
22500 -0.33102370 0.11558127 9.05837989
22600 -0.36998793 0.09255011 4.73312372
22700 -0.33487612 0.12381304 9.78539390
22800 -0.30366221 0.10585913 10.24356225
22900 -0.29455372 0.06092051 7.41511287
23000 -0.30045668 0.09721527 9.67984055
23100 -0.33136217 0.07003695 4.80816351
23200 -0.27998530 0.06251532 9.15584698
23300 -0.29639952 0.10341242 10.71359463
23400 -0.31570185 0.14768105 14.45793519
23500 -0.27152282 0.05540925 9.78828544
23600 -0.33303305 0.11267086 8.58964708
23700 -0.33140212 0.21558756 25.59183138
23800 -0.30882042 0.11472989 10.73833162
23900 -0.34154364 0.10323909 7.03772732
24000 -0.33272896 0.04704109 3.36912862
24100 -0.31030322 0.16362877 17.40994344
24200 -0.31094803 0.12871087 12.24837134
24300 -0.35682085 0.17893801 16.94162507
24400 -0.28576414 0.08010981 9.73370742
24500 -0.35221724 0.11025650 7.21984433
24600 -0.24998454 0.09411270 15.68091990
24700 -0.31589348 0.07971020 6.71381126
24800 -0.32906858 0.08112587 5.80633658
24900 -0.28394047 0.06055687 8.56847445
25000 -0.31225249 0.12859277 12.11786323
25100 -0.28737879 0.06279028 8.31307847
25200 -0.34080407 0.10171204 6.92474870
25300 -0.33864468 0.14239673 12.02065123
25400 -0.38079013 0.03117087 0.67032121
25500 -0.32762365 0.07707631 5.58954704
25600 -0.36439169 0.11393220 7.12424938
25700 -0.31167456 0.15886770 16.52016462
25800 -0.32844430 0.07144239 5.11211648
25900 -0.35063148 0.11896928 8.29546945
26000 -0.33569099 0.09365533 6.45348494
26100 -0.30200425 0.06842736 7.14273472
26200 -0.30114565 0.11305092 11.27634650
26300 -0.32121423 0.13969156 12.86046435
26400 -0.29223227 0.08403746 9.33808877
26500 -0.31802231 0.10210285 8.57266647
26600 -0.28145301 0.07745947 10.02667883
26700 -0.27322129 0.10357162 13.39996142
26800 -0.31391912 0.08809322 7.58516709
26900 -0.31588777 0.10588483 9.14323154
27000 -0.36886143 0.09682426 5.17227372
27100 -0.33237030 0.10318870 7.61084206
27200 -0.26843525 0.13654747 17.97724802
27300 -0.37257415 0.14161882 10.40403328
27400 -0.32958149 0.16987964 16.90892877
27500 -0.30369919 0.12246349 12.13557703
27600 -0.31032874 0.12228493 11.49726984
27700 -0.33801803 0.07273212 4.56586287
27800 -0.33366774 0.13826733 11.75891158
27900 -0.36179373 0.00182728 0.73152905
28000 -0.35544457 0.12112234 8.32790344
28100 -0.34012465 0.12535295 9.64921014
28200 -0.30782594 0.12083059 11.54804422
28300 -0.30510789 0.10345098 9.85330967
28400 -0.30554497 0.07582621 7.33568358
28500 -0.35322777 0.15086115 12.47336325
28600 -0.34136056 0.16738578 15.72829139
28700 -0.32566696 0.11345094 9.19825885
28800 -0.30434511 0.16446630 18.09951034
28900 -0.31115969 0.18427161 20.92431413
29000 -0.34953719 0.04703782 2.37952580
29100 -0.33603067 0.10060214 7.10643336
29200 -0.32677037 0.09612831 7.30161475
29300 -0.33077292 0.15876472 14.99931275
29400 -0.32441567 0.09277759 7.16033549
29500 -0.32609419 0.12098473 10.04968754
29600 -0.28002869 0.13159244 15.85484313
29700 -0.32344537 0.12613791 10.88569184
29800 -0.34608955 0.07928948 4.59657897
29900 -0.29867015 0.09504033 9.65020194
30000 -0.31683598 0.06603002 5.63810852
30100 -0.28494562 0.06540906 8.75792812
30200 -0.32767461 0.04827496 3.78071696
30300 -0.31123891 0.16769786 18.00055163
30400 -0.28647424 0.01983148 6.64069268
30500 -0.37887860 0.13287661 9.05115356
30600 -0.35583016 0.14761850 11.87109790
30700 -0.37677101 0.14148647 10.27900295
30800 -0.32268535 0.12733578 11.09597826
30900 -0.29372758 0.10887076 11.57333440
31000 -0.34888166 0.13402125 10.28739035
31100 -0.27075047 0.09556324 12.91888691
31200 -0.36921968 0.13735575 9.90701538
31300 -0.34793880 0.08451315 4.92642056
31400 -0.33084546 0.12581129 10.30541537
31500 -0.27637569 0.11850493 14.66319439
31600 -0.27431710 0.11998717 15.09655653
31700 -0.34636212 0.15166051 12.93896669
31800 -0.40048841 0.12314464 7.58242040
31900 -0.40210481 0.15719072 12.35667611
32000 -0.30787251 0.09645350 8.89537541
32100 -0.33331886 0.12274671 9.75656534
32200 -0.32057270 0.08843398 7.06463260
32300 -0.31244669 0.16160626 16.89108261
32400 -0.30200350 0.07142680 7.35255099
32500 -0.33074301 0.12835200 10.63538282
32600 -0.26845976 0.06478071 10.74968822
32700 -0.37938655 0.08879195 4.15446276
32800 -0.34264489 0.08067539 4.89906410
32900 -0.32806905 0.13990293 12.37344520
33000 -0.31669501 0.09746577 8.21964869
33100 -0.30702028 0.07680417 7.27205418
33200 -0.29154205 0.11328414 12.29821199
33300 -0.34992699 0.08939725 5.24958750
33400 -0.32031203 0.14033136 13.02153184
33500 -0.28935338 0.11322641 12.53144765
33600 -0.35887507 0.12021629 8.07160873
33700 -0.25108300 0.11163370 17.31917775
33800 -0.31625971 0.13501662 12.62096181
33900 -0.30985796 0.10212851 9.27791010
34000 -0.36159125 0.11468632 7.31409251
34100 -0.31791103 0.07559348 6.22648594
34200 -0.29065150 0.11631620 12.74327689
34300 -0.39085263 0.04068089 0.86930443
34400 -0.31236177 0.11169287 10.07787811
34500 -0.17336425 0.10167685 30.85097290
34600 -0.31288769 0.12542711 11.66025692
34700 -0.33534709 0.13085534 10.65155937
34800 -0.28426839 0.08155425 10.02245010
34900 -0.31795036 0.06900517 5.74692884
35000 -0.34425995 0.10428800 6.99147026
35100 -0.29452580 0.09637380 10.20635781
35200 -0.32018672 0.10048304 8.23350086
35300 -0.35843592 0.11122035 7.04876929
35400 -0.38298727 0.12131096 7.50289109
35500 -0.29191830 0.10579508 11.43712715
35600 -0.35050766 0.10262314 6.49050069
35700 -0.36519059 0.01946401 0.79527150
35800 -0.36344637 0.07630763 3.57951110
35900 -0.29784994 0.11314601 11.61832674
36000 -0.32823219 0.06850064 4.92147763
36100 -0.36081916 0.16234113 13.94489033
36200 -0.32467566 0.13907293 12.50751724
36300 -0.34772511 0.12598174 9.30203166
36400 -0.36299632 0.08583763 4.36868538
36500 -0.27479694 0.10046735 12.88474783
36600 -0.31623868 0.11476166 10.09309908
36700 -0.31159935 0.09071966 8.02236565
36800 -0.25777782 0.07580630 12.98687205
36900 -0.32858628 0.07174035 5.12329850
37000 -0.31380021 0.06531127 5.84798282
37100 -0.30654538 0.04355346 5.31533457
37200 -0.30160549 0.10536548 10.39168214
37300 -0.36465897 0.16951432 14.99204612
37400 -0.34889618 0.12149541 8.68636718
37500 -0.34948505 0.10305989 6.58655063
37600 -0.36381142 0.09014670 4.71802047
37700 -0.35108889 0.08911404 5.16680384
37800 -0.34296005 0.09393710 6.03886737
37900 -0.29813845 0.07142367 7.73855765
38000 -0.27188764 0.08677659 11.97147649
38100 -0.32533195 0.08109396 6.07577411
38200 -0.23541165 0.12564586 21.43810440
38300 -0.31971439 0.10043679 8.26666390
38400 -0.28805510 0.12051664 13.52796052
38500 -0.28224071 0.07913062 10.06445260
38600 -0.32327306 0.04581905 3.99320476
38700 -0.31094929 0.11255328 10.29913526
38800 -0.27057176 0.13034711 16.87101874
38900 -0.32383911 0.11382439 9.37823707
39000 -0.34591224 0.12620164 9.42616952
39100 -0.35547209 0.12271026 8.52027160
39200 -0.31826657 0.11863466 10.37726782
39300 -0.31265960 0.07404254 6.55532143
39400 -0.30838715 0.09078783 8.31767166
39500 -0.35067322 0.08441342 4.77937833
39600 -0.29370663 0.13438488 14.67878780
39700 -0.32929537 0.13117891 11.10352522
39800 -0.34731601 0.14190312 11.45604895
39900 -0.24796350 0.06438755 13.63042650
40000 -0.28963908 0.09535274 10.63583886
40100 -0.35970375 0.16737051 14.81833691
40200 -0.29501104 0.07842658 8.58670513
40300 -0.32725029 0.08513693 6.27040811
40400 -0.30821946 0.09929069 9.14115388
40500 -0.31368257 0.07739592 6.72041383
40600 -0.35975801 0.07954340 3.97328470
40700 -0.31689796 0.10229577 8.68518744
40800 -0.32250313 0.18584124 20.27136490
40900 -0.37513622 0.13280461 9.12763578
41000 -0.27047783 0.15229088 19.98425123
41100 -0.40064183 0.13199115 8.71103757
41200 -0.27519838 0.10870126 13.69570466
41300 -0.33188440 0.11764142 9.23961989
41400 -0.25631504 0.13469847 19.39452246
41500 -0.31395567 0.10898646 9.64083720
41600 -0.26560536 0.03220769 9.54962778
41700 -0.28421635 0.08378718 10.21307311
41800 -0.31888667 0.11926265 10.40147626
41900 -0.33150522 0.05933650 4.10617762
42000 -0.34387608 0.07943963 4.73027448
42100 -0.32222545 0.08065765 6.27726874
42200 -0.38145244 0.12237285 7.65956360
42300 -0.29929375 0.15457808 17.01806654
42400 -0.35261957 0.16770370 15.18471763
42500 -0.33573138 0.07301956 4.73115611
42600 -0.33264736 0.10988652 8.30571280
42700 -0.31803458 0.12978403 11.78111205
42800 -0.38616446 0.10495942 5.60395134
42900 -0.32398176 0.04306421 3.81664961
43000 -0.30295151 0.13368631 13.64521993
43100 -0.33840001 0.07424465 4.65341379
43200 -0.33170411 0.12074045 9.62129249
43300 -0.28749754 0.09183894 10.54559741
43400 -0.30636613 0.13230569 13.13604860
43500 -0.29861815 0.10178356 10.31908592
43600 -0.32551093 0.09750331 7.52775914
43700 -0.34138380 0.16497114 15.32566782
43800 -0.31992057 0.05066812 4.48998658
43900 -0.27986864 0.12363272 14.85829565
44000 -0.26003202 0.14230253 19.92052173
44100 -0.32073083 0.09301385 7.46758843
44200 -0.25520126 0.13975345 20.24885120
44300 -0.31179267 0.04790646 5.03778153
44400 -0.32696576 0.12506318 10.48739955
44500 -0.36984323 0.16543067 14.13836924
44600 -0.29601275 0.07212969 8.00801979
44700 -0.32188179 0.19049350 21.19511472
44800 -0.25138110 0.16818753 25.18731118
44900 -0.31581762 0.10081868 8.62553970
45000 -0.34087707 0.07951874 4.90937563
45100 -0.28577216 0.12974345 14.94068068
45200 -0.30515757 0.08335611 7.97166372
45300 -0.34231081 0.15043350 12.97913957
45400 -0.30638237 0.08260523 7.79394238
45500 -0.35840233 0.12872399 9.15011569
45600 -0.30390535 0.07949293 7.77665376
45700 -0.31486120 0.15132456 15.07386775
45800 -0.28912525 0.05677032 7.75803954
45900 -0.32281627 0.04457177 3.97198513
46000 -0.30477283 0.11787397 11.48124314
46100 -0.29257456 0.09418756 10.20576023
46200 -0.27120148 0.11913038 15.39055222
46300 -0.31314744 0.10108893 8.88116932
46400 -0.35691070 0.14196333 11.00513725
46500 -0.30320049 0.10017126 9.70221264
46600 -0.33900323 0.06854372 4.20942385
46700 -0.30273556 0.16279847 17.98185655
46800 -0.35753186 0.11637571 7.67342430
46900 -0.29621707 0.19028709 23.49003757
47000 -0.35002925 0.07584449 4.12473151
47100 -0.24217786 0.08067811 15.70839177
47200 -0.37305522 0.06120598 2.23609647
47300 -0.33161965 0.11732111 9.22005783
47400 -0.29783588 0.09567456 9.79556474
47500 -0.30605729 0.08011382 7.62172878
47600 -0.29985218 0.11602661 11.74587948
47700 -0.32283853 0.13872789 12.59965943
47800 -0.31535273 0.07299676 6.24684337
47900 -0.31080633 0.15538224 16.04957569
48000 -0.29088263 0.09958243 10.91163008
48100 -0.30139582 0.14747978 15.73653506
48200 -0.28115257 0.10988939 13.10019555
48300 -0.36113715 0.16742687 14.77103960
48400 -0.35825162 0.11249831 7.19939840
48500 -0.29684564 0.15666798 17.59283842
48600 -0.33096052 0.08439040 5.94409478
48700 -0.30768068 0.07734222 7.25233771
48800 -0.29845125 0.09233167 9.41864263
48900 -0.31072055 0.12106417 11.31367677
49000 -0.27078753 0.12675771 16.38169019
49100 -0.36362698 0.12196901 8.09971848
49200 -0.29313807 0.06774578 8.00448091
49300 -0.42341436 0.15145917 11.74405686
49400 -0.26001468 0.02062609 10.01066235
49500 -0.28189457 0.15380852 18.80297665
49600 -0.28325688 0.10090372 11.90525868
49700 -0.42077797 0.14756619 11.10375242
49800 -0.31807949 0.09514866 7.88211863
49900 -0.31568920 0.08831297 7.45374597
50000 -0.31933249 0.10804149 9.09010569
50100 -0.30128733 0.11642319 11.64927495
50200 -0.32554226 0.10318337 8.09538152
50300 -0.33977515 0.12959582 10.21105433
50400 -0.36768064 0.11938602 7.64878111
50500 -0.34404220 0.05444024 3.04750780
50600 -0.33135733 0.07096314 4.87379182
50700 -0.32027944 0.17233450 18.02727335
50800 -0.27920835 0.10316900 12.61723265
50900 -0.31056568 0.11072811 10.12960599
51000 -0.34010588 0.08164447 5.12656257
51100 -0.29510176 0.10692710 11.21852186
51200 -0.29707326 0.12476243 13.07978964
51300 -0.29493594 0.05953073 7.29118222
51400 -0.24754224 0.08119657 14.91812576
51500 -0.28999735 0.11544963 12.71460002
51600 -0.25416583 0.11022414 16.70848294
51700 -0.30635364 0.11500091 10.99742593
51800 -0.31283567 0.10327731 9.13191197
51900 -0.28591568 0.14480040 16.99119436
52000 -0.34165497 0.14045704 11.56616113
52100 -0.26188450 0.14935997 20.69214630
52200 -0.29600953 0.13019049 13.88179067
52300 -0.30534821 0.06218873 6.41319975
52400 -0.32515341 0.12277217 10.33750887
52500 -0.30573347 0.14227898 14.56474335
52600 -0.33954387 0.10438664 7.27575705
52700 -0.37512533 0.17150677 15.01666130
52800 -0.25427651 0.05479234 12.11876755
52900 -0.35486246 0.11340448 7.44898663
53000 -0.31875063 0.08854261 7.22062698
53100 -0.34400883 0.09882013 6.45021433
53200 -0.32901933 0.11403580 9.02120921
53300 -0.37953097 0.08651533 3.95194155
53400 -0.33184696 0.17448294 17.54456698
53500 -0.35030221 0.06715556 3.48986979
53600 -0.34328851 0.10768558 7.40618882
53700 -0.30308203 0.09097034 8.83434737
53800 -0.33636203 0.09126110 6.18918943
53900 -0.36391578 0.06806520 2.96747081
54000 -0.33608156 0.08273594 5.46540148
54100 -0.32678294 0.20986751 24.70255505
54200 -0.30212216 0.12013126 12.00579525
54300 -0.32194446 0.07099947 5.56679632
54400 -0.33977428 0.09192132 6.03833352
54500 -0.33596900 0.08931685 6.03873439
54600 -0.34660286 0.06521806 3.55232476
54700 -0.38867776 0.07244308 2.68809669
54800 -0.36195126 0.13396953 9.69777133
54900 -0.32172196 0.11468235 9.63974624
55000 -0.32488422 0.11183292 9.07449067
55100 -0.28946450 0.11000105 12.15916357
55200 -0.33728349 0.03829239 2.69983394
55300 -0.23914319 0.09695958 17.63803668
55400 -0.23405793 0.10231184 19.00224139
55500 -0.28290712 0.06516557 8.97864640
55600 -0.29193451 0.05294394 7.24060536
55700 -0.32066005 0.13753013 12.60468243
55800 -0.28487000 0.10576585 12.22066560
55900 -0.29618178 0.13178964 14.07336597
56000 -0.34537531 0.12358765 9.12888241
56100 -0.32846348 0.06150904 4.45041798
56200 -0.31685396 0.13441088 12.48977502
56300 -0.26947360 0.03003022 8.96947804
56400 -0.32594875 0.05933198 4.50193517
56500 -0.25313040 0.04604970 11.84562748
56600 -0.35395383 0.15761802 13.48184491
56700 -0.32120661 0.10524831 8.64280190
56800 -0.40540186 0.10342753 5.36321658
56900 -0.33117696 0.11816524 9.34981743
57000 -0.32729116 0.11094068 8.79720487
57100 -0.36066176 0.12695901 8.83304352
57200 -0.34474676 0.08945512 5.52756919
57300 -0.30356490 0.14484009 15.13919052
57400 -0.34074661 0.09803656 6.56106580
57500 -0.30118647 0.01917502 5.06589776
57600 -0.30247286 0.14733930 15.61020587
57700 -0.31194449 0.11301460 10.26303642
57800 -0.28916004 0.08567892 9.81318688
57900 -0.39335479 0.10037437 5.05958617
58000 -0.28318449 0.09948025 11.77109199
58100 -0.25577283 0.10844883 16.28131287
58200 -0.30878423 0.15162673 15.65549053
58300 -0.33534078 0.18134816 18.53398518
58400 -0.31153273 0.14089599 13.83906866
58500 -0.35120209 0.08095151 4.46719122
58600 -0.30025254 0.04515397 5.99421867
58700 -0.28699049 0.01723336 6.53406897
58800 -0.28388041 0.09377304 11.13857158
58900 -0.30572773 0.16291038 17.71352599
59000 -0.28065082 0.17608596 22.62524687
59100 -0.30302761 0.12790828 12.88208577
59200 -0.32150432 0.07595262 5.96518585
59300 -0.33168992 0.06365601 4.35917714
59400 -0.28412081 0.16573036 20.44726963
59500 -0.30799277 0.18105559 20.62322820
59600 -0.28476451 0.11869739 13.68414478
59700 -0.37187847 0.06219681 2.32963179
59800 -0.34616897 0.15369443 13.25987849
59900 -0.33641008 0.16530995 15.68552936
60000 -0.31929422 0.07417288 6.00751902
60100 -0.35860972 0.08302475 4.30313241
60200 -0.37041372 0.09982062 5.41975211
60300 -0.28695326 0.08034121 9.61713801
60400 -0.28124577 0.17570356 22.48715401
60500 -0.37200190 0.06040205 2.21615045
60600 -0.31909675 0.11055484 9.38385444
60700 -0.34895951 0.06146884 3.19177528
60800 -0.30785060 0.08025899 7.46650907
60900 -0.33777552 0.12823256 10.15773717
61000 -0.28777572 0.02219447 6.54344175
61100 -0.30514927 0.12431002 12.22482080
61200 -0.27586413 0.11713052 14.56463709
61300 -0.32592240 0.10974574 8.76580944
61400 -0.36336293 0.12005787 7.87808333
61500 -0.33599497 0.18174393 18.56375064
61600 -0.34953306 0.12937296 9.64213799
61700 -0.35096636 0.14965963 12.40115165
61800 -0.40093202 0.05002403 1.25163591
61900 -0.26168972 0.09499930 14.07729979
62000 -0.30329715 0.14479272 15.15818659
62100 -0.33767522 0.16665715 15.82949262
62200 -0.32389481 0.07989502 6.08760731
62300 -0.29110573 0.11624321 12.68522350
62400 -0.34401020 0.16842525 15.75096134
62500 -0.37198804 0.08965033 4.41092610
62600 -0.28511336 0.13480640 15.68585314
62700 -0.34749966 0.14054951 11.25522541
62800 -0.28935320 0.10893514 12.05479035
62900 -0.35232357 0.11072893 7.26696858
63000 -0.30353374 0.08191506 8.00790817
63100 -0.35287818 0.10916570 7.06880822
63200 -0.28548400 0.12341832 14.17299690
63300 -0.36335366 0.11046954 6.77323671
63400 -0.31970104 0.15123866 14.66052836
63500 -0.31407237 0.12062597 10.96709165
63600 -0.35840319 0.12343303 8.48300371
63700 -0.32484076 0.11309001 9.21913112
63800 -0.31649438 0.04495487 4.49706488
63900 -0.33941877 0.19295896 20.45162208
64000 -0.27988827 0.11647504 13.99663079
64100 -0.32374803 0.07570125 5.77252105
64200 -0.31248385 0.15536923 15.89933701
64300 -0.30399656 0.16961349 18.99269817
64400 -0.28184908 0.13802983 16.50593698
64500 -0.34382073 0.13285291 10.40300226
64600 -0.30442319 0.04905319 5.77057125
64700 -0.28633270 0.02250262 6.71331159
64800 -0.30993460 0.12937472 12.42479731
64900 -0.31232432 0.10331779 9.18079526
65000 -0.33657216 0.12078032 9.30548831
65100 -0.35746330 0.11804690 7.87222097
65200 -0.36219586 0.17577058 16.16222432
65300 -0.26132807 0.10126042 14.74178862
65400 -0.32708176 0.08806586 6.53633326
65500 -0.30952552 0.04549258 5.12760338
65600 -0.28138514 0.11151681 13.25274268
65700 -0.32612085 0.11675032 9.54438332
65800 -0.29942571 0.06841504 7.39790246
65900 -0.34809852 0.08959453 5.36047162
66000 -0.28647375 0.13806910 15.97564287
66100 -0.38298260 0.10174782 5.32110573
66200 -0.31722245 0.17144809 18.12328620
66300 -0.28475650 0.12984285 15.07011505
66400 -0.34964003 0.12444146 9.01090170
66500 -0.31934447 0.09394056 7.66507232
66600 -0.29522106 0.12250732 12.99333566
66700 -0.23902679 0.03661687 13.62658450
66800 -0.29495034 0.03883721 6.27187955
66900 -0.32100633 0.09643811 7.77015397
67000 -0.34109435 0.12467537 9.50691253
67100 -0.35479387 0.08017862 4.23610242
67200 -0.31671481 0.15371325 15.28209254
67300 -0.30294262 0.08393085 8.23226134
67400 -0.32722762 0.07629150 5.55810629
67500 -0.37402024 0.07985401 3.52580525
67600 -0.35229650 0.14870433 12.19430031
67700 -0.33392319 0.10809157 8.02496629
67800 -0.31440833 0.10021814 8.68480497
67900 -0.30599537 0.09448548 8.88218831
68000 -0.36533223 0.11948343 7.73907248
68100 -0.30788101 0.10366464 9.61613354
68200 -0.30051751 0.07495546 7.75754367
68300 -0.22346738 0.05837145 17.28549579
68400 -0.36270485 0.08726279 4.50286121
68500 -0.33153046 0.10418166 7.77094836
68600 -0.31739029 0.08089295 6.68401671
68700 -0.29774372 0.08753704 9.05953963
68800 -0.22847041 0.07618509 17.61328344
68900 -0.31029147 0.13836232 13.59587597
69000 -0.28980449 0.06328783 8.07419955
69100 -0.31668768 0.17572349 18.90984322
69200 -0.30219909 0.09391914 9.19291064
69300 -0.30002839 0.12763173 13.14209053
69400 -0.33111347 0.08409969 5.90905632
69500 -0.26938106 0.14571379 19.14690790
69600 -0.27420693 0.12649993 15.91306430
69700 -0.33556514 0.12779453 10.24164687
69800 -0.37937415 0.17824519 16.09838666
69900 -0.33564040 0.09850249 6.92244919
70000 -0.35465083 0.12109423 8.36017992
70100 -0.33865106 0.13989559 11.66723428
70200 -0.36773773 0.14329939 10.78778513
70300 -0.35997378 0.12511149 8.62749122
70400 -0.31645434 0.06028494 5.30707541
70500 -0.32735453 0.15326523 14.38379718
70600 -0.30871978 0.11259974 10.50539007
70700 -0.36020373 0.13229255 9.54253055
70800 -0.31233925 0.18065485 20.16029023
70900 -0.26522959 0.10272139 14.35737379
71000 -0.35556173 0.15321639 12.72501014
71100 -0.28954237 0.08161353 9.43082838
71200 -0.34458768 0.15042277 12.84876788
71300 -0.30399504 0.01796746 4.76989110
71400 -0.32409675 0.04337918 3.82152869
71500 -0.34188223 0.06090547 3.54357579
71600 -0.34473215 0.13772990 11.01203029
71700 -0.28817235 0.13634219 15.54730840
71800 -0.30530453 0.07443711 7.25405772
71900 -0.33665746 0.13617170 11.27750468
72000 -0.23150192 0.12561609 22.08550157
72100 -0.24918556 0.03040528 11.83473863
72200 -0.29699532 0.13678277 14.65974526
72300 -0.32688636 0.18531523 19.84366923
72400 -0.32851081 0.08105665 5.84044232
72500 -0.30731747 0.09414149 8.72633520
72600 -0.31929393 0.13733632 12.68736735
72700 -0.34361761 0.18036000 17.85435091
72800 -0.26583226 0.06845822 11.34375561
72900 -0.35455576 0.19006998 19.09588842
73000 -0.30731268 0.15263882 15.94477434
73100 -0.31541377 0.06091284 5.43260184
73200 -0.39312889 0.14953672 11.20422096
73300 -0.28438104 0.16878519 20.92809164
73400 -0.28369154 0.11012845 12.82796597
73500 -0.31381400 0.18441139 20.71779296
73600 -0.37421327 0.15126633 11.77322932
73700 -0.34063912 0.12186824 9.18779159
73800 -0.27044008 0.19277388 26.97377017
73900 -0.29365917 0.05051968 6.93030496
74000 -0.27106834 0.05746140 9.96259302
74100 -0.31320283 0.09494483 8.27413491
74200 -0.29734016 0.18235089 21.89544452
74300 -0.29488206 0.13676169 14.87677106
74400 -0.34081477 0.12632997 9.73107722
74500 -0.30854873 0.11128084 10.37338023
74600 -0.34972901 0.19010705 19.33393157
74700 -0.33240560 0.07203029 4.87868269
74800 -0.30810284 0.05752169 5.87691658
74900 -0.26036628 0.22775036 35.68390057
75000 -0.29648435 0.06586500 7.52684373
75100 -0.30872908 0.12645345 12.16042829
75200 -0.30160761 0.14332096 15.11097962
75300 -0.29930618 0.15226554 16.66202061
75400 -0.24010171 0.16643054 26.63329340
75500 -0.27758352 0.09891776 12.38525921
75600 -0.30693418 0.12667167 12.35347922
75700 -0.26942434 0.01731004 8.67481997
75800 -0.31483496 0.07028624 6.09661995
75900 -0.33940786 0.13553186 11.02014618
76000 -0.32931309 0.08249290 5.90085963
76100 -0.32995696 0.18313356 19.22196338
76200 -0.29021372 0.08126290 9.32834394
76300 -0.31542491 0.08844829 7.48802239
76400 -0.32736694 0.17607630 18.13921216
76500 -0.29592424 0.16464634 18.97009104
76600 -0.30976526 0.08240893 7.46676996
76700 -0.36552312 0.09566351 5.17008163
76800 -0.31247278 0.11441255 10.37562318
76900 -0.37171017 0.12687878 8.44926997
77000 -0.33776910 0.14057364 11.81681677
77100 -0.39035244 0.20598152 21.26073007
77200 -0.35420672 0.12963847 9.45157819
77300 -0.29052081 0.04433857 6.97580066
77400 -0.26813115 0.13647640 18.00760005
77500 -0.28299516 0.07801782 9.88845709
77600 -0.33667039 0.13117682 10.60899902
77700 -0.33100260 0.06399193 4.42780451
77800 -0.31880462 0.04117272 4.14394141
77900 -0.34906745 0.07687042 4.25159312
78000 -0.40826164 0.14984966 11.26158811
78100 -0.28296457 0.05279764 8.24244158
78200 -0.35840109 0.12131852 8.22432648
78300 -0.28343853 0.01532204 6.91067052
78400 -0.30613378 0.09710202 9.11983508
78500 -0.28182136 0.10720450 12.72949760
78600 -0.30482112 0.03448742 5.12420047
78700 -0.26271117 0.08064103 12.67559910
78800 -0.29278481 0.09745562 10.49634806
78900 -0.33652780 0.05270410 3.40322156
79000 -0.34900060 0.12173484 8.71015495
79100 -0.32302126 0.09291498 7.27946001
79200 -0.31194592 0.07632804 6.78974574
79300 -0.28973108 0.10033278 11.11295146
79400 -0.26183714 0.06993162 11.98970413
79500 -0.35070916 0.09096754 5.35233992
79600 -0.31992253 0.05414723 4.67216208
79700 -0.28881337 0.08816089 10.06740468
79800 -0.30382848 0.15330686 16.37597740
79900 -0.36157782 0.16044969 13.61018368
80000 -0.33185734 0.08567800 5.99207135
80100 -0.32552902 0.14835981 13.77828025
80200 -0.28135333 0.11686628 13.86737930
80300 -0.32581988 0.16297753 16.03218369
80400 -0.33240216 0.07958862 5.45190821
80500 -0.28380523 0.08223060 10.13154832
80600 -0.30941068 0.14215891 14.20778991
80700 -0.29301590 0.06793097 8.03010682
80800 -0.31668856 0.12671150 11.49830068
80900 -0.25332613 0.15353219 22.54267846
81000 -0.28050942 0.12827248 15.36591440
81100 -0.30277701 0.08834983 8.62900118
81200 -0.33234206 0.08877675 6.22945353
81300 -0.33697440 0.08628159 5.70836941
81400 -0.35516582 0.12499046 8.81635900
81500 -0.38226337 0.07488359 2.96106982
81600 -0.28611806 0.12785422 14.65789913
81700 -0.24331140 0.10866762 18.17998423
81800 -0.34857048 0.13925066 11.01787054
81900 -0.28863703 0.12986101 14.63279629
82000 -0.31647250 0.02748053 3.86601153
82100 -0.37224759 0.10374294 5.76639702
82200 -0.38000407 0.03819258 0.92925526
82300 -0.30601415 0.06784627 6.71822811
82400 -0.30028977 0.11690342 11.80427040
82500 -0.30738280 0.12154495 11.67556117
82600 -0.34377282 0.06726048 3.84273359
82700 -0.28570326 0.06148932 8.42234054
82800 -0.36831830 0.09322753 4.84755112
82900 -0.29676295 0.11540461 11.98805604
83000 -0.33843337 0.18780961 19.53144955
83100 -0.26585071 0.09848411 13.84757593
83200 -0.25778533 0.10128014 15.24133933
83300 -0.28312525 0.11322114 13.23936693
83400 -0.29049313 0.06119588 7.86834514
83500 -0.36381578 0.11862747 7.69088674
83600 -0.36505083 0.17795245 16.44426003
83700 -0.31086033 0.07815836 7.02730458
83800 -0.33408614 0.13152564 10.82181528
83900 -0.33934894 0.15647932 14.08216445
84000 -0.31874762 0.14626422 13.99758473
84100 -0.30518383 0.17371077 19.58276879
84200 -0.31146964 0.09273248 8.21846886
84300 -0.33475998 0.08124493 5.42849902
84400 -0.35130417 0.12188748 8.61392075
84500 -0.36916697 0.09170334 4.68008877
84600 -0.37296703 0.15141775 11.82905822
84700 -0.32531503 0.07628351 5.69850937
84800 -0.29054682 0.11277752 12.34938451
84900 -0.30212501 0.09512826 9.31444999
85000 -0.31648433 0.08154227 6.81200496
85100 -0.34884435 0.14454613 11.75524157
85200 -0.33265854 0.14952618 13.44647452
85300 -0.27298337 0.11406987 14.57258008
85400 -0.28519544 0.16283789 19.84813271
85500 -0.36044323 0.09622147 5.41165480
85600 -0.34169623 0.06686467 3.93510670
85700 -0.34056897 0.12555623 9.64820752
85800 -0.33468610 0.06134744 4.01470661
85900 -0.29617419 0.09873597 10.26429527
86000 -0.32636314 0.11444568 9.26010029
86100 -0.34557812 0.10764122 7.27418734
86200 -0.27208939 0.12161881 15.57612923
86300 -0.30333976 0.14420903 15.06972261
86400 -0.28012872 0.12562306 15.07513830
86500 -0.31387744 0.10537913 9.26092775
86600 -0.35837409 0.11524334 7.50687204
86700 -0.30174742 0.08369920 8.32956264
86800 -0.33561798 0.10154574 7.22829068
86900 -0.29247546 0.12121035 13.12673819
87000 -0.28090506 0.12341698 14.70767895
87100 -0.31385678 0.18441451 20.71468250
87200 -0.30925779 0.12099173 11.43657349
87300 -0.29584947 0.08330837 8.89380859
87400 -0.31048725 0.11610945 10.74696785
87500 -0.29623705 0.06735720 7.65187098
87600 -0.34548760 0.17328865 16.50027994
87700 -0.32409066 0.10746675 8.65566454
87800 -0.31820087 0.08749147 7.17292820
87900 -0.23649445 0.05193147 14.71547217
88000 -0.31421808 0.09123137 7.84085007
88100 -0.32399710 0.06345138 4.90125934
88200 -0.29859283 0.11268878 11.49108782
88300 -0.34382630 0.11435554 8.11633658
88400 -0.29830033 0.05040249 6.44161675
88500 -0.28654051 0.08302644 9.88322327
88600 -0.31296616 0.11056959 9.90026234
88700 -0.30421667 0.07327290 7.27168283
88800 -0.29020137 0.07540191 8.87059358
88900 -0.28002472 0.14156512 17.21737605
89000 -0.27238079 0.08675082 11.90618431
89100 -0.31291938 0.09317187 8.13201590
89200 -0.30608242 0.09920742 9.33131182
89300 -0.31982956 0.14098274 13.15171629
89400 -0.27441666 0.07485167 10.68697388
89500 -0.28918281 0.04837612 7.31034943
89600 -0.32384923 0.11278159 9.25931263
89700 -0.28865575 0.10248965 11.45083502
89800 -0.30508948 0.13110717 13.09854806
89900 -0.28046153 0.11172656 13.38613478
90000 -0.25532002 0.07222509 13.07438014
90100 -0.33826073 0.15790836 14.37339349
90200 -0.32008996 0.09618642 7.81872168
90300 -0.34570430 0.12362881 9.11605322
90400 -0.29445800 0.02896543 5.98905471
90500 -0.35047191 0.14474112 11.70151252
90600 -0.31399947 0.10782673 9.51134728
90700 -0.32487707 0.17758144 18.58931021
90800 -0.32355190 0.16106299 15.89279988
90900 -0.31193743 0.07358666 6.58500624
91000 -0.32824740 0.19713287 22.00490111
91100 -0.26151558 0.08016177 12.80192244
91200 -0.33187922 0.08671050 6.07957590
91300 -0.31563295 0.09741874 8.30410484
91400 -0.30492500 0.08236611 7.91171599
91500 -0.37882763 0.09190330 4.44724309
91600 -0.30510244 0.07985667 7.69131724
91700 -0.26632467 0.05746705 10.58577743
91800 -0.32800799 0.05747226 4.24295521
91900 -0.29902927 0.02343720 5.37219557
92000 -0.30629557 0.13850153 13.98159677
92100 -0.34618986 0.11863068 8.48438491
92200 -0.36145649 0.11980304 7.91918470
92300 -0.34957365 0.10210772 6.48440190
92400 -0.36207436 0.12266800 8.24289574
92500 -0.33312886 0.16149973 15.27695674
92600 -0.34355971 0.15648556 13.83661800
92700 -0.29027889 0.10562946 11.59815263
92800 -0.34633204 0.15517195 13.47929257
92900 -0.33910959 0.15431557 13.76046858
93000 -0.33196020 0.13199810 11.02645676
93100 -0.29014986 0.08286570 9.46688805
93200 -0.27898247 0.06866413 9.68000314
93300 -0.37332883 0.10616854 5.99155487
93400 -0.26831139 0.09876964 13.54866601
93500 -0.34519673 0.04762791 2.63590809
93600 -0.39420584 0.08527123 3.65237707
93700 -0.27325663 0.11218563 14.32474839
93800 -0.30572080 0.17925791 20.51098396
93900 -0.28564093 0.06980918 8.97565920
94000 -0.36616166 0.12980236 8.99684271
94100 -0.34836372 0.06583555 3.50031236
94200 -0.30660741 0.10201121 9.56423193
94300 -0.31413439 0.05477469 5.18658474
94400 -0.27318665 0.15825605 20.56330182
94500 -0.29067058 0.12766907 14.12615606
94600 -0.31807949 0.06679116 5.58601438
94700 -0.26972964 0.07162032 11.04991871
94800 -0.27297650 0.09459643 12.54172777
94900 -0.26222875 0.09614135 14.11203897
95000 -0.29783555 0.10270211 10.49264827
95100 -0.34707744 0.10413751 6.82270903
95200 -0.33737748 0.13231646 10.71461300
95300 -0.35740944 0.16692088 14.83826853
95400 -0.30354434 0.18613346 21.97468057
95500 -0.34590424 0.11541165 8.12309986
95600 -0.31433070 0.05609872 5.24314755
95700 -0.34393883 0.11214589 7.85977779
95800 -0.34951865 0.15309375 12.99303096
95900 -0.25969926 0.11140474 16.04765623
96000 -0.29781627 0.10517855 10.75202111
96100 -0.22003335 0.12922363 24.54337099
96200 -0.34992717 0.10245912 6.50257991
96300 -0.25272493 0.14209854 20.94097167
96400 -0.37722030 0.10972351 6.27908212
96500 -0.27226078 0.15100787 19.56034240
96600 -0.26340713 0.13096604 17.90485741
96700 -0.31656987 0.13441170 12.51354505
96800 -0.35255486 0.06894896 3.50250039
96900 -0.29925958 0.13560074 14.26809591
97000 -0.29474414 0.09845115 10.38571251
97100 -0.35793002 0.15685986 13.18744865
97200 -0.31700447 0.12475449 11.22597021
97300 -0.37033765 0.08707733 4.23115774
97400 -0.27570153 0.16962344 22.11111015
97500 -0.32149752 0.06821238 5.40778381
97600 -0.29540053 0.09656941 10.13335037
97700 -0.28980633 0.11765734 12.99294638
97800 -0.29914293 0.09402011 9.50596547
97900 -0.27514469 0.07581665 10.66850573
98000 -0.31195471 0.07250249 6.50429247
98100 -0.30829128 0.16675472 18.10881368
98200 -0.33116425 0.13204226 11.08676002
98300 -0.28091177 0.18490345 24.18564724
98400 -0.34863838 0.07505571 4.13568767
98500 -0.27891432 0.07372728 10.04872667
98600 -0.32509489 0.09963394 7.76884848
98700 -0.31354897 0.07784387 6.76672416
98800 -0.32771308 0.16456986 16.15431844
98900 -0.33478320 0.12107175 9.45579970
99000 -0.33271564 0.11413898 8.77744604
99100 -0.33687252 0.12663845 10.01118723
99200 -0.33808677 0.11065462 8.03884628
99300 -0.36727263 0.10285352 5.82496306
99400 -0.28805691 0.14005766 16.07370153
99500 -0.34968099 0.12068166 8.54803214
99600 -0.31192874 0.08297250 7.32049159
99700 -0.36743537 0.08216009 3.90536736
99800 -0.35750691 0.08022986 4.12124665
99900 -0.31421964 0.05083941 4.97145770
100000 -0.38971803 0.16250735 13.25717907
100100 -0.25467624 0.11862438 17.59536984
100200 -0.29558959 0.13900283 15.11166017
100300 -0.39376849 0.03941688 0.79626091
100400 -0.30768801 0.16499784 17.87289499
100500 -0.27466081 0.11551612 14.52694308
100600 -0.31376659 0.09093961 7.85310657
100700 -0.33269846 0.17268293 17.17444651
100800 -0.34173312 0.11151104 7.91487065
100900 -0.29028934 0.09464265 10.49683072
101000 -0.30349446 0.09035628 8.73878865
101100 -0.31419114 0.15102144 15.08531782
101200 -0.30362614 0.10756765 10.42936036
101300 -0.29436019 0.13959324 15.32302140
101400 -0.32910505 0.10558879 8.08754345
101500 -0.34399217 0.13317981 10.43686932
101600 -0.25499599 0.11449396 17.06751481
101700 -0.29198502 0.05907578 7.57859181
101800 -0.32741855 0.14210778 12.73134390
101900 -0.29264461 0.06073691 7.60707572
102000 -0.31465378 0.10998024 9.68981501
102100 -0.36695172 0.12504487 8.36420471
102200 -0.34981619 0.10715220 7.00000425
102300 -0.27528565 0.09833495 12.61171643
102400 -0.27177846 0.11271309 14.57250161
102500 -0.35331757 0.12320365 8.67919393
102600 -0.29172660 0.08416752 9.40365103
102700 -0.28182603 0.10767535 12.77953343
102800 -0.35261985 0.10470803 6.60432507
102900 -0.32697089 0.09870856 7.53831541
103000 -0.28035636 0.10489043 12.65830172
103100 -0.34074099 0.14719965 12.58968289
103200 -0.34694258 0.15070272 12.76319934
103300 -0.28936432 0.08939685 10.11602555
103400 -0.31784126 0.09091584 7.50787415
103500 -0.33310609 0.11462508 8.80685253
103600 -0.30022723 0.12517994 12.81231164
103700 -0.35685112 0.05640453 2.52164815
103800 -0.38245304 0.11582091 6.86118981
103900 -0.35229888 0.07455439 3.91687694
104000 -0.32830907 0.10935666 8.54923461
104100 -0.36108421 0.12654259 8.76373227
104200 -0.29551088 0.04583994 6.50963830
104300 -0.30178186 0.08802785 8.69785275
104400 -0.32579534 0.13131399 11.37484792
104500 -0.30414248 0.18200829 21.15783984
104600 -0.33837541 0.15502710 13.91549555
104700 -0.28640228 0.10637699 12.11025224
104800 -0.31187455 0.14575656 14.50553441
104900 -0.36268853 0.08628522 4.41864252
105000 -0.24499469 0.04355152 12.96169056
105100 -0.32426112 0.15210256 14.43578410
105200 -0.33818659 0.16377451 15.32149432
105300 -0.29884219 0.17317724 20.11162950
105400 -0.36703253 0.11489732 7.14412393
105500 -0.31219517 0.10718566 9.59922732
105600 -0.31446520 0.03990275 4.45421625
105700 -0.34968660 0.11868566 8.30886245
105800 -0.26141004 0.05285931 11.00064205
105900 -0.35542745 0.08081336 4.25875568
106000 -0.30149692 0.09512169 9.37549609
106100 -0.27382693 0.17458448 23.19969162
106200 -0.30814619 0.10611698 9.84896805
106300 -0.32859998 0.13418974 11.55242408
106400 -0.33517755 0.10639965 7.76141721
106500 -0.33657199 0.13997947 11.80868186
106600 -0.31360853 0.05602981 5.30141293
106700 -0.28314618 0.04685895 7.92528874
106800 -0.32465376 0.13070288 11.38014939
106900 -0.25462792 0.09661477 15.23372759
107000 -0.32738240 0.13408377 11.62588643
107100 -0.23876719 0.11417566 19.51604987
107200 -0.38145558 0.19613596 19.40660491
107300 -0.26248786 0.07993708 12.64976241
107400 -0.34507332 0.06407833 3.56148654
107500 -0.31053441 0.15420612 15.89180958
107600 -0.34003194 0.11826608 8.79151668
107700 -0.32009210 0.07684482 6.14519899
107800 -0.31017525 0.09716139 8.75441031
107900 -0.32034766 0.09642915 7.82153854
108000 -0.29018174 0.13999096 15.82875904
108100 -0.30724783 0.13291616 13.13483447
108200 -0.26377065 0.09607948 13.89485118
108300 -0.25821985 0.04291973 10.97185731
108400 -0.30994830 0.04797766 5.20558225
108500 -0.27074269 0.13210018 17.07895486
108600 -0.33132983 0.16180714 15.44857187
108700 -0.36647522 0.15591665 12.71695618
108800 -0.33531437 0.12793802 10.27618389
108900 -0.29453698 0.05047287 6.83497912
109000 -0.30927694 0.12614205 12.07124441
109100 -0.28513130 0.08705809 10.38696431
109200 -0.34171482 0.14511055 12.22711670
109300 -0.28354106 0.09500461 11.29428032
109400 -0.36177112 0.12176047 8.14352942
109500 -0.26164616 0.08665114 13.32510276
109600 -0.30270234 0.18852470 22.50419919
109700 -0.23787459 0.14630856 23.84542310
109800 -0.33251491 0.13306205 11.12987372
109900 -0.33533118 0.08836716 5.99540541
110000 -0.29632256 0.12649104 13.37449753
110100 -0.30465271 0.15858482 17.12012642
110200 -0.32709414 0.11547735 9.32514137
110300 -0.28519889 0.10103501 11.69368370
110400 -0.36900614 0.14984305 11.70677931
110500 -0.34971922 0.10573522 6.85404731
110600 -0.28811813 0.08742238 10.08011307
110700 -0.31934900 0.14519734 13.79342645
110800 -0.30820710 0.10556808 9.78527804
110900 -0.30217403 0.16331606 18.12102832
111000 -0.33432491 0.12527615 10.00366573
111100 -0.29742271 0.12279639 12.80052673
111200 -0.33929379 0.14156403 11.86280929
111300 -0.33133074 0.11231153 8.66467401
111400 -0.30977170 0.12818473 12.28623554
111500 -0.33994787 0.07883176 4.91035198
111600 -0.29108884 0.10324648 11.26073792
111700 -0.26444946 0.11212380 15.47284709
111800 -0.40809448 0.06003506 1.83486443
111900 -0.34451261 0.01973638 1.73418770
112000 -0.32196100 0.07689023 6.00109657
112100 -0.26494556 0.05096484 10.41855825
112200 -0.29194935 0.11897321 12.91478323
112300 -0.33257518 0.13836090 11.84492233
112400 -0.29880483 0.14021020 14.94968146
112500 -0.32181211 0.13735621 12.49003689
112600 -0.29188578 0.15163728 17.34127485
112700 -0.35327850 0.09135478 5.26429738
112800 -0.31959312 0.12465598 11.00218995
112900 -0.27747165 0.11661898 14.30659208
113000 -0.29986142 0.12647336 13.01162302
113100 -0.33374387 0.15371830 14.00959535
113200 -0.30428866 0.12912466 12.91691939
113300 -0.36380705 0.02232180 0.90409607
113400 -0.34593606 0.12091225 8.77134135
113500 -0.28643295 0.07942114 9.60259644
113600 -0.32369815 0.13409582 11.90183039
113700 -0.30784167 0.08178172 7.59070425
113800 -0.28635361 0.07354592 9.16225188
113900 -0.32007882 0.08743506 7.01614224
114000 -0.30596162 0.07558656 7.27827276
114100 -0.28392199 0.10453599 12.20093938
114200 -0.34375307 0.02928263 2.01059449
114300 -0.34588865 0.11056595 7.57643407
114400 -0.32211464 0.12459520 10.79504712
114500 -0.34567071 0.09792342 6.27033411
114600 -0.30264766 0.12917994 13.08246763
114700 -0.31257254 0.13569644 13.02854274
114800 -0.35353291 0.11802045 8.04400900
114900 -0.24583460 0.05170490 13.22018284
115000 -0.36385927 0.13170399 9.32604597
115100 -0.30328379 0.07589816 7.55727795
115200 -0.30963880 0.11055223 10.19347111
115300 -0.28891807 0.11483128 12.76270839
115400 -0.32137475 0.11547063 9.75769796
115500 -0.32446318 0.11412314 9.36495088
115600 -0.34827433 0.06406221 3.38975586
115700 -0.33966663 0.16672004 15.71784354
115800 -0.28182170 0.12314490 14.56538911
115900 -0.39167259 0.09258606 4.32076250
116000 -0.31138949 0.14171263 13.96714558
116100 -0.33917674 0.06791204 4.15575723
116200 -0.27288555 0.15465891 20.03873099
116300 -0.29161867 0.08147387 9.19225261
116400 -0.29760517 0.08654509 8.98737758
116500 -0.31161005 0.10783719 9.72082157
116600 -0.26910146 0.08037985 11.79767429
116700 -0.28506015 0.13094558 15.17895776
116800 -0.31604881 0.12271151 11.05295752
116900 -0.27394046 0.08486187 11.54627177
117000 -0.35975812 0.16891903 15.07652420
117100 -0.32049188 0.10036303 8.19713952
117200 -0.26932562 0.01554290 8.65868738
117300 -0.35992428 0.14987526 12.03432782
117400 -0.33180490 0.07751294 5.32941408
117500 -0.30411490 0.03551872 5.22776587
117600 -0.32978638 0.07400850 5.20360534
117700 -0.31104178 0.11771808 10.88555634
117800 -0.33859774 0.06993708 4.33071620
117900 -0.33190601 0.06919637 4.71246444
118000 -0.35013213 0.08506262 4.86122647
118100 -0.28225797 0.13398109 15.90705899
118200 -0.31816621 0.09789592 8.14019049
118300 -0.33360942 0.09839774 7.04491210
118400 -0.34557515 0.13856955 11.08179161
118500 -0.32103636 0.06658238 5.33423510
118600 -0.33752943 0.10900059 7.89185112
118700 -0.31217127 0.19044894 21.99234298
118800 -0.29517312 0.12587090 13.41607895
118900 -0.28070519 0.18540132 24.30245096
119000 -0.32161111 0.08073574 6.33153905
119100 -0.34641469 0.06233638 3.37860451
119200 -0.24062354 0.06292178 14.68000260
119300 -0.30357567 0.11189039 10.90855454
119400 -0.27353535 0.09105769 12.14240504
119500 -0.24882553 0.11881173 18.48497435
119600 -0.30569693 0.07459241 7.22854835
119700 -0.33967775 0.08163220 5.15129468
119800 -0.29544246 0.10178736 10.64647319
119900 -0.31232152 0.12952682 12.23235705
120000 -0.29817299 0.10842680 11.06255580
120100 -0.31254367 0.13134735 12.45036792
120200 -0.33321284 0.04296626 3.15331216
120300 -0.35877243 0.13524032 9.99482826
120400 -0.29666958 0.05608195 6.91118018
120500 -0.34696032 0.15784473 13.86408296
120600 -0.32806396 0.14335633 12.86291603
120700 -0.31215285 0.10085043 8.94396488
120800 -0.29433316 0.09492305 10.08793334
120900 -0.33989745 0.16005046 14.61423297
121000 -0.26803510 0.14703760 19.51739594
121100 -0.32536414 0.11792784 9.73874357
121200 -0.30634988 0.11926193 11.49687578
121300 -0.34510900 0.13379507 10.45707101
121400 -0.33848579 0.12959037 10.28883161
121500 -0.31371559 0.06709592 5.97343105
121600 -0.28125389 0.12320600 14.64017827
121700 -0.33280782 0.11832824 9.25818047
121800 -0.35462513 0.09309807 5.36306455
121900 -0.33639689 0.12988905 10.45825982
122000 -0.26862613 0.07045543 11.11153008
122100 -0.31641239 0.10416481 8.91859818
122200 -0.25393455 0.11776647 17.60202855
122300 -0.31257895 0.14196852 13.89874952
122400 -0.34291352 0.14588050 12.26999246
122500 -0.35140654 0.13688170 10.54896153
122600 -0.40383568 0.06850827 2.35404793
122700 -0.39427969 0.18070897 16.34422716
122800 -0.34781858 0.05959365 3.13715179
122900 -0.35314289 0.12572689 9.00141954
123000 -0.30325088 0.16457255 18.22225753
123100 -0.32482354 0.10467605 8.30428787
123200 -0.30989723 0.12764423 12.20577877
123300 -0.33780777 0.13117450 10.53731212
123400 -0.28997782 0.11407809 12.55934601
123500 -0.29713339 0.13231204 14.04400756
123600 -0.26527341 0.05838369 10.77995480
123700 -0.29692643 0.11825321 12.30399130
123800 -0.25842671 0.06964910 12.44699674
123900 -0.30723664 0.12932799 12.66538465
124000 -0.26318820 0.10567026 14.94183582
124100 -0.31169658 0.11784306 10.84224105
124200 -0.35146735 0.06124684 3.05329696
124300 -0.29988399 0.11710666 11.86859322
124400 -0.31601221 0.14830230 14.52376069
124500 -0.31229300 0.12677763 11.88254216
124600 -0.31381014 0.13798505 13.23428259
124700 -0.31009423 0.06359729 6.06383169
124800 -0.33163049 0.10278449 7.61952030
124900 -0.36914817 0.04283668 1.39340808
125000 -0.30551221 0.06708631 6.71425816
125100 -0.31107392 0.08673325 7.71525262
125200 -0.35986677 0.06096227 2.66353721
125300 -0.28416946 0.10661303 12.39152662
125400 -0.31643227 0.09434496 7.94226875
125500 -0.28912378 0.12281976 13.68911451
125600 -0.35357232 0.08582084 4.76037267
125700 -0.32293319 0.09337903 7.32946847
125800 -0.36499771 0.03774272 1.32483635
125900 -0.25053667 0.07389049 13.89954499
126000 -0.36147014 0.08265996 4.15860930
126100 -0.31204286 0.13888219 13.51235993
126200 -0.29939287 0.11135422 11.26077879
126300 -0.28644887 0.07476064 9.24150655
126400 -0.33843876 0.19349269 20.61460294
126500 -0.28986342 0.12659876 14.07865579
126600 -0.27399369 0.14006262 17.74756393
126700 -0.30927231 0.09390230 8.52457756
126800 -0.31368556 0.13302315 12.57267031
126900 -0.30942382 0.12877787 12.39389212
127000 -0.33521917 0.14325151 12.35877526
127100 -0.26832220 0.09354533 13.04488645
127200 -0.35817587 0.11414239 7.38887147
127300 -0.34380273 0.22002878 25.78539789
127400 -0.29280135 0.15406020 17.61304894
127500 -0.32892327 0.06741400 4.79827472
127600 -0.31620130 0.14730833 14.36098235
127700 -0.33004462 0.07377887 5.16853789
127800 -0.34193906 0.05398050 3.14248354
127900 -0.29383452 0.11265898 11.98157751
128000 -0.32956161 0.07322659 5.16185024
128100 -0.34196926 0.17891178 17.68849626
128200 -0.31064947 0.11701001 10.83742971
128300 -0.32090007 0.09924646 8.05332955
128400 -0.28287816 0.11466265 13.43252431
128500 -0.38685747 0.12120236 7.43136877
128600 -0.31044924 0.15654165 16.26231366
128700 -0.32835512 0.13526944 11.71540451
128800 -0.30756701 0.11184047 10.52607393
128900 -0.29536420 0.17924295 21.53834322
129000 -0.29935311 0.12601832 13.00520698
129100 -0.37848278 0.13355031 9.14933751
129200 -0.28372275 0.12365357 14.40530275
129300 -0.27674052 0.11187128 13.85404176
129400 -0.30180092 0.15527502 16.87669619
129500 -0.28472825 0.13965166 16.39508151
129600 -0.31797668 0.10010107 8.37402450
129700 -0.30292915 0.06436100 6.78254399
129800 -0.30803170 0.12304196 11.79874577
129900 -0.34414869 0.09490310 6.06298334
130000 -0.26464227 0.08169433 12.49783890
130100 -0.33020069 0.09214923 6.68171200
130200 -0.30626607 0.10780292 10.20375974
130300 -0.31330949 0.14530890 14.31496068
130400 -0.28141203 0.03704350 7.71766364
130500 -0.36909422 0.06842127 2.81831857
130600 -0.36428372 0.11895989 7.71355462
130700 -0.30285101 0.03549401 5.34887510
130800 -0.34821036 0.18418005 18.30222779
130900 -0.23635725 0.10719176 19.13451172
131000 -0.33827562 0.15009536 13.16925760
131100 -0.31254861 0.13881263 13.45834579
131200 -0.29375357 0.05287998 7.04229776
131300 -0.30235499 0.10686109 10.47692078
131400 -0.31163967 0.12111566 11.23827534
131500 -0.40262033 0.12661346 8.01891714
131600 -0.29815951 0.16836492 19.35911550
131700 -0.31769361 0.12236282 10.87350141
131800 -0.32479576 0.15099715 14.22790823
131900 -0.35601299 0.07219113 3.57320840
132000 -0.32008631 0.03502203 3.80637071
132100 -0.31584718 0.09205007 7.77745571
132200 -0.30688358 0.13835201 13.90597249
132300 -0.33400883 0.10006456 7.18387570
132400 -0.30356518 0.11584181 11.35949922
132500 -0.28293937 0.05858680 8.56780181
132600 -0.37368244 0.11141336 6.55277494
132700 -0.33698151 0.12443153 9.72726806
132800 -0.31332717 0.11953501 10.90039897
132900 -0.28788291 0.09440784 10.74154091
133000 -0.30214587 0.11250104 11.11595757
133100 -0.26645078 0.11640603 15.69287825
133200 -0.28315364 0.14782161 17.75214936
133300 -0.32617798 0.06780115 5.02334318
133400 -0.29873116 0.10548089 10.69079771
133500 -0.31716954 0.07619913 6.33359647
133600 -0.36273879 0.08831583 4.59404224
133700 -0.33307735 0.13832676 11.80646655
133800 -0.27568477 0.13009063 16.18892408
133900 -0.27748980 0.12012558 14.71945134
134000 -0.32378199 0.19931926 22.76867704
134100 -0.29146086 0.05770689 7.55541526
134200 -0.31799793 0.08176464 6.70489814
134300 -0.30368123 0.09487434 9.13922285
134400 -0.36379406 0.12867876 8.93454659
134500 -0.33682516 0.13492556 11.09798381
134600 -0.35744483 0.21568343 24.16514298
134700 -0.32890819 0.07225412 5.13735155
134800 -0.28291384 0.11847488 13.87273381
134900 -0.37933541 0.10841888 6.09083910
135000 -0.31647648 0.09186643 7.70780967
135100 -0.34321608 0.09706481 6.32299543
135200 -0.33804283 0.06349865 3.93538504
135300 -0.33087539 0.13213897 11.11946009
135400 -0.30913707 0.08529446 7.76560858
135500 -0.37518753 0.06693113 2.54771744
135600 -0.34711944 0.08758736 5.23394987
135700 -0.30249471 0.13531899 13.90925478
135800 -0.33436021 0.08708940 5.94657298
135900 -0.31705056 0.07753742 6.44633067
136000 -0.29928320 0.08329500 8.54096476
136100 -0.30160778 0.14744099 15.70993838
136200 -0.34625149 0.08766744 5.28724071
136300 -0.35774888 0.13877996 10.52251798
136400 -0.33259191 0.10235923 7.51063142
136500 -0.28487322 0.04668908 7.71702264
136600 -0.34120799 0.12688705 9.77841201
136700 -0.34116792 0.11770004 8.65725700
136800 -0.38015560 0.10499271 5.70863511
136900 -0.30340078 0.18132301 21.10472079
137000 -0.27894858 0.15315793 19.05539809
137100 -0.28497598 0.12901113 14.93719901
137200 -0.29318262 0.08076066 8.96611777
137300 -0.32101066 0.08365898 6.61906971
137400 -0.35900318 0.12414609 8.54649523
137500 -0.32291127 0.14304383 13.20210437
137600 -0.31892793 0.19114872 21.55525761
137700 -0.30565030 0.11568148 11.14203532
137800 -0.31444595 0.11743494 10.55522961
137900 -0.33604067 0.12988868 10.48093323
138000 -0.33007725 0.09639547 7.09063935
138100 -0.27271455 0.10824648 13.95944310
138200 -0.29496093 0.05672580 7.12551118
138300 -0.28506789 0.12603334 14.54689649
138400 -0.32126504 0.13855953 12.69896936
138500 -0.26752117 0.08811841 12.65774820
138600 -0.28300871 0.17991488 23.02816275
138700 -0.37584164 0.15793611 12.76372045
138800 -0.31453584 0.10315500 8.97253757
138900 -0.29679567 0.09753566 10.08217007
139000 -0.26407095 0.07548186 12.08710928
139100 -0.30603304 0.13922095 14.10613099
139200 -0.32259295 0.08291772 6.43360026
139300 -0.27437734 0.07927081 11.03245758
139400 -0.30132543 0.07748991 7.87067854
139500 -0.25966693 0.05361606 11.28402659
139600 -0.32971350 0.14026845 12.30771478
139700 -0.24830977 0.02874001 11.91795654
139800 -0.30856017 0.13128478 12.79846791
139900 -0.24170457 0.12463422 20.29556596
140000 -0.33584915 0.10789111 7.87791160
140100 -0.36258158 0.06899594 3.08028863
140200 -0.30271755 0.11414645 11.24664330
140300 -0.32678246 0.10229353 7.91238731
140400 -0.29941976 0.11507782 11.67964395
140500 -0.28336082 0.09814281 11.61835431
140600 -0.36812163 0.13278333 9.32382088
140700 -0.27606740 0.10662904 13.36452128
140800 -0.35264310 0.07359313 3.82931193
140900 -0.35405200 0.11051433 7.16231800
141000 -0.28325618 0.09241325 11.08466400
141100 -0.33410521 0.10611572 7.80133449
141200 -0.29801149 0.15400347 17.05936168
141300 -0.26154795 0.08225152 12.96714160
141400 -0.34423834 0.10253987 6.81189324
141500 -0.28643921 0.10921846 12.41236257
141600 -0.30383272 0.15748678 17.02511601
141700 -0.27556504 0.16861924 21.95825429
141800 -0.26420444 0.12176731 16.63385650
141900 -0.30074196 0.13788019 14.43155324
142000 -0.30381965 0.12168291 12.02869541
142100 -0.30267492 0.11691062 11.57013176
142200 -0.27298231 0.07335417 10.75716487
142300 -0.31086728 0.08065709 7.22510351
142400 -0.31500260 0.18969365 21.60411920
142500 -0.34947864 0.11158115 7.50138050
142600 -0.33019669 0.09832136 7.26979603
142700 -0.35029842 0.12321909 8.82659620
142800 -0.27549037 0.11833143 14.75248664
142900 -0.32422311 0.10925273 8.83914774
143000 -0.27815823 0.16277902 20.67121394
143100 -0.29863991 0.05466687 6.63116735
143200 -0.28026052 0.03302445 7.71407908
143300 -0.31476066 0.12218552 11.09752259
143400 -0.29080318 0.05265065 7.34801837
143500 -0.32404716 0.10387412 8.27933336
143600 -0.34323164 0.15386661 13.44879073
143700 -0.33808508 0.06499415 4.02884831
143800 -0.30641554 0.08585918 8.06492523
143900 -0.28836192 0.11113059 12.40653489
144000 -0.26647457 0.10927912 14.88548409
144100 -0.30762604 0.08104700 7.55078250
144200 -0.33147197 0.09182889 6.56431745
144300 -0.33831439 0.15708836 14.24093373
144400 -0.34711029 0.12735063 9.50775250
144500 -0.28926289 0.09068034 10.24281616
144600 -0.30738318 0.12129109 11.64470283
144700 -0.25696473 0.07233036 12.84538370
144800 -0.37716371 0.01897798 0.44083006
144900 -0.29030980 0.08853058 9.93480152
145000 -0.27742839 0.11117882 13.69226388
145100 -0.34680429 0.20563479 22.55772434
145200 -0.37847709 0.14213197 10.33236606
145300 -0.29866097 0.06160243 7.03222922
145400 -0.34014564 0.13964318 11.54138135
145500 -0.30551720 0.16275878 17.70871036
145600 -0.27110996 0.10168164 13.47589927
145700 -0.27206350 0.12276983 15.72008957
145800 -0.23902035 0.18079511 29.30066053
145900 -0.31902403 0.12477624 11.06310939
146000 -0.30492936 0.08021622 7.73653385
146100 -0.30687674 0.11938344 11.46217285
146200 -0.33016104 0.14606119 13.10567527
146300 -0.34234267 0.11688698 8.49346720
146400 -0.30946388 0.12368863 11.74783373
146500 -0.31210957 0.09913421 8.77616032
146600 -0.32085462 0.08408660 6.66727418
146700 -0.31961386 0.14594887 13.88150172
146800 -0.34229762 0.06523037 3.79228262
146900 -0.32757471 0.04511943 3.64059309
147000 -0.33966186 0.15588642 13.97063417
147100 -0.31735826 0.11747099 10.31454583
147200 -0.28653617 0.10786749 12.25471832
147300 -0.32224504 0.08163175 6.35478872
147400 -0.25733545 0.16977323 24.58806152
147500 -0.33527913 0.10371418 7.47271031
147600 -0.34237541 0.08746226 5.48512038
147700 -0.38323580 0.08267630 3.55820452
147800 -0.29553732 0.08376641 8.96463140
147900 -0.30698023 0.10855882 10.21884736
148000 -0.28835735 0.09068193 10.34364655
148100 -0.28453058 0.09383943 11.06951329
148200 -0.30562995 0.09039915 8.53885641
148300 -0.34902124 0.08415808 4.84070781
148400 -0.28440728 0.09258696 10.96701036
148500 -0.32026082 0.04930430 4.39462546
148600 -0.33413269 0.13754047 11.62794206
148700 -0.33844535 0.07951873 5.05610147
148800 -0.30519432 0.12639227 12.48156237
148900 -0.25058910 0.09351990 15.53479477
149000 -0.31104858 0.08663147 7.70868305
149100 -0.29673100 0.05745588 6.98283203
149200 -0.34551294 0.12357496 9.11980471
149300 -0.31985339 0.11099984 9.37222165
149400 -0.32726477 0.13539460 11.81105627
149500 -0.29222688 0.13567454 15.01131364
149600 -0.25096070 0.10177261 16.28518910
149700 -0.34630804 0.10614922 7.07524144
149800 -0.35885863 0.14202085 10.93126664
149900 -0.26671694 0.09953702 13.83599626
150000 -0.28956877 0.07743987 9.09599532
150100 -0.35282486 0.08907140 5.07960402
150200 -0.32354670 0.11774662 9.85468618
150300 -0.30494412 0.09661030 9.18458523
150400 -0.29097289 0.11250087 12.27167843
150500 -0.33008710 0.08485159 6.04380301
150600 -0.21840775 0.12591066 24.41462040
150700 -0.28552406 0.12218887 14.01743051
150800 -0.31812400 0.14984034 14.57790330
150900 -0.28864325 0.10154963 11.35632686
151000 -0.23671286 0.10373011 18.71131347
151100 -0.30174587 0.11367968 11.28847141
151200 -0.35549547 0.07097885 3.50932487
151300 -0.29489019 0.08220582 8.90293456
151400 -0.32977873 0.04790703 3.61305547
151500 -0.33611849 0.08242855 5.43765621
151600 -0.34487061 0.14042018 11.37853837
151700 -0.34268490 0.11990314 8.83089228
151800 -0.37409081 0.04711152 1.44539066
151900 -0.30844340 0.07835898 7.26136983
152000 -0.33187590 0.03854206 3.06319164
152100 -0.25557570 0.06468802 12.52145987
152200 -0.31121862 0.08396793 7.46637304
152300 -0.26816230 0.15106420 20.10078602
152400 -0.28314808 0.10557806 12.40054854
152500 -0.28131117 0.07440417 9.81150903
152600 -0.34768057 0.03116121 1.85417175
152700 -0.35053584 0.10861737 7.12221815
152800 -0.26647550 0.13311036 17.77358039
152900 -0.24075903 0.15306450 24.39321355
153000 -0.34516948 0.11437695 8.04423658
153100 -0.37711543 0.06752517 2.54167582
153200 -0.31074852 0.10803202 9.81837158
153300 -0.25062959 0.07660660 14.09004474
153400 -0.25697357 0.09843439 15.07294456
153500 -0.24641721 0.03704561 12.48002542
153600 -0.30489747 0.08584919 8.20728807
153700 -0.32199922 0.16822415 17.19174405
153800 -0.34337907 0.10639590 7.26300837
153900 -0.29002036 0.10415038 11.47141050
154000 -0.29685553 0.14982714 16.54347617
154100 -0.27587995 0.07125810 10.24175235
154200 -0.35188907 0.10420024 6.58617582
154300 -0.28968496 0.10977366 12.10983233
154400 -0.35605286 0.05629777 2.55039507
154500 -0.34573168 0.14544986 12.05035588
154600 -0.34443429 0.15524647 13.59450782
154700 -0.29700956 0.11011166 11.36580383
154800 -0.32886637 0.11080111 8.66843931
154900 -0.35046510 0.09966397 6.19330615
155000 -0.33887626 0.13114108 10.46704671
155100 -0.38270307 0.11527345 6.79357640
155200 -0.34134618 0.05468002 3.21508734
155300 -0.33785902 0.05577645 3.48625727
155400 -0.30596085 0.12398915 12.10833601
155500 -0.32012583 0.12849221 11.44506594
155600 -0.26868379 0.11277437 14.98100183
155700 -0.28275339 0.02691729 7.23565436
155800 -0.36549766 0.20594539 21.80195752
155900 -0.26648727 0.13723433 18.32945475
156000 -0.29825227 0.08529966 8.81431692
156100 -0.28929542 0.13238447 14.89057628
156200 -0.38084864 0.08911044 4.15372247
156300 -0.27784445 0.10755618 13.24515542
156400 -0.31225810 0.06184565 5.76176280
156500 -0.32527953 0.09410317 7.21927781
156600 -0.31932940 0.13092189 11.82414327
156700 -0.34105901 0.09751508 6.49161557
156800 -0.34150460 0.08539678 5.35716106
156900 -0.36711802 0.14868138 11.59368923
157000 -0.32155836 0.04154341 3.93947324
157100 -0.32356920 0.14703612 13.73064378
157200 -0.28663386 0.08249893 9.82897740
157300 -0.23730339 0.04869275 14.42058587
157400 -0.35430412 0.09274981 5.34532057
157500 -0.30583619 0.06313764 6.42659265
157600 -0.28825796 0.13016567 14.71469210
157700 -0.33534361 0.06601407 4.26915295
157800 -0.41881313 0.06527377 2.30729982
157900 -0.33411566 0.11239261 8.48642271
158000 -0.35345131 0.08573315 4.75847619
158100 -0.31980416 0.07708698 6.18688768
158200 -0.32180945 0.12427915 10.77953440
158300 -0.34770267 0.08478558 4.96180280
158400 -0.33441163 0.15499331 14.16238086
158500 -0.31167324 0.14136669 13.89307890
158600 -0.32092865 0.07477543 5.92182187
158700 -0.30670549 0.08000922 7.55267091
158800 -0.38786678 0.04698609 1.17745396
158900 -0.31775569 0.07831115 6.44838130
159000 -0.31751672 0.12985829 11.83333354
159100 -0.25576195 0.07117150 12.93499883
159200 -0.31354437 0.07322992 6.41859859
159300 -0.28472128 0.06772145 8.93768901
159400 -0.30481405 0.13461545 13.59084219
159500 -0.36308466 0.12721283 8.77292321
159600 -0.36588234 0.17516746 15.92382711
159700 -0.31765948 0.08776945 7.24171804
159800 -0.30117080 0.07537110 7.72400636
159900 -0.31363902 0.06224001 5.66601842
160000 -0.36414343 0.13904367 10.30941742
160100 -0.32029983 0.09404862 7.59862976
160200 -0.27925218 0.13167299 15.95890584
160300 -0.30390070 0.05920046 6.36988506
160400 -0.28146390 0.14126619 17.00347085
160500 -0.29847261 0.07478256 7.95012090
160600 -0.30780120 0.03705007 4.93666313
160700 -0.28571130 0.13600058 15.77903295
160800 -0.31278511 0.09663142 8.47203418
160900 -0.31500242 0.11756574 10.52314659
161000 -0.33373632 0.11199790 8.46720181
161100 -0.30824432 0.08685589 7.98152497
161200 -0.27254866 0.05136307 9.44100510
161300 -0.23580426 0.12295463 21.03904059
161400 -0.32467070 0.11703383 9.68571008
161500 -0.32892980 0.09623285 7.15586756
161600 -0.39339831 0.18160330 16.51167013
161700 -0.31517791 0.15475429 15.57183866
161800 -0.32175092 0.08462615 6.64225201
161900 -0.33566233 0.12259229 9.58410276
162000 -0.28281980 0.07658629 9.79832964
162100 -0.24937381 0.16558421 25.05318997
162200 -0.25155301 0.16478314 24.59499493
162300 -0.32884160 0.14827658 13.52473093
162400 -0.29858147 0.08486122 8.74357302
162500 -0.27500336 0.01954552 8.00309377
162600 -0.34390566 0.14077022 11.48141532
162700 -0.26976479 0.06810244 10.79957572
162800 -0.37392646 0.11990219 7.52818245
162900 -0.37506397 0.19753036 19.82002374
163000 -0.30047438 0.11419290 11.47268384
163100 -0.31195076 0.11465262 10.44894612
163200 -0.37212240 0.11003408 6.44232978
163300 -0.28024093 0.10965593 13.18332868
163400 -0.36128426 0.16635615 14.58663881
163500 -0.29161251 0.18799555 23.54508841
163600 -0.21275148 0.08663520 21.28383226
163700 -0.33073853 0.04447882 3.38775798
163800 -0.32089536 0.06232463 5.07095200
163900 -0.31466980 0.12087882 10.94646634
164000 -0.30553511 0.08170883 7.79997401
164100 -0.33108803 0.17091877 16.98104300
164200 -0.34992458 0.14413323 11.64096706
164300 -0.34669781 0.11150892 7.63768103
164400 -0.26276763 0.06659597 11.63387304
164500 -0.32329008 0.09239746 7.21085098
164600 -0.31608804 0.07202216 6.11420416
164700 -0.30631476 0.13302518 13.23631180
164800 -0.35188590 0.10001230 6.15871336
164900 -0.29551560 0.08203782 8.82359674
165000 -0.32876958 0.08296352 5.97835884
165100 -0.26925884 0.05361671 9.98400087
165200 -0.30987930 0.12554557 11.94171468
165300 -0.35280910 0.16778021 15.18859001
165400 -0.26895907 0.10443138 14.03881877
165500 -0.30765290 0.05403176 5.72370867
165600 -0.28698172 0.04952475 7.61291659
165700 -0.32597923 0.11806222 9.70888141
165800 -0.36362477 0.08483932 4.26043396
165900 -0.30820685 0.11136525 10.41410039
166000 -0.27151345 0.07297061 10.91675126
166100 -0.27962900 0.05964518 9.02336271
166200 -0.38002768 0.11321651 6.60843637
166300 -0.32997761 0.11130108 8.64553260
166400 -0.32946572 0.05894408 4.22474440
166500 -0.34516543 0.16646493 15.35870085
166600 -0.35422486 0.09268548 5.34298115
166700 -0.34263457 0.17858335 17.59140336
166800 -0.31976919 0.13541579 12.38720939
166900 -0.35515467 0.16440664 14.52032293
167000 -0.30948643 0.08881201 8.04013989
167100 -0.27730755 0.07027314 9.99587518
167200 -0.33118502 0.06716506 4.62332370
167300 -0.36250929 0.06824123 3.03120918
167400 -0.27271588 0.14865092 19.14917189
167500 -0.27709431 0.02027212 7.75838389
167600 -0.33485481 0.09273460 6.42180027
167700 -0.30161838 0.06498151 6.95076960
167800 -0.29143819 0.16001381 18.69504294
167900 -0.34459602 0.08231227 4.92245496
168000 -0.34271576 0.05528830 3.16914027
168100 -0.34845489 0.12923256 9.67897580
168200 -0.34801295 0.14094526 11.28410992
168300 -0.35131612 0.11117481 7.36497925
168400 -0.36279070 0.17289935 15.63935850
168500 -0.32695640 0.06229405 4.60795817
168600 -0.34853020 0.08843351 5.23481288
168700 -0.28023052 0.04510544 8.18961492
168800 -0.26647413 0.11496505 15.52306060
168900 -0.29078053 0.09908042 10.87291102
169000 -0.31384438 0.09479647 8.20458116
169100 -0.28384789 0.10159917 11.90685251
169200 -0.25965660 0.06896301 12.22608329
169300 -0.30362644 0.06490137 6.75002513
169400 -0.30524470 0.13014205 12.95776054
169500 -0.28469347 0.10819060 12.50040033
169600 -0.28491541 0.12381339 14.28710916
169700 -0.28753254 0.12005341 13.53087570
169800 -0.38803566 0.10414336 5.49449205
169900 -0.29812963 0.08826116 9.08380269
170000 -0.31695157 0.11789855 10.39855547
170100 -0.32730166 0.19847897 22.33947612
170200 -0.35461217 0.12915067 9.36997556
170300 -0.32139494 0.19329692 21.77122776
170400 -0.32360895 0.15579215 15.05339290
170500 -0.32479473 0.09746253 7.57738865
170600 -0.33878495 0.16112591 14.85441995
170700 -0.25968318 0.10231028 15.07810111
170800 -0.26316143 0.10482932 14.85698975
170900 -0.31169990 0.10625919 9.54396174
171000 -0.27894010 0.14810276 18.29496400
171100 -0.39958587 0.12760878 8.14208624
171200 -0.24189433 0.05125609 13.81229467
171300 -0.32969360 0.04916071 3.67988271
171400 -0.34953367 0.19748827 20.77423386
171500 -0.22101434 0.02410417 16.30843848
171600 -0.35202997 0.09374985 5.54507889
171700 -0.27238409 0.14194113 18.21655235
171800 -0.30668033 0.07475504 7.14843863
171900 -0.28902424 0.09242766 10.42924612
172000 -0.31604056 0.04579775 4.57331082
172100 -0.28532903 0.04713471 7.68555594
172200 -0.27094548 0.11081398 14.46740339
172300 -0.30061316 0.07209418 7.53765729
172400 -0.28857870 0.10498305 11.71807428
172500 -0.33005979 0.10457692 7.91398287
172600 -0.31657539 0.11364505 9.93743068
172700 -0.38474091 0.09604391 4.72863675
172800 -0.31222997 0.08650612 7.59344379
172900 -0.31842159 0.12378993 10.98949117
173000 -0.26363556 0.10690767 15.01225473
173100 -0.33393181 0.11006977 8.24017984
173200 -0.29574932 0.14425851 15.83936091
173300 -0.31740940 0.10846036 9.29242839
173400 -0.32863925 0.11256873 8.88203829
173500 -0.27661581 0.03205872 8.12570932
173600 -0.27181917 0.14198470 18.29499037
173700 -0.33440055 0.10535865 7.70186622
173800 -0.33338431 0.03944784 2.99689129
173900 -0.30679281 0.11905736 11.43111820
174000 -0.29894999 0.06592890 7.27886280
174100 -0.27629013 0.12230074 15.13080061
174200 -0.32161676 0.15350551 14.85393726
174300 -0.33393376 0.16106743 15.15373285
174400 -0.28979626 0.12127232 13.42592071
174500 -0.33960054 0.13390346 10.78911595
174600 -0.37559790 0.10994691 6.34189238
174700 -0.25187074 0.13068552 19.51049147
174800 -0.28514361 0.08603861 10.29731669
174900 -0.37468198 0.16438012 13.83091247
175000 -0.35116158 0.14034083 11.04037034
175100 -0.33416851 0.04765263 3.30227895
175200 -0.36770773 0.12683366 8.56478379
175300 -0.31835063 0.15442512 15.25686798
175400 -0.32742655 0.03828153 3.36619084
175500 -0.34436743 0.17938153 17.63635854
175600 -0.32800323 0.16762652 16.64109267
175700 -0.28078398 0.11433156 13.64208252
175800 -0.30636144 0.06457414 6.46899962
175900 -0.26155140 0.09923645 14.50794387
176000 -0.35769498 0.04546684 1.92847418
176100 -0.28974597 0.05980601 7.86635419
176200 -0.30840565 0.13427273 13.20934578
176300 -0.24276799 0.17417908 27.53012913
176400 -0.36057482 0.07921927 3.91501902
176500 -0.28581003 0.05509424 8.03736215
176600 -0.30077641 0.18643310 22.30131080
176700 -0.33252172 0.12205293 9.72511770
176800 -0.32566872 0.11488448 9.36179197
176900 -0.38936919 0.07271662 2.70036062
177000 -0.32729070 0.11883550 9.70425972
177100 -0.31204942 0.11883563 10.92860543
177200 -0.24886221 0.13374505 20.36518469
177300 -0.37691632 0.13698809 9.64929635
177400 -0.33802421 0.07567321 4.78371624
177500 -0.30047088 0.10127891 10.08173177
177600 -0.26280479 0.07582336 12.28585433
177700 -0.24328568 0.15083236 23.65488934
177800 -0.27281894 0.10412460 13.50847645
177900 -0.31550641 0.05128042 4.88442421
178000 -0.28140858 0.13075428 15.58030338
178100 -0.36627268 0.05761662 2.22860327
178200 -0.36230205 0.21752417 24.36895055
178300 -0.31521920 0.16106899 16.56550102
178400 -0.35309862 0.05933442 2.86015636
178500 -0.29878525 0.08701339 8.90787748
178600 -0.36087258 0.08814473 4.65022390
178700 -0.29062598 0.13797149 15.49940418
178800 -0.34354638 0.14194864 11.66821351
178900 -0.38916928 0.13464902 9.12383114
179000 -0.30096337 0.12759591 13.04448518
179100 -0.32428997 0.09168476 7.06905155
179200 -0.33303867 0.11108651 8.41201623
179300 -0.31864224 0.06519610 5.43480850
179400 -0.28059515 0.15645067 19.36716439
179500 -0.30247019 0.10632089 10.40809756
179600 -0.28689514 0.12386522 14.06765079
179700 -0.25799739 0.08707404 13.87331387
179800 -0.23633687 0.08653389 17.13686745
179900 -0.36489863 0.08864368 4.54490365
180000 -0.32792701 0.14074705 12.50212351
180100 -0.32609408 0.12166877 10.13268771
180200 -0.32695270 0.14244384 12.81307859
180300 -0.31477718 0.14493256 14.13418721
180400 -0.29226990 0.07893219 8.91803315
180500 -0.32311804 0.08930575 6.94317602
180600 -0.35949701 0.01694315 0.96378118
180700 -0.24050570 0.08643665 16.45486346
180800 -0.34919763 0.15885019 13.90713231
180900 -0.35228336 0.06603623 3.31883058
181000 -0.33402815 0.09851064 7.02831538
181100 -0.30382622 0.09098646 8.76396612
181200 -0.37972908 0.16776274 14.27762429
181300 -0.29070917 0.11357992 12.42244215
181400 -0.35321035 0.11497952 7.70478128
181500 -0.35833747 0.11996202 8.06332615
181600 -0.28153531 0.13415077 16.01515556
181700 -0.33182809 0.11860134 9.35684383
181800 -0.29265901 0.06054077 7.59363649
181900 -0.32976846 0.16929193 16.79611323
182000 -0.35596067 0.12212110 8.42651307
182100 -0.30063742 0.13925628 14.63261681
182200 -0.29725386 0.12806874 13.47918639
182300 -0.32041186 0.13463024 12.22978697
182400 -0.35494512 0.11116340 7.19362156
182500 -0.36512563 0.13041985 9.11277914
182600 -0.36088636 0.07183763 3.34526125
182700 -0.29171586 0.10745596 11.63611892
182800 -0.31251728 0.10834466 9.69589651
182900 -0.31401297 0.10368307 9.07197437
183000 -0.38221063 0.13813776 9.69925092
183100 -0.34259763 0.13261682 10.44112684
183200 -0.29930753 0.09390694 9.47874340
183300 -0.35414104 0.07770192 4.07031598
183400 -0.34142262 0.16948118 16.07759011
183500 -0.30219195 0.08423236 8.33075235
183600 -0.31202012 0.18415655 20.82704719
183700 -0.33084751 0.13848499 11.98008007
183800 -0.31387164 0.12695693 11.76807759
183900 -0.33330663 0.20458684 23.15188957
184000 -0.34271654 0.16670762 15.53641278
184100 -0.34450567 0.11108434 7.70967522
184200 -0.28839725 0.05756109 7.88422662
184300 -0.38879212 0.08981165 4.09587428
184400 -0.25541371 0.06461173 12.53993490
184500 -0.28594942 0.08393466 10.02628127
184600 -0.34659743 0.11547978 8.09370698
184700 -0.30003222 0.05162080 6.32913198
184800 -0.37224094 0.10041866 5.42723617
184900 -0.31520003 0.16586501 17.35111920
185000 -0.30912064 0.08638461 7.86067953
185100 -0.28516249 0.15168039 18.09729687
185200 -0.35343113 0.11196165 7.35203486
185300 -0.30998417 0.07439667 6.81885684
185400 -0.32937372 0.15511453 14.52429464
185500 -0.28783263 0.02976532 6.73374616
185600 -0.29190950 0.10646080 11.50872924
185700 -0.25710349 0.07854321 13.29422394
185800 -0.27739525 0.04362313 8.46745059
185900 -0.34683916 0.11320831 7.82109823
186000 -0.34617793 0.06848294 3.79336404
186100 -0.31260822 0.10704619 9.54810508
186200 -0.33167715 0.14575582 12.95638562
186300 -0.35815418 0.12238599 8.36470211
186400 -0.31536065 0.09269243 7.87785299
186500 -0.38004952 0.09160993 4.39520078
186600 -0.36354787 0.14537803 11.23176445
186700 -0.36217267 0.08946905 4.71780852
186800 -0.33333043 0.10217743 7.44252939
186900 -0.31512913 0.07950214 6.76182730
187000 -0.32074815 0.03247890 3.66786698
187100 -0.30142171 0.09261290 9.14741453
187200 -0.29907597 0.07538918 7.93459435
187300 -0.28086460 0.08657684 10.84439704
187400 -0.36806364 0.12355751 8.14319538
187500 -0.36778917 0.09818034 5.33845890
187600 -0.33674128 0.12906871 10.33019902
187700 -0.26776624 0.09138262 12.91827601
187800 -0.32844778 0.07896496 5.67759243
187900 -0.36532619 0.09767289 5.37113358
188000 -0.33823263 0.11854639 8.93422752
188100 -0.25035993 0.03923441 11.96574538
188200 -0.31375715 0.04953216 4.94563178
188300 -0.33869802 0.08896330 5.83620079
188400 -0.35168009 0.19480492 20.14188490
188500 -0.30927271 0.05088258 5.41023885
188600 -0.26639476 0.06586379 11.09420011
188700 -0.26395752 0.08786183 13.11362815
188800 -0.28105746 0.10732563 12.83305963
188900 -0.30120051 0.10889174 10.80937486
189000 -0.31667368 0.15009181 14.73541253
189100 -0.39317837 0.10469371 5.50365344
189200 -0.34132137 0.14442765 12.15126435
189300 -0.24955178 0.04490827 12.32571007
189400 -0.31237394 0.18364304 20.70154615
189500 -0.38198439 0.11717598 7.02738585
189600 -0.31727582 0.08605061 7.12399868
189700 -0.34100553 0.13572906 10.95136320
189800 -0.30542290 0.11161518 10.70138821
189900 -0.27429709 0.03344370 8.45985091
190000 -0.31760198 0.14552824 13.98395082
190100 -0.31285077 0.06117284 5.66855240
190200 -0.33513711 0.07759248 5.11389361
190300 -0.30140000 0.10584686 10.46275867
190400 -0.31821498 0.07595474 6.22895550
190500 -0.29709723 0.08700742 9.07963498
190600 -0.29412937 0.11171372 11.84427214
190700 -0.38635530 0.07392580 2.82560103
190800 -0.32390001 0.07689030 5.85166358
190900 -0.28345641 0.09138809 10.96709584
191000 -0.31268133 0.16174916 16.89366977
191100 -0.30234855 0.09875377 9.64405706
191200 -0.33019786 0.15403152 14.29902408
191300 -0.33561345 0.10998337 8.12098439
191400 -0.31956627 0.12342982 10.85225198
191500 -0.31763497 0.11595675 10.11498382
191600 -0.29817466 0.09819646 10.00547202
191700 -0.37957939 0.14438230 10.63162553
191800 -0.38770651 0.13412746 9.07065286
191900 -0.29582352 0.12961998 13.82703960
192000 -0.28465164 0.09988513 11.64114188
192100 -0.31468120 0.11180860 9.89023101
192200 -0.30530810 0.08203624 7.84824983
192300 -0.35364979 0.07422929 3.82916459
192400 -0.26097341 0.11830116 16.66177839
192500 -0.39973830 0.05170906 1.33694770
192600 -0.34894448 0.14190652 11.37206391
192700 -0.33114341 0.10338541 7.71488711
192800 -0.27519367 0.11520140 14.42399129
192900 -0.39004586 0.12118651 7.39262790
193000 -0.28531119 0.14967435 17.77796687
193100 -0.32557504 0.14268586 12.94916423
193200 -0.35705438 0.05042944 2.19372722
193300 -0.31079040 0.10102465 9.08216571
193400 -0.30325882 0.10773589 10.48293913
193500 -0.34713562 0.04602225 2.45634522
193600 -0.36023685 0.18059008 17.09694298
193700 -0.26562820 0.11707469 15.88113204
193800 -0.32501454 0.08050761 6.05214723
193900 -0.27793204 0.10309256 12.76433197
194000 -0.27941315 0.14443566 17.70142407
194100 -0.27053797 0.09963091 13.34336767
194200 -0.36830587 0.10881629 6.42275195
194300 -0.34926046 0.18007978 17.50161439
194400 -0.33711900 0.10877949 7.89349879
194500 -0.31179183 0.07893719 7.00588084
194600 -0.32013458 0.11659454 9.98638620
194700 -0.31943957 0.09242812 7.51646992
194800 -0.33626948 0.12396923 9.71497494
194900 -0.27757669 0.14917977 18.62103469
195000 -0.29853799 0.06676644 7.37614854
195100 -0.39935969 0.12602299 7.94110239
195200 -0.24738445 0.08986477 15.68359091
195300 -0.29735975 0.02864428 5.67775748
195400 -0.30846816 0.12552456 12.06724627
195500 -0.31929562 0.15512582 15.28860784
195600 -0.29076162 0.13610018 15.22814167
195700 -0.26336915 0.08449297 12.90352593
195800 -0.31088676 0.05557697 5.51498401
195900 -0.36543098 0.14097121 10.53394978
196000 -0.33724185 0.12858082 10.23580675
196100 -0.28047015 0.11800442 14.10621307
196200 -0.30219600 0.08265174 8.19846676
196300 -0.26819711 0.08188166 12.03830441
196400 -0.30928454 0.07618416 7.01666001
196500 -0.36179339 0.17076315 15.30989943
196600 -0.33172832 0.16076971 15.25396143
196700 -0.31053520 0.07957263 7.16787712
196800 -0.25589904 0.18317995 27.15998905
196900 -0.33481277 0.10209422 7.33630170
197000 -0.35109083 0.12839089 9.43816349
197100 -0.29058535 0.04607394 7.04718699
197200 -0.32108635 0.10334264 8.45353210
197300 -0.33968843 0.14338984 12.09906623
197400 -0.35857723 0.01829410 1.02525982
197500 -0.25415721 0.09911137 15.54659171
197600 -0.34044067 0.10266126 7.04332432
197700 -0.30467789 0.06285280 6.51838938
197800 -0.33757174 0.01245180 2.02616773
197900 -0.36712076 0.10521699 6.07582983
198000 -0.34747541 0.17457904 16.61833612
198100 -0.40206996 0.09692654 4.69951992
198200 -0.31774296 0.06535570 5.51879399
198300 -0.31913252 0.06737487 5.53946091
198400 -0.27033696 0.09408139 12.83190576
198500 -0.37866555 0.07377325 2.94882573
198600 -0.35185624 0.09989918 6.14883358
198700 -0.29877595 0.09902034 10.02566839
198800 -0.31615385 0.08458130 7.09208610
198900 -0.34122376 0.10474013 7.21257055
199000 -0.28971571 0.07078554 8.58660856
199100 -0.31923282 0.12166715 10.66311704
199200 -0.23753824 0.11282952 19.56216277
199300 -0.32354432 0.07825120 5.98436044
199400 -0.33652278 0.07976392 5.19582011
199500 -0.34914157 0.10186949 6.48198670
199600 -0.30334343 0.11980440 11.84779424
199700 -0.29140850 0.14242998 16.03920637
199800 -0.33984001 0.11537356 8.46514135
199900 -0.35471028 0.15175949 12.54105124
