0 -0.61180459 0.90055979 0.06983081
100 -0.73407088 1.15286335 40.95743704
200 -0.73000904 1.18526313 49.13870156
300 -0.70923193 1.12712495 31.75867897
400 -0.76534203 1.13858718 42.13091441
500 -0.72939148 1.14391356 38.11798988
600 -0.74975370 1.11304979 33.90819116
700 -0.71669884 1.12642691 32.44388312
800 -0.78949852 1.14859302 48.85408939
900 -0.72734833 1.15695316 41.12126282
1000 -0.74393128 1.12226837 35.05972125
1100 -0.70858066 1.18869055 47.56599664
1200 -0.74917059 1.16179273 45.39364940
1300 -0.70272889 1.12033442 29.55023997
1400 -0.76009660 1.12135608 37.31471730
1500 -0.70640544 1.18282263 45.65537991
1600 -0.74043335 1.15874340 43.33483585
1700 -0.76563076 1.12404673 38.81524290
1800 -0.71917640 1.13264811 34.16407818
1900 -0.70580297 1.15615549 38.40495115
2000 -0.70503329 1.16613498 40.92990940
2100 -0.74852592 1.15824391 44.37493345
2200 -0.72464690 1.13022724 34.27071464
2300 -0.69207911 1.17207190 41.25084043
2400 -0.71561930 1.16759978 42.48873170
2500 -0.71586353 1.16195033 41.02116557
2600 -0.68762995 1.19444619 47.18878430
2700 -0.75911859 1.14854740 43.54726818
2800 -0.73744967 1.16435634 44.38834320
2900 -0.74074321 1.15630802 42.75122788
3000 -0.70982225 1.12540889 31.43504818
3100 -0.74907638 1.09887033 30.88658736
3200 -0.74794541 1.13076857 37.57098878
3300 -0.75044160 1.14628998 41.64571342
3400 -0.73581623 1.18896200 50.97254215
3500 -0.67518933 1.17506816 40.65796459
3600 -0.70570799 1.17378799 43.06702099
3700 -0.74201594 1.12804126 36.08567221
3800 -0.71786320 1.14326112 36.53385359
3900 -0.73303487 1.17415633 46.42998418
4000 -0.70698690 1.15657357 38.63809565
4100 -0.70989615 1.15747907 39.18631617
4200 -0.71773721 1.12403955 32.02788547
4300 -0.70854707 1.17460578 43.59539981
4400 -0.68913382 1.21574105 53.81862326
4500 -0.72302162 1.15853675 40.98778544
4600 -0.74418173 1.16269533 44.89860341
4700 -0.72860156 1.17189259 45.23197134
4800 -0.71562321 1.18778884 48.09557266
4900 -0.73214649 1.13372235 36.04441459
5000 -0.73096630 1.13860325 37.04184058
5100 -0.71961129 1.15936807 40.78932739
5200 -0.67617838 1.18689188 44.05504693
5300 -0.70743910 1.16201019 40.09624983
5400 -0.71105114 1.08785152 23.81027493
5500 -0.72003434 1.13036307 33.73769415
5600 -0.70922767 1.19258577 48.76855887
5700 -0.74051871 1.13367468 37.17468167
5800 -0.73360082 1.17263177 46.08863042
5900 -0.70872592 1.14968349 37.08158549
6000 -0.75129403 1.11556032 34.67806811
6100 -0.69882652 1.15012212 36.16387833
6200 -0.68790270 1.17507264 41.69591989
6300 -0.73134956 1.12082292 33.00773274
6400 -0.72183968 1.10648472 28.74042317
6500 -0.70111596 1.18640853 46.12714162
6600 -0.70941844 1.18037975 45.29260098
6700 -0.75520196 1.13512491 39.68568539
6800 -0.72425423 1.14145402 36.86957836
6900 -0.75183943 1.11362288 34.34497379
7000 -0.68219483 1.12937868 29.68528464
7100 -0.69769726 1.16505430 39.89926882
7200 -0.71424727 1.12796715 32.51073064
7300 -0.72004568 1.16705761 42.86536727
7400 -0.71851877 1.15818898 40.35412391
7500 -0.69601705 1.18786791 46.04360490
7600 -0.73979501 1.17753450 48.28402168
7700 -0.72019357 1.14621491 37.53413762
7800 -0.71714703 1.18449201 47.32956538
7900 -0.72066162 1.15255529 39.17169988
8000 -0.74451310 1.16256121 44.91121297
8100 -0.69776034 1.19456306 48.16224068
8200 -0.75338227 1.15825718 45.11144616
8300 -0.76539696 1.15487492 46.15868937
8400 -0.73550839 1.15571258 41.87572399
8500 -0.73194374 1.14864914 39.61777297
8600 -0.71997505 1.18257340 47.12086982
8700 -0.73345966 1.15388520 41.13458819
8800 -0.70992381 1.12058112 30.36963660
8900 -0.77154779 1.11032882 36.83342932
9000 -0.66398295 1.18798610 43.51490655
9100 -0.72316475 1.19998917 52.58152894
9200 -0.67812471 1.16661293 38.59296300
9300 -0.72632515 1.13043383 34.52889692
9400 -0.75712541 1.17939242 51.37425807
9500 -0.71822842 1.13276112 34.07784918
9600 -0.71109732 1.12677716 31.88524689
9700 -0.72511710 1.14204820 37.12080983
9800 -0.75338086 1.16692441 47.38716536
9900 -0.73502678 1.16207871 43.45874026
10000 -0.71029892 1.14741336 36.68961048
10100 -0.68709449 1.18643636 44.81561906
10200 -0.72659109 1.12702580 33.78300838
10300 -0.67603065 1.17070066 39.52975467
10400 -0.70388293 1.19618823 49.25956574
10500 -0.71347713 1.17356336 43.85698524
10600 -0.71528513 1.12994209 33.08201262
10700 -0.74605323 1.13623609 38.56951809
10800 -0.75802635 1.13419555 39.90994238
10900 -0.70034317 1.12440562 30.21331769
11000 -0.72209828 1.13757751 35.67553218
11100 -0.77577860 1.16491032 50.53779613
11200 -0.71560906 1.12310559 31.57078038
11300 -0.78374307 1.08763120 34.48349210
11400 -0.67445391 1.18571978 43.58958953
11500 -0.68140897 1.22413763 55.84631117
11600 -0.73380246 1.18750309 50.28056323
11700 -0.74971441 1.12744873 37.07366323
11800 -0.76006316 1.15122770 44.36778621
11900 -0.71426722 1.13442171 34.00526756
12000 -0.70117653 1.16038177 39.01767830
12100 -0.71364403 1.15964326 40.16479267
12200 -0.73500874 1.14102907 38.16118559
12300 -0.76394960 1.12007186 37.65554724
12400 -0.71579507 1.17026758 43.22653279
12500 -0.70081293 1.15744734 38.22119086
12600 -0.71178263 1.11875329 30.17418000
12700 -0.70670297 1.12487573 30.97730873
12800 -0.73773089 1.12129767 33.97122813
12900 -0.71963214 1.12665899 32.84307259
13000 -0.70806097 1.18487618 46.41580559
13100 -0.72071171 1.14735882 37.87885011
13200 -0.69143536 1.16016141 38.02219104
13300 -0.71588071 1.18218313 46.52782977
13400 -0.73578729 1.16609790 44.62314011
13500 -0.74765976 1.14733683 41.48945695
13600 -0.67648358 1.16894405 39.09032040
13700 -0.70606279 1.14035623 34.51021667
13800 -0.72733182 1.16889678 44.25943530
13900 -0.70426679 1.13412226 32.84239679
14000 -0.73514131 1.10880221 30.93076703
14100 -0.76539311 1.11963202 37.79655193
14200 -0.68654887 1.20357827 49.82523580
14300 -0.74303979 1.16906157 46.42725434
14400 -0.71087293 1.15651585 39.04659519
14500 -0.75505291 1.14917844 43.06565151
14600 -0.71559946 1.16128456 40.81642708
14700 -0.73733946 1.10555580 30.55765622
14800 -0.75166264 1.12169461 36.07502819
14900 -0.73740483 1.15513724 41.98754891
15000 -0.73049858 1.13487912 36.09904019
15100 -0.75182729 1.14028873 40.39509948
15200 -0.73071668 1.15074323 39.97950705
15300 -0.74908556 1.08635059 28.47652388
15400 -0.73845746 1.11084707 31.81347715
15500 -0.72101351 1.19559089 51.00912187
15600 -0.72237579 1.17809600 46.15660838
15700 -0.74763316 1.10578088 32.07066000
15800 -0.74798452 1.14632429 41.28753751
15900 -0.69903706 1.15150630 36.53187874
16000 -0.70691435 1.18758440 47.06773375
16100 -0.71286758 1.18424730 46.76780918
16200 -0.72708834 1.16209774 42.42333552
16300 -0.69468857 1.17551025 42.43591216
16400 -0.75689611 1.16007317 46.12722095
16500 -0.72340231 1.14832230 38.44604647
16600 -0.78141010 1.11044148 38.59761997
16700 -0.73270011 1.09874827 28.55509806
16800 -0.72736156 1.10216365 28.54555434
16900 -0.79412563 1.12156733 43.38842139
17000 -0.72584542 1.19963061 52.80778729
17100 -0.71195858 1.17674277 44.56064272
17200 -0.76904545 1.13786752 42.57866141
17300 -0.74640259 1.13431439 38.16847528
17400 -0.74695698 1.17477688 48.54934431
17500 -0.73264387 1.07049779 23.33194748
17600 -0.70849658 1.16569378 41.18234516
17700 -0.75178697 1.16609128 46.92192838
17800 -0.76282921 1.15383623 45.47309367
17900 -0.71453151 1.16577699 41.87743761
18000 -0.72384407 1.10803273 29.30748531
18100 -0.68571372 1.17556102 41.64035829
18200 -0.77378709 1.13544014 42.81700619
18300 -0.76550817 1.12293872 38.54731379
18400 -0.74050380 1.13196788 36.77520761
18500 -0.73510306 1.17677105 47.42752580
18600 -0.73238648 1.11476816 31.82577012
18700 -0.72128854 1.13186871 34.23700330
18800 -0.74641282 1.13382671 38.05582239
18900 -0.74837450 1.13015515 37.49319237
19000 -0.75887830 1.13313446 39.79699598
19100 -0.73974945 1.13520541 37.42574610
19200 -0.69455418 1.22265376 56.52297116
19300 -0.68742480 1.14120947 32.91255244
19400 -0.74478392 1.16228189 44.87708747
19500 -0.74035739 1.13462413 37.37434007
19600 -0.71039387 1.13870811 34.58418436
19700 -0.68716007 1.13824245 32.17817092
19800 -0.76018143 1.12166216 37.39610237
19900 -0.71148458 1.16838710 42.23022362
20000 -0.74461548 1.11553150 33.68373183
20100 -0.67377891 1.17548947 40.66888887
20200 -0.73778966 1.14499843 39.50510929
20300 -0.73262668 1.16073322 42.78582316
20400 -0.69315687 1.19102253 46.68615867
20500 -0.73710776 1.15737521 42.52026825
20600 -0.70157676 1.18584663 46.01306754
20700 -0.73519724 1.16856574 45.20292537
20800 -0.72537083 1.12411444 32.97256360
20900 -0.70726474 1.14171981 34.96709488
21000 -0.70742748 1.17765262 44.31582191
21100 -0.71060971 1.16562217 41.39482365
21200 -0.74000937 1.13984598 38.56435815
21300 -0.75164221 1.10708571 32.93992507
21400 -0.69202875 1.19516709 47.79645161
21500 -0.72358537 1.18879231 49.33717043
21600 -0.74736194 1.09594206 30.05441636
21700 -0.74236969 1.08178591 26.65762237
21800 -0.73365959 1.13926323 37.55589016
21900 -0.76562153 1.17828853 52.43750041
22000 -0.73604292 1.11818977 33.05722653
22100 -0.69609317 1.12295269 29.47089949
22200 -0.73185352 1.16188467 42.98446528
22300 -0.71646133 1.12474356 32.03645391
22400 -0.72114854 1.10977473 29.34120248
22500 -0.71423639 1.20065162 51.72067327
22600 -0.76609623 1.13760663 42.02243424
22700 -0.74567575 1.16279307 45.14081170
22800 -0.71599730 1.15123488 38.28716916
22900 -0.71357788 1.15570809 39.14328153
23000 -0.68711525 1.17314349 41.09821745
23100 -0.76640242 1.14812765 44.62854647
23200 -0.68386543 1.18074864 42.92660329
23300 -0.72956815 1.16240457 42.82203144
23400 -0.75153593 1.13601119 39.33220936
23500 -0.70366758 1.18258131 45.29958110
23600 -0.70571773 1.14152486 34.75524894
23700 -0.71205417 1.11115713 28.57173546
23800 -0.75248386 1.14908480 42.64728244
23900 -0.75808256 1.11968795 36.62644535
24000 -0.71478685 1.17192790 43.56040063
24100 -0.74204175 1.11623920 33.46762616
24200 -0.72068509 1.14270789 36.73600555
24300 -0.70066742 1.14612109 35.35475862
24400 -0.73367346 1.13574459 36.72205216
24500 -0.72222792 1.11320333 30.19766173
24600 -0.70439544 1.15559813 38.11440596
24700 -0.70929289 1.15097768 37.46736573
24800 -0.69625214 1.18537115 45.35058355
24900 -0.72529882 1.21492095 57.43750161
25000 -0.74254163 1.15270467 42.08888371
25100 -0.73185451 1.15653961 41.59909229
25200 -0.72539402 1.15023366 39.17027253
25300 -0.71870055 1.11748079 30.69385713
25400 -0.71428635 1.16663862 42.07876011
25500 -0.72283441 1.16598937 42.91931964
25600 -0.71910295 1.09944049 26.98101004
25700 -0.71589797 1.16075658 40.71316548
25800 -0.67478821 1.15048603 34.16826418
25900 -0.74052095 1.13794539 38.18207261
26000 -0.75692195 1.11691182 35.83761795
26100 -0.70687750 1.17122238 42.49219006
26200 -0.73359720 1.14317883 38.49207739
26300 -0.75568320 1.14113121 41.19075969
26400 -0.70975014 1.20192996 51.60339643
26500 -0.78291983 1.14855774 47.62030832
26600 -0.70745533 1.19214181 48.44674241
26700 -0.72974395 1.13962364 37.12648959
26800 -0.70683614 1.19222772 48.40549998
26900 -0.72846939 1.11058252 30.42469171
27000 -0.77367578 1.13873762 43.57946397
27100 -0.68582759 1.12472921 28.93479609
27200 -0.70807602 1.16597891 41.21260369
27300 -0.68905814 1.20312997 49.90956453
27400 -0.74337424 1.14944207 41.38875959
27500 -0.69813590 1.12991316 31.24535705
27600 -0.70144100 1.15489707 37.63139613
27700 -0.72037537 1.16253487 41.70739434
27800 -0.73724320 1.12260494 34.19432644
27900 -0.71134855 1.14036768 35.08756032
28000 -0.73179212 1.16069498 42.66551773
28100 -0.73232285 1.14852534 39.63708934
28200 -0.73276442 1.16620063 44.24458389
28300 -0.71636377 1.18710967 47.98624582
28400 -0.70742914 1.14753795 36.40802825
28500 -0.73372724 1.13274118 36.02571433
28600 -0.70058518 1.14790099 35.78614106
28700 -0.74265582 1.11984146 34.34047470
28800 -0.67610502 1.14232473 32.25662403
28900 -0.69469048 1.16555668 39.74331741
29000 -0.74747696 1.15149596 42.49983495
29100 -0.75530119 1.15149639 43.68444767
29200 -0.73595022 1.16656254 44.76902656
29300 -0.69634370 1.17633608 42.82186846
29400 -0.71317222 1.14823673 37.21471315
29500 -0.73604217 1.13165560 36.08589424
29600 -0.77244654 1.16521497 50.03839552
29700 -0.74959458 1.07134694 25.86915739
29800 -0.76633565 1.11207447 36.32156326
29900 -0.76517849 1.12232184 38.35546669
30000 -0.77187089 1.13567029 42.54004324
30100 -0.74490604 1.14070499 39.46832632
30200 -0.71008618 1.15641852 38.93471141
30300 -0.71190325 1.15444141 38.63138433
30400 -0.71373508 1.17835030 45.20728002
30500 -0.75231445 1.15116420 43.14157472
30600 -0.70506381 1.18937013 47.38673781
30700 -0.72953210 1.13376032 35.71122706
30800 -0.68856310 1.19505929 47.45170264
30900 -0.73682718 1.12553268 34.79333477
31000 -0.71555504 1.12805321 32.68061610
31100 -0.69657219 1.16231538 39.06777206
31200 -0.72354302 1.15946224 41.29176609
31300 -0.69949097 1.14624084 35.26650201
31400 -0.71381579 1.16603958 41.86554584
31500 -0.75747890 1.15121581 43.95449282
31600 -0.68403303 1.16965818 39.88854279
31700 -0.74795967 1.09800563 30.54914608
31800 -0.77138386 1.13282237 41.78934078
31900 -0.71684383 1.18269099 46.78333912
32000 -0.75056197 1.15417873 43.63786631
32100 -0.71342862 1.11062516 28.61450462
32200 -0.69387097 1.14354888 34.06390717
32300 -0.72812449 1.19221755 50.90349041
32400 -0.76153917 1.10789809 34.65825881
32500 -0.75602538 1.12806129 38.17793479
32600 -0.74836794 1.14632080 41.34349002
32700 -0.73144419 1.15500598 41.15281272
32800 -0.71572708 1.18884473 48.41201860
32900 -0.75311817 1.12769593 37.64530504
33000 -0.73613725 1.13185009 36.14390887
33100 -0.72726109 1.14457793 38.00687399
33200 -0.70883975 1.12616872 31.49919174
33300 -0.76018610 1.13429491 40.27684553
33400 -0.70768063 1.16539622 41.01513596
33500 -0.70266514 1.15163515 36.93019058
33600 -0.71244638 1.10284151 26.89443313
33700 -0.73687296 1.11059714 31.54268144
33800 -0.74277707 1.12359732 35.19052629
33900 -0.75299168 1.10684165 33.09496173
34000 -0.70254422 1.18867985 46.92568501
34100 -0.73133788 1.17558752 46.59905868
34200 -0.71197545 1.16279119 40.79885647
34300 -0.71705065 1.14446358 36.73164850
34400 -0.70602369 1.16375123 40.40286679
34500 -0.76774968 1.11472550 37.12349781
34600 -0.69822742 1.17510149 42.66472857
34700 -0.72772063 1.15494799 40.65552020
34800 -0.71982466 1.14497297 37.18485255
34900 -0.70740826 1.20257422 51.54384753
35000 -0.74620629 1.16650218 46.19984648
35100 -0.74650032 1.14107823 39.79052774
35200 -0.67619022 1.16283741 37.44422771
35300 -0.71732052 1.16298922 41.46371727
35400 -0.72086164 1.14666489 37.72555316
35500 -0.72597366 1.19389621 51.12217336
35600 -0.69448896 1.09356059 23.19693299
35700 -0.71713677 1.14276657 36.32831488
35800 -0.73173079 1.16650030 44.18770638
35900 -0.71785192 1.22196892 58.77653132
36000 -0.66250859 1.16266298 36.44958320
36100 -0.74228299 1.15003550 41.38109964
36200 -0.71499961 1.11757740 30.28241620
36300 -0.68623506 1.18795929 45.17852058
36400 -0.76135706 1.15846405 46.41988274
36500 -0.71387239 1.16405120 41.34497824
36600 -0.74446461 1.12423801 35.57635453
36700 -0.68237345 1.20344408 49.43184863
36800 -0.73462858 1.17645251 47.27542231
36900 -0.73417709 1.16439259 43.95346501
37000 -0.73179573 1.14997967 39.92997485
37100 -0.69715182 1.18420706 45.10606365
37200 -0.70908978 1.15378814 38.15450145
37300 -0.69392931 1.13445527 31.89599400
37400 -0.71595559 1.12796078 32.70590749
37500 -0.73632448 1.11339084 32.06000740
37600 -0.73216410 1.14613095 39.02389672
37700 -0.66189937 1.20487090 48.38889732
37800 -0.70973476 1.17900178 44.94185377
37900 -0.69319268 1.13900935 32.90517207
38000 -0.71742156 1.20124933 52.26948920
38100 -0.73463776 1.10091113 29.24630340
38200 -0.73978328 1.12391617 34.83890996
38300 -0.72335326 1.15232822 39.44277959
38400 -0.73044318 1.13766177 36.74927001
38500 -0.74106756 1.16232455 44.35711229
38600 -0.74811035 1.12205002 35.62144491
38700 -0.73087165 1.12801034 34.55805125
38800 -0.71288260 1.11996713 30.56400920
38900 -0.73389484 1.17589466 47.02284492
39000 -0.71892931 1.13234335 34.06380734
39100 -0.74742982 1.13445832 38.35312623
39200 -0.72454319 1.19626762 51.64275483
39300 -0.73303854 1.16241255 43.27979941
39400 -0.73298072 1.10721958 30.31191172
39500 -0.73021390 1.17397682 46.00947850
39600 -0.72232739 1.13067127 34.08661249
39700 -0.73290976 1.15158343 40.47961437
39800 -0.66082627 1.18791657 43.29789404
39900 -0.69565161 1.15418355 36.87925281
40000 -0.72023672 1.14554210 37.37389554
40100 -0.75168714 1.17289864 48.74132731
40200 -0.73161073 1.15791882 41.92175105
40300 -0.72692557 1.15055920 39.44500513
40400 -0.74268208 1.15116660 41.72141862
40500 -0.71654961 1.15607088 39.57805335
40600 -0.79680216 1.10207914 39.78353432
40700 -0.71608386 1.14866883 37.65582348
40800 -0.69090738 1.13948020 32.80745865
40900 -0.73383886 1.12948858 35.28892499
41000 -0.71633885 1.14792322 37.50032650
41100 -0.70908553 1.18511889 46.59621714
41200 -0.73255335 1.15362992 40.94926283
41300 -0.74037485 1.13602532 37.70652360
41400 -0.73791417 1.15277417 41.45754940
41500 -0.75843192 1.12367998 37.56670472
41600 -0.71404323 1.14275092 35.96693278
41700 -0.72460693 1.14868027 38.68438167
41800 -0.75132124 1.11858311 35.33834525
41900 -0.73985754 1.17441221 47.43109553
42000 -0.70830877 1.13268688 32.93698744
42100 -0.70150083 1.18208527 44.93726025
42200 -0.77315036 1.12539481 40.39193408
42300 -0.66749104 1.18690726 43.43540909
42400 -0.74597732 1.11758973 34.32733404
42500 -0.77324170 1.12285338 39.83815965
42600 -0.74420441 1.15300836 42.40407173
42700 -0.77035087 1.11520451 37.66619898
42800 -0.71912120 1.14665717 37.51480929
42900 -0.71404159 1.10648809 27.82140811
43000 -0.75925935 1.13745442 40.87406950
43100 -0.73343859 1.17228917 45.97362492
43200 -0.75649828 1.12215164 36.92153190
43300 -0.75071078 1.16717239 47.04741361
43400 -0.73028251 1.13044286 35.03872285
43500 -0.72407284 1.19195929 50.31714732
43600 -0.68345856 1.16035644 37.37540459
43700 -0.70606586 1.17027855 42.15023211
43800 -0.74587135 1.14226105 39.98443282
43900 -0.76072261 1.13213703 39.85968076
44000 -0.71026700 1.09202911 24.51699541
44100 -0.75135715 1.16396112 46.29222936
44200 -0.72451978 1.14597968 38.00558948
44300 -0.72452931 1.16420213 42.65515758
44400 -0.75915581 1.12625260 38.26040394
44500 -0.71809585 1.11531863 30.15437142
44600 -0.72179126 1.15813471 40.73331882
44700 -0.72951174 1.11142839 30.73762806
44800 -0.76188425 1.09021729 31.19456377
44900 -0.72985749 1.17152561 45.29456198
45000 -0.72633515 1.17411763 45.55052222
45100 -0.70026694 1.14989348 36.25010508
45200 -0.73493297 1.11327623 31.84682954
45300 -0.75610592 1.10957669 34.14572308
45400 -0.70152400 1.17388583 42.66028432
45500 -0.69801005 1.20045418 49.93934318
45600 -0.69099064 1.19708225 48.26858018
45700 -0.73433219 1.16531861 44.21955179
45800 -0.73002637 1.12685006 34.18390297
45900 -0.71942209 1.11183774 29.56843158
46000 -0.67054534 1.17147212 39.33687739
46100 -0.75586393 1.14540055 42.25749636
46200 -0.70275508 1.17583688 43.32229548
46300 -0.72043338 1.13294329 34.38338707
46400 -0.76073120 1.14479614 42.87983539
46500 -0.71323194 1.15953239 40.08926714
46600 -0.71320232 1.17628030 44.57278387
46700 -0.75344132 1.11964231 35.89349142
46800 -0.72324138 1.14688372 38.07000412
46900 -0.70594695 1.13210981 32.54985975
47000 -0.75569280 1.12239138 36.84908739
47100 -0.68833624 1.14726350 34.47126477
47200 -0.72806936 1.17392330 45.71786889
47300 -0.71999734 1.12720275 33.01022492
47400 -0.72381414 1.16868284 43.76020578
47500 -0.70990613 1.18408292 46.39123250
47600 -0.71007365 1.14839094 36.90713301
47700 -0.73377479 1.18648534 49.98477266
47800 -0.72727624 1.15755138 41.26597544
47900 -0.73636619 1.18008148 48.52068496
48000 -0.71498616 1.12494955 31.91205917
48100 -0.71228262 1.17739789 44.77848674
48200 -0.76124158 1.10795970 34.62304206
48300 -0.75577961 1.15518524 44.69339776
48400 -0.72544625 1.14803547 38.62917792
48500 -0.72688192 1.13522834 35.71569687
48600 -0.70087738 1.17258098 42.23831859
48700 -0.71789064 1.13973735 35.68610043
48800 -0.75728862 1.14864266 43.28144106
48900 -0.72709927 1.14165482 37.27563717
49000 -0.69485352 1.12925505 30.77753443
49100 -0.74361819 1.10963213 32.28590685
49200 -0.76445690 1.06615861 27.32737751
49300 -0.71148835 1.16614731 41.63202207
49400 -0.73483670 1.13427888 36.53376580
49500 -0.70590735 1.14818802 36.40682969
49600 -0.68622191 1.15467756 36.14743856
49700 -0.77649495 1.13694791 43.64738844
49800 -0.71667294 1.16225521 41.19518559
49900 -0.71041835 1.13590106 33.92076060
50000 -0.72610266 1.14535976 38.05164569
50100 -0.72560447 1.15331993 39.97373545
50200 -0.71621536 1.09632733 26.02521587
50300 -0.74335360 1.10567620 31.42647738
50400 -0.71484936 1.15645497 39.47976465
50500 -0.73940458 1.15708780 42.76388802
50600 -0.74727022 1.14036209 39.73122670
50700 -0.74769987 1.16576924 46.22426983
50800 -0.73715791 1.09945042 29.29638109
50900 -0.72238988 1.12179160 32.08539836
51000 -0.74955428 1.17832311 49.91511641
51100 -0.76312258 1.10831776 35.00263261
51200 -0.72765193 1.15620271 40.96742184
51300 -0.71169459 1.16485989 41.31322200
51400 -0.74978610 1.08960371 29.19272085
51500 -0.71469067 1.14222545 35.91355874
51600 -0.71733611 1.15232030 38.71664728
51700 -0.68096535 1.17516343 41.13514966
51800 -0.73482141 1.15807441 42.38960831
51900 -0.74014228 1.10537159 30.90867452
52000 -0.69364360 1.19746322 48.62674554
52100 -0.74536015 1.14305929 40.10369680
52200 -0.72295151 1.17636915 45.74849116
52300 -0.72847281 1.12515303 33.59957464
52400 -0.72854904 1.18585469 49.11888113
52500 -0.69936491 1.16867948 41.03102348
52600 -0.71095140 1.18326261 46.27396015
52700 -0.75596818 1.14677721 42.61253243
52800 -0.72039425 1.15966422 40.96014042
52900 -0.71272922 1.09079847 24.55596722
53000 -0.70826949 1.18650819 46.90461291
53100 -0.73477763 1.16199825 43.40404586
53200 -0.70097697 1.18560825 45.88421113
53300 -0.70792525 1.15168836 37.49744376
53400 -0.69519609 1.15634956 37.38869524
53500 -0.71656493 1.14683118 37.25650733
53600 -0.66088495 1.17866766 40.68131985
53700 -0.75294968 1.14802784 42.45570687
53800 -0.72999289 1.13055293 35.02640284
53900 -0.68617936 1.17336085 41.07651846
54000 -0.75196308 1.08758952 29.14130372
54100 -0.70505430 1.14814217 36.30547147
54200 -0.73171612 1.16286806 43.22437539
54300 -0.69692953 1.12522691 30.06124761
54400 -0.74122250 1.15455979 42.37223969
54500 -0.73969259 1.10555762 30.88397699
54600 -0.73954189 1.15959746 43.43138900
54700 -0.74247999 1.11420274 33.09168053
54800 -0.68506581 1.16618232 39.04461125
54900 -0.72310290 1.13945129 36.24562283
55000 -0.66644290 1.19101908 44.55338068
55100 -0.72725652 1.14784280 38.81013711
55200 -0.73690229 1.11775550 33.07984660
55300 -0.73754254 1.12599709 34.99631764
55400 -0.69854763 1.16625082 40.30056866
55500 -0.71016614 1.14066946 35.02918281
55600 -0.72018685 1.14120998 36.31356640
55700 -0.73713397 1.10997863 31.44837416
55800 -0.75261331 1.10288778 32.22713696
55900 -0.73221460 1.19104548 51.09408561
56000 -0.71637031 1.15219788 38.57291050
56100 -0.70183707 1.15081322 36.63902911
56200 -0.67077501 1.20021418 47.56882769
56300 -0.74868662 1.13254810 38.09316578
56400 -0.74780045 1.13935987 39.56906001
56500 -0.71820005 1.17053261 43.57957354
56600 -0.71212434 1.16212474 40.64062260
56700 -0.72428630 1.17473312 45.46268629
56800 -0.70558268 1.16365843 40.33173489
56900 -0.73016347 1.16174702 42.72701666
57000 -0.71200156 1.18187095 45.99779115
57100 -0.70491195 1.09779391 25.06447336
57200 -0.72730880 1.15131660 39.68378191
57300 -0.70278307 1.16126831 39.41274534
57400 -0.73096131 1.14270062 38.02722843
57500 -0.73264940 1.15639940 41.66825743
57600 -0.74169871 1.13357548 37.31801582
57700 -0.71369080 1.16958721 42.80143232
57800 -0.72793934 1.16200008 42.50625772
57900 -0.69497955 1.17272338 41.69957954
58000 -0.69024249 1.18500890 44.68689035
58100 -0.73278280 1.12578963 34.30611438
58200 -0.71058856 1.16489782 41.20034290
58300 -0.73135726 1.16773508 44.46840204
58400 -0.69806305 1.17358450 42.23241912
58500 -0.73502389 1.13149805 35.91139872
58600 -0.73344934 1.13175114 35.75865850
58700 -0.68671147 1.19898258 48.45473161
58800 -0.72556157 1.19052639 50.08564507
58900 -0.74166094 1.11492367 33.13000273
59000 -0.75067989 1.15154183 42.98886123
59100 -0.73177307 1.16962974 45.03216951
59200 -0.72920035 1.11298543 31.02776220
59300 -0.69447739 1.14678727 34.91496778
59400 -0.71884828 1.10283143 27.63275120
59500 -0.74291071 1.12934493 36.51128413
59600 -0.71861884 1.12610282 32.59645753
59700 -0.65506603 1.18255856 41.43580321
59800 -0.69486737 1.17128615 41.29799619
59900 -0.74374677 1.14870443 41.25851533
60000 -0.75209799 1.14730316 42.14632528
60100 -0.71380049 1.13532471 34.16413613
60200 -0.69787428 1.17217481 41.82925153
60300 -0.69390586 1.19685259 48.46988683
60400 -0.71357212 1.18865463 48.11006062
60500 -0.72044140 1.16684026 42.85492884
60600 -0.73591574 1.17196078 46.21787639
60700 -0.73003860 1.09566695 27.59779687
60800 -0.74950652 1.11830405 35.00442919
60900 -0.71372640 1.17315385 43.77335886
61000 -0.71533123 1.15745964 39.79337840
61100 -0.69744084 1.16375570 39.53089250
61200 -0.71333881 1.15746524 39.56701693
61300 -0.68090558 1.16612453 38.68398833
61400 -0.74007511 1.12877319 35.97910518
61500 -0.69806439 1.17312902 42.10804390
61600 -0.71515272 1.16989261 43.05108394
61700 -0.76133939 1.09686932 32.39396387
61800 -0.70717908 1.15393605 37.98543757
61900 -0.72102885 1.15346551 39.44637312
62000 -0.72025106 1.14980943 38.43253549
62100 -0.75318029 1.13122651 38.46494923
62200 -0.70497852 1.20619068 52.38661182
62300 -0.71919612 1.12458312 32.32264662
62400 -0.73427337 1.11982425 33.17601941
62500 -0.72329018 1.16967497 43.96252905
62600 -0.72601800 1.13793217 36.24612626
62700 -0.72445743 1.11813574 31.53642682
62800 -0.70915199 1.19283786 48.83408385
62900 -0.71991476 1.14805656 37.95580347
63000 -0.70499329 1.15092054 36.99235343
63100 -0.74755127 1.16783273 46.75287469
63200 -0.71210021 1.15965008 39.99231138
63300 -0.74775447 1.10665328 32.26848154
63400 -0.71064764 1.11033038 28.24088479
63500 -0.68114388 1.17257935 40.44191536
63600 -0.72294430 1.21584692 57.43728930
63700 -0.73320431 1.16857806 44.93878106
63800 -0.70615944 1.17419849 43.22731835
63900 -0.75914656 1.12375297 37.69651054
64000 -0.74984296 1.11199076 33.69649706
64100 -0.74113567 1.11505633 33.08425198
64200 -0.74314280 1.15090007 41.72035396
64300 -0.74831305 1.19155703 53.50113130
64400 -0.71279364 1.14074804 35.34101125
64500 -0.71720836 1.15969244 40.58898209
64600 -0.70548411 1.16969164 41.93023898
64700 -0.69579360 1.14516123 34.64022218
64800 -0.71085854 1.16030582 40.02436716
64900 -0.72237447 1.12909188 33.72929982
65000 -0.72748363 1.13266215 35.19187604
65100 -0.70796891 1.17151760 42.68954614
65200 -0.71334843 1.17216966 43.46209576
65300 -0.70716802 1.15873466 39.21430581
65400 -0.71932672 1.14408596 36.90841081
65500 -0.72197300 1.13212786 34.38037887
65600 -0.69694749 1.18759879 46.05593897
65700 -0.73513908 1.15686059 42.11996764
65800 -0.70980030 1.15446949 38.40541440
65900 -0.73183545 1.14623815 39.00690708
66000 -0.70914648 1.14910955 36.98426010
66100 -0.69137367 1.17584973 42.22111018
66200 -0.73235577 1.13619047 36.65199478
66300 -0.73801549 1.13849665 37.96446449
66400 -0.75675297 1.12125822 36.76334688
66500 -0.72519254 1.16332616 42.50691911
66600 -0.71197269 1.15424083 38.58814249
66700 -0.71364645 1.12811474 32.47592646
66800 -0.69529276 1.18184419 44.25842837
66900 -0.71159665 1.13143996 33.00913467
67000 -0.71275392 1.15917822 39.94339695
67100 -0.74483513 1.12640342 36.11786163
67200 -0.70761813 1.15754796 38.95630681
67300 -0.73646051 1.15241424 41.16720925
67400 -0.75373842 1.16747833 47.59008009
67500 -0.73426712 1.15806833 42.31346112
67600 -0.69527653 1.18331972 44.67383915
67700 -0.67490812 1.19741896 47.03463345
67800 -0.73180482 1.13636883 36.62136587
67900 -0.73759353 1.14146473 38.61859721
68000 -0.77687599 1.11921190 39.66948716
68100 -0.73723155 1.15226901 41.23607602
68200 -0.75230216 1.09735340 31.07215589
68300 -0.70758510 1.16984641 42.19581888
68400 -0.75077694 1.14454383 41.26768545
68500 -0.75285444 1.13154151 38.48797489
68600 -0.71076457 1.12788456 32.10008017
68700 -0.71860158 1.16093658 41.07711644
68800 -0.75890084 1.15471467 45.06452033
68900 -0.71546632 1.17660759 44.92211481
69000 -0.70906705 1.12747699 31.82070261
69100 -0.70183682 1.22907420 59.33028429
69200 -0.72724882 1.15778852 41.32359095
69300 -0.72007232 1.16944055 43.50778601
69400 -0.73781554 1.15136243 41.08809699
69500 -0.72306459 1.13224609 34.54157107
69600 -0.75695723 1.17632320 50.49504205
69700 -0.69675244 1.15297710 36.67922346
69800 -0.70941271 1.15640194 38.85654732
69900 -0.72450626 1.13944759 36.41847769
70000 -0.73424411 1.15589711 41.75240562
70100 -0.70723521 1.15553655 38.39916012
70200 -0.76350009 1.11845521 37.22747868
70300 -0.68519387 1.21461817 53.12129536
70400 -0.74118003 1.14495158 39.96653965
70500 -0.71565726 1.12365050 31.69807335
70600 -0.75057891 1.15116391 42.87865979
70700 -0.70188075 1.17625180 43.34737121
70800 -0.72235827 1.18783271 48.90960659
70900 -0.72633744 1.14715314 38.52291159
71000 -0.75977842 1.14991181 43.99252718
71100 -0.72605019 1.14455505 37.84791292
71200 -0.69919245 1.12304819 29.79481836
71300 -0.71509622 1.10935585 28.53850622
71400 -0.72443620 1.14943543 38.85120105
71500 -0.77438108 1.12978349 41.60460581
71600 -0.72380558 1.21621213 57.65896724
71700 -0.70012080 1.14750071 35.64038771
71800 -0.74126553 1.15591544 42.72432952
71900 -0.71271654 1.16594615 41.71618735
72000 -0.71326259 1.17224268 43.47224556
72100 -0.69711152 1.21029149 52.85572715
72200 -0.75002206 1.12183810 35.85938084
72300 -0.73611687 1.15746733 42.40861554
72400 -0.73148955 1.14399297 38.41103530
72500 -0.70701708 1.13877559 34.23321936
72600 -0.77002847 1.13344063 41.70210543
72700 -0.70085791 1.17368088 42.53677153
72800 -0.73556954 1.17862375 48.00514838
72900 -0.70970663 1.14471325 35.96005992
73000 -0.76323948 1.14496454 43.32737619
73100 -0.72183057 1.16207883 41.76399944
73200 -0.72651240 1.18023687 47.26904507
73300 -0.71915945 1.16047577 41.02330075
73400 -0.74344424 1.18619364 51.24152431
73500 -0.72758500 1.14027558 37.00514421
73600 -0.73226358 1.12081137 33.12565737
73700 -0.74074673 1.11069262 32.10051082
73800 -0.73891562 1.13268264 36.71938148
73900 -0.74240402 1.14969461 41.31315328
74000 -0.71517240 1.18532519 47.33757225
74100 -0.68662625 1.20318789 49.71350252
74200 -0.73147910 1.13735339 36.81169402
74300 -0.71786748 1.13755392 35.16230354
74400 -0.72011773 1.18375822 47.47349836
74500 -0.72825662 1.14930511 39.30139824
74600 -0.80046466 1.06062696 32.99355078
74700 -0.71826381 1.16433240 41.92897340
74800 -0.76240704 1.14329632 42.78457158
74900 -0.68428151 1.17335540 40.91327319
75000 -0.71261607 1.17036573 42.89000226
75100 -0.73670990 1.13826301 37.72942980
75200 -0.73501670 1.15552452 41.76114484
75300 -0.74352962 1.14504299 40.32341028
75400 -0.75213610 1.10385896 32.35193313
75500 -0.74390334 1.14289952 39.85417214
75600 -0.75714401 1.14864355 43.25892878
75700 -0.69788352 1.18989752 46.81087713
75800 -0.72674866 1.14673354 38.47133094
75900 -0.72109361 1.13732911 35.49438558
76000 -0.73274925 1.14581355 39.02333196
76100 -0.73249823 1.18666065 49.86505350
76200 -0.72180315 1.18956707 49.34254795
76300 -0.70739071 1.13145355 32.55175546
76400 -0.71364084 1.13073624 33.07672589
76500 -0.68327112 1.14317901 33.03505451
76600 -0.74930149 1.16236171 45.56230080
76700 -0.72227446 1.18368855 47.71511880
76800 -0.70738024 1.17509323 43.60339978
76900 -0.72329377 1.17481400 45.36204503
77000 -0.71463137 1.13158492 33.38596297
77100 -0.72096972 1.18456709 47.80604999
77200 -0.74262275 1.17910869 49.12145503
77300 -0.69736893 1.16926233 40.99145579
77400 -0.71478525 1.18376489 46.84908337
77500 -0.68834314 1.15219356 35.70305062
77600 -0.71777475 1.16243050 41.37032906
77700 -0.73934887 1.12471950 34.95848112
77800 -0.71116074 1.13134780 32.93925758
77900 -0.74907463 1.09517506 30.15827616
78000 -0.70786229 1.16990237 42.24078163
78100 -0.73579470 1.13180247 36.08629382
78200 -0.72196551 1.13888361 35.97048292
78300 -0.74252594 1.14770369 40.83538038
78400 -0.70230765 1.17149343 42.08776925
78500 -0.73218716 1.13928516 37.36541652
78600 -0.72613832 1.14243550 37.34292301
78700 -0.72825669 1.14955188 39.36296016
78800 -0.69810531 1.18433646 45.23593668
78900 -0.75091278 1.14637169 41.73683992
79000 -0.72220220 1.11689952 30.98939000
79100 -0.72761901 1.18014459 47.38380244
79200 -0.78636477 1.11525336 40.53291862
79300 -0.70298501 1.19058837 47.52375640
79400 -0.75454925 1.10190842 32.32624186
79500 -0.70394072 1.20834316 52.93958764
79600 -0.75339134 1.11571055 35.02997288
79700 -0.71368867 1.13639901 34.40480122
79800 -0.72465839 1.12658755 33.44081620
79900 -0.73610154 1.15806319 42.56012135
80000 -0.73507719 1.15704203 42.15822649
80100 -0.73214873 1.12441249 33.91212605
80200 -0.74748787 1.09429523 29.75165363
80300 -0.69023465 1.14972722 35.25298930
80400 -0.74623490 1.17609957 48.80780778
80500 -0.70573222 1.13094528 32.25751148
80600 -0.71811228 1.14896033 37.96587783
80700 -0.72344081 1.11751422 31.27503410
80800 -0.72311381 1.15433867 39.92258400
80900 -0.70571653 1.14409864 35.38006474
81000 -0.68167957 1.16003619 37.14518710
81100 -0.75026836 1.16565902 46.57764697
81200 -0.76005556 1.09458908 31.74134651
81300 -0.72648456 1.15779307 41.22780652
81400 -0.72987349 1.14325104 38.01909664
81500 -0.72886346 1.12513175 33.64504862
81600 -0.70130962 1.17743009 43.61554751
81700 -0.73798565 1.11372777 32.35979967
81800 -0.71913782 1.10244484 27.58886623
81900 -0.69492502 1.19783746 48.85895652
82000 -0.77112849 1.15702893 47.67441621
82100 -0.73086307 1.17489176 46.34531195
82200 -0.73093821 1.16253572 43.03490924
82300 -0.69161781 1.18188173 43.92556573
82400 -0.73347492 1.12211315 33.57490221
82500 -0.73298477 1.16694945 44.47348013
82600 -0.73295836 1.17018759 45.33963049
82700 -0.74022099 1.17170504 46.74277933
82800 -0.69507894 1.16846478 40.55667236
82900 -0.73749926 1.13284283 36.56091485
83000 -0.73375199 1.15475961 41.39602646
83100 -0.74963541 1.13664018 39.19466644
83200 -0.74583149 1.14790722 41.36240728
83300 -0.74281312 1.11722537 33.79122429
83400 -0.71471911 1.16812153 42.52481492
83500 -0.72815985 1.12385211 33.26735762
83600 -0.70906327 1.16521985 41.11818234
83700 -0.74869081 1.17515485 48.90957558
83800 -0.78265653 1.14570058 46.86609281
83900 -0.74978984 1.11924194 35.25201306
84000 -0.69692910 1.12837299 30.77473559
84100 -0.74930506 1.12220605 35.83376397
84200 -0.72655202 1.16024735 41.87204912
84300 -0.71876752 1.11599370 30.37950084
84400 -0.71272552 1.15146123 37.96989805
84500 -0.69580619 1.18119138 44.12370771
84600 -0.70607746 1.20331218 51.62535159
84700 -0.76825340 1.11979304 38.30909266
84800 -0.71478957 1.16897181 42.76123899
84900 -0.68042828 1.17720560 41.65582771
85000 -0.71199987 1.17628174 44.43778601
85100 -0.69715683 1.12231070 29.43074958
85200 -0.72774703 1.14449649 38.04891792
85300 -0.74827323 1.12724032 36.81155749
85400 -0.73738780 1.11344631 32.21736667
85500 -0.72886743 1.19459109 51.69536169
85600 -0.71271592 1.20443800 52.69368833
85700 -0.72756892 1.18720631 49.38064629
85800 -0.73419157 1.12284488 33.83360901
85900 -0.69967581 1.19073769 47.23183625
86000 -0.75872507 1.13513562 40.24120317
86100 -0.70082191 1.17566658 43.07856014
86200 -0.74270837 1.10132795 30.44931001
86300 -0.72570749 1.16287095 42.45175495
86400 -0.71189516 1.10956090 28.21814932
86500 -0.69211281 1.15378229 36.44511087
86600 -0.71072666 1.20574641 52.87063038
86700 -0.74862074 1.13714719 39.16345698
86800 -0.74559033 1.14126849 39.70351307
86900 -0.77761228 1.09568907 34.92016824
87000 -0.70584194 1.13687021 33.65500642
87100 -0.68745935 1.15538076 36.43423466
87200 -0.71705596 1.15295629 38.84449006
87300 -0.74849451 1.14699316 41.52811903
87400 -0.74957789 1.17254523 48.32722313
87500 -0.71174375 1.17724642 44.67612144
87600 -0.72383992 1.17838330 46.41679244
87700 -0.68623384 1.17548769 41.66487157
87800 -0.68954605 1.20986878 52.01857858
87900 -0.69705646 1.14155839 33.88520726
88000 -0.72167079 1.17161355 44.28885146
88100 -0.77173860 1.14983857 45.95672744
88200 -0.70346720 1.14689722 35.83185007
88300 -0.75149516 1.19547231 55.12733331
88400 -0.69295487 1.15479180 36.77973580
88500 -0.77184161 1.11620435 38.13692902
88600 -0.72881219 1.16647529 43.80083009
88700 -0.71345872 1.17638786 44.63156627
88800 -0.71654043 1.15386251 39.01392276
88900 -0.71309026 1.16201646 40.72101523
89000 -0.70727670 1.17266020 42.92593728
89100 -0.71747613 1.10355048 27.61671901
89200 -0.74924977 1.11483352 34.21446730
89300 -0.75817723 1.07488676 27.80270838
89400 -0.72761643 1.15267083 40.06425055
89500 -0.75344573 1.16632055 47.23611488
89600 -0.68482060 1.18445522 44.05465384
89700 -0.69661039 1.15982783 38.42203499
89800 -0.70169466 1.19804925 49.58757917
89900 -0.72903511 1.14982890 39.53226943
90000 -0.74850265 1.14155322 40.20049775
90100 -0.73349246 1.16109171 42.99455887
90200 -0.67650151 1.19942214 47.75305009
90300 -0.76838314 1.10317067 34.81560116
90400 -0.75214452 1.15267195 43.49553443
90500 -0.73186233 1.14924471 39.75530134
90600 -0.71059857 1.13896583 34.66835500
90700 -0.71194425 1.16865369 42.35315893
90800 -0.70154453 1.15117955 36.70122978
90900 -0.71474860 1.17183925 43.53190903
91000 -0.76525239 1.15362494 45.81698137
91100 -0.75035400 1.13764176 39.53996539
91200 -0.75126068 1.10015766 31.47144092
91300 -0.75251439 1.14122143 40.72420881
91400 -0.73774429 1.16747009 45.25687000
91500 -0.72797542 1.14659290 38.59288263
91600 -0.73316668 1.15786120 42.11288190
91700 -0.74239803 1.11756125 33.80504822
91800 -0.70010368 1.20475996 51.44969020
91900 -0.75109827 1.16380861 46.21283548
92000 -0.72460182 1.18049107 47.10042561
92100 -0.71851767 1.15054819 38.41041570
92200 -0.73560599 1.12589458 34.70867285
92300 -0.72046168 1.16783403 43.12304149
92400 -0.73568988 1.12328920 34.13490529
92500 -0.76272199 1.13345345 40.48948041
92600 -0.68959504 1.20301547 49.92282266
92700 -0.69567007 1.16106735 38.65446199
92800 -0.74188792 1.10249156 30.56750780
92900 -0.70596165 1.11063313 27.79709274
93000 -0.69448169 1.18775876 45.86594561
93100 -0.70752872 1.19915888 50.52923144
93200 -0.76233674 1.14467454 43.10942421
93300 -0.67007593 1.19726665 46.63904818
93400 -0.77183938 1.13987652 43.53475909
93500 -0.74843797 1.14359191 40.68542439
93600 -0.66891756 1.16349853 37.09055370
93700 -0.71916401 1.19143097 49.56603567
93800 -0.70989450 1.17647940 44.25883067
93900 -0.73285532 1.16406764 43.69112739
94000 -0.71267016 1.14227489 35.69584340
94100 -0.74239060 1.14927425 41.20636573
94200 -0.72015788 1.15264746 39.13432738
94300 -0.68971497 1.17190774 40.99129783
94400 -0.71059574 1.14092386 35.13786218
94500 -0.71138469 1.18915386 48.00825267
94600 -0.73579143 1.14484602 39.19444139
94700 -0.71583768 1.16130614 40.84963333
94800 -0.74161756 1.12737579 35.87764138
94900 -0.74718773 1.12400854 35.92202775
95000 -0.70374867 1.13218594 32.33704981
95100 -0.71861235 1.16140801 41.20151883
95200 -0.72471853 1.16539709 42.99516275
95300 -0.69234609 1.16057755 38.21422876
95400 -0.74292813 1.16181568 44.48795005
95500 -0.70172428 1.17031719 41.70960663
95600 -0.73190928 1.17960816 47.79038989
95700 -0.70556771 1.12960620 31.93177321
95800 -0.71843695 1.14356315 36.67515972
95900 -0.76417716 1.16770246 49.30937426
96000 -0.72152723 1.13224684 34.35373113
96100 -0.72934766 1.17431832 45.99067956
96200 -0.70504548 1.12151519 30.05176708
96300 -0.67862620 1.13718400 31.21916560
96400 -0.75528589 1.13760047 40.28384530
96500 -0.73492786 1.12528791 34.48008494
96600 -0.70192584 1.15158686 36.84241219
96700 -0.72150908 1.16839241 43.39947057
96800 -0.74335403 1.13848795 38.71343978
96900 -0.69554228 1.12151067 29.09765118
97000 -0.75039098 1.13156833 38.12066840
97100 -0.75202526 1.14048745 40.47294762
97200 -0.72624505 1.15786740 41.21670389
97300 -0.70305701 1.16522093 40.48144479
97400 -0.74815939 1.13428685 38.42076554
97500 -0.71439237 1.17577363 44.56835481
97600 -0.75574035 1.11728614 35.73416098
97700 -0.70942328 1.17355950 43.40412717
97800 -0.70760684 1.14675137 36.23273572
97900 -0.70135869 1.15609289 37.92857582
98000 -0.68694465 1.16226162 38.17026522
98100 -0.70539816 1.14943185 36.66250938
98200 -0.72460692 1.14569988 37.94765736
98300 -0.73600324 1.11047446 31.39819115
98400 -0.72319403 1.15575202 40.29293208
98500 -0.70924400 1.19352041 49.04423965
98600 -0.69247338 1.19335046 47.30290815
98700 -0.72865125 1.15612278 41.07501160
98800 -0.75075174 1.22302571 63.53584830
98900 -0.75128535 1.10693838 32.85537649
99000 -0.73459447 1.10541385 30.15526057
99100 -0.68087572 1.14721599 33.82831264
99200 -0.72508298 1.09660649 27.14993252
99300 -0.71547862 1.13513906 34.31284406
99400 -0.75116206 1.16967785 47.78805572
99500 -0.70283983 1.15695210 38.30020569
99600 -0.70651299 1.17779190 44.25667730
99700 -0.70822991 1.15509514 38.39362244
99800 -0.77643200 1.14069828 44.53195606
99900 -0.72597078 1.16744968 43.69898408
100000 -0.73971133 1.16003190 43.56792173
100100 -0.72346008 1.18482158 48.18286025
100200 -0.73358894 1.14297696 38.44190556
100300 -0.68353788 1.18446551 43.94960228
100400 -0.74033996 1.13523627 37.51570506
100500 -0.74751082 1.15914260 44.45716517
100600 -0.70425782 1.14604031 35.70276303
100700 -0.73516402 1.11622252 32.51074385
100800 -0.70380315 1.16194653 39.69554028
100900 -0.77916100 1.11191622 38.50357381
101000 -0.73436524 1.11985819 33.19582060
101100 -0.74558706 1.16461224 45.60761654
101200 -0.66690940 1.19393845 45.43833976
101300 -0.73301847 1.15288711 40.82290231
101400 -0.74975682 1.14894695 42.20084422
101500 -0.72381275 1.13742944 35.85116811
101600 -0.72872686 1.13490821 35.87623610
101700 -0.70649752 1.09614786 24.90785134
101800 -0.76532983 1.14338161 43.28428017
101900 -0.71788745 1.15775997 40.16882727
102000 -0.72809663 1.18052649 47.55192931
102100 -0.75380459 1.14330624 41.42688915
102200 -0.72328380 1.12814076 33.62354969
102300 -0.72265007 1.15906948 41.08001881
102400 -0.70185663 1.12599771 30.72486904
102500 -0.72236746 1.16615197 42.90533407
102600 -0.70648755 1.16102339 39.73640349
102700 -0.70874122 1.16361188 40.65793739
102800 -0.73120975 1.11123120 30.91731018
102900 -0.75767362 1.16057179 46.37931574
103000 -0.74396456 1.16496043 45.46491132
103100 -0.74154920 1.13253190 37.05362931
103200 -0.74708928 1.14987302 42.03589059
103300 -0.74411036 1.09657832 29.70541669
103400 -0.74165245 1.15482286 42.50005461
103500 -0.71903127 1.13548375 34.81052010
103600 -0.71029770 1.16177127 40.34489091
103700 -0.70685021 1.18287633 45.71799221
103800 -0.72535936 1.10174232 28.20746709
103900 -0.69464197 1.17463557 42.19089854
104000 -0.66987747 1.18734746 43.72571253
104100 -0.71350344 1.16469827 41.47410306
104200 -0.69591641 1.20331556 50.60014389
104300 -0.73425524 1.14179734 38.24521101
104400 -0.70467104 1.14444262 35.35410979
104500 -0.70950988 1.16437450 40.94314572
104600 -0.73120612 1.15233242 40.44334904
104700 -0.74005885 1.11433125 32.77718343
104800 -0.71416655 1.17053774 43.11233453
104900 -0.74819157 1.12830614 37.04221647
105000 -0.70633913 1.18573167 46.47530044
105100 -0.73109489 1.13025881 35.10249420
105200 -0.75207349 1.17130658 48.36680310
105300 -0.73227557 1.11693092 32.27792517
105400 -0.69527091 1.16811515 40.48113912
105500 -0.72020254 1.20558021 53.91395712
105600 -0.75018844 1.13649752 39.24382250
105700 -0.76685894 1.15727121 47.01519192
105800 -0.70493116 1.16537140 40.71626436
105900 -0.70548903 1.12048665 29.87114924
106000 -0.72605701 1.10036651 28.01855492
106100 -0.75970417 1.10106800 32.96688083
106200 -0.68264346 1.18225211 43.24809767
106300 -0.73300750 1.11325023 31.58332828
106400 -0.72851082 1.14855781 39.14800763
106500 -0.72266356 1.16635631 42.99601807
106600 -0.72683399 1.13178095 34.90463438
106700 -0.75523147 1.12634989 37.66554175
106800 -0.69619985 1.15786790 37.87513294
106900 -0.69610076 1.16866851 40.70906099
107000 -0.66648938 1.16237315 36.63025413
107100 -0.69639145 1.14056078 33.58039990
107200 -0.70763470 1.16498884 40.90215753
107300 -0.68215580 1.19398103 46.58721113
107400 -0.73932445 1.12749552 35.58275804
107500 -0.69172004 1.19447864 47.56511663
107600 -0.74008481 1.10673705 31.18198070
107700 -0.72755891 1.16664141 43.68445816
107800 -0.71280358 1.12836519 32.43765436
107900 -0.70210491 1.19234049 47.94418593
108000 -0.71496350 1.15241155 38.46409851
108100 -0.73186544 1.13471825 36.24057462
108200 -0.72462811 1.15415653 40.06385486
108300 -0.71388734 1.14549231 36.61840019
108400 -0.72414573 1.10645544 29.01800542
108500 -0.71200651 1.16166019 40.50575561
108600 -0.71030691 1.14547301 36.21230478
108700 -0.73871942 1.14895699 40.61133062
108800 -0.71313826 1.14475805 36.35338499
108900 -0.75067331 1.14444804 41.22864570
109000 -0.69360353 1.13606453 32.24404101
109100 -0.70763287 1.19544665 49.43678065
109200 -0.72756314 1.12048949 32.44398587
109300 -0.70705475 1.15733358 38.84064619
109400 -0.70618050 1.13165425 32.46899576
109500 -0.68938782 1.15578978 36.70929623
109600 -0.71800108 1.17332854 44.31637232
109700 -0.71919130 1.15012961 38.38569313
109800 -0.72041579 1.15091822 38.72995702
109900 -0.72827587 1.12787277 34.19034911
110000 -0.70681884 1.18104172 45.19735579
110100 -0.73179720 1.10825224 30.36974887
110200 -0.72210740 1.18987068 49.46761574
110300 -0.71284632 1.16380647 41.16407201
110400 -0.71670952 1.17362890 44.24694455
110500 -0.69364523 1.15831565 37.74820131
110600 -0.77739934 1.12102752 40.16184531
110700 -0.74878806 1.16863983 47.15262437
110800 -0.71030989 1.15095170 37.57251325
110900 -0.72771112 1.16716530 43.84371470
111000 -0.71632449 1.15081381 38.21947660
111100 -0.77413481 1.10242286 35.64897279
111200 -0.73540122 1.17177644 46.09796218
111300 -0.73880117 1.17200845 46.62718242
111400 -0.75286410 1.13477246 39.24277101
111500 -0.69627152 1.16694020 40.26263707
111600 -0.77481542 1.13929015 43.91010394
111700 -0.72154860 1.17083721 44.06342729
111800 -0.70775992 1.16982727 42.20947805
111900 -0.74018872 1.17989365 48.99666594
112000 -0.71362706 1.16402792 41.31092490
112100 -0.75573834 1.13374393 39.44532849
112200 -0.73365526 1.15389445 41.16306087
112300 -0.76848439 1.11622275 37.56963346
112400 -0.80077767 1.14803747 50.91713072
112500 -0.73549345 1.12185298 33.78861027
112600 -0.72453687 1.16902084 43.94082129
112700 -0.70673080 1.14746074 36.31414145
112800 -0.75177875 1.15323795 43.58312471
112900 -0.73656005 1.15028338 40.64520916
113000 -0.72913370 1.17076748 44.99526917
113100 -0.70216753 1.20546187 51.87257937
113200 -0.75332451 1.16696214 47.38859405
113300 -0.72728249 1.17850454 46.88280639
113400 -0.67021933 1.16515674 37.61942509
113500 -0.72141664 1.17579541 45.40255502
113600 -0.74711430 1.11095282 33.07185531
113700 -0.71387458 1.14944248 37.59448557
113800 -0.70029859 1.17518408 42.89304208
113900 -0.69716316 1.19141739 47.18238679
114000 -0.72942496 1.13947259 37.04897169
114100 -0.73451982 1.17050729 45.63488804
114200 -0.66864131 1.18794954 43.81328438
114300 -0.71082054 1.14443752 36.01544617
114400 -0.69109997 1.14184285 33.39358482
114500 -0.71791419 1.15678798 39.92191163
114600 -0.73333293 1.16565796 44.17590986
114700 -0.71811165 1.12169530 31.54958490
114800 -0.71162931 1.14977789 37.42504790
114900 -0.74622832 1.12766762 36.60763289
115000 -0.74169626 1.14638864 40.39259614
115100 -0.71160053 1.11152996 28.59980100
115200 -0.70788825 1.15125676 37.38491712
115300 -0.70861886 1.19120859 48.30025127
115400 -0.68912952 1.17810115 42.64215946
115500 -0.72709581 1.13556298 35.82163056
115600 -0.72218817 1.14985919 38.67978131
115700 -0.70871894 1.12268562 30.70434717
115800 -0.72453223 1.14928129 38.82471874
115900 -0.70148944 1.19014935 47.24337478
116000 -0.66969103 1.16567639 37.72039092
116100 -0.71352700 1.12788605 32.41021540
116200 -0.72879303 1.14743418 38.90565866
116300 -0.70690144 1.18316858 45.80618070
116400 -0.72943083 1.14030394 37.24916128
116500 -0.70184574 1.15624278 38.01645881
116600 -0.70815265 1.14559809 36.00770865
116700 -0.76139648 1.15749491 46.17622629
116800 -0.70699585 1.18344059 45.89334132
116900 -0.69179440 1.16443164 39.17515299
117000 -0.72113406 1.13801916 35.66329019
117100 -0.72830922 1.18405067 48.57401830
117200 -0.71032458 1.19626200 49.97134231
117300 -0.70939624 1.16082613 39.99890317
117400 -0.67545022 1.17305201 40.12506961
117500 -0.75754118 1.08928364 30.32376127
117600 -0.72907580 1.14279882 37.80591432
117700 -0.72845652 1.14242476 37.63542063
117800 -0.73156197 1.15320860 40.71157264
117900 -0.70102866 1.15072509 36.53493042
118000 -0.70612852 1.13280049 32.72966679
118100 -0.72710227 1.14876292 39.01899004
118200 -0.74427928 1.13702389 38.49841842
118300 -0.71322832 1.13627312 34.32281990
118400 -0.75763771 1.11439846 35.40817240
118500 -0.73500748 1.14562471 39.27925830
118600 -0.70927440 1.17448416 43.64122396
118700 -0.72248021 1.09909513 27.32013586
118800 -0.73338116 1.14131136 38.01085265
118900 -0.74135055 1.17983922 49.14498473
119000 -0.71179968 1.12861558 32.38212547
119100 -0.74395462 1.14081247 39.35679003
119200 -0.73902008 1.13988257 38.43511475
119300 -0.73893672 1.14015617 38.48919969
119400 -0.71476408 1.16658765 42.11988407
119500 -0.71906353 1.15927038 40.69862717
119600 -0.73951006 1.14213584 39.04641141
119700 -0.73154268 1.17823500 47.35909591
119800 -0.74781510 1.12280434 35.74553792
119900 -0.71852513 1.11859350 30.91566155
120000 -0.70359928 1.16512472 40.51196538
120100 -0.70323871 1.14633053 35.66848007
120200 -0.75900826 1.13511129 40.28047362
120300 -0.79562961 1.13993814 47.92062634
120400 -0.76845588 1.11108896 36.46796591
120500 -0.70785881 1.20839926 53.37181440
120600 -0.74941528 1.14634214 41.50468859
120700 -0.71676050 1.17089290 43.50798938
120800 -0.70642122 1.15020879 36.96495714
120900 -0.69181451 1.18981897 46.21246956
121000 -0.72625241 1.14913323 39.00351731
121100 -0.71425795 1.14259132 35.95271344
121200 -0.68501912 1.20148250 49.05997523
121300 -0.75660996 1.15040107 43.61368833
121400 -0.69213783 1.16718865 39.93957830
121500 -0.68335408 1.22767216 57.15847295
121600 -0.71044692 1.16494916 41.19828981
121700 -0.72469582 1.13859164 36.23750919
121800 -0.70457411 1.17856873 44.26814086
121900 -0.76493904 1.13567334 41.37340470
122000 -0.74398917 1.13843790 38.79275597
122100 -0.69270628 1.18106350 43.79557290
122200 -0.73307887 1.12108254 33.29373728
122300 -0.76007550 1.13101972 39.49713879
122400 -0.75456712 1.12802074 37.94222537
122500 -0.75040326 1.17706206 49.69226308
122600 -0.76954904 1.14641398 44.73336399
122700 -0.70603616 1.12178531 30.21619535
122800 -0.75639662 1.16128958 46.36607373
122900 -0.68728792 1.14574912 34.00590678
123000 -0.70993897 1.19151550 48.53393030
123100 -0.74192335 1.15063504 41.48007915
123200 -0.71741756 1.10853570 28.63701107
123300 -0.68445133 1.18204043 43.33941432
123400 -0.75258418 1.10146836 31.93571652
123500 -0.76503862 1.14235435 42.98668868
123600 -0.75996854 1.11088833 35.03191155
123700 -0.74198202 1.11553843 33.30785362
123800 -0.73469016 1.13926750 37.69518759
123900 -0.70075290 1.14956077 36.21586230
124000 -0.73859680 1.12008896 33.82411159
124100 -0.71926917 1.12085110 31.50017168
124200 -0.70919518 1.15566255 38.64346327
124300 -0.73321791 1.14032928 37.75258680
124400 -0.71772510 1.13399544 34.30653214
124500 -0.74257289 1.20585695 56.93775035
124600 -0.74310364 1.16452056 45.22488919
124700 -0.73144793 1.19505963 52.16937124
124800 -0.71629793 1.18361019 46.97997319
124900 -0.69841011 1.17446752 42.50848546
125000 -0.68986581 1.14641776 34.39878735
125100 -0.71803148 1.11881756 30.90627764
125200 -0.75837248 1.17466585 50.26158606
125300 -0.72358340 1.15992932 41.41805516
125400 -0.71420869 1.16532952 41.72169115
125500 -0.72780406 1.17060844 44.78140308
125600 -0.67812496 1.17551350 41.00560031
125700 -0.74026973 1.16969588 46.20573359
125800 -0.72272287 1.12883987 33.71429397
125900 -0.75160211 1.09856053 31.20474205
126000 -0.71168196 1.19731381 50.43418178
126100 -0.70226573 1.14471881 35.17278747
126200 -0.72296731 1.13870840 36.05133051
126300 -0.72106045 1.19010529 49.40835625
126400 -0.72885040 1.12597846 33.83434565
126500 -0.68504332 1.17134845 40.43117390
126600 -0.70620971 1.14475905 35.59374675
126700 -0.73926920 1.14951030 40.82564904
126800 -0.67889479 1.13434200 30.57028000
126900 -0.71474898 1.19117396 48.97480142
127000 -0.66443171 1.15317367 34.12417677
127100 -0.70682142 1.19772203 50.02461061
127200 -0.74699724 1.12630236 36.41047233
127300 -0.69868176 1.17077126 41.52758159
127400 -0.74013165 1.12953770 36.16221887
127500 -0.73852882 1.13073685 36.21486284
127600 -0.69558703 1.14937851 35.66326015
127700 -0.72948785 1.16166613 42.61813403
127800 -0.69623188 1.08453656 21.65715824
127900 -0.71710263 1.13757319 35.07702278
128000 -0.75591035 1.17042721 48.71945692
128100 -0.72984070 1.14183251 37.67078474
128200 -0.71824713 1.13284526 34.09964915
128300 -0.76190031 1.15257841 45.00378181
128400 -0.72218978 1.12008719 31.68435703
128500 -0.74288484 1.16684355 45.81077801
128600 -0.74181414 1.16163270 44.28146074
128700 -0.72389343 1.15083580 39.13409020
128800 -0.70270668 1.14940903 36.37676347
128900 -0.75933585 1.11540538 35.89369649
129000 -0.69589958 1.16297679 39.17675927
129100 -0.70648548 1.12716386 31.47128773
129200 -0.73034874 1.16090525 42.53117028
129300 -0.74202106 1.17016580 46.57977162
129400 -0.74633939 1.13774556 38.96908503
129500 -0.74307121 1.07604714 25.73098347
129600 -0.70607930 1.17842570 44.38684246
129700 -0.70174190 1.17773024 43.74275013
129800 -0.80942389 1.13697495 50.00774630
129900 -0.72525733 1.13844151 36.27187712
130000 -0.72943163 1.13927020 37.00138789
130100 -0.69495986 1.20914262 52.29326834
130200 -0.72832999 1.15462207 40.65049262
130300 -0.73822550 1.13805658 37.88861195
130400 -0.69906505 1.17741797 43.38730619
130500 -0.71287937 1.15464442 38.79276629
130600 -0.71690674 1.11750624 30.48807482
130700 -0.72532781 1.17716146 46.26276672
130800 -0.72235101 1.16704599 43.14166450
130900 -0.73714114 1.18021475 48.66399971
131000 -0.74527821 1.14351467 40.20257730
131100 -0.70976637 1.19677193 50.06111832
131200 -0.69773252 1.23779891 61.82987546
131300 -0.72921051 1.13892004 36.88907017
131400 -0.70854927 1.16817968 41.85164356
131500 -0.71565368 1.13934739 35.33147370
131600 -0.70834427 1.16190889 40.16737369
131700 -0.70032799 1.14933405 36.11658614
131800 -0.67741110 1.16575098 38.30803197
131900 -0.75256968 1.10233434 32.10834643
132000 -0.68135885 1.16131964 37.45360775
132100 -0.77874859 1.11877562 39.90691519
132200 -0.76085409 1.16272134 47.44826886
132300 -0.72925054 1.13423583 35.78606371
132400 -0.72936381 1.13514706 36.01456694
132500 -0.72103428 1.17184646 44.27489670
132600 -0.69615294 1.19464995 48.03199040
132700 -0.71815054 1.15248865 38.85503478
132800 -0.71995803 1.14292219 36.70056001
132900 -0.75526944 1.11063716 34.23830647
133000 -0.69956450 1.17756144 43.47672152
133100 -0.74360294 1.15759632 43.48883469
133200 -0.71491202 1.17713198 45.00345324
133300 -0.74542543 1.15825684 43.92257686
133400 -0.74882400 1.13379751 38.40492895
133500 -0.68902950 1.15931533 37.58534633
133600 -0.72970383 1.19218018 51.09617186
133700 -0.71429207 1.18163496 46.19046392
133800 -0.72508473 1.19069514 50.07492606
133900 -0.69986532 1.16596272 40.35462634
134000 -0.71338077 1.18567300 47.23213189
134100 -0.72571394 1.15749993 41.05510513
134200 -0.71757861 1.14439847 36.77767075
134300 -0.72463621 1.13361342 35.05470639
134400 -0.73693684 1.16302050 43.96574233
134500 -0.70358666 1.17825600 44.07829878
134600 -0.70161883 1.18521014 45.83560367
134700 -0.71992007 1.15363322 39.35531795
134800 -0.71698098 1.17985479 46.00162838
134900 -0.73450250 1.10630447 30.32622893
135000 -0.72296935 1.18307661 47.62691533
135100 -0.78633357 1.14918477 48.40662561
135200 -0.69289766 1.16286408 38.86375083
135300 -0.74401963 1.14081498 39.36675520
135400 -0.73237151 1.16596183 44.12895578
135500 -0.76846606 1.15827134 47.54245019
135600 -0.73193999 1.16418306 43.60042462
135700 -0.77768315 1.10743432 37.30014931
135800 -0.72848804 1.12396120 33.33389816
135900 -0.73487078 1.11365429 31.91914248
136000 -0.73808933 1.15781988 42.76987584
136100 -0.73134897 1.12514319 33.97100399
136200 -0.73554031 1.15734091 42.29776057
136300 -0.72910244 1.14841634 39.18905861
136400 -0.75345048 1.13951494 40.45722693
136500 -0.72375765 1.16878286 43.78009178
136600 -0.74406845 1.14454520 40.27903725
136700 -0.72315086 1.12499061 32.89345462
136800 -0.74445191 1.15273853 42.37155859
136900 -0.72617719 1.15662097 40.88750227
137000 -0.74691409 1.12327617 35.71799872
137100 -0.66895127 1.18849984 43.99321891
137200 -0.75908241 1.16305955 47.25377016
137300 -0.71948261 1.12355103 32.12557779
137400 -0.70944597 1.18350157 46.17577934
137500 -0.69139801 1.14834486 35.01438283
137600 -0.75116877 1.12435508 36.59359908
137700 -0.73661430 1.15596155 42.08989073
137800 -0.74584683 1.13660084 38.62562720
137900 -0.72990553 1.14823896 39.24901396
138000 -0.72863512 1.12338980 33.22499951
138100 -0.68196037 1.14217330 32.68270468
138200 -0.71602253 1.18282873 46.72665982
138300 -0.74017148 1.15014422 41.11008605
138400 -0.70760382 1.13823385 34.16697478
138500 -0.73636741 1.17935886 48.31872039
138600 -0.68632735 1.18465749 44.24114902
138700 -0.72083590 1.16330154 41.96450885
138800 -0.70085246 1.13599223 32.93177418
138900 -0.73054885 1.13643013 36.47110278
139000 -0.75219551 1.15209031 43.35649992
139100 -0.72705558 1.16478770 43.12782282
139200 -0.69261669 1.17997205 43.48109916
139300 -0.70662165 1.18771518 47.07410054
139400 -0.78590838 1.13861142 45.74866917
139500 -0.68844800 1.14526014 33.98779207
139600 -0.70486789 1.15760939 38.67993515
139700 -0.75352587 1.12361598 36.78714899
139800 -0.70912529 1.15511692 38.49648507
139900 -0.70288420 1.13101977 31.97764754
140000 -0.69615070 1.16089748 38.65622523
140100 -0.74227445 1.12683200 35.84738857
140200 -0.73858376 1.13745077 37.79416206
140300 -0.73564499 1.14256045 38.61756874
140400 -0.76016787 1.09730080 32.29067676
140500 -0.76875675 1.15788260 47.49113686
140600 -0.70410546 1.14078810 34.40842807
140700 -0.71809551 1.12112344 31.42106158
140800 -0.70362214 1.15407674 37.64626880
140900 -0.74517811 1.13856671 38.99537898
141000 -0.70506080 1.12711050 31.30847598
141100 -0.70496814 1.14914743 36.54637541
141200 -0.73404310 1.18511622 49.62940685
141300 -0.70786291 1.19351133 48.89165469
141400 -0.74414667 1.12662811 36.06928313
141500 -0.73758743 1.09676326 28.82303944
141600 -0.75355432 1.15104563 43.30142060
141700 -0.73348461 1.16393798 43.74069871
141800 -0.73088714 1.14329236 38.16130889
141900 -0.69393010 1.13063539 31.00777381
142000 -0.73835197 1.16059363 43.52515359
142100 -0.71202138 1.17633947 44.45614722
142200 -0.74816831 1.15800649 44.26059975
142300 -0.68591541 1.15968827 37.40972847
142400 -0.74877688 1.16737570 46.81216278
142500 -0.73493553 1.18437081 49.53717666
142600 -0.71041054 1.18542179 46.82804362
142700 -0.75015870 1.14997916 42.51860690
142800 -0.75497773 1.12611304 37.57260187
142900 -0.76290365 1.14412838 43.06813218
143000 -0.79380179 1.09343742 37.48858421
143100 -0.68736880 1.18723456 45.06849998
143200 -0.67023687 1.17837588 41.21317552
143300 -0.74065445 1.13366535 37.19158519
143400 -0.74407996 1.13194960 37.27982494
143500 -0.70329589 1.21724551 55.65737812
143600 -0.73091907 1.16723293 44.27662018
143700 -0.76272004 1.11248691 35.81424940
143800 -0.68828683 1.16879360 40.02228222
143900 -0.68198974 1.14287564 32.85544644
144000 -0.71184349 1.13255273 33.29487063
144100 -0.72292152 1.14301110 37.08204612
144200 -0.72080578 1.14613896 37.58921208
144300 -0.72108992 1.17558048 45.30368385
144400 -0.71440447 1.15674371 39.50285850
144500 -0.74063488 1.13197334 36.79489948
144600 -0.74377733 1.18027959 49.61428509
144700 -0.75247711 1.13292373 38.75136622
144800 -0.75850322 1.14574907 42.75793897
144900 -0.70885975 1.15509752 38.46259538
145000 -0.66978537 1.20171634 47.95137271
145100 -0.74062697 1.18323897 50.00012921
145200 -0.75687044 1.17717626 50.71750804
145300 -0.75674114 1.11767853 35.97586368
145400 -0.76890879 1.08805201 31.94686859
145500 -0.70759146 1.18803166 47.26907957
145600 -0.71803806 1.11333584 29.72258097
145700 -0.69916354 1.15485976 37.39345331
145800 -0.74984641 1.16613533 46.64098030
145900 -0.75859059 1.13856551 41.03223827
146000 -0.74003910 1.15967808 43.52182926
146100 -0.68950381 1.17479561 41.76178058
146200 -0.73663620 1.14812896 40.11871668
146300 -0.75102822 1.12115401 35.85931053
146400 -0.69774977 1.19693236 48.86192265
146500 -0.71962097 1.15756974 40.32567342
146600 -0.72752429 1.13588274 35.95155466
146700 -0.70874838 1.17118169 42.68285916
146800 -0.75002333 1.16083401 45.27069138
146900 -0.71929737 1.16102547 41.18307971
147000 -0.72828230 1.13269060 35.30063336
147100 -0.74066914 1.12117137 34.35228986
147200 -0.71371833 1.18827981 48.01855266
147300 -0.76460963 1.11532132 36.72979981
147400 -0.74260219 1.11715340 33.74549284
147500 -0.74021747 1.11176886 32.25349453
147600 -0.71685586 1.11532401 30.00986040
147700 -0.71964072 1.15433460 39.49999569
147800 -0.75259150 1.14622545 41.95556848
147900 -0.72323409 1.15999261 41.39139867
148000 -0.72251554 1.13264278 34.56636183
148100 -0.72606594 1.15697300 40.96387118
148200 -0.74164339 1.14408231 39.81951316
148300 -0.74044652 1.14167043 39.06491032
148400 -0.72789681 1.14232372 37.53918957
148500 -0.74822912 1.13909371 39.56883726
148600 -0.71675800 1.16913665 43.03348341
148700 -0.75618008 1.13315532 39.37680955
148800 -0.74659016 1.15231883 42.57673415
148900 -0.68134488 1.18688833 44.46095165
149000 -0.72577887 1.12219589 32.59566885
149100 -0.71597217 1.17341196 44.10182255
149200 -0.72960192 1.14430809 38.24154936
149300 -0.71860570 1.14509126 37.06851860
149400 -0.74272467 1.12211597 34.85291711
149500 -0.74211595 1.15044111 41.45884660
149600 -0.73098537 1.14877511 39.52310959
149700 -0.72028781 1.15421797 39.54796600
149800 -0.68369171 1.12211839 28.17044164
149900 -0.74622362 1.15086528 42.15736858
150000 -0.75070511 1.13501097 38.97109341
150100 -0.71402446 1.15002806 37.75780509
150200 -0.72317448 1.14194375 36.85436444
150300 -0.74503665 1.12412522 35.63387260
150400 -0.72423871 1.12623967 33.30982331
150500 -0.74751427 1.14122297 39.97449013
150600 -0.71898134 1.17370590 44.53573956
150700 -0.73823327 1.19574911 53.28798618
150800 -0.72961427 1.10097212 28.59482507
150900 -0.72895384 1.15613472 41.11704383
151000 -0.70849197 1.15689830 38.88362183
151100 -0.74244119 1.17873614 48.99166257
151200 -0.69722608 1.18397009 45.04596163
151300 -0.71417279 1.11324246 29.25388620
151400 -0.70889896 1.17277168 43.13168569
151500 -0.70702918 1.17799633 44.36860361
151600 -0.70479128 1.13142713 32.26986456
151700 -0.72322635 1.15656830 40.50601311
151800 -0.73397544 1.11751191 32.63042456
151900 -0.73366682 1.17314093 46.23639236
152000 -0.69399136 1.17380714 41.90236288
152100 -0.71525370 1.16146013 40.82240789
152200 -0.66684100 1.19345611 45.29210364
152300 -0.72773048 1.15501529 40.67393608
152400 -0.70050869 1.12872606 31.20880348
152500 -0.72421615 1.14617399 38.01564235
152600 -0.74943413 1.15545338 43.79349396
152700 -0.75117937 1.13210188 38.36324197
152800 -0.74217522 1.12376855 35.14307929
152900 -0.73077434 1.15587460 41.28687024
153000 -0.71217975 1.18764410 47.66171348
153100 -0.79925137 1.02874418 28.13808594
153200 -0.70404541 1.21111776 53.80985299
153300 -0.71353209 1.12909056 32.68601091
153400 -0.72295799 1.12113968 32.01071153
153500 -0.71784704 1.18192226 46.68404185
153600 -0.69674357 1.19508835 48.21822763
153700 -0.72119374 1.17524431 45.22367594
153800 -0.71186625 1.14857991 37.15301445
153900 -0.71385019 1.20005585 51.49768992
154000 -0.74130267 1.11559636 33.22411641
154100 -0.73043476 1.13374524 35.82503069
154200 -0.72230176 1.13900688 36.04100282
154300 -0.70733258 1.11369339 28.59257483
154400 -0.71889997 1.14610665 37.35284314
154500 -0.70160765 1.15803525 38.45315336
154600 -0.69780466 1.13511370 32.42210124
154700 -0.76411988 1.15819649 46.80038260
154800 -0.74045560 1.19231075 52.58667384
154900 -0.71265985 1.18427605 46.75255805
155000 -0.71169762 1.15104416 37.74976425
155100 -0.70778645 1.16683687 41.40991806
155200 -0.69199004 1.15015597 35.52008878
155300 -0.75419535 1.11938971 35.95402468
155400 -0.73156663 1.16130264 42.79442281
155500 -0.69390564 1.16204522 38.74298271
155600 -0.72463837 1.09859681 27.48770767
155700 -0.73939469 1.12140475 34.22547084
155800 -0.72818562 1.13910640 36.80171060
155900 -0.72636985 1.19940847 52.80738375
156000 -0.70320802 1.14890290 36.30227425
156100 -0.72322382 1.15241570 39.44889701
156200 -0.73117547 1.12005714 32.81607441
156300 -0.74348462 1.14357680 39.95874812
156400 -0.72911596 1.16117011 42.44037976
156500 -0.70149360 1.17652471 43.38343342
156600 -0.69485136 1.15414735 36.79382820
156700 -0.75659704 1.15235400 44.10258788
156800 -0.71305472 1.17885048 45.26947974
156900 -0.74767461 1.10985148 32.92271753
157000 -0.70968073 1.12319480 30.92289027
157100 -0.70607028 1.11586794 28.92493573
157200 -0.71606716 1.16245656 41.17751576
157300 -0.74524066 1.15545143 43.17513974
157400 -0.71958107 1.14658503 37.55190538
157500 -0.72217057 1.12270870 32.26240616
157600 -0.69227148 1.16902621 40.44456327
157700 -0.69958968 1.19172691 47.51134824
157800 -0.69034359 1.15263197 35.99243809
157900 -0.73516309 1.13147671 35.92526351
158000 -0.73466174 1.15837359 42.44534908
158100 -0.72464270 1.19414107 51.02738438
158200 -0.76128063 1.14225438 42.34931303
158300 -0.69620963 1.16729831 40.35233864
158400 -0.70573105 1.10216012 26.02388408
158500 -0.72654131 1.11528050 31.17919772
158600 -0.76014459 1.08834681 30.56040427
158700 -0.70830017 1.16472186 40.90329662
158800 -0.76590344 1.12691929 39.50815933
158900 -0.72819670 1.10070882 28.35921204
159000 -0.70993833 1.10520195 27.09713776
159100 -0.67353882 1.10856606 24.45387881
159200 -0.73851703 1.16291459 44.15552424
159300 -0.67078763 1.17015638 38.99768002
159400 -0.73164820 1.15339612 40.77041927
159500 -0.71196343 1.17815080 44.95183926
159600 -0.69757438 1.18735618 46.04716809
159700 -0.76116511 1.11751909 36.64437469
159800 -0.67892323 1.22832423 57.01283739
159900 -0.70147607 1.15284616 37.11428780
160000 -0.72527503 1.10581739 29.02731694
160100 -0.72343689 1.17233292 44.70094182
160200 -0.78700614 1.12615264 43.05815612
160300 -0.75028791 1.10419565 32.14115883
160400 -0.72595781 1.14581144 38.14431854
160500 -0.68563888 1.18700999 44.85437597
160600 -0.75488590 1.13350053 39.25606897
160700 -0.71973501 1.14177263 36.39523998
160800 -0.72994317 1.10064246 28.57131168
160900 -0.69865480 1.15325734 36.93602498
161000 -0.76276265 1.14931528 44.32489417
161100 -0.79077135 1.11207854 40.68550887
161200 -0.73886776 1.13229027 36.62151209
161300 -0.74010644 1.12543474 35.22531843
161400 -0.69556288 1.17606329 42.67160331
161500 -0.71589659 1.13373073 34.03103732
161600 -0.74520627 1.15019986 41.84241562
161700 -0.70673047 1.14193914 34.96297022
161800 -0.68844337 1.19692467 47.99324563
161900 -0.71367474 1.16147097 40.64450833
162000 -0.68582072 1.13769288 31.93154949
162100 -0.71488099 1.18737886 47.89212645
162200 -0.77899995 1.11776856 39.73206462
162300 -0.70113026 1.14528823 35.19682194
162400 -0.74569262 1.17729728 49.06005987
162500 -0.76937369 1.14514420 44.39156168
162600 -0.71899620 1.18382919 47.35955091
162700 -0.69777668 1.17559805 42.75728149
162800 -0.72142237 1.21795938 57.92077831
162900 -0.76645166 1.14799770 44.60450644
163000 -0.72997607 1.13197476 35.35303440
163100 -0.70686268 1.16614710 41.12695607
163200 -0.73781759 1.10883204 31.30225428
163300 -0.70310996 1.13971928 34.04849961
163400 -0.73554783 1.12796103 35.16972307
163500 -0.75759940 1.12567736 37.88392214
163600 -0.71619907 1.15999938 40.55095108
163700 -0.70535232 1.16918333 41.77938713
163800 -0.67518132 1.18908393 44.61087593
163900 -0.67764754 1.19880628 47.65716575
164000 -0.73829088 1.14775500 40.25345330
164100 -0.69216107 1.18912983 46.04486110
164200 -0.69944213 1.19633826 48.85255170
164300 -0.75289991 1.10641633 32.99304196
164400 -0.71708252 1.10244972 27.34710418
164500 -0.74809201 1.17680607 49.27642233
164600 -0.74077904 1.18416212 50.28342370
164700 -0.70594247 1.16849777 41.65742893
164800 -0.74391732 1.11393737 33.24069523
164900 -0.70522645 1.17020881 42.04270278
165000 -0.74906276 1.11862525 35.00835295
165100 -0.77473619 1.15397149 47.51712872
165200 -0.72995373 1.13744601 36.63429087
165300 -0.75921496 1.09458397 31.60616284
165400 -0.71742074 1.13715768 35.01569721
165500 -0.69359861 1.16149065 38.56903017
165600 -0.73474333 1.14324399 38.66170213
165700 -0.72047872 1.15121894 38.81303840
165800 -0.72652584 1.13345848 35.25582382
165900 -0.73918893 1.14620476 39.99517186
166000 -0.72308557 1.16433836 42.51241408
166100 -0.74973104 1.13446084 38.69563337
166200 -0.73197254 1.14863506 39.61807069
166300 -0.72916480 1.16780967 44.20278192
166400 -0.74383872 1.13679344 38.38035426
166500 -0.70617562 1.14423999 35.46321886
166600 -0.69344905 1.16733400 40.10009735
166700 -0.76659096 1.13179492 40.74071560
166800 -0.73209942 1.12941765 35.04135637
166900 -0.71056912 1.12742606 31.97407118
167000 -0.71770934 1.12696150 32.68350605
167100 -0.74758536 1.11757393 34.55992708
167200 -0.76086177 1.16166940 47.17369076
167300 -0.75155463 1.11338228 34.25040101
167400 -0.68968901 1.17398321 41.55545904
167500 -0.70126551 1.14700242 35.63244893
167600 -0.72386151 1.13511328 35.30996419
167700 -0.70383800 1.12537936 30.78909361
167800 -0.76874706 1.13596894 42.07845487
167900 -0.71377170 1.15987714 40.24006369
168000 -0.75161384 1.15477988 43.94977276
168100 -0.72789170 1.12564013 33.63487648
168200 -0.76119391 1.11572810 36.26104609
168300 -0.69338171 1.12580429 29.85385995
168400 -0.76429009 1.10129887 33.75623473
168500 -0.73308808 1.12182268 33.45886951
168600 -0.68449652 1.18507858 44.20472898
168700 -0.74983122 1.16245486 45.66597362
168800 -0.71262839 1.15811733 39.65485528
168900 -0.72854465 1.14860127 39.16315803
169000 -0.76206490 1.14397184 42.89364479
169100 -0.73457110 1.18589407 49.92239868
169200 -0.73071273 1.17609751 46.65782592
169300 -0.74032260 1.15724948 42.93386376
169400 -0.76886532 1.14630419 44.59062624
169500 -0.76315093 1.12908755 39.54966631
169600 -0.70612290 1.18141609 45.22854364
169700 -0.65923276 1.18561314 42.54169235
169800 -0.72967406 1.15562120 41.07877953
169900 -0.73990739 1.13266182 36.85279926
170000 -0.71513555 1.17341375 44.00563564
170100 -0.71749365 1.15507302 39.43350252
170200 -0.71100253 1.18428982 46.57113268
170300 -0.72344295 1.19244459 50.38099948
170400 -0.71450262 1.15674403 39.51417350
170500 -0.74731744 1.08768828 28.46465971
170600 -0.68510457 1.16874392 39.73304026
170700 -0.73310175 1.17057676 45.46392765
170800 -0.69251716 1.15144648 35.89237976
170900 -0.74420592 1.14884360 41.35924194
171000 -0.71796877 1.11372770 29.79807976
171100 -0.73799871 1.14962472 40.67807156
171200 -0.69026140 1.19399285 47.28945818
171300 -0.72572410 1.15621161 40.72546803
171400 -0.69556446 1.14575896 34.76501656
171500 -0.73408948 1.14806919 39.75915638
171600 -0.71210966 1.17618505 44.42337897
171700 -0.75220612 1.11977965 35.73489944
171800 -0.68665693 1.18232157 43.60744485
171900 -0.71661293 1.11426011 29.75298534
172000 -0.71880444 1.16808745 42.99268855
172100 -0.69450964 1.11875357 28.39259840
172200 -0.68894120 1.18684831 45.09624541
172300 -0.70740076 1.16306614 40.36935901
172400 -0.69478638 1.14138268 33.62502765
172500 -0.68113181 1.15245177 35.15713246
172600 -0.71961655 1.12708715 32.93834592
172700 -0.75937426 1.12991542 39.13062796
172800 -0.72407178 1.12005085 31.90809209
172900 -0.72833053 1.11400499 31.13343064
173000 -0.73901072 1.13092476 36.32511271
173100 -0.72844609 1.14798816 38.99826151
173200 -0.78028358 1.13471537 43.79673589
173300 -0.71868832 1.17461427 44.74995778
173400 -0.69786947 1.12206062 29.44467597
173500 -0.68430328 1.14711652 34.08680887
173600 -0.76389593 1.09376226 32.20284588
173700 -0.74083941 1.11355974 32.72175052
173800 -0.68801519 1.16268700 38.37556661
173900 -0.73918073 1.11599369 33.01227421
174000 -0.72199199 1.15217029 39.23595036
174100 -0.74900018 1.17462792 48.81077324
174200 -0.71129887 1.14086709 35.20219679
174300 -0.72564055 1.13901732 36.45741202
174400 -0.72744540 1.14721948 38.67990104
174500 -0.74103222 1.11933066 33.99801295
174600 -0.73208846 1.13667389 36.73094706
174700 -0.70408824 1.18300496 45.46308475
174800 -0.69193636 1.16389305 39.04591869
174900 -0.70984538 1.18120479 45.57107181
175000 -0.73911359 1.13898082 38.23221210
175100 -0.75088323 1.16376767 46.16956617
175200 -0.71837214 1.20086571 52.26607037
175300 -0.73999546 1.15673242 42.75513041
175400 -0.74429717 1.09132220 28.71292932
175500 -0.74822400 1.17100342 47.70660379
175600 -0.73776969 1.15804592 42.78409216
175700 -0.70216246 1.17842353 43.97841446
175800 -0.74992904 1.17279159 48.44698541
175900 -0.73408001 1.13740116 37.16837867
176000 -0.75951469 1.14872309 43.65405554
176100 -0.70557550 1.13273565 32.65603342
176200 -0.70216994 1.17018593 41.71956598
176300 -0.70172362 1.18579668 46.01371711
176400 -0.73843048 1.14818246 40.37876503
176500 -0.68769453 1.18458231 44.33870984
176600 -0.69949408 1.19154830 47.44974140
176700 -0.75211038 1.14990930 42.79611167
176800 -0.75081648 1.17194025 48.34855638
176900 -0.71591161 1.20640116 53.65858579
177000 -0.71101953 1.15020696 37.46442855
177100 -0.74369718 1.12932009 36.61829129
177200 -0.72562843 1.16788931 43.77359150
177300 -0.71726103 1.15457393 39.27901631
177400 -0.69223916 1.20184957 49.81061174
177500 -0.67231348 1.19307811 45.56200884
177600 -0.71940418 1.13131734 33.88253457
177700 -0.74845627 1.11746286 34.66467970
177800 -0.73148885 1.14368565 38.33600662
177900 -0.69859819 1.18808304 46.35672181
178000 -0.69498184 1.15251403 36.39244187
178100 -0.73935050 1.15284614 41.67486650
178200 -0.73065328 1.14504725 38.55921680
178300 -0.73441716 1.19871822 53.65027297
178400 -0.71973668 1.18438338 47.60538793
178500 -0.70890751 1.13696278 34.00610121
178600 -0.75507685 1.14769273 42.70025779
178700 -0.75903596 1.12008536 36.86499975
178800 -0.66324184 1.20386862 48.16783428
178900 -0.72594134 1.15807206 41.23120503
179000 -0.71795808 1.17965881 46.06157996
179100 -0.76438303 1.15599983 46.27884540
179200 -0.66641048 1.18461332 42.70754749
179300 -0.73649066 1.12735610 35.16024829
179400 -0.76978904 1.16798160 50.32122910
179500 -0.71266407 1.13372529 33.66035124
179600 -0.73211939 1.14743646 39.34016672
179700 -0.71928654 1.15597986 39.87748327
179800 -0.69934157 1.14885026 35.89759957
179900 -0.72738104 1.12204205 32.76430140
180000 -0.69803421 1.18049374 44.14372350
180100 -0.71850329 1.12888839 33.21646381
180200 -0.73219291 1.14044074 37.64335576
180300 -0.70342681 1.15917346 38.93399446
180400 -0.72098373 1.23564976 63.64891186
180500 -0.68098663 1.14291424 32.78308233
180600 -0.75953019 1.12454746 37.93572113
180700 -0.79270177 1.09492321 37.56451611
180800 -0.72482402 1.16253209 42.25206732
180900 -0.71167899 1.17682027 44.55082962
181000 -0.71940909 1.16546911 42.36619026
181100 -0.69892121 1.17538516 42.81119661
181200 -0.69656472 1.15609117 37.45371708
181300 -0.72284742 1.13357030 34.82328586
181400 -0.73292812 1.09372254 27.59915295
181500 -0.72289637 1.14694316 38.04222184
181600 -0.69191255 1.19027812 46.35465191
181700 -0.74982437 1.09687922 30.60438565
181800 -0.70124066 1.18227247 44.96370907
181900 -0.74423843 1.13421615 37.83096593
182000 -0.69105437 1.17019814 40.64896633
182100 -0.71902015 1.14766911 37.75289205
182200 -0.69314872 1.13227875 31.31505118
182300 -0.71505093 1.16787054 42.49567127
182400 -0.74914090 1.13200227 38.03402988
182500 -0.69291340 1.15899969 37.85687031
182600 -0.67915533 1.17053268 39.72674891
182700 -0.69346365 1.19840295 48.88988867
182800 -0.75462047 1.11557506 35.19004871
182900 -0.69377099 1.15186869 36.11541667
183000 -0.75847178 1.12319685 37.46506932
183100 -0.70247319 1.15730121 38.35233375
183200 -0.72521349 1.18837107 49.41814647
183300 -0.73077478 1.14675675 38.99546879
183400 -0.75190962 1.13211762 38.47756139
183500 -0.73945394 1.15025874 41.03841965
183600 -0.73018023 1.13681906 36.51507977
183700 -0.71287731 1.18527257 47.06086198
183800 -0.70198477 1.15561063 37.86884448
183900 -0.74207699 1.13477011 37.65143843
184000 -0.69604200 1.13711012 32.72263705
184100 -0.73147386 1.16032863 42.52818522
184200 -0.74085915 1.14233694 39.28424636
184300 -0.70996341 1.13871788 34.53908849
184400 -0.73485172 1.16283657 43.63402466
184500 -0.72974847 1.15038631 39.76398532
184600 -0.69397826 1.17462269 42.12476771
184700 -0.74278644 1.15261088 42.10011192
184800 -0.69038065 1.13379292 31.41389501
184900 -0.71720700 1.16865408 42.95624783
185000 -0.70950499 1.18443910 46.44847170
185100 -0.69352856 1.17129727 41.17490043
185200 -0.72980530 1.16779056 44.28060031
185300 -0.73186341 1.09173616 27.07535728
185400 -0.73255002 1.12964541 35.15326043
185500 -0.74887842 1.14039483 39.97722878
185600 -0.71368090 1.15090878 37.93928276
185700 -0.72234906 1.19916218 52.23365235
185800 -0.70043076 1.15726780 38.13652842
185900 -0.72856400 1.14495814 38.26659651
186000 -0.73770188 1.14463048 39.40293890
186100 -0.71802826 1.17044662 43.53602180
186200 -0.68858026 1.21419943 53.28387214
186300 -0.72186699 1.14904244 38.43684909
186400 -0.73063937 1.14652163 38.91977849
186500 -0.68877733 1.14303127 33.47280610
186600 -0.71956897 1.13281795 34.25046728
186700 -0.70944951 1.14397126 35.75058455
186800 -0.72339925 1.13280254 34.71219878
186900 -0.72076336 1.10089561 27.47141847
187000 -0.73416639 1.19507291 52.53432215
187100 -0.72252757 1.08975684 25.51033120
187200 -0.67285299 1.12883472 28.83644381
187300 -0.69536157 1.18216357 44.35505540
187400 -0.73142520 1.13775173 36.89923534
187500 -0.70857604 1.17858793 44.69999464
187600 -0.69937540 1.14743133 35.54886673
187700 -0.72826741 1.13225811 35.19817983
187800 -0.67587146 1.17407928 40.43796411
187900 -0.72269361 1.13380676 34.85966071
188000 -0.71622420 1.17511748 44.59884741
188100 -0.71436722 1.17432267 44.16639418
188200 -0.69764359 1.21560493 54.57037270
188300 -0.73262942 1.14420503 38.61333072
188400 -0.70266357 1.22916585 59.44498228
188500 -0.71145035 1.17313354 43.51155625
188600 -0.70759649 1.16455844 40.78408738
188700 -0.70608148 1.12007803 29.84380932
188800 -0.73761056 1.10986500 31.48999251
188900 -0.72852130 1.18632797 49.25071696
189000 -0.71000550 1.15890011 39.56523825
189100 -0.75733439 1.15025810 43.69161219
189200 -0.72875583 1.14628462 38.61709017
189300 -0.69118712 1.18161400 43.81076934
189400 -0.68752107 1.12226775 28.53144406
189500 -0.72882696 1.12699888 34.06243818
189600 -0.67367448 1.21378870 51.94563685
189700 -0.71142106 1.13862281 34.67774818
189800 -0.73100830 1.12483833 33.85772474
189900 -0.70673968 1.22566257 58.72473296
190000 -0.74955721 1.18888755 52.91168675
190100 -0.73125668 1.14297020 38.13141656
190200 -0.73272604 1.12986846 35.22785621
190300 -0.75840410 1.12827704 38.60113215
190400 -0.74640747 1.15200794 42.47157598
190500 -0.73632452 1.16445089 44.25932272
190600 -0.73765484 1.13552914 37.21141537
190700 -0.68569688 1.12517749 29.02442788
190800 -0.67924099 1.15803636 36.43094803
190900 -0.68901947 1.16542161 39.18654857
191000 -0.72955908 1.10558544 29.52546295
191100 -0.75244810 1.15055893 43.01010172
191200 -0.71635617 1.15395461 39.01585045
191300 -0.70692911 1.18113909 45.23651061
191400 -0.73092588 1.17906244 47.50871715
191500 -0.74557418 1.12376062 35.63032753
191600 -0.73050706 1.13912142 37.10557238
191700 -0.73296639 1.14119838 37.92836033
191800 -0.70170154 1.17786643 43.77647866
191900 -0.72720715 1.12746232 33.96038191
192000 -0.70773433 1.17496572 43.60641789
192100 -0.69997892 1.15698745 38.01916671
192200 -0.70514562 1.17045171 42.09986380
192300 -0.73316031 1.17426921 46.47763389
192400 -0.69396984 1.21614721 54.38969366
192500 -0.73177823 1.16947514 44.99117782
192600 -0.70762887 1.14242711 35.17743828
192700 -0.75221801 1.12165050 36.14963244
192800 -0.72320650 1.19035848 49.74394478
192900 -0.71466560 1.16297071 41.15089643
193000 -0.69426984 1.12890291 30.64167350
193100 -0.69407501 1.16962293 40.77331618
193200 -0.74828689 1.10166384 31.32865232
193300 -0.73714925 1.13249896 36.43284150
193400 -0.68671271 1.18886833 45.48200183
193500 -0.71879944 1.17397486 44.58776449
193600 -0.77582736 1.15442702 47.82418388
193700 -0.72414573 1.17098050 44.42129587
193800 -0.68381341 1.16355133 38.24199485
193900 -0.72047249 1.11539495 30.45430208
194000 -0.72506741 1.14344828 37.45446046
194100 -0.73223670 1.20668786 55.77199294
194200 -0.67832049 1.14263383 32.50263719
194300 -0.75225829 1.12173053 36.17350866
194400 -0.73356232 1.17540058 46.84218577
194500 -0.70828017 1.12928925 32.14907698
194600 -0.69805802 1.16715030 40.49232915
194700 -0.69760860 1.19705618 48.88490674
194800 -0.74518015 1.16570875 45.83920877
194900 -0.74320623 1.12596498 35.78409796
195000 -0.72653485 1.15508871 40.54066019
195100 -0.74957714 1.16603293 46.57342066
195200 -0.70757311 1.14646319 36.15803901
195300 -0.70659311 1.14936772 36.77317549
195400 -0.77078470 1.04585468 25.22050083
195500 -0.69669385 1.16507767 39.80793625
195600 -0.74118256 1.12503351 35.28629705
195700 -0.73250601 1.10270223 29.32301763
195800 -0.73102862 1.16938870 44.86938542
195900 -0.71825801 1.18111978 46.50664539
196000 -0.72732962 1.16569989 43.40463089
196100 -0.73334430 1.14895146 39.87876571
196200 -0.72012202 1.14465149 37.14182644
196300 -0.72803458 1.15535921 40.80059065
196400 -0.75310163 1.13914748 40.31581388
196500 -0.73778625 1.10830369 31.18773813
196600 -0.75924538 1.12944738 39.00259543
196700 -0.75019711 1.15165088 42.94366961
196800 -0.72743005 1.16381894 42.91942437
196900 -0.70671332 1.14657155 36.09263095
197000 -0.71805635 1.14712953 37.50515420
197100 -0.74397987 1.12603722 35.91151412
197200 -0.69419893 1.18334881 44.57999387
197300 -0.77435655 1.13719271 43.33029349
197400 -0.71385115 1.17577819 44.50784692
197500 -0.73446556 1.13779815 37.31447396
197600 -0.72697640 1.18409127 48.41542654
197700 -0.76584115 1.16040406 47.65678028
197800 -0.72602101 1.17440686 45.59021014
197900 -0.73897705 1.11184802 32.09710214
198000 -0.75486187 1.09459883 30.92545043
198100 -0.68453066 1.16581706 38.90207182
198200 -0.63884218 1.17315092 38.06006978
198300 -0.77556484 1.11278178 38.04954897
198400 -0.72035431 1.15286751 39.21356915
198500 -0.73310474 1.14219266 38.18707852
198600 -0.70183833 1.17809002 43.85255292
198700 -0.70314530 1.16854667 41.37813277
198800 -0.77450670 1.09828497 34.88475958
198900 -0.72310894 1.15877709 41.06069739
199000 -0.74385818 1.13740172 38.52737714
199100 -0.68330564 1.15182597 35.17807531
199200 -0.73421506 1.15504175 41.52998860
199300 -0.76874009 1.15361605 46.39715943
199400 -0.75390197 1.10963013 33.81530355
199500 -0.71149340 1.15382452 38.42883273
199600 -0.70432419 1.13349533 32.70180320
199700 -0.74451424 1.16311714 45.05749792
199800 -0.73105955 1.14358147 38.25426830
199900 -0.73031203 1.14087105 37.50004423
