0 0.38447060 1.11316168 0.20719611
100 0.31056317 0.97526688 11.77864864
200 0.26823661 0.95376586 19.37300635
300 0.28761887 1.04195458 7.99939411
400 0.34614388 0.96705845 10.28696929
500 0.32380559 1.00259724 7.64644252
600 0.25809582 0.98340751 16.86530291
700 0.30037100 1.04147223 6.67571853
800 0.39460826 0.98585935 6.52857968
900 0.26524010 0.93149265 23.27747833
1000 0.31138839 1.01704080 7.36712325
1100 0.29289612 0.98231294 12.66074205
1200 0.26672149 0.92303823 24.53931419
1300 0.26951729 0.93555941 22.03322256
1400 0.36232027 1.02918739 3.21709433
1500 0.29766222 0.99367171 10.88936281
1600 0.37393864 0.89399844 21.55791765
1700 0.33238406 0.97975138 9.51582267
1800 0.30948571 0.96025396 13.86089568
1900 0.29283219 0.97082984 14.08493478
2000 0.31723035 1.04256939 5.07454461
2100 0.26799038 0.90111136 28.49161447
2200 0.32087446 1.03872106 5.00797979
2300 0.31182817 0.99390527 9.51518223
2400 0.29972026 1.00449008 9.58908503
2500 0.30976635 1.03173590 6.40104971
2600 0.32669281 0.92415188 18.14825307
2700 0.29468743 0.92933999 20.10778806
2800 0.31328477 0.86507602 31.35440390
2900 0.28065377 0.96749664 15.90033261
3000 0.32542200 0.97431905 10.67878949
3100 0.31034446 1.00608015 8.42952669
3200 0.27475067 0.95023549 19.05840223
3300 0.28611585 0.90744152 25.02418412
3400 0.31220853 1.00574578 8.29559981
3500 0.29562631 0.93436527 19.16436551
3600 0.30196778 0.98755050 11.12760323
3700 0.32235000 0.94259401 15.40308388
3800 0.27997171 1.03546626 9.28569659
3900 0.29893376 1.06192102 5.83219689
4000 0.25785290 0.99792113 15.31294716
4100 0.30497362 0.91785679 21.10308127
4200 0.31165669 0.98458921 10.56209572
4300 0.30274558 0.90391902 23.95308723
4400 0.29497888 0.89299215 26.94084202
4500 0.33251898 0.94181439 14.78818680
4600 0.32934790 0.86954496 29.05062277
4700 0.28447740 0.95378462 17.36220439
4800 0.34867721 0.97547797 9.06988220
4900 0.31016542 0.96217232 13.53336064
5000 0.31962470 0.92223153 19.03090905
5100 0.29487084 0.98724548 11.88286110
5200 0.25919441 0.98680207 16.31999355
5300 0.30592454 1.01042409 8.43701715
5400 0.32480660 0.94616090 14.66025764
5500 0.26779459 0.95957396 18.59887096
5600 0.33546299 0.96491379 11.20665487
5700 0.28699274 1.00156856 11.22969409
5800 0.27865990 1.07493705 7.67578598
5900 0.30843420 0.94138462 16.77156731
6000 0.28204027 0.95200701 17.90821127
6100 0.30016882 1.00494444 9.50091167
6200 0.31684480 0.96478704 12.59866603
6300 0.30551308 1.03287361 6.71686453
6400 0.33325057 1.02238745 5.23959779
6500 0.28970685 1.02410068 8.96264353
6600 0.29617470 0.92404095 20.87064106
6700 0.27298593 0.97982858 15.28687175
6800 0.23543167 0.92684340 28.53297234
6900 0.26878289 0.90215589 28.18011150
7000 0.28725819 0.96597127 15.33720840
7100 0.32431811 0.98049541 10.00454795
7200 0.27028414 0.98233022 15.33619095
7300 0.31509879 0.99613272 8.99831418
7400 0.31396497 0.84652522 35.82574508
7500 0.28729790 0.90864181 24.65985965
7600 0.32675841 0.97468289 10.53435368
7700 0.34716002 0.90902525 19.63170924
7800 0.32389114 0.99213916 8.71325954
7900 0.29359540 0.92384262 21.17668049
8000 0.27080571 0.97890255 15.67787771
8100 0.32022758 0.94617291 15.01320679
8200 0.36585831 0.97738245 8.10035966
8300 0.31925108 0.92516267 18.54423965
8400 0.32683414 0.90666889 21.36508017
8500 0.31332233 0.92699942 18.72110973
8600 0.31828547 0.93299746 17.28355613
8700 0.32495750 0.85670731 32.41135422
8800 0.31161850 0.92021341 20.06725413
8900 0.32293593 1.02707152 5.62871735
9000 0.30214977 1.03327346 7.01354907
9100 0.33147542 0.95872638 12.32692672
9200 0.34996038 1.01985344 4.46371684
9300 0.30460093 1.01794206 7.91724387
9400 0.31401649 1.01440571 7.35977352
9500 0.28220793 1.05142897 8.11705812
9600 0.31678165 0.93262790 17.46935766
9700 0.24191414 0.87265523 38.33839161
9800 0.29148109 1.05085951 7.09557064
9900 0.28709576 1.00312962 11.06561925
10000 0.26205835 0.96775400 18.25845167
10100 0.26728687 0.89994857 28.81667448
10200 0.34002055 1.02277818 4.78037153
10300 0.34253573 0.94766214 13.25448249
10400 0.28443648 1.03433127 8.83365509
10500 0.27321521 0.92705940 22.99141636
10600 0.28879541 0.96231091 15.66237401
10700 0.33329035 1.03032413 4.65245179
10800 0.28634436 0.98700442 12.84280329
10900 0.29005925 0.90642825 24.77849618
11000 0.32173528 1.00820836 7.27553570
11100 0.31729337 1.02538810 6.20366114
11200 0.28400702 0.91221399 24.35897955
11300 0.31092891 1.02156739 7.04266642
11400 0.33844774 0.91261518 19.45087496
11500 0.28061763 1.01895532 10.41019521
11600 0.20692895 0.98279614 25.50658821
11700 0.30476207 0.90258572 24.02133048
11800 0.31520106 0.91309463 21.06223885
11900 0.29109444 0.97749080 13.43446167
12000 0.33870688 0.96407020 11.11687891
12100 0.30082690 0.85211893 35.64016346
12200 0.27247394 0.89689239 28.75779958
12300 0.23775034 1.02825333 15.73626820
12400 0.28215507 0.94344242 19.19885060
12500 0.31573269 1.03547303 5.63235487
12600 0.25266762 0.98739674 17.19316115
12700 0.32846213 0.88989107 24.63171419
12800 0.30515353 0.95074526 15.63641564
12900 0.23496699 0.83532914 48.64327837
13000 0.31185457 1.05205899 5.03397827
13100 0.30413160 1.02414277 7.47253492
13200 0.31690568 0.93998756 16.25432287
13300 0.34088112 0.89592671 22.57047443
13400 0.31416789 0.98833045 9.91861962
13500 0.28557141 0.91279189 24.07038962
13600 0.33266238 0.94235875 14.69255950
13700 0.31383687 0.84779930 35.51463910
13800 0.24685259 0.85443626 41.87783940
13900 0.25446840 0.94876436 22.02583379
14000 0.27120206 1.03124672 10.65796078
14100 0.32225070 0.90163712 22.69639262
14200 0.33541969 1.00937470 6.19178121
14300 0.36216175 0.98118106 7.77483725
14400 0.31616334 0.95938083 13.40116839
14500 0.28824987 0.95291624 17.06086195
14600 0.33377879 0.93859310 15.21871799
14700 0.33672792 0.91522267 19.07300902
14800 0.35848513 0.98062509 7.98692741
14900 0.27533074 0.95484482 18.30622519
15000 0.29418578 0.96572934 14.61262918
15100 0.28083128 0.99693838 12.41144034
15200 0.31130608 1.01693505 7.38319911
15300 0.30243042 0.96237777 14.22985089
15400 0.28875043 0.96720234 15.00584289
15500 0.28832964 0.95751665 16.38588672
15600 0.30461231 0.90617813 23.33286552
15700 0.31130522 0.94515775 15.92144298
15800 0.31871842 0.90025632 23.25211651
15900 0.33092167 0.93504143 15.99157331
16000 0.27255306 0.94813950 19.65216734
16100 0.34071507 0.91681646 18.53545717
16200 0.33972959 0.93095203 16.10486875
16300 0.27211884 1.01425240 11.85312102
16400 0.31655272 1.01231752 7.32583237
16500 0.27108892 1.00226167 13.08542402
16600 0.33757019 1.00058875 6.89003856
16700 0.30721428 0.86302481 32.38321611
16800 0.31941550 1.00664781 7.60424640
16900 0.34959586 1.00913869 5.39817797
17000 0.29936647 0.97643945 12.69715837
17100 0.22948631 0.96976391 23.01817952
17200 0.36114142 0.89951662 20.85178708
17300 0.29709448 1.05600771 6.26243444
17400 0.31207956 1.00165410 8.70096013
17500 0.28060037 0.94184718 19.63429369
17600 0.30749815 0.99821249 9.45864488
17700 0.26231565 1.01477493 13.11014602
17800 0.30034721 0.98499695 11.57819045
17900 0.29397739 0.95584244 16.01109832
18000 0.28099475 0.94068780 19.77131278
18100 0.33764441 0.97699095 9.50972259
18200 0.31242276 0.94289377 16.17606944
18300 0.26695039 1.10047896 8.85121396
18400 0.26884095 0.94042770 21.33300679
18500 0.31206398 0.91864955 20.31036452
18600 0.32882956 1.02002375 5.73071624
18700 0.27502775 1.01354182 11.54654050
18800 0.29262412 0.99359860 11.42541917
18900 0.31087354 0.91185802 21.67046524
19000 0.30675414 0.99249603 10.12594671
19100 0.32565900 1.00325147 7.44343142
19200 0.33320581 0.86581278 29.65255840
19300 0.31679103 0.99900114 8.56225145
19400 0.30324758 0.94986511 15.95075901
19500 0.27647164 1.04202235 9.31033164
19600 0.25990188 0.99124136 15.72796170
19700 0.34361902 0.90101604 21.38671659
19800 0.31775262 1.02442346 6.23822229
19900 0.32948800 1.01086901 6.45813773
20000 0.36682262 0.90065664 20.41925629
20100 0.27528729 1.04836072 9.10993787
20200 0.29749328 1.02131721 8.34930415
20300 0.28929435 0.92976562 20.61774225
20400 0.33312705 0.95654022 12.52635039
20500 0.31430147 0.92210499 19.49543548
20600 0.28725001 0.91108325 24.20104871
20700 0.32305906 0.95016342 14.18545523
20800 0.30279377 1.00884657 8.87899985
20900 0.29199403 1.00270464 10.56583910
21000 0.32444868 0.96614669 11.81235605
21100 0.34772980 0.98507993 7.96939780
21200 0.29131756 0.91011076 23.93489921
21300 0.30273461 0.91773508 21.34052845
21400 0.34720310 0.92613208 16.50878259
21500 0.31078386 0.94095793 16.62694908
21600 0.35125831 0.98755383 7.50994655
21700 0.30352752 0.91941319 20.95926674
21800 0.28629316 0.98008806 13.65405943
21900 0.32543497 0.88716388 25.42957784
22000 0.31779677 0.98552668 9.93075621
22100 0.30026164 0.98415396 11.68402246
22200 0.26443438 0.97231366 17.34091888
22300 0.32126359 0.94935271 14.44701463
22400 0.29964063 0.97294464 13.10753370
22500 0.29919613 0.91995680 21.28848665
22600 0.35621269 0.97095334 9.28518492
22700 0.28673537 0.94800226 17.96609526
22800 0.29313597 1.01242386 9.54475005
22900 0.29726773 0.93281344 19.25263226
23000 0.26012940 0.96297059 19.17042175
23100 0.31091825 0.96524999 13.04656169
23200 0.27760008 0.94156510 20.04167929
23300 0.29819014 0.99499468 10.69568278
23400 0.30662264 0.87493284 29.68727932
23500 0.31002750 0.98085071 11.14580267
23600 0.31050468 0.97374954 11.97429621
23700 0.28729277 1.00667630 10.70611571
23800 0.29079414 0.99077049 11.92850338
23900 0.31970649 0.91413566 20.49629995
24000 0.26165844 0.88939009 31.74746136
24100 0.34820602 0.87691074 26.22571697
24200 0.31139072 0.98699293 10.31110139
24300 0.33876767 0.99448322 7.44159465
24400 0.38237137 0.93927941 13.07093913
24500 0.26376033 0.95317352 20.05963239
24600 0.30016605 0.96815759 13.67461946
24700 0.33757410 0.91960998 18.21877648
24800 0.32158955 0.96387899 12.33856414
24900 0.28094935 0.97970975 14.32140052
25000 0.31919328 0.93657975 16.61795207
25100 0.29522301 1.04376050 7.07054971
25200 0.31395469 0.97345642 11.70853625
25300 0.26758608 0.86722465 35.85890507
25400 0.33068010 0.96081315 12.08911445
25500 0.29492958 0.92818157 20.28068299
25600 0.26657017 0.94865432 20.35451711
25700 0.23291864 0.92872865 28.62502832
25800 0.25722428 0.93875914 23.19176064
25900 0.26622857 1.00785568 13.19268558
26000 0.29688362 0.92235872 21.09470545
26100 0.35366379 1.00081303 5.99254941
26200 0.33433083 0.91085409 20.04430707
26300 0.31730011 0.90422321 22.58391223
26400 0.30494394 0.94441606 16.62100829
26500 0.30544398 0.92300395 20.13422095
26600 0.30290506 0.96040703 14.45681241
26700 0.30601394 0.94401906 16.58171730
26800 0.31787973 1.01933693 6.62513485
26900 0.31832383 0.94675040 15.07821906
27000 0.31264354 0.96123051 13.44406067
27100 0.34883657 0.86970262 27.82728984
27200 0.25535528 0.94349371 22.70815695
27300 0.32602520 0.87623600 27.77129998
27400 0.34169682 0.95716574 11.90044281
27500 0.28559174 1.01652827 10.02838979
27600 0.35041185 0.99054666 7.21950912
27700 0.31855776 0.98977276 9.39144093
27800 0.30098567 0.92354388 20.47030093
27900 0.26707504 0.97769220 16.31412093
28000 0.29286875 0.96227270 15.22295726
28100 0.32097435 0.92470890 18.48601210
28200 0.27399164 0.97471459 15.78726979
28300 0.29000772 0.85374265 36.37049183
28400 0.31574094 0.84411252 36.28899579
28500 0.32954988 0.90666100 21.17159408
28600 0.28957457 0.92044104 22.21759681
28700 0.34151139 0.91874256 18.13758745
28800 0.28134440 0.93757382 20.23070769
28900 0.32877126 0.93652330 15.89908292
29000 0.36905055 1.00346916 5.13803596
29100 0.32634381 1.03056425 5.12327870
29200 0.26235107 0.99255210 15.24614009
29300 0.29031580 0.89224268 27.59686390
29400 0.25973924 1.06593060 10.41690173
29500 0.27543895 0.99609799 13.15554098
29600 0.34386707 0.95789015 11.67305772
29700 0.34840261 0.94727876 12.99303363
29800 0.34479912 0.98173051 8.51740437
29900 0.29343696 1.01785790 9.05150291
30000 0.32920851 0.99529104 7.98770136
30100 0.28127290 0.94070113 19.73612708
30200 0.38155768 1.00566124 4.61996061
30300 0.31034587 0.87979212 28.26468560
30400 0.32814244 1.02176291 5.64227578
30500 0.29585469 0.98387417 12.16572672
30600 0.33625712 0.95422677 12.65649405
30700 0.31957101 1.05053780 4.45766614
30800 0.30655451 0.96586986 13.36147740
30900 0.29473753 1.03501318 7.65173759
31000 0.29655224 0.97680053 12.93977413
31100 0.35402611 0.93659222 14.40784975
31200 0.26162393 0.89057878 31.50259318
31300 0.38374149 0.93566121 13.63578912
31400 0.35458758 0.89929863 21.17166308
31500 0.27163803 0.96405618 17.47875898
31600 0.30378358 1.03320019 6.85990740
31700 0.33329573 0.95615969 12.56974778
31800 0.30534340 0.92550884 19.70351716
31900 0.31621068 1.02833041 6.07858984
32000 0.34183629 0.98242059 8.60396719
32100 0.34907988 1.01262619 5.11352049
32200 0.29059877 1.01437496 9.65013754
32300 0.27387428 0.84915790 39.41472870
32400 0.32596046 0.94619647 14.56868893
32500 0.31162281 0.93545372 17.44300370
32600 0.30119201 1.01521401 8.47584105
32700 0.27903462 0.98662072 13.74374179
32800 0.20843245 0.94415434 30.49299717
32900 0.34244066 0.85651001 31.30022508
33000 0.31294119 0.98404336 10.51258936
33100 0.28440489 1.03641985 8.70233214
33200 0.33164587 1.03117355 4.70468388
33300 0.25478610 0.99239648 16.33279721
33400 0.31720367 0.95961610 13.28143641
33500 0.33768916 0.98950581 8.04580380
33600 0.33475370 0.96686472 10.99104072
33700 0.31902878 0.96527382 12.35374110
33800 0.33534541 0.97290711 10.16640987
33900 0.31677056 0.91098136 21.32759244
34000 0.31349553 0.99958725 8.78287190
34100 0.29483741 0.96692812 14.38364738
34200 0.33968912 0.96242225 11.28251928
34300 0.30439767 0.97860914 11.93777237
34400 0.31684785 0.95052367 14.62872650
34500 0.31708011 1.03273945 5.69984533
34600 0.32973341 0.95600134 12.83650432
34700 0.25379928 0.87405112 36.21377369
34800 0.30335680 1.12564852 4.99887736
34900 0.31608470 0.96146247 13.11721263
35000 0.32906887 0.91078749 20.41629909
35100 0.34533088 1.04605721 2.94926853
35200 0.27848055 0.91442607 24.60233101
35300 0.28523167 0.96685047 15.45028249
35400 0.31098641 0.95685632 14.20676574
35500 0.27879462 1.02533054 10.13313639
35600 0.29235079 0.96060387 15.50981575
35700 0.32662901 0.96494813 11.81115528
35800 0.28405359 0.90664968 25.41395820
35900 0.29744783 0.98418666 11.96483842
36000 0.33765056 0.94609984 13.78635582
36100 0.29508391 0.90175222 25.15478384
36200 0.27147421 0.97640932 15.89676663
36300 0.33935228 0.99803303 7.03770470
36400 0.25175314 1.05797810 11.87148560
36500 0.33118333 0.91800996 18.92805496
36600 0.31735939 0.91889558 19.81414151
36700 0.28672793 0.95815500 16.47528289
36800 0.32543133 0.90951329 20.92283741
36900 0.31510603 0.90902093 21.83999590
37000 0.36316373 1.06321031 1.35519596
37100 0.28715746 0.91302013 23.84745461
37200 0.27067937 0.99193019 14.20145438
37300 0.30189198 0.85320414 35.26669080
37400 0.28866974 0.93531861 19.75719314
37500 0.30116206 0.95929213 14.78382214
37600 0.29340320 0.92581768 20.85118016
37700 0.33153055 1.00788597 6.58652968
37800 0.28057087 0.93735417 20.35849036
37900 0.29046507 0.95086488 17.11959188
38000 0.26119081 0.97227991 17.79020569
38100 0.33326886 1.00851671 6.41111835
38200 0.30303234 0.94108207 17.32881783
38300 0.32024231 0.97096247 11.50598603
38400 0.31633180 1.05282597 4.61287853
38500 0.28286877 0.99344290 12.53707009
38600 0.34814792 0.98154426 8.36019994
38700 0.28247930 0.93260810 20.91558200
38800 0.29333827 0.97363858 13.67196678
38900 0.33674726 0.95924967 11.90578171
39000 0.31534915 0.88995152 25.64306610
39100 0.28427632 1.00562682 11.14913411
39200 0.28274431 0.95485527 17.40794509
39300 0.30628147 0.93885276 17.37579704
39400 0.33074579 1.01378683 6.11442774
39500 0.27145096 0.98280150 15.13017188
39600 0.30840679 1.01557513 7.75843655
39700 0.35618431 0.88881680 23.25907841
39800 0.33451018 0.90087854 21.96913560
39900 0.26735882 1.00565933 13.24692344
40000 0.27297832 0.91517069 25.14819045
40100 0.32760386 0.97817319 10.04148547
40200 0.28543521 1.00762587 10.82903546
40300 0.26996743 0.92407939 23.92826473
40400 0.35539749 0.90636882 19.74120824
40500 0.32639409 0.92015048 18.88184109
40600 0.33838234 0.86307731 29.96454865
40700 0.34847541 1.03044268 3.74650164
40800 0.25321016 0.99560710 16.22256706
40900 0.30250588 1.05827384 5.62308794
41000 0.26710510 0.92462468 24.20877889
41100 0.29396832 0.92546926 20.85184851
41200 0.34852467 0.91073804 19.23490007
41300 0.31229718 0.94740851 15.48797339
41400 0.33556774 0.89787094 22.50383574
41500 0.32657029 1.07766730 2.94533616
41600 0.29519481 0.99324801 11.19005772
41700 0.32268478 0.89146716 24.73179332
41800 0.27431257 0.91950422 24.18802876
41900 0.30903137 0.95175540 15.12587716
42000 0.29080381 0.99711139 11.25493705
42100 0.28944822 1.02367967 9.02324419
42200 0.24897765 1.06892086 11.88683168
42300 0.27476487 0.91342412 25.24719713
42400 0.28834082 0.97629353 13.88553095
42500 0.34661385 0.98394145 8.15983378
42600 0.34522701 0.90693563 20.13696581
42700 0.33786551 0.96011852 11.71376151
42800 0.28109363 0.97502063 14.87928312
42900 0.31635744 1.00618954 7.89823983
43000 0.29437915 0.97173755 13.80350961
43100 0.33844823 1.00245788 6.65154348
43200 0.30453192 0.99895006 9.66262313
43300 0.31062405 0.89503516 24.99932238
43400 0.32595233 0.97331016 10.76668623
43500 0.28191138 1.01189802 10.85344008
43600 0.31171104 0.91870579 20.33126492
43700 0.27784585 0.98326852 14.27393772
43800 0.27944837 0.96791430 15.98966394
43900 0.30713278 0.97051413 12.69545500
44000 0.27317771 0.97775464 15.51391072
44100 0.30964030 0.95851741 14.09109994
44200 0.30440078 1.00875445 8.73248028
44300 0.30331624 0.91199117 22.34753531
44400 0.26067354 0.83098402 45.89072946
44500 0.28807499 0.95142370 17.30106212
44600 0.28706904 0.84710586 38.35442436
44700 0.32133853 1.01735924 6.50856094
44800 0.35759785 1.03771124 2.83891595
44900 0.30845085 0.97849085 11.57285988
45000 0.30613779 0.91296888 21.89537678
45100 0.31589820 0.85431394 33.71737593
45200 0.34178737 1.02676335 4.37615890
45300 0.33074311 0.84304813 35.41039018
45400 0.27928855 0.98043540 14.43347374
45500 0.25813664 0.78583385 59.41279247
45600 0.26914340 1.03444320 10.71057202
45700 0.31868558 1.02298315 6.27181488
45800 0.32171247 0.93804310 16.17948694
45900 0.31579346 0.83942265 37.49564855
46000 0.28297079 1.02503224 9.65800083
46100 0.30917159 1.02706070 6.78497056
46200 0.29661688 0.87180519 31.38047037
46300 0.28999283 0.91739270 22.72350113
46400 0.28953402 0.92577239 21.27899604
46500 0.33321823 1.01166131 6.13176439
46600 0.29439104 0.99672581 10.90940524
46700 0.25113162 1.01376019 14.79955001
46800 0.34795960 1.01535999 4.93606686
46900 0.32644678 0.93605943 16.14329408
47000 0.32761444 0.97644658 10.25255825
47100 0.26006445 0.94489738 21.81938966
47200 0.24140197 0.99005252 18.62089185
47300 0.28344635 0.97154443 15.04279235
47400 0.30396927 0.95483571 15.14728588
47500 0.29896232 0.93265428 19.10660133
47600 0.33967830 0.96961416 10.31958668
47700 0.30884207 0.86012442 32.92502999
47800 0.31772493 1.01745895 6.79110632
47900 0.31937389 1.03142743 5.60138367
48000 0.29765676 0.99712363 10.52884290
48100 0.30293712 0.92757904 19.57509416
48200 0.27160282 0.98264962 15.12847443
48300 0.31465895 0.93852151 16.67919804
48400 0.28393971 0.91551962 23.75149950
48500 0.29850101 0.93543685 18.69153659
48600 0.23344352 1.07852059 14.10121258
48700 0.27741880 1.05625732 8.46978665
48800 0.32494442 0.96551220 11.86015352
48900 0.24175243 0.89059045 34.44732631
49000 0.27654851 0.99749822 12.87344239
49100 0.28729512 0.97868367 13.71002145
49200 0.30224901 0.94039903 17.51386238
49300 0.30086304 0.96377451 14.19276062
49400 0.33323300 1.05113505 3.42280792
49500 0.28868836 1.00155236 11.04110926
49600 0.33051743 0.93273294 16.40304771
49700 0.35336632 0.90411935 20.27196426
49800 0.35201504 0.99568299 6.59229753
49900 0.25618594 1.02122473 13.44401371
50000 0.30312444 1.02673858 7.37605551
50100 0.34360613 1.01375932 5.30886157
50200 0.33495530 0.88416564 25.40764103
50300 0.32987614 0.87979893 26.70293346
50400 0.25341207 1.06259171 11.44370017
50500 0.29958764 0.91016592 23.05981008
50600 0.28226002 0.94078091 19.60671191
50700 0.34227597 0.83404344 37.03247834
50800 0.28742229 0.93256952 20.35335307
50900 0.34057549 0.86643684 29.04151086
51000 0.28634722 1.01572047 10.00999655
51100 0.36107546 0.92955990 15.28247408
51200 0.31956430 0.98101794 10.31331626
51300 0.30998391 0.90072208 23.90729313
51400 0.28318516 1.03690775 8.81316884
51500 0.30981279 0.95617561 14.40959424
51600 0.32454423 0.93551288 16.37479276
51700 0.33682923 0.96659593 10.89359623
51800 0.32930681 1.04920301 3.78893067
51900 0.38434777 0.95484933 10.65685540
52000 0.30107087 0.93967016 17.74631603
52100 0.30118622 0.98156503 11.89550249
52200 0.28060131 0.91156875 24.88119187
52300 0.30963492 0.91846591 20.56023690
52400 0.32035272 0.99798330 8.37554858
52500 0.30182847 0.98983893 10.88655480
52600 0.31906636 0.97048761 11.66185692
52700 0.33855706 0.96196677 11.41420285
52800 0.36390427 0.97973349 7.88346774
52900 0.29306530 0.96666035 14.60724636
53000 0.33758299 0.98532866 8.52269985
53100 0.30276148 1.00140972 9.58768600
53200 0.30473636 0.98114690 11.60061103
53300 0.29828141 0.96062421 14.88614199
53400 0.25847841 0.89144194 31.76241199
53500 0.29347990 0.97662260 13.28425715
53600 0.31444070 0.90042621 23.57504600
53700 0.28767146 0.82137615 45.12447546
53800 0.30996514 0.91272147 21.58976231
53900 0.26277225 0.86651192 36.67407019
54000 0.31792862 0.89752969 23.86496947
54100 0.31836923 1.01602475 6.85771238
54200 0.28912815 0.94851713 17.61981324
54300 0.34795707 0.94264009 13.73530436
54400 0.26257501 0.82806873 46.41612233
54500 0.28983355 0.94359176 18.30009270
54600 0.31467179 0.97299045 11.70616445
54700 0.32327958 0.95864317 12.93388845
54800 0.37559372 0.88758270 22.85838774
54900 0.29549075 0.94690831 17.17962450
55000 0.34205449 0.85234395 32.34559963
55100 0.29500004 0.94968704 16.80948827
55200 0.30563707 0.92304231 20.10919318
55300 0.24817136 1.03537447 13.61419661
55400 0.31952458 0.95128910 14.29561301
55500 0.33473626 0.92916695 16.72164275
55600 0.28204149 0.98178561 13.94442506
55700 0.28791310 0.92458837 21.66635578
55800 0.31719005 0.91133478 21.22602635
55900 0.27931256 1.02588391 10.02932666
56000 0.28945028 0.85370757 36.44060092
56100 0.23932445 1.01618842 16.42050592
56200 0.25419298 0.98879651 16.81295148
56300 0.31479654 0.94988176 14.89755753
56400 0.35152362 0.96362102 10.47459303
56500 0.33718765 0.93206467 16.07383312
56600 0.32006434 1.01014355 7.23194527
56700 0.30363548 0.96448795 13.82481767
56800 0.32643074 1.03366728 4.90623258
56900 0.27865552 0.91051939 25.31369149
57000 0.30600798 1.01076805 8.39842040
57100 0.30918479 0.94242316 16.53893120
57200 0.30136022 0.89946481 24.97208439
57300 0.23644595 0.92667199 28.39626241
57400 0.27802307 0.97311090 15.48960687
57500 0.33168446 0.96165058 11.90378695
57600 0.29941647 0.97419173 12.97238409
57700 0.32539760 0.99614244 8.17595520
57800 0.31809068 0.99369752 9.00467713
57900 0.30770624 0.97475935 12.10167875
58000 0.33030616 0.93045636 16.80113767
58100 0.32176009 0.93444889 16.76432722
58200 0.31584748 0.88975205 25.64292360
58300 0.31876811 1.05005465 4.54657881
58400 0.28363022 0.97339782 14.78501854
58500 0.33797708 1.01320511 5.69009806
58600 0.35566206 0.97138725 9.25354624
58700 0.33029376 0.97785340 9.88937670
58800 0.29485622 0.87072656 31.81076280
58900 0.32991734 1.06394293 3.10584539
59000 0.30681917 1.05338438 5.42784118
59100 0.30226590 0.95382134 15.46007810
59200 0.25546554 0.98525786 17.02798492
59300 0.28826155 0.88623172 29.09117968
59400 0.31778085 1.07404959 3.71670606
59500 0.35189118 0.94890892 12.57148656
59600 0.35771218 1.03669034 2.89818653
59700 0.26941869 1.04838139 9.85797957
59800 0.34442125 0.98496574 8.16093935
59900 0.29002019 0.99213793 11.86489262
60000 0.33308624 0.99634126 7.61129279
60100 0.28697515 0.85733826 35.82966803
60200 0.29284256 1.02602316 8.47764501
60300 0.32224165 0.87514330 28.30344876
60400 0.23547387 0.98974645 19.61234638
60500 0.32394015 0.96547708 11.94075939
60600 0.29145503 0.95155364 16.90916595
60700 0.33231380 0.93536240 15.84348051
60800 0.28860782 1.02573987 8.96139245
60900 0.31287115 1.01232903 7.63881720
61000 0.28390332 0.92486277 22.07574371
61100 0.25993855 0.89319307 31.19315834
61200 0.31779808 0.94287742 15.72233083
61300 0.28734021 0.99402145 11.96184123
61400 0.32523043 0.94812404 14.32839825
61500 0.30985228 0.97782201 11.52703618
61600 0.31631167 1.01120555 7.44409535
61700 0.33981791 0.91531146 18.86587076
61800 0.28096908 0.94319544 19.37801578
61900 0.31095182 0.90110621 23.74415946
62000 0.28985975 0.91451733 23.26734822
62100 0.27957739 0.90696884 25.88131705
62200 0.30991626 0.94598162 15.91837041
62300 0.27367279 0.92168815 23.87683897
62400 0.36246811 1.00486562 5.22959701
62500 0.31584906 0.98272884 10.41695216
62600 0.28166345 0.99801882 12.20185046
62700 0.24873109 0.93786086 24.58569166
62800 0.29397178 0.96911491 14.18644484
62900 0.28010186 0.89249276 28.71740804
63000 0.33519352 0.91272674 19.63557754
63100 0.29685647 0.94348401 17.56792120
63200 0.30299552 1.00234934 9.47276016
63300 0.33430863 1.07337520 2.51211802
63400 0.31433453 0.93987023 16.49005765
63500 0.27336625 0.90837473 26.37817601
63600 0.28310399 0.97283205 14.91818347
63700 0.30242085 0.95203615 15.70749533
63800 0.30045894 1.04398615 6.52298688
63900 0.30962726 0.97414659 12.00315613
64000 0.31009353 0.93467730 17.70738440
64100 0.30681393 0.95553247 14.77725574
64200 0.30724641 0.96513805 13.39548663
64300 0.32805118 0.87297195 28.35918424
64400 0.25601108 0.93787891 23.50802786
64500 0.26462283 1.08052859 9.35305750
64600 0.33582067 0.98001050 9.25823303
64700 0.28051272 0.94740202 18.78167598
64800 0.31881826 0.98953423 9.39658080
64900 0.29369983 0.93801505 18.76942524
65000 0.26156036 0.94659912 21.34868190
65100 0.33096297 0.98605900 8.87433151
65200 0.25741813 0.83465256 45.36942616
65300 0.30710331 0.91959511 20.58785947
65400 0.38196340 0.88999475 22.21376194
65500 0.28102667 0.99235018 12.87156886
65600 0.31033412 1.07088312 4.44388157
65700 0.30228584 1.02413144 7.65204796
65800 0.26602507 0.97238249 17.11775504
65900 0.39505260 0.94111393 12.63462948
66000 0.33126429 0.98629654 8.82653712
66100 0.23290186 0.93620634 27.37507525
66200 0.28667077 1.02255389 9.42070732
66300 0.32201463 0.85515475 33.01545712
66400 0.26761922 1.01984149 11.97502812
66500 0.27610654 0.94181802 20.18556445
66600 0.30621483 0.95413446 15.03620630
66700 0.28579112 1.01543781 10.09721608
66800 0.30668914 0.93341924 18.22803331
66900 0.34283798 1.01083852 5.60863273
67000 0.32965294 0.93784344 15.62172975
67100 0.37205051 0.97529611 8.16611724
67200 0.33110981 0.95711550 12.58091951
67300 0.24682020 0.98449787 18.40239609
67400 0.27901416 0.97229004 15.47370331
67500 0.27612174 0.97679192 15.26302766
67600 0.30187307 1.00610252 9.22281495
67700 0.33882666 0.89194042 23.51548201
67800 0.25092285 0.96871391 19.73001719
67900 0.32054663 0.92106883 19.16460172
68000 0.33891387 0.94714523 13.54804851
68100 0.32094407 0.92223160 18.92572131
68200 0.27705763 0.88130060 31.47212757
68300 0.30410168 0.95243497 15.48596298
68400 0.27942478 0.99615011 12.66159165
68500 0.31365261 1.00600113 8.14583016
68600 0.33297713 1.00861002 6.42209630
68700 0.33630520 0.98877955 8.21350754
68800 0.27502949 0.95925322 17.71364228
68900 0.33704979 1.08651963 2.07222471
69000 0.30591345 0.94218291 16.87925637
69100 0.30923870 0.98845258 10.34022026
69200 0.29435402 1.05146035 6.75858565
69300 0.36682839 0.97664169 8.15881441
69400 0.32612949 1.02154468 5.80604422
69500 0.26329308 0.96380876 18.61841877
69600 0.36339120 0.88593653 23.58168589
69700 0.34171227 0.97559444 9.43710126
69800 0.29239189 1.01583602 9.33154124
69900 0.33163389 0.95546099 12.78272467
70000 0.31572115 0.85850537 32.71128961
70100 0.33518751 0.95842706 12.12177831
70200 0.25760795 0.87431182 35.60532452
70300 0.26830423 0.97655860 16.29077782
70400 0.32649062 0.95406787 13.34990775
70500 0.33288380 0.95539952 12.70694228
70600 0.30040110 0.95469198 15.51718004
70700 0.33861742 0.98578713 8.40620100
70800 0.27683412 0.87875277 32.06008561
70900 0.30891241 1.01408960 7.83877321
71000 0.31546179 0.95040488 14.76270484
71100 0.27908694 0.95484757 17.84459693
71200 0.31223597 0.97513180 11.64729579
71300 0.31393582 1.00407749 8.30408540
71400 0.31052165 0.99239554 9.79254735
71500 0.30773599 0.98884021 10.43457343
71600 0.31827199 0.90775725 21.81837146
71700 0.26317753 0.98554127 15.91059425
71800 0.27822056 1.10856965 7.45183505
71900 0.34286560 1.01551600 5.20094241
72000 0.29860684 0.85946607 34.06857231
72100 0.29730580 0.96209804 14.78152408
72200 0.30426656 1.01523339 8.17513441
72300 0.38321608 0.98399063 6.86993714
72400 0.29020046 0.98057770 13.15881319
72500 0.33253811 0.88462924 25.46783538
72600 0.35255434 0.96943472 9.64919144
72700 0.30605757 0.98788786 10.69715593
72800 0.28681706 0.98018178 13.58339182
72900 0.33820145 0.91969341 18.16476374
73000 0.27013877 1.04251029 10.08450271
73100 0.37784536 1.01920119 3.50963773
73200 0.33660004 1.00800487 6.24133006
73300 0.27949585 0.85026189 38.44518773
73400 0.34498807 0.94608665 13.35781663
73500 0.32711983 0.93428480 16.38652326
73600 0.29050579 0.95398221 16.65508783
73700 0.30491470 0.95927741 14.42203125
73800 0.27985478 0.92559521 22.42595264
73900 0.29669665 0.98185885 12.31445642
74000 0.29881910 1.07054501 5.55258521
74100 0.32006225 0.94570551 15.09841590
74200 0.23953579 0.98211989 19.82224166
74300 0.31667842 1.01092790 7.43816196
74400 0.32029831 0.93676827 16.49847806
74500 0.29869829 1.02856158 7.68274247
74600 0.32875827 0.90075738 22.38650257
74700 0.32210115 0.96134314 12.64697731
74800 0.34187925 0.90627937 20.45285147
74900 0.31696241 0.86782513 30.40020617
75000 0.33985907 0.92417283 17.26606251
75100 0.32718762 0.99269742 8.40774383
75200 0.33410695 1.08031779 2.36464173
75300 0.32649696 0.99298781 8.42715298
75400 0.29239973 0.88753056 28.36054041
75500 0.31347235 0.98746042 10.07609592
75600 0.31376529 0.94576907 15.61180173
75700 0.26526223 0.94776196 20.66534409
75800 0.28705258 0.86449109 34.11078255
75900 0.32669555 1.00183666 7.50479141
76000 0.30744207 0.93341850 18.15818333
76100 0.32347069 1.04123484 4.65503919
76200 0.32109738 1.01111710 7.06289675
76300 0.26882025 0.92762619 23.46042774
76400 0.35735893 1.01278199 4.71262101
76500 0.29404307 0.90359783 24.90034131
76600 0.33756706 0.93884761 14.93398234
76700 0.28078592 0.97498118 14.92085068
76800 0.25649555 0.96542808 19.35156528
76900 0.29144219 0.93053622 20.25138638
77000 0.32402207 0.90694403 21.52162670
77100 0.29173318 1.01160680 9.76753117
77200 0.30149468 1.00089814 9.76223787
77300 0.32025278 0.94170911 15.70781322
77400 0.28290928 0.97682298 14.44140735
77500 0.25859834 0.96580450 19.00143131
77600 0.28780877 0.92963668 20.80526554
77700 0.38397149 0.92756769 14.99490728
77800 0.29124677 1.02703642 8.57547506
77900 0.29349778 1.08385991 5.80161280
78000 0.33998273 0.98713537 8.17024888
78100 0.28621194 0.98732233 12.82199003
78200 0.27806434 0.99815925 12.61992184
78300 0.30207317 0.95911128 14.71964753
78400 0.28687883 0.91467170 23.57148894
78500 0.30142867 0.95349068 15.59064409
78600 0.30318491 0.98167956 11.68644410
78700 0.29272446 0.94340997 18.01423941
78800 0.22949956 0.91725931 31.23227859
78900 0.32755328 0.97839579 10.01805576
79000 0.31995249 0.97366324 11.18429034
79100 0.33503224 0.91765986 18.73436798
79200 0.30761293 0.99361436 9.92663740
79300 0.36736025 0.97590047 8.23302342
79400 0.30735939 0.90568059 23.17115735
79500 0.35032922 1.01672328 4.70109877
79600 0.32156592 1.03721144 5.04715466
79700 0.29000176 0.94015486 18.82504036
79800 0.25314914 0.98883848 16.96102967
79900 0.24317484 0.91280278 29.81846457
80000 0.29050242 0.96177059 15.54854431
80100 0.31497517 0.97170474 11.84444726
80200 0.32616139 0.98974385 8.80427965
80300 0.31820821 0.97492306 11.16706871
80400 0.23816193 0.95889383 23.05125562
80500 0.34237198 0.90582948 20.51159065
80600 0.34034734 0.90561993 20.67102463
80700 0.32653266 1.01190006 6.57952473
80800 0.30724812 0.86936630 30.89740668
80900 0.26599894 0.90925312 27.17032856
81000 0.35723902 0.97818119 8.33416238
81100 0.32426169 1.06482313 3.48685157
81200 0.31019927 0.98874236 10.22121686
81300 0.29164556 1.00625105 10.26477473
81400 0.36827351 0.87514293 25.78363712
81500 0.30733954 0.96448079 13.47570836
81600 0.31397953 1.01830120 7.03710703
81700 0.32470632 0.96386793 12.10053881
81800 0.28932402 0.89850698 26.42430399
81900 0.27957531 0.97507110 15.05466771
82000 0.26486921 0.89550256 30.03976829
82100 0.27785987 1.04091739 9.20448283
82200 0.30674386 1.03917631 6.19811472
82300 0.26978247 0.97708284 16.03261573
82400 0.29562486 0.99179542 11.30120034
82500 0.32926493 0.90140250 22.22220792
82600 0.33149924 1.04186884 4.03579253
82700 0.30928102 1.05472077 5.14007106
82800 0.26721879 0.90849349 27.15279645
82900 0.26901272 0.89748634 29.08472376
83000 0.34788693 0.94166134 13.89345198
83100 0.32794209 0.91898934 18.97860020
83200 0.30725783 0.98283591 11.16426637
83300 0.31370040 0.84995859 34.98416336
83400 0.30407356 0.93027345 19.00449268
83500 0.27189651 0.96359278 17.50871650
83600 0.37203434 0.98698804 6.77689023
83700 0.30158740 0.99811984 10.03230351
83800 0.31721314 0.99703598 8.72762693
83900 0.28082099 0.95515725 17.59152923
84000 0.30727781 1.02312303 7.25373622
84100 0.32460241 1.01703724 6.28380774
84200 0.27445885 0.85278653 38.43754083
84300 0.34335855 0.95874467 11.58066127
84400 0.32388645 0.99302617 8.61833664
84500 0.24167248 0.99163839 18.40492011
84600 0.26569946 0.92520516 24.29493530
84700 0.30038130 0.98666237 11.38465211
84800 0.35713380 0.93664569 14.26107130
84900 0.26887812 0.98297398 15.44401734
85000 0.31319556 0.94937086 15.11207365
85100 0.33006529 0.99882326 7.56379752
85200 0.30746130 0.91022644 22.28870722
85300 0.34018832 0.99451077 7.35270776
85400 0.29361020 1.03011235 8.10153678
85500 0.26526126 0.97027169 17.49198070
85600 0.29117298 0.97680540 13.51011450
85700 0.27638087 0.96132011 17.25690035
85800 0.33563657 1.00701915 6.39404440
85900 0.32911688 1.05956487 3.32970772
86000 0.28041907 0.88977529 29.24701459
86100 0.30074284 0.91921473 21.26764823
86200 0.31646766 0.97547922 11.24153868
86300 0.31122220 0.96875916 12.55282833
86400 0.26513040 0.94028240 21.84976100
86500 0.32422507 0.96626997 11.81278012
86600 0.31843326 1.01171051 7.22408283
86700 0.31719734 0.94471190 15.48533799
86800 0.30178355 1.04495766 6.33806508
86900 0.35594528 0.93827297 14.04822486
87000 0.38453952 0.96619709 9.07112216
87100 0.34051711 0.96610070 10.73361776
87200 0.22400163 0.97367279 23.46699546
87300 0.35129670 1.03500432 3.29822514
87400 0.29616761 0.95803113 15.46816189
87500 0.26281056 0.96090485 19.08420102
87600 0.33147618 0.93706468 15.62171597
87700 0.32047686 0.81156689 44.75879371
87800 0.29999822 0.81629012 45.24582720
87900 0.29540937 0.97974281 12.70049555
88000 0.33278964 0.98076790 9.36676343
88100 0.33458503 1.04358911 3.73065381
88200 0.33994739 0.93292223 15.76064888
88300 0.28437687 1.01037933 10.70028676
88400 0.29978561 0.94262381 17.40509505
88500 0.33187608 0.95558510 12.74826504
88600 0.27317656 0.96956367 16.54891097
88700 0.29315692 0.96644004 14.62685331
88800 0.28100488 0.98525789 13.66279581
88900 0.30344905 0.96208700 14.17104114
89000 0.29015083 0.93079519 20.34855323
89100 0.31320009 0.98007851 10.95769418
89200 0.31523368 0.99787003 8.80792939
89300 0.31690771 0.93731100 16.68602011
89400 0.27169080 0.90951667 26.37357420
89500 0.26509225 0.91058248 27.03955037
89600 0.31125870 0.98832633 10.17301386
89700 0.31493557 1.03105413 5.99474505
89800 0.28825971 0.89590797 27.06972426
89900 0.28793205 0.95543959 16.72846814
90000 0.29705159 1.05158601 6.47114472
90100 0.29673465 0.99227714 11.13397344
90200 0.27755033 0.98245643 14.40520675
90300 0.31873375 1.00701650 7.62506729
90400 0.28828451 0.99039025 12.24732371
90500 0.35857464 0.91742471 17.52489884
90600 0.25422088 1.05084726 11.83377210
90700 0.28228117 0.93992763 19.74044324
90800 0.30298487 1.09563678 4.71548619
90900 0.29697312 0.94632192 17.11574477
91000 0.31625978 1.06047664 4.28726057
91100 0.30642355 0.93409714 18.14015571
91200 0.29628913 0.84354579 38.26235271
91300 0.26988548 0.93313307 22.38718079
91400 0.31705988 0.95822091 13.49018717
91500 0.28422584 0.99075468 12.66909785
91600 0.28242297 0.90025969 26.86027488
91700 0.28116968 0.98308564 13.89480582
91800 0.32342441 0.99143376 8.82522506
91900 0.26174870 0.93736710 22.78144177
92000 0.29257855 0.96484709 14.90283800
92100 0.34142064 0.97706084 9.27278944
92200 0.33771739 1.04175646 3.63571693
92300 0.30053633 1.00738849 9.23495701
92400 0.31797720 0.94088408 16.02280788
92500 0.30905877 0.95991661 13.94683278
92600 0.29825644 0.94968165 16.47367929
92700 0.32046842 0.99217382 8.97587872
92800 0.31096171 0.92598315 19.10484088
92900 0.34799980 0.94187811 13.85327690
93000 0.29159667 0.92411039 21.34421852
93100 0.31495648 0.99153770 9.49823599
93200 0.30678353 0.97523616 12.12766283
93300 0.34181978 0.97311985 9.74175557
93400 0.31704721 0.95777526 13.55452067
93500 0.28396106 0.98004825 13.92672851
93600 0.31079363 0.92753731 18.85057761
93700 0.32373444 0.99791325 8.11906983
93800 0.27412586 0.92911473 22.52303647
93900 0.31437508 0.97975624 10.89509455
94000 0.25523365 0.93885442 23.46259762
94100 0.30502832 1.00201834 9.31001310
94200 0.32373402 1.02709588 5.56575552
94300 0.28494452 0.95150413 17.64439465
94400 0.33429836 0.97428553 10.06041673
94500 0.25110343 0.94953344 22.40518763
94600 0.30073903 0.92335970 20.52726902
94700 0.34418585 0.99066001 7.53522619
94800 0.33786610 0.85934061 30.88878268
94900 0.31721227 0.95939362 13.31198104
95000 0.28828874 1.02779741 8.84631009
95100 0.31261054 1.04806753 5.16694954
95200 0.32930212 0.95792355 12.59195450
95300 0.23310463 0.88707726 36.59507924
95400 0.36076528 0.99190107 6.61237097
95500 0.31480521 0.93470083 17.29098280
95600 0.27094261 0.87032010 34.70433423
95700 0.30424462 0.95358178 15.30369403
95800 0.32480150 0.87500007 28.13989220
95900 0.29317489 1.05326448 6.79790624
96000 0.31312081 1.00671659 8.12489354
96100 0.33334203 0.96132670 11.83678470
96200 0.28682926 0.96342368 15.73035397
96300 0.33360586 0.96917023 10.76230453
96400 0.29331035 0.94103540 18.32621384
96500 0.23527374 1.04766969 14.93660159
96600 0.29212536 0.99344118 11.49585906
96700 0.28983730 0.94176140 18.58763734
96800 0.28231840 1.03746060 8.88006755
96900 0.26168586 0.93094856 23.85459441
97000 0.33866579 1.00349098 6.53793763
97100 0.27814989 0.97327028 15.45393589
97200 0.28323868 0.99322181 12.51739363
97300 0.34507591 0.94291454 13.84624943
97400 0.30272324 0.95478989 15.27437223
97500 0.27962792 0.97364278 15.22779243
97600 0.30965342 0.90990432 22.14943677
97700 0.30829849 0.96246687 13.66226466
97800 0.29325968 0.99325985 11.39347859
97900 0.28492575 1.05312631 7.71961298
98000 0.29771076 0.99405627 10.84358152
98100 0.33858190 1.01557156 5.45017248
98200 0.34952184 1.00213175 6.06311908
98300 0.34493127 0.98891159 7.68660013
98400 0.30659321 1.07106977 4.78089340
98500 0.32507750 1.00041676 7.76510084
98600 0.27747461 0.93664031 20.84942944
98700 0.28999373 0.96805824 14.75500467
98800 0.34353614 0.98240666 8.50818050
98900 0.33260841 0.95575719 12.67380693
99000 0.29181093 0.95212225 16.78635131
99100 0.26694452 0.91709749 25.57854351
99200 0.36042719 0.87784277 25.45992205
99300 0.34241168 0.97575500 9.37661676
99400 0.27881772 0.94689107 19.06374463
99500 0.31606753 0.91996547 19.72854551
99600 0.34482821 0.92300208 17.18609595
99700 0.30673225 0.90574993 23.21598096
99800 0.32048253 0.94133029 15.74955230
99900 0.24336102 0.98084351 19.36701895
100000 0.28280335 0.95841325 16.89093251
100100 0.35815847 0.94628969 12.68878667
100200 0.25591998 1.00300801 15.08324900
100300 0.34171362 0.90349546 21.00566872
100400 0.30939743 0.89923554 24.25759721
100500 0.37260561 1.01546519 3.94829371
100600 0.31831738 1.01143312 7.25807139
100700 0.28848844 0.94963532 17.52218200
100800 0.30285304 1.00418239 9.30927303
100900 0.29587268 0.99508068 10.92528118
101000 0.35137769 1.00686644 5.51899417
101100 0.22078297 0.99830945 21.22985600
101200 0.29821811 1.08233993 5.33571515
101300 0.35976294 0.94207731 13.27929919
101400 0.32784407 0.94889870 14.01904018
101500 0.29440432 0.94263489 17.95711219
101600 0.30491632 0.93673776 17.84773204
101700 0.34461960 0.99090404 7.48445796
101800 0.27746497 0.88875629 29.81936903
101900 0.35311358 1.00922381 5.21932632
102000 0.28238679 1.00451037 11.47556767
102100 0.28002508 0.93984702 20.02147844
102200 0.30050187 0.91259517 22.51022363
102300 0.25611383 0.84731938 42.27536344
102400 0.31831782 0.99309896 9.04990570
102500 0.28698844 1.02547410 9.16286083
102600 0.29764944 0.83739077 39.71962213
102700 0.31138261 0.99754013 9.17553355
102800 0.30316615 0.94610397 16.53039109
102900 0.31261628 1.01020778 7.84927850
103000 0.24446130 0.97190386 20.30045463
103100 0.34654926 0.87839024 25.98393449
103200 0.23654479 0.99900074 18.45922834
103300 0.29662114 0.91771384 21.95771628
103400 0.29972346 0.97422693 12.93712512
103500 0.29467936 0.97639782 13.18496810
103600 0.32186407 1.00372359 7.68718489
103700 0.29562862 1.05297436 6.55239832
103800 0.35389432 0.96645496 9.98000552
103900 0.30492245 1.02823702 7.09483228
104000 0.29060433 0.88031137 30.11525333
104100 0.24484210 1.03098174 14.41874687
104200 0.32259022 1.02377565 5.90121273
104300 0.29756701 0.89036896 27.21884530
104400 0.29296855 1.03216023 8.02898296
104500 0.34707291 0.95085933 12.52210784
104600 0.32663038 0.98611306 9.17666802
104700 0.30967631 0.87237059 29.98675979
104800 0.34484452 0.89463385 22.60869164
104900 0.29621309 1.01049174 9.39172588
105000 0.27730960 0.94472159 19.58215895
105100 0.27705442 0.92202543 23.39528055
105200 0.26266104 0.90817881 27.82867879
105300 0.37126824 1.00634977 4.79793952
105400 0.28650102 0.94723096 18.11019990
105500 0.32863744 0.95854205 12.55148232
105600 0.32093638 0.96616055 12.08202733
105700 0.31676045 0.86465810 31.15731702
105800 0.23969008 1.07066023 13.28004562
105900 0.30828345 0.95023225 15.42115199
106000 0.26606344 1.00827249 13.17646895
106100 0.33991167 1.05938252 2.63019366
106200 0.36599443 1.05844952 1.44141025
106300 0.33005891 0.99822945 7.62450024
106400 0.25482466 1.06152195 11.27821928
106500 0.36082575 0.91017313 18.78443067
106600 0.29265208 0.96240814 15.22754796
106700 0.30630976 0.93013695 18.81565814
106800 0.30114888 0.96378932 14.16244683
106900 0.34708986 0.95329928 12.16029259
107000 0.26916568 0.93580334 22.03908051
107100 0.36049214 1.02806194 3.36797741
107200 0.28763888 0.87058232 32.62874639
107300 0.29114707 0.97678335 13.51565166
107400 0.28351992 0.96152257 16.37180319
107500 0.34902469 0.97952635 8.55619132
107600 0.32472242 0.95371897 13.53242745
107700 0.31707855 0.89273788 24.91677639
107800 0.31695485 0.89260194 24.95522600
107900 0.28489816 0.98088882 13.71795375
108000 0.33474268 0.92504554 17.43379061
108100 0.29456483 0.95941080 15.44094930
108200 0.31803424 1.00620249 7.75817966
108300 0.31017592 0.97383029 11.99358037
108400 0.32027918 1.00664813 7.53499074
108500 0.30645377 0.98671438 10.79226484
108600 0.32428119 0.91962062 19.13503014
108700 0.30236819 1.03552031 6.84480097
108800 0.32019819 1.01515331 6.78364454
108900 0.31782260 0.97413540 11.29751109
109000 0.32730302 0.92816837 17.40547908
109100 0.34632988 1.02562083 4.20637155
109200 0.24848281 0.94496924 23.49599836
109300 0.27140008 0.97474435 16.11345838
109400 0.25711315 0.99290546 15.94294679
109500 0.30981103 1.02794825 6.66275279
109600 0.30998584 0.91683081 20.82675017
109700 0.31439199 0.94118024 16.27622424
109800 0.27235072 0.93248916 22.17711016
109900 0.27473439 0.98599771 14.34399675
110000 0.28294367 0.98687689 13.24951193
110100 0.34566408 0.94922788 12.84231178
110200 0.31640375 0.96657788 12.39489824
110300 0.27434559 0.97190728 16.09838728
110400 0.30914413 0.96160426 13.70408539
110500 0.27657827 0.96268358 17.04436143
110600 0.32016883 0.86275916 31.32811656
110700 0.34038406 0.92975605 16.26853149
110800 0.30962499 0.99959251 9.12465302
110900 0.33570712 0.87975408 26.32092021
111000 0.34417741 0.99911606 6.64686580
111100 0.28077461 0.96408088 16.34435068
111200 0.29256795 0.97856002 13.14465702
111300 0.29506021 0.97083368 13.84814919
111400 0.33859873 0.92593992 17.03351424
111500 0.30100647 0.90933280 23.07684987
111600 0.27539419 0.89965071 27.83322391
111700 0.33044499 0.97175990 10.64171113
111800 0.24889675 1.04698977 12.82113891
111900 0.30198004 0.98866857 11.00130054
112000 0.33021390 0.96451618 11.61298251
112100 0.26541490 0.99567867 14.49804409
112200 0.29921541 0.94508990 17.07733631
112300 0.32792710 0.96179967 12.14691683
112400 0.27196988 0.97010483 16.63223344
112500 0.28170205 0.92225082 22.79458845
112600 0.34165638 0.89749341 22.20644777
112700 0.24661273 0.94210823 24.22873299
112800 0.32751387 0.96077665 12.31868990
112900 0.29396029 1.01266519 9.43589432
113000 0.30185270 1.01976883 8.03496651
113100 0.29856316 0.89886552 25.37225660
113200 0.29953724 0.95000054 16.29630240
113300 0.32620745 1.05598938 3.69113772
113400 0.30884327 0.93442265 17.86270393
113500 0.26525222 0.83815972 43.35864633
113600 0.31218559 1.00561360 8.31008088
113700 0.32260771 0.98911085 9.14298461
113800 0.24773458 1.01887930 14.88266316
113900 0.33590690 0.97138525 10.32484010
114000 0.36070224 0.92079642 16.82911792
114100 0.30567947 1.03103751 6.82609393
114200 0.29456966 1.00605087 9.97099729
114300 0.30132547 0.92151693 20.79643480
114400 0.32395963 0.95104215 13.98529032
114500 0.29374394 1.06217362 6.36059327
114600 0.33995625 0.88894521 24.07468758
114700 0.32012735 1.00934413 7.29906391
114800 0.32033454 0.86503005 30.77873129
114900 0.24354795 0.98018410 19.41654700
115000 0.29716136 0.96157226 14.86901319
115100 0.35501419 0.87431584 26.47853232
115200 0.36174806 0.86818351 27.60104757
115300 0.31229076 0.84974541 35.16013575
115400 0.30724319 0.98581094 10.82148376
115500 0.27792118 0.99345241 13.12781261
115600 0.33595103 1.03058135 4.46060915
115700 0.29627317 1.04394670 6.95061452
115800 0.30584983 0.99144856 10.32383503
115900 0.31516042 0.90061962 23.47514486
116000 0.27178764 1.01522364 11.81272055
116100 0.34683456 0.82675441 38.74485951
116200 0.29243353 0.90055750 25.67392871
116300 0.27852616 1.00263427 12.11798997
116400 0.29408336 0.95208605 16.54843582
116500 0.29988209 0.97187910 13.21927995
116600 0.30696005 0.91022034 22.33637516
116700 0.30065545 0.96855789 13.57318288
116800 0.31942545 1.03202955 5.55612008
116900 0.25939307 0.99453890 15.44617646
117000 0.30296523 1.02907782 7.22285116
117100 0.25104444 0.85453767 41.21975721
117200 0.29337436 0.97062072 14.05401313
117300 0.30785525 1.00110646 9.13529430
117400 0.28983018 0.88486048 29.21120069
117500 0.28081545 0.94256473 19.49541038
117600 0.30766712 1.00533167 8.74372684
117700 0.32978958 1.00241134 7.22652446
117800 0.30847789 0.98933955 10.31101680
117900 0.33891900 0.97946243 9.13009699
118000 0.36061003 0.98598947 7.27498556
118100 0.29744151 0.95964514 15.10886529
118200 0.27707731 1.00077022 12.47826819
118300 0.28899053 0.92051237 22.26945599
118400 0.26495848 0.95755397 19.26354239
118500 0.25154087 0.94319051 23.31466416
118600 0.31463216 0.93551879 17.17086823
118700 0.28175025 1.01931144 10.24682338
118800 0.30156454 1.05549009 5.83533625
118900 0.32224934 1.00208415 7.81633945
119000 0.31350504 0.97531856 11.51341921
119100 0.31105081 0.95842744 13.97737430
119200 0.35114950 0.90920636 19.39429331
119300 0.33044948 0.96988447 10.88366318
119400 0.34000771 0.97400232 9.73724470
119500 0.21380135 0.94417384 29.47586478
119600 0.34369105 0.97195127 9.78358737
119700 0.29445224 0.91345601 22.96949530
119800 0.26583050 1.00194072 13.80853914
119900 0.31354316 0.98190604 10.71048405
120000 0.26769071 0.99469975 14.29694598
120100 0.29243713 0.90524486 24.74966678
120200 0.23508501 0.95933214 23.49220136
120300 0.33010123 0.97908675 9.75292566
120400 0.28250114 0.99093061 12.85105676
120500 0.32447749 1.01109719 6.80367996
120600 0.29696661 0.91340530 22.71673185
120700 0.28500020 0.95106667 17.70304603
120800 0.29053095 1.00955023 10.08231744
120900 0.30854177 0.93816982 17.27680804
121000 0.34026886 0.91213427 19.43067032
121100 0.29047307 1.05384749 7.06310142
121200 0.35117060 0.94592101 13.06232241
121300 0.31575272 0.96729336 12.35432850
121400 0.26670442 0.98807705 15.14722926
121500 0.30746390 0.96410767 13.51482705
121600 0.33343063 0.97200154 10.40754391
121700 0.28055110 0.95105520 18.22629743
121800 0.27032618 0.94630521 20.21869370
121900 0.29927306 0.90889163 23.33416318
122000 0.29458234 0.90963915 23.67506720
122100 0.25412346 0.96866399 19.26455545
122200 0.26873350 1.00405531 13.21813950
122300 0.30499811 0.93793822 17.64469055
122400 0.25762314 1.03049296 12.55119946
122500 0.29903234 0.95481761 15.63619837
122600 0.29041533 0.96028208 15.76494892
122700 0.24832643 0.97693801 19.07456290
122800 0.31904828 1.03154238 5.61981325
122900 0.26862368 0.95062090 19.78692657
123000 0.29694536 0.99854938 10.45624325
123100 0.33529869 0.89318075 23.48023005
123200 0.31211883 0.96139561 13.46713930
123300 0.25253301 0.95726063 21.06052120
123400 0.31863080 0.94086820 15.97193792
123500 0.31167806 0.89410938 25.09585611
123600 0.24880336 0.96409331 20.66552595
123700 0.28433992 1.00424358 11.27327275
123800 0.30463794 0.93174573 18.70171096
123900 0.31494120 0.96844298 12.27112405
124000 0.35781695 0.95603125 11.25320502
124100 0.30961501 1.01073278 8.06904160
124200 0.31281646 0.99332364 9.49040768
124300 0.30788289 1.03398456 6.42179993
124400 0.27759495 1.03678916 9.48930348
124500 0.30130840 0.94098820 17.51239193
124600 0.31119385 0.86696582 31.09573122
124700 0.28326272 1.03669087 8.81781890
124800 0.29850658 0.95453871 15.72995043
124900 0.23247959 1.01405255 17.72502670
125000 0.24043261 1.03134817 15.08741308
125100 0.29543765 0.85500343 35.47830253
125200 0.30436702 1.03299373 6.81775337
125300 0.29723219 0.97722492 12.81747153
125400 0.34270958 0.90310722 21.02448033
125500 0.29385910 0.95384772 16.31318860
125600 0.26168963 0.90049896 29.46521059
125700 0.36710207 0.95616936 10.88476378
125800 0.29840599 0.93289159 19.12328219
125900 0.33121873 0.89943386 22.47882011
126000 0.30990477 1.01775176 7.44096176
126100 0.30793453 0.94436928 16.34848647
126200 0.29263392 1.00447591 10.32616317
126300 0.29729356 0.88241223 28.94652625
126400 0.31831659 1.03570163 5.40323021
126500 0.31374656 0.83434938 39.00495466
126600 0.28890007 0.95212230 17.10550401
126700 0.32694014 1.00994812 6.72354206
126800 0.29044741 0.95689657 16.24018142
126900 0.29366730 0.97744993 13.16258182
127000 0.32511730 1.02331002 5.74438576
127100 0.25865987 0.93912810 22.92840044
127200 0.27546106 0.90301370 27.15677587
127300 0.31414255 0.94461123 15.75858535
127400 0.31883408 0.87193411 29.30097865
127500 0.30920147 0.94101301 16.76061770
127600 0.28713804 0.98184297 13.34945347
127700 0.32244899 1.02461382 5.84861748
127800 0.34394333 0.97042336 9.96622853
127900 0.30219857 1.03527847 6.87699761
128000 0.34233942 1.01215651 5.52061110
128100 0.30994281 0.93303484 17.99383113
128200 0.34524305 0.98184639 8.47930006
128300 0.29217734 1.02361340 8.73031916
128400 0.28699045 0.99965720 11.41991750
128500 0.26167994 0.92949985 24.10137064
128600 0.35611618 0.95856120 10.96536197
128700 0.31000987 0.88211887 27.78520393
128800 0.33100976 0.95202439 13.32821697
128900 0.32793730 0.95610593 12.94926796
129000 0.29297965 1.02695647 8.39435584
129100 0.24132650 0.97756903 20.08331076
129200 0.28780522 0.93812270 19.39596531
129300 0.36958665 0.93830154 13.53568145
129400 0.29206139 0.95906409 15.75683761
129500 0.34970229 0.99037776 7.27344706
129600 0.32078115 0.93603794 16.57959254
129700 0.33407604 0.99110008 8.10258108
129800 0.27848890 0.90647624 26.10819630
129900 0.29313997 0.98184608 12.68970798
130000 0.32540259 1.00971450 6.85812267
130100 0.31283218 1.01949591 7.03956911
130200 0.33238169 1.02769864 4.89986096
130300 0.28348352 0.93566740 20.29064758
130400 0.30845459 0.95932553 14.08493441
130500 0.27210229 0.90452500 27.28414967
130600 0.24720564 1.01298939 15.45848149
130700 0.31059283 1.04099593 5.73756132
130800 0.29436056 0.97185821 13.79000422
130900 0.26978743 0.96448995 17.65914326
131000 0.30469593 0.97187972 12.74883649
131100 0.31184937 0.97364097 11.86856885
131200 0.31667828 0.92799553 18.26402276
131300 0.30704187 0.93997050 17.12532768
131400 0.33800541 0.90883635 20.19343571
131500 0.29546448 1.01017549 9.49805955
131600 0.33522630 1.03905411 3.95501676
131700 0.28365885 0.93939223 19.66505900
131800 0.27012434 1.02735524 11.07247374
131900 0.38431622 0.91114815 17.95550026
132000 0.31383933 0.98041043 10.86266242
132100 0.32314389 0.88741254 25.55014565
132200 0.29300457 1.06186780 6.45104372
132300 0.31780530 0.99859941 8.51902473
132400 0.29414624 0.91829616 22.11065201
132500 0.28601432 0.97141011 14.76404740
132600 0.25104275 0.99510219 16.59590657
132700 0.26205659 0.99368794 15.16531907
132800 0.31754843 0.93304175 17.33665868
132900 0.33202310 0.98572813 8.83945977
133000 0.32778231 0.89962216 22.68333795
133100 0.30374993 0.95671919 14.89673258
133200 0.32726217 0.94785439 14.21953944
133300 0.28941420 0.89217876 27.70944367
133400 0.31708140 0.97410308 11.36276511
133500 0.29727564 1.03046598 7.69363676
133600 0.32430983 0.97811563 10.29240100
133700 0.34455814 0.94968730 12.83385320
133800 0.34237559 0.97408784 9.58722166
133900 0.23696616 0.98162702 20.29609665
134000 0.29005197 1.02057753 9.19824866
134100 0.31175986 0.91044559 21.85859901
134200 0.32119196 0.95260768 13.96760220
134300 0.25808453 0.99709950 15.36425665
134400 0.28007701 0.92092047 23.22550096
134500 0.29624306 0.87367075 30.99521670
134600 0.28188057 1.00507028 11.48192522
134700 0.32013988 0.99124375 9.10278013
134800 0.26591439 0.98436379 15.67534127
134900 0.30756734 0.95682249 14.52179817
135000 0.29523691 0.94732584 17.14235223
135100 0.25157241 1.07206452 11.40556965
135200 0.27812444 0.95757839 17.56878313
135300 0.25063226 0.94835611 22.65329621
135400 0.25804725 0.89604687 30.87373225
135500 0.25604983 1.01847358 13.68410370
135600 0.28790708 0.94161248 18.82571547
135700 0.23922883 0.91391988 30.23659142
135800 0.33366397 0.93662534 15.54587457
135900 0.33921218 0.89111125 23.66483444
136000 0.23690264 1.07230638 13.68384293
136100 0.25193219 1.04577885 12.43200488
136200 0.33905684 0.92815579 16.62225120
136300 0.28113024 0.85750598 36.46668547
136400 0.32996333 0.90611662 21.24795039
136500 0.29665593 0.89798574 25.74487855
136600 0.29222052 0.93492164 19.43364095
136700 0.31158419 0.87039734 30.26736775
136800 0.28992150 0.94184368 18.56534824
136900 0.31822504 1.00703773 7.66456390
137000 0.33335820 1.03284476 4.47547787
137100 0.26225590 0.88477314 32.64801790
137200 0.31967143 0.99751721 8.47770040
137300 0.33341794 0.98623266 8.68808906
137400 0.29186158 0.91414790 23.11746089
137500 0.24789034 1.02372658 14.47749119
137600 0.30433546 0.94197711 17.06146847
137700 0.30006002 0.94222026 17.44122268
137800 0.34632250 0.97153145 9.69272150
137900 0.26870791 0.95139677 19.66026693
138000 0.32418339 0.93484796 16.51167742
138100 0.28831978 0.91673334 23.02957045
138200 0.28467457 0.95959398 16.50690277
138300 0.31793158 0.89823318 23.72253738
138400 0.30397161 0.97338554 12.62633628
138500 0.34783822 0.88314462 24.87355346
138600 0.34363350 1.02678554 4.26876994
138700 0.31147333 0.97423681 11.82667567
138800 0.26307318 0.98204699 16.33093385
138900 0.31402821 0.88978058 25.79167700
139000 0.33030091 0.88602542 25.32154219
139100 0.29431629 1.01213323 9.44480772
139200 0.29451578 1.02772578 8.17524156
139300 0.28674918 0.88101270 30.39059231
139400 0.30210661 0.97281898 12.87906399
139500 0.26577396 0.92646530 24.06546141
139600 0.24494415 0.93028215 26.42323220
139700 0.27506178 0.93530231 21.36744447
139800 0.34257515 0.93181340 15.79217229
139900 0.29031423 0.98215226 12.95952894
140000 0.32842887 0.91641670 19.41262798
140100 0.31468565 1.01305145 7.41929436
140200 0.28408223 0.95681156 16.96992886
140300 0.29744870 0.90969144 23.36705856
140400 0.26892233 1.07778456 8.83744008
140500 0.32235002 0.98527717 9.59542436
140600 0.25453205 0.82321215 48.88621748
140700 0.29244129 0.85806553 35.05058227
140800 0.26437295 0.94486570 21.23067389
140900 0.33354664 0.96459018 11.37593448
141000 0.29520763 0.96646176 14.40695038
141100 0.26866232 0.97365374 16.60648104
141200 0.33554291 1.00043412 7.03404034
141300 0.33180113 0.87589888 27.43619833
141400 0.30023376 0.94625183 16.79590169
141500 0.35401533 1.00953721 5.14905313
141600 0.32395295 0.97457928 10.75675554
141700 0.34007888 0.99659030 7.14205285
141800 0.32670684 0.94133449 15.27331526
141900 0.31017874 0.94360012 16.26439004
142000 0.28306874 0.93812630 19.93800816
142100 0.31100105 0.98589693 10.47016165
142200 0.27416380 1.04318233 9.53149821
142300 0.33734410 0.95562442 12.38503430
142400 0.24891518 0.89192185 33.06156936
142500 0.33950668 0.89073680 23.72526395
142600 0.28893557 0.99142283 12.06215435
142700 0.25618566 0.89370584 31.61992239
142800 0.31072639 0.87365073 29.60188511
142900 0.34142523 0.95280749 12.54831979
143000 0.29736852 0.98011598 12.45269961
143100 0.31155076 0.93832281 16.98139027
143200 0.29729552 1.00802857 9.50347702
143300 0.29697851 0.87611916 30.36802951
143400 0.33363585 0.94115989 14.81719014
143500 0.31429050 1.00623773 8.06874111
143600 0.39017370 0.91111974 17.88615455
143700 0.30683637 0.98906375 10.49315724
143800 0.31253278 0.99891998 8.93384285
143900 0.27326987 0.95291699 18.84696869
144000 0.36311616 0.91331547 18.10576509
144100 0.25313358 1.01590238 14.32107709
144200 0.28669581 0.90791652 24.86695247
144300 0.35091705 0.97630241 8.85511435
144400 0.31239807 1.00781576 8.08601565
144500 0.30018121 0.97415980 12.89977303
144600 0.37173470 1.01046752 4.40749622
144700 0.31571221 0.94896009 14.95874255
144800 0.27112829 0.92672688 23.31574699
144900 0.28555467 1.02976795 9.01513731
145000 0.32419229 0.97255925 10.99397668
145100 0.32104423 1.02568798 5.87814519
145200 0.32158129 0.93076513 17.39496715
145300 0.31729118 0.88312918 26.93685096
145400 0.28810571 0.96388772 15.52344264
145500 0.28544399 1.00925991 10.67842162
145600 0.31645174 1.01828609 6.82873724
145700 0.28264018 0.93485337 20.52336873
145800 0.31739437 0.96783305 12.14589603
145900 0.31161503 1.01252565 7.73183223
146000 0.34738333 0.97553982 9.12942504
146100 0.28370791 0.85054751 37.87519663
146200 0.32404774 0.97872895 10.23770695
146300 0.30192517 0.95670305 15.07634382
146400 0.33423959 0.97201716 10.35202007
146500 0.29839950 1.05128979 6.34767296
146600 0.34580270 0.88539140 24.49709993
146700 0.29519839 0.89622893 26.25301305
146800 0.27137147 1.00575381 12.71382113
146900 0.31748076 0.90681464 22.06500459
147000 0.35177971 1.05486521 2.18117266
147100 0.28673541 0.96403944 15.65707128
147200 0.22119619 0.97762237 23.47354344
147300 0.32483931 0.92670520 17.84010848
147400 0.27431780 0.98377046 14.65266107
147500 0.28395041 0.95757409 16.87632328
147600 0.27960942 0.96170958 16.80906626
147700 0.33170911 0.86999005 28.78411224
147800 0.36469866 0.99932443 5.69087712
147900 0.31135988 0.99524646 9.41518802
148000 0.29655127 0.90809201 23.76515771
148100 0.28088353 0.94589339 18.96879080
148200 0.31739222 1.01487094 7.03550057
148300 0.26970307 0.94404630 20.64942252
148400 0.31656793 0.90585623 22.32635693
148500 0.26738931 0.96304988 18.17046513
148600 0.28264150 0.90626264 25.65359126
148700 0.26446082 0.91826536 25.69917466
148800 0.28244379 0.86890667 33.61179597
148900 0.29347444 1.06934727 6.14364255
149000 0.31798842 0.85177803 34.17002274
149100 0.29454041 0.97180622 13.77768445
149200 0.30501608 0.96136103 14.12135510
149300 0.30142575 0.87067929 31.15243426
149400 0.32434664 0.92046118 18.97881003
149500 0.31249302 1.00648326 8.20142668
149600 0.29397889 0.97846489 13.00562865
149700 0.34119579 0.98880839 7.91075458
149800 0.26449819 0.97923871 16.47201526
149900 0.30437535 0.88510312 27.66237188
150000 0.21766652 0.87461380 42.02221926
150100 0.28279221 1.02051153 10.02804129
150200 0.30947381 1.00242512 8.85792468
150300 0.29340834 0.99250808 11.45814791
150400 0.28654084 0.82944845 43.03556213
150500 0.28822043 1.03463566 8.38358441
150600 0.35685435 0.90150059 20.63178182
150700 0.33123610 0.96572809 11.37870990
150800 0.34106413 0.96958393 10.24089439
150900 0.26181687 0.96236741 19.01865397
151000 0.36026310 0.84836199 32.45035440
151100 0.38889809 0.86956212 26.61243392
151200 0.30011549 0.96302566 14.36944187
151300 0.34628044 1.05052180 2.66694155
151400 0.24775917 0.92624639 26.68379247
151500 0.30126665 1.04201532 6.55524871
151600 0.24473810 0.94396230 24.22701175
151700 0.32739736 0.95869733 12.61879440
151800 0.37303935 0.83323978 35.94394697
151900 0.35040607 0.83987774 35.06157320
152000 0.29239286 1.00195898 10.59566897
152100 0.31372997 0.94078405 16.39611808
152200 0.34344046 0.93704011 14.87745302
152300 0.26172753 0.97282312 17.64661726
152400 0.27947160 0.92073260 23.33194758
152500 0.34849253 0.96491490 10.45050169
152600 0.30162160 0.99195930 10.67555170
152700 0.28943072 0.94700411 17.81665444
152800 0.32044286 0.98193137 10.13476995
152900 0.29611449 0.95739060 15.56481993
153000 0.28483650 0.96668649 15.51756152
153100 0.27429565 1.00627394 12.29307978
153200 0.28399168 0.91025337 24.73085601
153300 0.30832564 0.94469770 16.26149582
153400 0.34829459 0.85307151 31.82356461
153500 0.35450556 0.94165334 13.57170473
153600 0.28048408 0.95843780 17.16195589
153700 0.32813691 1.03660268 4.59176155
153800 0.34909483 1.00303808 5.99647512
153900 0.25234665 0.91956201 27.17969086
154000 0.28251634 0.82517629 44.66524095
154100 0.31799403 0.92026390 19.51502204
154200 0.28854514 0.90324605 25.56715138
154300 0.34435667 0.98913877 7.69319580
154400 0.31783842 1.00126669 8.24939579
154500 0.28031625 0.92825072 21.91100731
154600 0.31305951 0.96006114 13.57076654
154700 0.33110399 0.99885899 7.48808245
154800 0.32168448 0.93523555 16.64032242
154900 0.32691052 0.99425166 8.26239185
155000 0.30835183 0.93522139 17.77568842
155100 0.37904462 1.01478711 3.85018244
155200 0.33520624 1.04500891 3.61112611
155300 0.29260748 0.98560289 12.30992616
155400 0.28792663 1.01120360 10.22262056
155500 0.31312276 0.94489974 15.80187288
155600 0.33742949 0.95696790 12.18662478
155700 0.33388173 0.95367720 12.89099295
155800 0.29375540 0.97073201 13.99906432
155900 0.30733315 0.87174477 30.34379799
156000 0.33061091 0.97434880 10.30153535
156100 0.26472046 1.02957862 11.62986318
156200 0.26180516 0.97850538 16.92937729
156300 0.30084397 0.93299170 18.86184512
156400 0.32258028 1.00506658 7.50308335
156500 0.33603282 0.99581286 7.47337979
156600 0.33868573 0.89746414 22.39010753
156700 0.26695574 1.03291883 11.10032920
156800 0.27256787 0.98372427 14.87949698
156900 0.27462413 0.98268763 14.74065113
157000 0.27750481 1.02347430 10.43062664
157100 0.34755624 1.01172025 5.27183055
157200 0.30975765 0.98937774 10.19048269
157300 0.30512372 0.89976386 24.54801015
157400 0.27360411 1.02476552 10.81807428
157500 0.28431850 0.91839569 23.18116785
157600 0.33899943 1.03127919 4.22180960
157700 0.32426760 0.98241999 9.78022764
157800 0.27580655 1.02025306 10.89179342
157900 0.34115264 0.99380617 7.37007033
158000 0.31836749 1.01232616 7.17528395
158100 0.32958124 0.88062792 26.54145526
158200 0.31988955 0.97537240 10.97486167
158300 0.30577742 0.98736361 10.78242598
158400 0.32137768 0.87587689 28.20631790
158500 0.34267415 1.03534106 3.73351572
158600 0.29900103 0.97074788 13.45345168
158700 0.28955764 0.89312484 27.49742362
158800 0.25239446 0.94637326 22.69428561
158900 0.28482128 0.93687892 19.93731123
159000 0.32538209 0.94712821 14.46880745
159100 0.30356193 0.99028799 10.66851310
159200 0.31085224 0.98946786 10.08233911
159300 0.29544044 0.98264072 12.35295136
159400 0.29504043 0.94414470 17.65369301
159500 0.33363353 0.83474649 37.38196692
159600 0.27206072 0.96699946 17.02880237
159700 0.29159445 0.85168967 36.70489281
159800 0.28352970 0.93385695 20.58442146
159900 0.30833525 1.01786047 7.57466412
160000 0.33512210 1.04910009 3.39997145
160100 0.27856841 0.97673937 14.96940650
160200 0.33386911 0.92948341 16.72460135
160300 0.32414971 0.92748535 17.75728514
160400 0.30108242 0.99264723 10.65465308
160500 0.34843560 0.96420376 10.54975325
160600 0.30843107 0.93997087 16.99709496
160700 0.33511682 0.94454764 14.18763085
160800 0.27177544 0.99698124 13.52720133
160900 0.29169363 0.92026344 22.01775007
161000 0.32164384 0.88465770 26.25599678
161100 0.27793019 0.95302204 18.25177983
161200 0.24463582 1.02183670 15.12376455
161300 0.30506194 1.03874988 6.38240642
161400 0.26777673 1.03024240 11.17455763
161500 0.29513434 1.01262321 9.31575544
161600 0.27236144 0.96839917 16.80518991
161700 0.28351700 0.95507075 17.28638878
161800 0.32693163 0.93018971 17.08725984
161900 0.30637480 0.87127885 30.53952115
162000 0.30094678 0.93672743 18.23473627
162100 0.30420621 1.04464140 6.12051194
162200 0.28955960 0.95603102 16.46207467
162300 0.27601485 0.93268011 21.68413044
162400 0.31386533 0.90831266 22.08160873
162500 0.28846801 0.93027843 20.62239834
162600 0.29700017 0.98392748 12.04089704
162700 0.32550787 1.00456832 7.32814215
162800 0.23645960 0.91152407 31.13431977
162900 0.30851028 0.95385658 14.86413430
163000 0.32011404 0.98568326 9.72504175
163100 0.29937949 0.94181015 17.57425720
163200 0.28153293 0.96110890 16.66259234
163300 0.25946391 0.87560089 35.05267651
163400 0.26977365 0.96495828 17.59758458
163500 0.28653980 0.95971617 16.27638525
163600 0.34304179 0.75829010 60.00494623
163700 0.32884690 0.93337446 16.41341747
163800 0.26286103 0.96803285 18.11121317
163900 0.28353882 0.93201396 20.89125801
164000 0.29049178 0.90653079 24.71119298
164100 0.33942879 0.87231771 27.75404781
164200 0.29944579 0.95879639 15.02480351
164300 0.32716810 0.96653936 11.55811453
164400 0.27750930 1.02081751 10.63691928
164500 0.24983129 0.94239824 23.69447767
164600 0.28451956 0.96011696 16.45149912
164700 0.29022596 0.93745442 19.23570292
164800 0.32357663 0.93015894 17.34325860
164900 0.32915110 1.02673352 5.19377161
165000 0.32763429 0.98874379 8.80737058
165100 0.29332691 0.95397439 16.35131384
165200 0.31349102 0.96511620 12.83872191
165300 0.36514103 0.98042637 7.75650058
165400 0.29680601 0.92350498 20.89974630
165500 0.34897253 0.99976951 6.32497720
165600 0.27363491 0.84981738 39.27973836
165700 0.26907771 1.04357044 10.16247046
165800 0.28739397 0.95449035 16.92658831
165900 0.33341690 0.99426316 7.80679415
166000 0.28942244 0.85081109 37.16125466
166100 0.27803288 0.93016484 21.85997977
166200 0.31693095 0.97880869 10.79390009
166300 0.29942035 1.00912661 9.18711936
166400 0.35170739 0.93093780 15.45710178
166500 0.33924985 0.96579770 10.85041938
166600 0.37534000 0.97010054 8.74099283
166700 0.34232687 0.90362356 20.94494751
166800 0.29260662 0.84818889 37.47108791
166900 0.32942719 0.90831291 20.86223169
167000 0.34438829 0.92467926 16.91501261
167100 0.26475074 0.97088928 17.48096993
167200 0.31556703 0.90980792 21.65097685
167300 0.31271192 0.98310848 10.64141817
167400 0.31564635 0.96040759 13.30078940
167500 0.31916043 0.99064501 9.24677509
167600 0.30698446 0.96261886 13.76273438
167700 0.26138104 1.05642991 10.55678497
167800 0.30158968 0.95312540 15.62836928
167900 0.28049194 0.96736178 15.93753666
168000 0.30857613 0.92843740 18.89602451
168100 0.29800198 0.97779936 12.66829567
168200 0.28858203 0.98372900 12.96645494
168300 0.35143057 0.87338002 26.85780205
168400 0.33409719 1.01425224 5.84792916
168500 0.32230903 0.92904972 17.62994242
168600 0.32131585 0.97674026 10.69208011
168700 0.27321377 0.99008405 14.07813190
168800 0.32834457 0.92494234 17.88984297
168900 0.27351258 0.98663952 14.42483283
169000 0.28978567 1.06053267 6.85243407
169100 0.28433544 0.84162398 40.06822905
169200 0.31882018 0.99725190 8.57366773
169300 0.31417647 0.90277621 23.13145059
169400 0.27727751 1.07470831 7.85023983
169500 0.34727736 0.95688966 11.63012262
169600 0.34707173 0.91815413 17.93466174
169700 0.27677474 0.96302908 16.97274841
169800 0.31371280 0.97454810 11.59183007
169900 0.25260379 1.06228548 11.57401440
170000 0.34091100 1.02159462 4.81945640
170100 0.27583360 0.98260986 14.59886950
170200 0.30576552 0.97818915 11.85900941
170300 0.29402154 0.94065646 18.31089788
170400 0.29639178 0.91793135 21.94182707
170500 0.23664346 0.92826682 28.08882290
170600 0.32621164 0.95906718 12.65339146
170700 0.31075967 0.95139835 15.02314284
170800 0.30647760 0.96181180 13.92120925
170900 0.31554621 0.98346565 10.35634838
171000 0.26355453 0.91784513 25.89888271
171100 0.33922212 1.02296758 4.81397256
171200 0.31429780 0.99908271 8.76458337
171300 0.36124858 0.98009452 7.93949808
171400 0.30168941 0.91523377 21.90176507
171500 0.29656651 1.01272637 9.15758639
171600 0.31684617 1.00809645 7.68041164
171700 0.34150048 0.88492162 24.84045099
171800 0.28017279 0.92729342 22.09306144
171900 0.30802270 0.95955187 14.09275090
172000 0.26846488 0.96779568 17.38973540
172100 0.34437332 0.93081201 15.85945209
172200 0.25648827 1.01455278 13.94842176
172300 0.31260818 1.00250704 8.57110385
172400 0.33992445 0.90368159 21.07499524
172500 0.33293697 0.92541237 17.48914478
172600 0.33449646 1.01311914 5.91949883
172700 0.33305582 0.89320553 23.62273866
172800 0.31415125 0.99066135 9.66247431
172900 0.31675488 1.02029609 6.64123199
173000 0.28090475 0.89038732 29.06057667
173100 0.28043899 0.95263336 18.00588166
173200 0.24935723 0.91387210 28.66842126
173300 0.28512609 1.06925910 7.07050865
173400 0.31945807 0.94449986 15.33364774
173500 0.31035838 0.78689551 53.03502173
173600 0.29743649 0.96203667 14.77657763
173700 0.30805954 0.92502163 19.53523927
173800 0.30372082 1.06792762 5.14915926
173900 0.33320605 0.95611094 12.58274583
174000 0.35178018 0.92528863 16.42460732
174100 0.32493880 0.87818264 27.41856299
174200 0.29590846 0.94876011 16.85427605
174300 0.33180197 1.03354992 4.53329188
174400 0.31254942 1.00747943 8.10382941
174500 0.28440277 0.96518536 15.76885313
174600 0.27430108 0.94525441 19.87320822
174700 0.26153026 0.94802499 21.13513604
174800 0.31071664 0.94570185 15.88971944
174900 0.33050189 0.97823058 9.82888961
175000 0.30538483 0.91215216 22.11942043
175100 0.30179312 1.05690673 5.75081059
175200 0.33173206 1.09136297 2.36755527
175300 0.34329431 0.96490871 10.73259553
175400 0.29721965 0.96232643 14.75890538
175500 0.37903323 1.00786836 4.46392203
175600 0.34184218 0.96990674 10.15329362
175700 0.36868463 1.02122469 3.59310087
175800 0.33224996 0.92177074 18.17786791
175900 0.27909906 1.01981294 10.52350089
176000 0.29041935 0.98865818 12.20246034
176100 0.31657916 0.99513101 8.97827057
176200 0.27644546 1.02081744 10.76780100
176300 0.28191745 1.07325331 7.32943673
176400 0.31663650 1.04084685 5.22428395
176500 0.26318320 1.02235701 12.37363530
176600 0.29958389 0.98034602 12.20023416
176700 0.32320205 1.00187262 7.76345403
176800 0.29033789 1.00511607 10.51436994
176900 0.31723949 1.02945499 5.91295002
177000 0.29332151 0.97922301 12.98369071
177100 0.31730544 0.90664730 22.11182885
177200 0.33935688 1.07366557 2.18554525
177300 0.25461284 0.90009009 30.55070033
177400 0.36326863 0.99566845 6.11713289
177500 0.25147506 1.00515106 15.52799017
177600 0.29000488 0.88262753 29.67485829
177700 0.33674385 0.91148284 19.77002944
177800 0.28920799 0.99515576 11.63359232
177900 0.28965024 1.01574676 9.63783905
178000 0.29348039 0.93397374 19.45557325
178100 0.31070399 0.99263480 9.75053182
178200 0.27044201 0.93309549 22.32119404
178300 0.33186648 0.98136350 9.35839863
178400 0.30155838 0.96739046 13.63802050
178500 0.31155666 0.98063777 11.03478334
178600 0.29869962 0.92194299 20.98303282
178700 0.32234849 0.99992390 8.02249065
178800 0.30899373 0.91397717 21.44331753
178900 0.29419865 1.01436423 9.26370567
179000 0.34740355 1.04064445 3.14473387
179100 0.29133598 0.93424486 19.64131776
179200 0.28482109 1.00646186 11.00778187
179300 0.32761492 0.98532552 9.19491810
179400 0.24112355 0.88959686 34.75560416
179500 0.32138270 0.93125667 17.32749607
179600 0.32929739 0.91468073 19.67104651
179700 0.29248970 0.96419541 15.00067490
179800 0.23913179 1.02493321 15.75680163
179900 0.29917515 0.97950850 12.34192550
180000 0.25866731 0.96688098 18.84780193
180100 0.29072453 0.94658136 17.73920444
180200 0.28552752 0.92527894 21.81569914
180300 0.27022453 0.95437034 19.02483573
180400 0.37696489 1.09225385 0.29530945
180500 0.28038485 1.02953911 9.63626042
180600 0.32106538 0.99439328 8.69172653
180700 0.30923557 0.93979614 16.95172981
180800 0.32811112 0.95226865 13.49628233
180900 0.30330579 0.97660978 12.28745840
181000 0.33974572 0.95171383 12.80968348
181100 0.31008567 0.99328225 9.73663267
181200 0.31979470 0.92634916 18.29375178
181300 0.25775922 0.91185602 27.81529874
181400 0.29200648 0.96023937 15.59781757
181500 0.27159942 0.93580203 21.72384103
181600 0.28505045 0.95167695 17.60656369
181700 0.31315272 1.02352906 6.69512708
181800 0.32816888 1.00554646 7.04059030
181900 0.36129095 0.98310828 7.58103253
182000 0.32362575 0.91341327 20.32381723
182100 0.23936538 0.96500991 22.01290333
182200 0.31403655 0.99786760 8.91037096
182300 0.30734444 0.98847931 10.51095810
182400 0.30479069 1.01994646 7.73669074
182500 0.27815504 0.94705430 19.11929132
182600 0.33420375 0.89641540 22.88791783
182700 0.41543827 1.07993396 0.32049299
182800 0.29617556 0.86411911 33.20965513
182900 0.25606501 1.00591139 14.78497448
183000 0.34515121 0.99299859 7.22884532
183100 0.35244355 0.94869830 12.57691085
183200 0.27342587 0.97780395 15.47644197
183300 0.27234635 0.97013719 16.57990199
183400 0.28291608 0.90079913 26.69481420
183500 0.30481087 0.91501608 21.64001067
183600 0.28933112 1.00442633 10.69096385
183700 0.30590230 1.01090994 8.39570756
183800 0.32412688 0.96112613 12.52134074
183900 0.27174949 0.97293068 16.29740335
184000 0.28552395 0.97519413 14.34063551
184100 0.24661888 0.99418745 17.36103163
184200 0.23467473 1.06215595 14.38230809
184300 0.27663255 0.91649860 24.44614636
184400 0.31498346 0.96103528 13.26950193
184500 0.28890375 0.99681834 11.49441563
184600 0.28094653 0.97932735 14.36780904
184700 0.29564574 0.98908489 11.59598691
184800 0.28387940 0.97840622 14.13452061
184900 0.29372046 0.97078434 13.99601403
185000 0.31247055 0.92694311 18.80504524
185100 0.31110305 0.94930470 15.30587033
185200 0.38214612 0.96577657 9.16734542
185300 0.27547507 1.01319056 11.52116936
185400 0.24344917 0.92786055 27.07007517
185500 0.32262158 0.94470174 15.05248460
185600 0.30446269 0.93441462 18.27294802
185700 0.30804773 0.93757700 17.41822524
185800 0.32145537 1.05627578 4.04053328
185900 0.31942298 0.96871628 11.86403522
186000 0.36534966 1.04314481 2.21657895
186100 0.30266525 0.95046661 15.91714423
186200 0.29376440 0.90412335 24.82683270
186300 0.31111889 0.91763028 20.57928291
186400 0.30647196 0.90860787 22.68922195
186500 0.35872921 0.95253601 11.72445360
186600 0.26976726 0.93574095 21.97080170
186700 0.30111690 0.97227529 13.04573371
186800 0.38565277 0.99561667 5.55086123
186900 0.28014853 1.01150679 11.09771111
187000 0.29389843 1.01007013 9.67246232
187100 0.27291576 0.95325189 18.84270619
187200 0.28513449 0.95644581 16.90094615
187300 0.27742980 0.98538173 14.08040072
187400 0.31790650 0.94101017 16.00855512
187500 0.35579531 0.97139718 9.24636977
187600 0.29488280 1.00866564 9.69579530
187700 0.31744009 0.96639521 12.33318884
187800 0.30923051 0.90827257 22.49925319
187900 0.32720111 0.92534452 17.90210737
188000 0.32618237 1.01559541 6.28658869
188100 0.29498584 0.99285216 11.25431695
188200 0.32786359 1.02433964 5.46407607
188300 0.31141345 0.93548631 17.45616582
188400 0.32332619 0.92946627 17.48031209
188500 0.31016175 0.93652861 17.39690301
188600 0.31019169 1.00356914 8.68222159
188700 0.34352830 0.94789098 13.16310330
188800 0.32745531 0.96130427 12.24961881
188900 0.33142283 0.98945163 8.46188550
189000 0.30019253 1.01298459 8.76660696
189100 0.30088166 0.88367551 28.31036484
189200 0.32067526 1.01686156 6.60220724
189300 0.31602330 0.95981873 13.35143698
189400 0.31711611 0.97958831 10.68435734
189500 0.26935944 0.94558445 20.45556014
189600 0.31146685 1.04555274 5.40131123
189700 0.30336971 0.97935797 11.94595680
189800 0.33642344 0.88611703 24.89395250
189900 0.28806143 0.86628682 33.57604629
190000 0.26876449 1.03089289 10.99927572
190100 0.31241031 0.93116888 18.08795103
190200 0.34008010 0.93781669 14.94690942
190300 0.26207301 0.90730978 28.07668794
190400 0.30421615 0.99435664 10.16753311
190500 0.31536733 0.95538954 14.03743756
190600 0.31800946 1.03607906 5.40416752
190700 0.30022932 0.88592879 27.89033682
190800 0.29851757 0.94888317 16.56749037
190900 0.36820949 0.89073626 22.40097560
191000 0.30463525 0.96719833 13.36535877
191100 0.30263116 0.95134519 15.78947138
191200 0.32342944 0.96042169 12.67257768
191300 0.30358108 0.92344599 20.23396277
191400 0.29178777 1.00002898 10.85204485
191500 0.29114969 0.96134036 15.53744353
191600 0.31514707 0.88241364 27.27192193
191700 0.32529916 1.04957978 4.06120692
191800 0.30137066 1.01806973 8.22015750
191900 0.27819826 0.98353696 14.19965219
192000 0.26809944 0.94195049 21.18870333
192100 0.29397075 0.94975670 16.90762550
192200 0.27559959 1.01084208 11.71229849
192300 0.26287710 0.99290552 15.13595972
192400 0.31340687 0.90747519 22.28208755
192500 0.33897780 1.01555487 5.42734466
192600 0.33150157 0.88535537 25.38217589
192700 0.25656716 0.90564211 29.17398326
192800 0.32991905 0.93211918 16.54765462
192900 0.37526251 0.92488010 15.63946197
193000 0.30054689 0.97646559 12.57583652
193100 0.31523967 0.82673998 40.92767488
193200 0.32348585 0.93425695 16.66258740
193300 0.28874521 0.97232341 14.33946958
193400 0.29288055 0.90367429 25.00917980
193500 0.33053009 0.94342850 14.67035126
193600 0.26319440 1.05459110 10.38887054
193700 0.28450979 0.99821617 11.84896821
193800 0.32832871 0.98251887 9.46929528
193900 0.33274325 0.88903767 24.51428766
194000 0.30981331 1.03031797 6.49461152
194100 0.32771424 0.97974548 9.84319083
194200 0.34393965 0.95927449 11.47321635
194300 0.32713380 0.99686589 7.97306353
194400 0.28364795 0.93818534 19.86089135
194500 0.33580607 1.05662241 3.00123806
194600 0.28453856 0.96521100 15.74970884
194700 0.28453700 0.95794018 16.75634759
194800 0.27341639 1.04986471 9.26847902
194900 0.33100449 0.93417529 16.12910724
195000 0.28629008 0.95897501 16.40899731
195100 0.33833785 1.01242099 5.73615225
195200 0.30848839 1.04220580 5.85727210
195300 0.32203458 0.96666013 11.92906290
195400 0.27367853 1.01892033 11.26551353
195500 0.31059195 1.02295145 6.96513936
195600 0.35399566 1.01000230 5.10799236
195700 0.31155151 0.95645470 14.21419377
195800 0.29205070 1.03682402 7.82212794
195900 0.36696501 0.87400389 26.08277504
196000 0.28186751 0.95547190 17.42182859
196100 0.32152740 0.99607548 8.47912745
196200 0.30797622 0.96097274 13.89847714
196300 0.31207890 1.00478141 8.39834991
196400 0.30855076 1.00810020 8.40426879
196500 0.26304720 0.92277355 25.08264314
196600 0.32788580 0.93434754 16.32059818
196700 0.32058415 0.96675627 12.03038504
196800 0.29531044 1.00280608 10.20328103
196900 0.27131701 0.92096209 24.30694196
197000 0.29976066 0.90040008 24.94402776
197100 0.29166868 0.95587152 16.25434685
197200 0.34568176 0.96080046 11.16349117
197300 0.24930905 0.99619799 16.74130895
197400 0.34969108 0.93688779 14.56829061
197500 0.29921842 1.04148102 6.79069916
197600 0.34093875 0.99079846 7.70660426
197700 0.29115204 0.78981815 54.03032883
197800 0.31937951 0.89088221 25.11495750
197900 0.34338874 0.88629388 24.43757115
198000 0.25882124 0.98206908 16.91957181
198100 0.29475527 0.92700226 20.50233472
198200 0.26461280 0.91826673 25.67833831
198300 0.32032707 0.98072399 10.28727098
198400 0.35236638 0.94187827 13.63572129
198500 0.34848853 1.00185605 6.14283366
198600 0.31763909 0.96774104 12.13787607
198700 0.34019428 0.93495463 15.40835009
198800 0.29536149 0.91176706 23.19042874
198900 0.27008690 0.97478105 16.27859925
199000 0.32236509 0.93748570 16.21903858
199100 0.33118235 0.87177819 28.41053096
199200 0.35174139 0.97610943 8.83888379
199300 0.33592095 0.91765605 18.67772094
199400 0.29487366 0.93371691 19.35080714
199500 0.28148783 0.88568235 29.98859561
199600 0.28380540 0.92628406 21.83920693
199700 0.29423595 0.93033080 19.98683621
199800 0.34150659 0.98962454 7.80211069
199900 0.27770242 0.96145643 17.07550919
