0 -0.41330480 1.59787140 0.09077434
100 -0.41165598 1.58135100 0.24182356
200 -0.47244479 1.52341800 5.55652503
300 -0.44558687 1.56736611 1.57156686
400 -0.45015175 1.57648720 1.53402494
500 -0.44236128 1.54809722 2.24418843
600 -0.47353316 1.55619743 3.66289503
700 -0.44946585 1.55023225 2.46184961
800 -0.45511006 1.54935447 2.80104417
900 -0.47128117 1.53314959 4.77499134
1000 -0.46812060 1.54367247 3.90660340
1100 -0.44879754 1.53303315 3.43287938
1200 -0.40350441 1.56336670 0.67713989
1300 -0.41582081 1.52146794 3.20879090
1400 -0.46746036 1.54505750 3.78478895
1500 -0.44617091 1.55900930 1.90599547
1600 -0.47994652 1.53574558 5.26003849
1700 -0.46402305 1.52510756 4.85391460
1800 -0.43942499 1.60753624 0.80556223
1900 -0.44557289 1.55408667 2.09246125
2000 -0.44119437 1.55277437 1.96361830
2100 -0.44618011 1.57058346 1.49896777
2200 -0.44444220 1.52396382 3.87830515
2300 -0.43938704 1.58787826 0.84913768
2400 -0.41043410 1.56792806 0.56873984
2500 -0.42968264 1.55826156 1.31157817
2600 -0.45808567 1.54574781 3.15862234
2700 -0.42618211 1.55926630 1.17236836
2800 -0.44328606 1.57316273 1.29696093
2900 -0.45534630 1.59321598 1.55461769
3000 -0.42727025 1.52651113 3.07214045
3100 -0.42972820 1.55089502 1.64753270
3200 -0.43996743 1.55409159 1.85248895
3300 -0.47787932 1.55355994 4.11093359
3400 -0.49466131 1.52120251 7.58490410
3500 -0.40986596 1.54041257 1.82399919
3600 -0.43317683 1.54693445 1.95832728
3700 -0.44557690 1.59968758 1.03867581
3800 -0.47078852 1.54993480 3.75876982
3900 -0.48129319 1.52320386 6.25311513
4000 -0.41392910 1.56668088 0.65209189
4100 -0.45357559 1.54356824 3.02744380
4200 -0.47731524 1.55070634 4.20375555
4300 -0.45560541 1.52114097 4.65535370
4400 -0.44566968 1.51753249 4.44330466
4500 -0.43519373 1.53930660 2.46114377
4600 -0.44307090 1.54116086 2.65857295
4700 -0.48230266 1.50789195 7.62881050
4800 -0.43982765 1.53232872 3.08282226
4900 -0.45252867 1.54310409 2.99820279
5000 -0.47024369 1.52145379 5.55184129
5100 -0.43528052 1.55128437 1.80896394
5200 -0.45352521 1.55092942 2.63643510
5300 -0.45825892 1.53496065 3.81210927
5400 -0.44114162 1.55990651 1.65006029
5500 -0.46333070 1.56680711 2.55627268
5600 -0.47410061 1.56300932 3.42960537
5700 -0.41588811 1.57851377 0.35704504
5800 -0.41347747 1.53293968 2.33936424
5900 -0.44952972 1.59361497 1.24698086
6000 -0.49473085 1.48453420 11.15314305
6100 -0.45366352 1.51731450 4.85833293
6200 -0.46093553 1.53707833 3.83613728
6300 -0.48391316 1.49600368 8.92832635
6400 -0.43214029 1.53033657 2.94299606
6500 -0.43836638 1.56392130 1.38682572
6600 -0.45855588 1.55306328 2.81592348
6700 -0.42467206 1.55398003 1.36327430
6800 -0.44155303 1.53817590 2.77443691
6900 -0.43526073 1.55424126 1.66859076
7000 -0.45748629 1.56523397 2.25667518
7100 -0.48682675 1.53179307 6.09553479
7200 -0.44940679 1.54712198 2.61855806
7300 -0.43773913 1.55092694 1.91620379
7400 -0.43812494 1.55035696 1.95897147
7500 -0.45233430 1.59036805 1.41582654
7600 -0.46833987 1.52863847 4.88140345
7700 -0.45916767 1.54026610 3.53447576
7800 -0.46783564 1.52835533 4.86731644
7900 -0.42706602 1.56419677 1.00722047
8000 -0.43028322 1.56663917 1.01500917
8100 -0.45166240 1.56492905 1.94948781
8200 -0.44328932 1.53164136 3.27343405
8300 -0.43334714 1.53992326 2.36062302
8400 -0.44640115 1.59845535 1.07772647
8500 -0.46456947 1.52400941 4.97189299
8600 -0.44893960 1.53635460 3.22291037
8700 -0.43368264 1.57169426 0.96786754
8800 -0.40945903 1.58904769 0.10471315
8900 -0.49179868 1.58163893 4.38206320
9000 -0.45650394 1.54671813 3.01582611
9100 -0.42010320 1.56742205 0.73273080
9200 -0.45106596 1.54416936 2.86239652
9300 -0.46332295 1.52772177 4.61696870
9400 -0.47973338 1.50027853 8.15089153
9500 -0.45436078 1.55237835 2.61145817
9600 -0.42789839 1.58382997 0.51989496
9700 -0.39589869 1.55008771 1.25402888
9800 -0.42322929 1.53397560 2.44941055
9900 -0.48090522 1.51430551 6.94459980
10000 -0.45396356 1.54713216 2.85353731
10100 -0.43811048 1.56231821 1.43616301
10200 -0.44075058 1.56616307 1.40277386
10300 -0.48924311 1.50655998 8.34768531
10400 -0.43453510 1.54655451 2.02454669
10500 -0.45712709 1.54228075 3.29750789
10600 -0.45498145 1.56327073 2.18599944
10700 -0.44572689 1.53318417 3.27765203
10800 -0.43727326 1.55441970 1.73342991
10900 -0.44696553 1.54046583 2.87503926
11000 -0.47636421 1.47470400 10.76529045
11100 -0.46232799 1.54868871 3.25881343
11200 -0.42399598 1.58166042 0.45607362
11300 -0.43317118 1.53490947 2.66855222
11400 -0.41384012 1.55199520 1.24800494
11500 -0.41535889 1.56136840 0.86414796
11600 -0.41104142 1.58184037 0.22584252
11700 -0.47771021 1.54426392 4.57269330
11800 -0.43595632 1.55739736 1.55392107
11900 -0.44445604 1.57039688 1.42634212
12000 -0.43606131 1.53292269 2.89989171
12100 -0.45968103 1.56307845 2.46251295
12200 -0.44726592 1.56955242 1.58056083
12300 -0.44441060 1.58448183 1.10655769
12400 -0.44539708 1.57473496 1.34960845
12500 -0.44984340 1.52315649 4.19464499
12600 -0.47923214 1.56188369 3.86529271
12700 -0.46674269 1.52784107 4.83074880
12800 -0.42981906 1.55660234 1.38626662
12900 -0.47030751 1.52876721 5.00862825
13000 -0.46857314 1.51720931 5.77828681
13100 -0.45084877 1.58194817 1.45573301
13200 -0.45681706 1.54400595 3.18175610
13300 -0.47148987 1.54305289 4.17688745
13400 -0.47208857 1.54953500 3.87173887
13500 -0.43911464 1.55494505 1.77995165
13600 -0.44523771 1.58365592 1.15678955
13700 -0.48308202 1.53898271 5.31286545
13800 -0.44102515 1.55236747 1.97596064
13900 -0.47233723 1.56173211 3.34855325
14000 -0.40693172 1.56817206 0.53053329
14100 -0.45934013 1.51818390 5.10756256
14200 -0.46475561 1.56115275 2.85119902
14300 -0.44781505 1.56212008 1.86058382
14400 -0.45041848 1.56386623 1.92383626
14500 -0.47206295 1.52022859 5.77827371
14600 -0.43246223 1.59275424 0.55314878
14700 -0.48107608 1.54224291 4.95460600
14800 -0.44425770 1.53625256 3.01124015
14900 -0.44968350 1.54659251 2.66040499
15000 -0.45336618 1.53025764 3.85597258
15100 -0.44682759 1.55766117 1.99269949
15200 -0.45882055 1.54987316 2.98627888
15300 -0.44863792 1.54471111 2.71125424
15400 -0.44113764 1.53306155 3.08653116
15500 -0.39848820 1.52885923 2.53164756
15600 -0.44634228 1.53974572 2.88909262
15700 -0.43571563 1.52282894 3.61548942
15800 -0.49711760 1.51559843 8.27772661
15900 -0.41316404 1.58321597 0.22749775
16000 -0.47006423 1.55086678 3.66153497
16100 -0.41774039 1.53716198 2.13166915
16200 -0.42743077 1.56290256 1.06433363
16300 -0.42989868 1.54910935 1.74189477
16400 -0.41341907 1.58129034 0.26506148
16500 -0.46085489 1.53905052 3.70907837
16600 -0.44742583 1.57054118 1.55851562
16700 -0.42859467 1.56004410 1.20706446
16800 -0.40626086 1.61457061 0.12575050
16900 -0.42892434 1.59630126 0.42514892
17000 -0.46205191 1.54988940 3.18075562
17100 -0.37957376 1.58708494 0.29201501
17200 -0.46149198 1.53232688 4.18045741
17300 -0.41836050 1.58699056 0.25317675
17400 -0.43355401 1.55354980 1.64174619
17500 -0.44796335 1.55365363 2.22423443
17600 -0.45346677 1.52925772 3.93158292
17700 -0.48122685 1.56725236 3.83510503
17800 -0.44828285 1.56954172 1.62947018
17900 -0.47587872 1.55251344 4.00627687
18000 -0.45745029 1.55416493 2.70069518
18100 -0.48431163 1.54387144 5.12943319
18200 -0.45874918 1.55980351 2.53361221
18300 -0.43955389 1.57432201 1.11193477
18400 -0.45258498 1.55736292 2.29155035
18500 -0.46137292 1.55647959 2.83033085
18600 -0.44458662 1.52303738 3.95560614
18700 -0.41775681 1.57467809 0.47825162
18800 -0.38957710 1.61996583 0.25363563
18900 -0.46484619 1.54120966 3.83066607
19000 -0.42766665 1.56473255 1.00461840
19100 -0.42586239 1.55359072 1.41134210
19200 -0.42270289 1.57492369 0.57212135
19300 -0.41408725 1.54465803 1.63059245
19400 -0.43894144 1.58612049 0.85453849
19500 -0.43231878 1.54177384 2.21739450
19600 -0.48201714 1.53789672 5.29181395
19700 -0.42918680 1.57376811 0.76999061
19800 -0.42603915 1.62672452 0.69611883
19900 -0.45502917 1.53964610 3.33540156
20000 -0.48265235 1.53213790 5.71833771
20100 -0.43071905 1.59255274 0.49956071
20200 -0.46445493 1.54179474 3.77114500
20300 -0.47720991 1.51151693 6.89531210
20400 -0.44872552 1.59237010 1.21619577
20500 -0.49782327 1.54581885 6.25249424
20600 -0.44590375 1.56185404 1.78113454
20700 -0.45413085 1.54985324 2.72242352
20800 -0.49267918 1.50983761 8.35934321
20900 -0.45402464 1.55847487 2.32149907
21000 -0.43496832 1.54244830 2.26749118
21100 -0.42869711 1.56294604 1.09826021
21200 -0.44203591 1.54803886 2.23348889
21300 -0.45482898 1.52379235 4.40691156
21400 -0.44893904 1.55076159 2.40972519
21500 -0.45001193 1.55998133 2.05134350
21600 -0.41629165 1.56031199 0.92027777
21700 -0.42223419 1.58418447 0.37224498
21800 -0.43473221 1.57979807 0.80722215
21900 -0.42883310 1.49919986 5.49600821
22000 -0.40070069 1.58637960 0.09300319
22100 -0.45344293 1.54394811 2.99898015
22200 -0.44655991 1.57882478 1.30810773
22300 -0.47821102 1.52729267 5.70166008
22400 -0.44539843 1.53198873 3.34327534
22500 -0.42712921 1.55930091 1.19620516
22600 -0.43845151 1.52198671 3.78229603
22700 -0.44952007 1.54080806 2.97796133
22800 -0.43960598 1.55301772 1.88798408
22900 -0.48948354 1.53720600 5.97519505
23000 -0.43083885 1.53648663 2.49249146
23100 -0.47738450 1.52794702 5.58999599
23200 -0.46089515 1.59167676 1.88874786
23300 -0.46548414 1.53892347 4.00925755
23400 -0.45378197 1.55155020 2.61994181
23500 -0.44223441 1.57600209 1.17982231
23600 -0.50097785 1.52844145 7.65857641
23700 -0.40792149 1.58745949 0.11000722
23800 -0.45927981 1.55559897 2.74277370
23900 -0.44568748 1.56082966 1.81083062
24000 -0.46068075 1.56420059 2.48187565
24100 -0.44162819 1.53665323 2.87285980
24200 -0.46319396 1.56785417 2.51341548
24300 -0.45768798 1.52933316 4.16085213
24400 -0.44100487 1.55634763 1.79346452
24500 -0.45506666 1.55324603 2.60913534
24600 -0.43936027 1.52705377 3.43519134
24700 -0.46164830 1.57851748 2.13100592
24800 -0.48422696 1.52414282 6.42424570
24900 -0.44228075 1.53108454 3.26850133
25000 -0.49975835 1.52795288 7.57125753
25100 -0.44893576 1.51822519 4.54091409
25200 -0.47209002 1.52345498 5.52805559
25300 -0.45778525 1.54549748 3.15482990
25400 -0.43010262 1.56778047 0.97213312
25500 -0.44294245 1.56848850 1.41851434
25600 -0.43395525 1.59434319 0.59247928
25700 -0.44848970 1.55720046 2.09152587
25800 -0.41647084 1.56896899 0.61710598
25900 -0.46253091 1.55445729 2.99212679
26000 -0.47474148 1.53536668 4.88187709
26100 -0.45172592 1.52425354 4.20654903
26200 -0.46993648 1.51770718 5.83160958
26300 -0.43678966 1.52167261 3.74432936
26400 -0.44905929 1.58390351 1.33295539
26500 -0.44923495 1.54205933 2.89060048
26600 -0.43355191 1.58034901 0.75594616
26700 -0.42414351 1.51840523 3.62030762
26800 -0.42578088 1.53787328 2.26219149
26900 -0.48004125 1.56561456 3.79447967
27000 -0.44994633 1.52598115 3.98671254
27100 -0.46388762 1.55386677 3.10495157
27200 -0.40572408 1.58510925 0.12724975
27300 -0.43293055 1.54943026 1.82085976
27400 -0.47151087 1.54252293 4.20870876
27500 -0.44442582 1.54226932 2.65324250
27600 -0.44729313 1.55754442 2.01955787
27700 -0.45469249 1.59051632 1.54060456
27800 -0.43516467 1.53346196 2.83193275
27900 -0.46951076 1.54558020 3.89662994
28000 -0.44440806 1.53052271 3.39958491
28100 -0.45792706 1.61434121 1.78060708
28200 -0.47340581 1.54546354 4.18131923
28300 -0.43774680 1.56215812 1.42841446
28400 -0.44096756 1.53837759 2.73783111
28500 -0.45575460 1.52555773 4.32511401
28600 -0.44019532 1.55407562 1.86235625
28700 -0.41600947 1.55442572 1.16665914
28800 -0.43023229 1.56298022 1.14222758
28900 -0.47309187 1.51983587 5.88435459
29000 -0.44279201 1.56958383 1.37814945
29100 -0.45157495 1.53126371 3.69232666
29200 -0.46179864 1.54269134 3.55167709
29300 -0.44314290 1.55038292 2.16158258
29400 -0.41748329 1.53843667 2.04785429
29500 -0.47287541 1.52312580 5.61023433
29600 -0.44879220 1.55830591 2.05953803
29700 -0.40782377 1.54715948 1.42666586
29800 -0.49984844 1.48971170 11.06661001
29900 -0.44625642 1.56253872 1.77150192
30000 -0.46050763 1.54655290 3.25888256
30100 -0.45924156 1.53985335 3.56359067
30200 -0.45340197 1.54236797 3.08661064
30300 -0.44099900 1.55613869 1.80236622
30400 -0.43283899 1.55952612 1.35826718
30500 -0.42732115 1.56873407 0.86200184
30600 -0.41541366 1.57431466 0.44865884
30700 -0.46629222 1.55609227 3.16127333
30800 -0.46677234 1.58254884 2.38154426
30900 -0.43386113 1.58311649 0.71581441
31000 -0.44192673 1.53509605 2.98518676
31100 -0.46363336 1.54987549 3.28083563
31200 -0.41064050 1.57832836 0.29144013
31300 -0.39502075 1.57439247 0.34026918
31400 -0.44743367 1.57116740 1.54063597
31500 -0.45094241 1.56501466 1.90955176
31600 -0.43232555 1.58583935 0.62273262
31700 -0.46012242 1.56449074 2.43780640
31800 -0.44633345 1.53213443 3.37626196
31900 -0.43386474 1.56413758 1.21646710
32000 -0.43356611 1.56993924 1.01516653
32100 -0.41794708 1.57568713 0.45660662
32200 -0.43145587 1.55065931 1.71198802
32300 -0.43565178 1.53126034 2.99809504
32400 -0.46735473 1.57158951 2.67190806
32500 -0.43280261 1.54377941 2.11838262
32600 -0.43916214 1.53255879 3.04099524
32700 -0.43510640 1.54429773 2.16760101
32800 -0.43751970 1.57322478 1.06232002
32900 -0.47025290 1.57579737 2.76061882
33000 -0.44987921 1.54885489 2.55187902
33100 -0.46554471 1.53962399 3.97068544
33200 -0.44864968 1.53259766 3.45493361
33300 -0.41205561 1.57673947 0.34319490
33400 -0.45884608 1.51742374 5.14084976
33500 -0.46263250 1.53529029 4.05508800
33600 -0.46869999 1.53093039 4.74514963
33700 -0.43491801 1.55568064 1.59173667
33800 -0.43480499 1.55997665 1.40662793
33900 -0.43274197 1.54292215 2.16495905
34000 -0.45422012 1.55496965 2.48377710
34100 -0.44532261 1.54159945 2.73238119
34200 -0.52064507 1.51104529 11.23408709
34300 -0.44614929 1.55677088 1.99925688
34400 -0.44371348 1.52364206 3.87070149
34500 -0.48548457 1.50212196 8.44386176
34600 -0.44338287 1.57032104 1.38145694
34700 -0.42076044 1.56811204 0.72391908
34800 -0.45684775 1.55658193 2.55839796
34900 -0.44425517 1.56431937 1.61581362
35000 -0.45378976 1.53946924 3.27865589
35100 -0.46199953 1.52750012 4.55008742
35200 -0.42762383 1.55051158 1.60608980
35300 -0.41528680 1.55324764 1.20973474
35400 -0.41672584 1.52379789 3.04325744
35500 -0.46096646 1.52950453 4.34326034
35600 -0.44271299 1.55991960 1.71541900
35700 -0.46347588 1.52126659 5.11406863
35800 -0.44323203 1.56295176 1.62079024
35900 -0.46884283 1.55252048 3.49682024
36000 -0.42862729 1.57859415 0.63886590
36100 -0.43989860 1.53750813 2.74856592
36200 -0.46587316 1.54980722 3.42929410
36300 -0.47932472 1.52308956 6.10381283
36400 -0.45116844 1.58162016 1.47801376
36500 -0.42895668 1.52783536 3.02311226
36600 -0.44725975 1.55637011 2.06852588
36700 -0.44799138 1.53943752 2.98549352
36800 -0.45616861 1.57138424 1.98688704
36900 -0.48237848 1.54360384 4.98337024
37000 -0.43196657 1.57074373 0.93889542
37100 -0.42390004 1.53243435 2.56816478
37200 -0.49616308 1.59655504 4.62960320
37300 -0.42781666 1.56588031 0.96895994
37400 -0.46308011 1.54462092 3.52297128
37500 -0.46002966 1.57775966 2.04909612
37600 -0.45061450 1.53039568 3.70329424
37700 -0.42684415 1.59721734 0.36417581
37800 -0.43338695 1.54760382 1.93002396
37900 -0.41314627 1.56863508 0.57829126
38000 -0.46476721 1.55119876 3.28817636
38100 -0.45217652 1.52795253 3.95661364
38200 -0.46003250 1.54551810 3.28608909
38300 -0.42330580 1.55890918 1.11580781
38400 -0.44543941 1.55201608 2.18359820
38500 -0.44775467 1.55260503 2.26339594
38600 -0.42617373 1.56238362 1.05002807
38700 -0.47175049 1.52293123 5.54386409
38800 -0.43159532 1.56948376 0.96475236
38900 -0.48056143 1.54381890 4.82322951
39000 -0.43932353 1.54157779 2.47974748
39100 -0.45568391 1.53796396 3.47458393
39200 -0.42660174 1.57146701 0.76089205
39300 -0.42466415 1.54983040 1.56265436
39400 -0.41898301 1.56457899 0.80750114
39500 -0.41138133 1.54885053 1.37290151
39600 -0.47630522 1.56498692 3.52420078
39700 -0.44888586 1.53506251 3.30335272
39800 -0.44305498 1.56889283 1.41069383
39900 -0.45763710 1.54530340 3.15687674
40000 -0.50209127 1.49726942 10.48810015
40100 -0.46562146 1.58021978 2.34871678
40200 -0.49120091 1.52865865 6.70359653
40300 -0.42284539 1.55553083 1.24970957
40400 -0.47322402 1.55078242 3.89206372
40500 -0.45066037 1.54991680 2.53739991
40600 -0.41260793 1.55125854 1.26734471
40700 -0.48726837 1.53037986 6.23136590
40800 -0.44151502 1.58164376 1.03022445
40900 -0.45684790 1.53901406 3.47548435
41000 -0.45571234 1.54402118 3.11874646
41100 -0.41788942 1.55998815 0.96048988
41200 -0.42599492 1.58159216 0.50729226
41300 -0.44031752 1.54612653 2.26392673
41400 -0.47479756 1.56314240 3.47657897
41500 -0.48944782 1.51537146 7.58145161
41600 -0.41636573 1.55161613 1.30441819
41700 -0.45647007 1.54679645 3.00974319
41800 -0.45006817 1.57350029 1.60452812
41900 -0.44333294 1.57046985 1.37488675
42000 -0.43540087 1.57676872 0.89645704
42100 -0.44316443 1.52474219 3.76345322
42200 -0.41669411 1.57650281 0.41540552
42300 -0.42365730 1.56616635 0.85219173
42400 -0.44397905 1.56748662 1.49563828
42500 -0.44352575 1.53587521 3.00323944
42600 -0.40678806 1.55297797 1.12857457
42700 -0.43191400 1.56036625 1.29466881
42800 -0.44688973 1.57423370 1.43127470
42900 -0.43612441 1.53407092 2.82580876
43000 -0.44914028 1.55194011 2.36225990
43100 -0.43051204 1.54937814 1.74677834
43200 -0.44020521 1.58003620 1.00750594
43300 -0.41987701 1.59356528 0.21825057
43400 -0.42584635 1.57910231 0.55237360
43500 -0.45134088 1.56994783 1.76950937
43600 -0.47667675 1.54113374 4.67227996
43700 -0.42298450 1.56588394 0.84609649
43800 -0.45791713 1.52525598 4.47053094
43900 -0.40739391 1.60676725 0.05023274
44000 -0.46524159 1.54755143 3.50365877
44100 -0.44124458 1.52887598 3.37987052
44200 -0.41196031 1.56063749 0.84622824
44300 -0.46794155 1.56123988 3.05920091
44400 -0.45498525 1.55302290 2.61511238
44500 -0.46655019 1.54490855 3.73199788
44600 -0.44655036 1.52299787 4.04813217
44700 -0.42315786 1.55251156 1.39571911
44800 -0.47409300 1.51378687 6.46123820
44900 -0.44602048 1.56972690 1.51717241
45000 -0.45069544 1.56959783 1.74715984
45100 -0.42028295 1.54916585 1.49775447
45200 -0.45534706 1.55920671 2.36369447
45300 -0.45375512 1.48651051 7.88473872
45400 -0.46989277 1.53827182 4.34768375
45500 -0.45164514 1.56477725 1.95393151
45600 -0.47930815 1.52465097 5.98362978
45700 -0.45340023 1.55078842 2.63668222
45800 -0.46122507 1.57130001 2.28609898
45900 -0.48100147 1.54123018 5.00756500
46000 -0.43364979 1.55832898 1.43439110
46100 -0.44395570 1.56043087 1.74891004
46200 -0.47069896 1.55716436 3.41661753
46300 -0.45345347 1.55653028 2.37344492
46400 -0.45368613 1.53880154 3.31372591
46500 -0.46080631 1.53078987 4.24372416
46600 -0.45289860 1.56555812 1.99225248
46700 -0.45911731 1.58490805 1.86131155
46800 -0.42465985 1.56351352 0.96968574
46900 -0.45896077 1.52013648 4.92727686
47000 -0.48687352 1.55451378 4.80800251
47100 -0.44141025 1.55992459 1.66042355
47200 -0.49994612 1.52653012 7.69352483
47300 -0.45400139 1.54990658 2.71275072
47400 -0.45965889 1.53066027 4.18359043
47500 -0.44094598 1.59175955 0.87223896
47600 -0.48838446 1.52298466 6.87158762
47700 -0.44572705 1.56295861 1.73151358
47800 -0.50059781 1.51797717 8.42383144
47900 -0.46189522 1.56839016 2.41510035
48000 -0.44994626 1.53160555 3.58621473
48100 -0.41276442 1.59142960 0.11819111
48200 -0.40801353 1.57901386 0.25231737
48300 -0.45481651 1.54440246 3.04796776
48400 -0.49727037 1.50471780 9.27011169
48500 -0.41086207 1.55050790 1.28372620
48600 -0.45945681 1.54362567 3.35658868
48700 -0.47000078 1.53440567 4.60136230
48800 -0.44096280 1.52330783 3.77981994
48900 -0.45375535 1.55717076 2.36199106
49000 -0.43974570 1.55084375 1.99802861
49100 -0.45869275 1.53531225 3.81467176
49200 -0.47020812 1.56392579 3.11526442
49300 -0.44594794 1.54605538 2.51061765
49400 -0.44709661 1.54554228 2.59186723
49500 -0.43140451 1.51142472 4.41591187
49600 -0.46534801 1.53049643 4.55055474
49700 -0.42243925 1.54276730 1.88955080
49800 -0.46903396 1.53936587 4.22109259
49900 -0.48355730 1.52853837 6.04429290
50000 -0.46603739 1.53106272 4.55664274
50100 -0.47627356 1.55233510 4.04479920
50200 -0.46147878 1.55365017 2.96397367
50300 -0.44408927 1.55167318 2.13967264
50400 -0.47931872 1.58554505 3.25020234
50500 -0.42331989 1.58145418 0.44388244
50600 -0.46554187 1.52377220 5.05320703
50700 -0.44386445 1.58511715 1.07279448
50800 -0.47406635 1.53315087 4.97731556
50900 -0.39903535 1.56371934 0.65860825
51000 -0.44929968 1.54966685 2.48194213
51100 -0.46932066 1.54075771 4.15750110
51200 -0.44186014 1.55947374 1.69732443
51300 -0.41650568 1.58160883 0.30533627
51400 -0.44897819 1.55991434 2.00286153
51500 -0.42156896 1.55975060 1.04261728
51600 -0.40757208 1.57169984 0.42911770
51700 -0.47520086 1.51905754 6.10342565
51800 -0.46443082 1.50865867 6.24728452
51900 -0.47790722 1.54440869 4.57996419
52000 -0.46367012 1.50196918 6.83196344
52100 -0.42814642 1.60934278 0.43975431
52200 -0.43744470 1.55551223 1.69063362
52300 -0.43445601 1.56931557 1.06437528
52400 -0.43292454 1.59074611 0.58483006
52500 -0.47072922 1.53416224 4.66861616
52600 -0.44809407 1.56366316 1.81670295
52700 -0.42338226 1.57070314 0.70251827
52800 -0.42056921 1.57474782 0.53038250
52900 -0.46914813 1.53538699 4.47815237
53000 -0.43209079 1.54337006 2.11838411
53100 -0.45364017 1.54975621 2.70085327
53200 -0.42416825 1.54782611 1.65310939
53300 -0.46624765 1.55739794 3.10184328
53400 -0.45360125 1.58468570 1.55381064
53500 -0.46823625 1.54858574 3.64980624
53600 -0.43488769 1.55308839 1.70892523
53700 -0.42940508 1.56861932 0.92470280
53800 -0.43705568 1.59534800 0.69738226
53900 -0.47562541 1.53113419 5.23085097
54000 -0.41450818 1.56619755 0.67654640
54100 -0.43327843 1.57007839 1.00137826
54200 -0.49029233 1.55088360 5.28256331
54300 -0.43508237 1.53429015 2.77427865
54400 -0.46928774 1.51891200 5.68802737
54500 -0.47698035 1.53330865 5.18685561
54600 -0.50502811 1.53350664 7.72613576
54700 -0.43159519 1.58453209 0.61875624
54800 -0.42798018 1.54299320 2.01633276
54900 -0.48373979 1.53171212 5.83779374
55000 -0.43685202 1.53022692 3.11317714
55100 -0.44088048 1.54731717 2.22334735
55200 -0.43328507 1.56151681 1.29442589
55300 -0.45387568 1.52189362 4.50159772
55400 -0.43196394 1.55642501 1.46023656
55500 -0.42966248 1.53670042 2.44334961
55600 -0.46273785 1.58187425 2.13229037
55700 -0.44931428 1.53994659 3.01915519
55800 -0.46968111 1.58299470 2.57231835
55900 -0.43231575 1.56111548 1.27815698
56000 -0.42885991 1.58228811 0.57330280
56100 -0.48117327 1.53797364 5.21818489
56200 -0.44197648 1.57086237 1.30551303
56300 -0.44931341 1.51704035 4.65705799
56400 -0.43905630 1.55786314 1.65045461
56500 -0.45569235 1.55026690 2.78750932
56600 -0.43861554 1.57726740 1.00396540
56700 -0.41925978 1.56581279 0.76985220
56800 -0.45986332 1.53533003 3.88291096
56900 -0.46753495 1.51301000 6.06411440
57000 -0.44833421 1.53814086 3.08137416
57100 -0.42031272 1.53567585 2.27510135
57200 -0.43350116 1.59145753 0.59765083
57300 -0.45618723 1.56160647 2.31553392
57400 -0.46105081 1.54126951 3.58823599
57500 -0.47437142 1.52949462 5.25105848
57600 -0.45249575 1.57808339 1.61807066
57700 -0.50864645 1.55485802 6.92092435
57800 -0.41277858 1.55172160 1.24704795
57900 -0.43719087 1.58115560 0.86913616
58000 -0.44872392 1.54040547 2.96276391
58100 -0.45840413 1.55624041 2.66297215
58200 -0.51537088 1.50721356 10.95988252
58300 -0.43204047 1.53553521 2.59115029
58400 -0.40983776 1.56377886 0.70437635
58500 -0.45417737 1.56019004 2.26001011
58600 -0.43572123 1.55828144 1.50822227
58700 -0.43765579 1.56420565 1.34959711
58800 -0.46812416 1.53770653 4.26068852
58900 -0.46336548 1.56795428 2.52105594
59000 -0.41642458 1.59566599 0.14427528
59100 -0.43759322 1.56617314 1.27875328
59200 -0.41888670 1.56421177 0.81875263
59300 -0.45735663 1.55435744 2.68651331
59400 -0.43338029 1.53360893 2.76100915
59500 -0.43028550 1.54345910 2.05704237
59600 -0.41489525 1.54024179 1.89645594
59700 -0.41836387 1.55049648 1.39391533
59800 -0.44665855 1.54706588 2.48952055
59900 -0.42851028 1.54800042 1.75839595
60000 -0.43516026 1.54534299 2.11181644
60100 -0.43644953 1.54316367 2.27946791
60200 -0.41752963 1.60830351 0.18811801
60300 -0.47903956 1.52840575 5.68649481
60400 -0.44305230 1.57184375 1.32313757
60500 -0.44790374 1.54152693 2.85693402
60600 -0.42455077 1.56126119 1.05171781
60700 -0.47596290 1.50732606 7.17941040
60800 -0.46669952 1.55619187 3.18398906
60900 -0.48605976 1.54760273 5.07587806
61000 -0.40374445 1.56819233 0.51287440
61100 -0.45083582 1.49205258 7.11846281
61200 -0.48324009 1.58169804 3.63193750
61300 -0.46398408 1.53655252 4.05977222
61400 -0.50621577 1.54412552 7.20187378
61500 -0.45889725 1.55435854 2.77601440
61600 -0.46369157 1.55870707 2.88086062
61700 -0.47787197 1.55977147 3.84118901
61800 -0.42858396 1.54662138 1.83316001
61900 -0.43979962 1.58981370 0.84388504
62000 -0.46445453 1.52724317 4.72397138
62100 -0.46757178 1.52573244 5.04080788
62200 -0.48515611 1.53007702 6.07039316
62300 -0.45729005 1.53168869 3.97429284
62400 -0.45971365 1.52690247 4.45448462
62500 -0.41636013 1.55701383 1.05773243
62600 -0.45874827 1.54413647 3.28604694
62700 -0.44484553 1.55662463 1.94627219
62800 -0.44886994 1.54242771 2.85141994
62900 -0.47194467 1.53482496 4.71191040
63000 -0.45779128 1.53245205 3.95127871
63100 -0.44773063 1.56477307 1.75957470
63200 -0.45529122 1.53560258 3.60207365
63300 -0.42067025 1.55061306 1.43316436
63400 -0.47987158 1.55927355 4.01905651
63500 -0.41812023 1.56507050 0.77420638
63600 -0.44123836 1.60445935 0.86024402
63700 -0.47805987 1.53166828 5.38128357
63800 -0.45969987 1.54977009 3.04355912
63900 -0.45802344 1.52319160 4.63312457
64000 -0.43443451 1.57429545 0.92322966
64100 -0.48402937 1.53978791 5.34321522
64200 -0.40605351 1.58676192 0.10594582
64300 -0.46268837 1.56155584 2.70389215
64400 -0.47543445 1.56424413 3.48441892
64500 -0.45530015 1.57307299 1.89158527
64600 -0.46074932 1.54789740 3.20258056
64700 -0.45690665 1.54148283 3.33131321
64800 -0.48547551 1.55441107 4.69220713
64900 -0.41793341 1.57061618 0.59250788
65000 -0.42170764 1.56468563 0.85916306
65100 -0.41799993 1.56757834 0.68758090
65200 -0.42887883 1.55785811 1.30496291
65300 -0.45138664 1.57118817 1.73535429
65400 -0.42358295 1.57202012 0.66951460
65500 -0.45430397 1.54196486 3.15849966
65600 -0.41243017 1.54342531 1.67760246
65700 -0.47048747 1.53644412 4.50391686
65800 -0.41065397 1.57835929 0.29091375
65900 -0.44798861 1.58787176 1.22500059
66000 -0.45909695 1.53541770 3.83166139
66100 -0.45851988 1.52566888 4.47484567
66200 -0.40465964 1.54566255 1.48713538
66300 -0.42926283 1.56772870 0.94887493
66400 -0.42702799 1.50410508 4.96317429
66500 -0.49831521 1.53577247 6.89552814
66600 -0.48368000 1.51303129 7.28294942
66700 -0.44997431 1.56410813 1.89282881
66800 -0.41562407 1.56113730 0.87721041
66900 -0.42281908 1.55321229 1.35489991
67000 -0.45401212 1.51535687 5.04088466
67100 -0.40450619 1.57520410 0.31757119
67200 -0.44733218 1.51702357 4.56271176
67300 -0.45305751 1.53495749 3.52281380
67400 -0.43809261 1.53475413 2.85403496
67500 -0.40874650 1.60624709 0.05776376
67600 -0.45432722 1.53271355 3.73945689
67700 -0.44441797 1.57020899 1.43023024
67800 -0.41050486 1.57833633 0.28983328
67900 -0.44839958 1.54220252 2.84153392
68000 -0.40839562 1.58154431 0.20554948
68100 -0.45751084 1.54909129 2.94959658
68200 -0.44622660 1.55250916 2.19613938
68300 -0.49616393 1.56462329 5.24950682
68400 -0.42281307 1.53458738 2.39962356
68500 -0.42896395 1.56281014 1.11099810
68600 -0.46673447 1.53759815 4.17374029
68700 -0.47582399 1.54804602 4.22424680
68800 -0.42883112 1.55647804 1.36269723
68900 -0.45126017 1.52715265 3.96717037
69000 -0.44859299 1.55518571 2.18479967
69100 -0.44294397 1.57425323 1.25354049
69200 -0.43430502 1.55279373 1.70263287
69300 -0.42253603 1.54294255 1.88171237
69400 -0.41199347 1.56962670 0.53319033
69500 -0.46313371 1.57036332 2.43209906
69600 -0.42981236 1.55691238 1.37266000
69700 -0.48772523 1.58342653 3.98519754
69800 -0.46059306 1.56890752 2.31913087
69900 -0.45917364 1.50341427 6.41516207
70000 -0.49862924 1.52729399 7.50694548
70100 -0.45892512 1.52386905 4.63404608
70200 -0.42278976 1.59212715 0.29067759
70300 -0.42401566 1.58825247 0.35737821
70400 -0.51923213 1.50920993 11.22956938
70500 -0.45517592 1.51923848 4.78340267
70600 -0.42781440 1.57127475 0.79939026
70700 -0.42078245 1.56689768 0.76383690
70800 -0.43326528 1.55898193 1.39453076
70900 -0.44313872 1.56044959 1.71259194
71000 -0.45088920 1.56683943 1.84466669
71100 -0.46800493 1.57513547 2.62145761
71200 -0.41723087 1.57740956 0.40361543
71300 -0.43531254 1.59613432 0.63095943
71400 -0.41169406 1.58647151 0.15988561
71500 -0.39830401 1.57017156 0.44630610
71600 -0.44772812 1.51781235 4.51639156
71700 -0.42597505 1.54765468 1.70736756
71800 -0.44142527 1.55659172 1.80016602
71900 -0.41569082 1.56866537 0.61403036
72000 -0.46276802 1.56457145 2.59750309
72100 -0.41651693 1.55634369 1.08934100
72200 -0.43396019 1.60604244 0.59490298
72300 -0.48329864 1.52178028 6.52849436
72400 -0.47248239 1.51961675 5.85758168
72500 -0.43997604 1.53609523 2.84095151
72600 -0.47120215 1.53355239 4.74251562
72700 -0.46767051 1.55791026 3.17542196
72800 -0.44957410 1.52528084 4.02027256
72900 -0.45653380 1.54432423 3.14793087
73000 -0.46727435 1.58451292 2.38284421
73100 -0.44319660 1.56145270 1.67592029
73200 -0.42532324 1.56233935 1.02979576
73300 -0.46708220 1.53423104 4.41278876
73400 -0.44075291 1.55681525 1.76286088
73500 -0.46390357 1.58057044 2.23058689
73600 -0.49717860 1.56115873 5.47616209
73700 -0.45105338 1.50657875 5.66698864
73800 -0.44059973 1.53345806 3.03808353
73900 -0.50376836 1.51949064 8.62481480
74000 -0.44790907 1.54689965 2.55746323
74100 -0.44325304 1.54869207 2.25166497
74200 -0.44476688 1.53129858 3.36197931
74300 -0.43016040 1.57251768 0.83246386
74400 -0.49023665 1.54869493 5.38743206
74500 -0.43483556 1.55386108 1.67115776
74600 -0.47490899 1.55305516 3.90758717
74700 -0.46741904 1.54934418 3.55566938
74800 -0.48086293 1.51860322 6.58212457
74900 -0.44019439 1.55990481 1.61160665
75000 -0.46992024 1.54845761 3.77272897
75100 -0.49528401 1.50101016 9.43901570
75200 -0.41041055 1.56509382 0.66341033
75300 -0.46628483 1.56572895 2.78409201
75400 -0.44395841 1.57717883 1.22657355
75500 -0.43957758 1.55763565 1.68056118
75600 -0.46717636 1.55254188 3.38246831
75700 -0.45223997 1.55533169 2.36213587
75800 -0.47600017 1.54328747 4.49616896
75900 -0.41318749 1.57018802 0.53133214
76000 -0.41877278 1.58411840 0.30232139
76100 -0.49011918 1.52061705 7.21155970
76200 -0.46892378 1.53738659 4.33546311
76300 -0.46132842 1.52258917 4.87680548
76400 -0.43124271 1.58906256 0.54786719
76500 -0.48028098 1.54292426 4.85133793
76600 -0.44747214 1.57021158 1.57047695
76700 -0.46724513 1.54847987 3.58811607
76800 -0.44582110 1.54836456 2.38289568
76900 -0.41956820 1.57747760 0.44508647
77000 -0.45073290 1.53223764 3.58278240
77100 -0.45996390 1.52788422 4.39817718
77200 -0.49226384 1.56142954 5.00014840
77300 -0.44765911 1.53760881 3.08202581
77400 -0.41411094 1.55579081 1.07678540
77500 -0.43804214 1.55832941 1.59182138
77600 -0.45781803 1.55027138 2.90793031
77700 -0.41538989 1.58071278 0.30442290
77800 -0.42500887 1.52411822 3.19174385
77900 -0.42859441 1.54103098 2.14749279
78000 -0.44877325 1.54948112 2.46549318
78100 -0.44008436 1.56948778 1.26887556
78200 -0.47787779 1.51448006 6.68930446
78300 -0.41142811 1.55043435 1.29367767
78400 -0.47138746 1.54900941 3.84810474
78500 -0.43951763 1.56679269 1.33218429
78600 -0.42581924 1.56726497 0.86910793
78700 -0.44867964 1.57811590 1.42431036
78800 -0.42132884 1.57764840 0.47725687
78900 -0.45624958 1.55948601 2.40269917
79000 -0.45412747 1.51637360 4.96157871
79100 -0.48102751 1.50075169 8.20784221
79200 -0.44343623 1.55649915 1.88951496
79300 -0.46214504 1.56118718 2.68422053
79400 -0.43106274 1.56885222 0.96753886
79500 -0.45090048 1.56345097 1.96334539
79600 -0.42713291 1.56375810 1.02483507
79700 -0.40626919 1.56445151 0.65149912
79800 -0.46481128 1.54930831 3.38507486
79900 -0.47728296 1.52844868 5.54612366
80000 -0.44375593 1.54138616 2.67508148
80100 -0.50738539 1.51117239 9.71098283
80200 -0.43292316 1.56031934 1.32924492
80300 -0.44023609 1.57520134 1.11695812
80400 -0.50134292 1.56086471 5.90097899
80500 -0.47321245 1.56887188 3.16451162
80600 -0.42530750 1.58717677 0.40245243
80700 -0.45564999 1.54043352 3.32254352
80800 -0.43286607 1.58764164 0.61645366
80900 -0.41677936 1.59983288 0.14078750
81000 -0.43099885 1.53091850 2.86659113
81100 -0.46032043 1.58032631 2.01280380
81200 -0.44818999 1.54425263 2.71502236
81300 -0.44068327 1.53484750 2.94998802
81400 -0.43371787 1.56352001 1.23384219
81500 -0.48476307 1.52929905 6.09170108
81600 -0.47073747 1.54819777 3.84363025
81700 -0.44176953 1.54608211 2.32591629
81800 -0.46811825 1.56325507 2.99514298
81900 -0.44294662 1.53899111 2.78324838
82000 -0.44176225 1.55842434 1.73631021
82100 -0.47146311 1.54120529 4.28189668
82200 -0.42986777 1.58253998 0.59846805
82300 -0.40058894 1.56236344 0.70842862
82400 -0.42751281 1.54812900 1.72377774
82500 -0.45885145 1.52947762 4.21844973
82600 -0.45949152 1.52488103 4.59105022
82700 -0.48291728 1.51803607 6.79668099
82800 -0.45060976 1.56449872 1.91084438
82900 -0.40774162 1.60964959 0.07652361
83000 -0.46592858 1.52749772 4.80157884
83100 -0.47187476 1.53755724 4.53253962
83200 -0.45367764 1.57336551 1.79534238
83300 -0.41077948 1.57867520 0.28547218
83400 -0.44011576 1.54041796 2.57964706
83500 -0.43109039 1.55582758 1.45890744
83600 -0.44663269 1.60716859 1.11299817
83700 -0.44612831 1.56310073 1.74468874
83800 -0.44176261 1.57565339 1.16843680
83900 -0.47249859 1.53373674 4.82343293
84000 -0.45465735 1.52778664 4.10109760
84100 -0.42225819 1.55062672 1.46657414
84200 -0.42623346 1.54038490 2.12107709
84300 -0.42809178 1.52338144 3.32977600
84400 -0.42593741 1.56532554 0.93753383
84500 -0.43307024 1.55217062 1.69064501
84600 -0.45562584 1.52776582 4.15600551
84700 -0.47900922 1.55260902 4.24418098
84800 -0.46807525 1.59988588 2.31712608
84900 -0.46219942 1.54414533 3.49425595
85000 -0.47297122 1.54415424 4.22177386
85100 -0.42271848 1.55606662 1.22313561
85200 -0.43048863 1.55575795 1.44345752
85300 -0.47678245 1.52139849 6.03687102
85400 -0.42983904 1.56648517 1.00680617
85500 -0.41396688 1.53606699 2.14125189
85600 -0.41240483 1.54529710 1.57314352
85700 -0.43412202 1.55199388 1.73444978
85800 -0.47314201 1.51533175 6.25923350
85900 -0.40452793 1.57569478 0.30562301
86000 -0.46847688 1.54902734 3.64364771
86100 -0.47087469 1.56491916 3.12694346
86200 -0.45644426 1.56735543 2.12581125
86300 -0.47549627 1.55300124 3.95428494
86400 -0.40957766 1.54140481 1.76256417
86500 -0.42423462 1.59524573 0.30496000
86600 -0.43584032 1.55526445 1.64289913
86700 -0.49380485 1.53954503 6.22707649
86800 -0.48331401 1.50602461 7.88629938
86900 -0.45194314 1.54464486 2.88114062
87000 -0.46781683 1.52506217 5.10739990
87100 -0.46640418 1.57045939 2.64108181
87200 -0.41862058 1.56355826 0.83736315
87300 -0.45219645 1.56810985 1.87072537
87400 -0.41427972 1.57146681 0.50902673
87500 -0.45149169 1.54545413 2.81332320
87600 -0.44825729 1.55355282 2.24305319
87700 -0.42246424 1.58891284 0.31378368
87800 -0.45774190 1.57239886 2.04797469
87900 -0.43176315 1.55602011 1.47156403
88000 -0.45239220 1.59782647 1.37483341
88100 -0.46413773 1.53616413 4.09433369
88200 -0.44593483 1.58429342 1.17835272
88300 -0.47087162 1.51534103 6.09496462
88400 -0.45370972 1.56494285 2.05686911
88500 -0.47455085 1.57271451 3.15116325
88600 -0.45619225 1.54784668 2.93876893
88700 -0.43503266 1.56253554 1.31543631
88800 -0.45361362 1.55049518 2.66257372
88900 -0.41592215 1.57260161 0.50209347
89000 -0.43220701 1.51983690 3.73170670
89100 -0.46145501 1.59352002 1.90935448
89200 -0.46608875 1.52651111 4.88417025
89300 -0.45361136 1.50360826 6.08277302
89400 -0.41555189 1.54824270 1.46033939
89500 -0.47148991 1.55277777 3.67037281
89600 -0.45361220 1.53898548 3.29852010
89700 -0.44614247 1.58565164 1.16750130
89800 -0.44967540 1.56056889 2.01122860
89900 -0.46695865 1.54568618 3.71672542
90000 -0.43667156 1.54569490 2.14692379
90100 -0.47082534 1.59804962 2.51001611
90200 -0.43740814 1.55916255 1.53353308
90300 -0.42800620 1.57203218 0.78327296
90400 -0.44935496 1.52236994 4.23116947
90500 -0.45536011 1.56704879 2.07526182
90600 -0.39564032 1.56438623 0.64367357
90700 -0.46691470 1.53671093 4.24154174
90800 -0.37930541 1.61190124 0.28495276
90900 -0.41441160 1.55491958 1.11996920
91000 -0.43592305 1.59625099 0.65226021
91100 -0.41974084 1.56680716 0.74573275
91200 -0.43283229 1.55553467 1.52756256
91300 -0.48479615 1.50230967 8.36689391
91400 -0.47380168 1.55884113 3.57037023
91500 -0.39610881 1.58255510 0.15973299
91600 -0.46299360 1.53680195 3.98109366
91700 -0.44292928 1.55965715 1.73523411
91800 -0.44238897 1.52313092 3.85284008
91900 -0.40881463 1.59680601 0.04394961
92000 -0.48116100 1.55424031 4.34052820
92100 -0.48196011 1.50262674 8.09950559
92200 -0.43512732 1.60469008 0.62796274
92300 -0.42015885 1.56775874 0.72293910
92400 -0.42208853 1.56744078 0.77400318
92500 -0.46095005 1.49495266 7.37492573
92600 -0.42646998 1.56946941 0.81638826
92700 -0.46592962 1.52928606 4.67358820
92800 -0.42056726 1.56610381 0.78598189
92900 -0.41751564 1.58271921 0.30271162
93000 -0.47120865 1.52768435 5.15011258
93100 -0.46557606 1.55337645 3.23698747
93200 -0.44039614 1.56310702 1.49647006
93300 -0.45302189 1.53674067 3.40653160
93400 -0.49321316 1.54781292 5.70609224
93500 -0.44343889 1.57213139 1.33179838
93600 -0.46321821 1.56481555 2.61724395
93700 -0.41143740 1.59176436 0.09931999
93800 -0.41442011 1.55245852 1.23406594
93900 -0.42434687 1.58948220 0.35169701
94000 -0.46369341 1.55474522 3.05242256
94100 -0.45972111 1.55837907 2.64945653
94200 -0.40282808 1.55337931 1.09074334
94300 -0.48168406 1.52852081 5.89077982
94400 -0.45489312 1.58600199 1.60459922
94500 -0.43334420 1.55777873 1.44723569
94600 -0.41975131 1.54645734 1.62846525
94700 -0.47431432 1.54622289 4.20729838
94800 -0.41814632 1.53084488 2.55586016
94900 -0.41820709 1.53536496 2.25459332
95000 -0.48985959 1.55158458 5.20939982
95100 -0.46005965 1.53781737 3.73692087
95200 -0.46372809 1.56429584 2.66802803
95300 -0.48319731 1.52371957 6.37024840
95400 -0.46839067 1.56223400 3.05177733
95500 -0.47701974 1.52904181 5.48355217
95600 -0.45291241 1.54180067 3.09344253
95700 -0.45843921 1.57757721 1.95896103
95800 -0.42032639 1.54742489 1.58865214
95900 -0.45125509 1.56529147 1.91588297
96000 -0.44600376 1.57090202 1.48151915
96100 -0.44245965 1.56327718 1.57569362
96200 -0.44162365 1.54558145 2.34695314
96300 -0.43881552 1.57227294 1.13771714
96400 -0.43203104 1.55320534 1.60786403
96500 -0.45979649 1.54229099 3.45297471
96600 -0.43635690 1.56316744 1.33923083
96700 -0.42309207 1.54853872 1.59075326
96800 -0.43595352 1.49490963 6.16832083
96900 -0.43900139 1.52942511 3.25096180
97000 -0.47001578 1.55021525 3.69036581
97100 -0.43080342 1.55994635 1.27657286
97200 -0.46948645 1.48924322 8.54771561
97300 -0.46735433 1.56402767 2.91530741
97400 -0.47876767 1.50457825 7.65482776
97500 -0.47660814 1.57957008 3.14309464
97600 -0.45678740 1.53703709 3.59456839
97700 -0.44867314 1.57009583 1.63166709
97800 -0.41990092 1.56736518 0.73053920
97900 -0.41771970 1.58275888 0.30562191
98000 -0.40984875 1.61665959 0.18726984
98100 -0.51116637 1.51317810 9.94800111
98200 -0.45068902 1.51597681 4.81463675
98300 -0.46354546 1.54915371 3.31168541
98400 -0.45317606 1.54792302 2.76985302
98500 -0.43940287 1.56340541 1.44587522
98600 -0.42951359 1.55396583 1.49509839
98700 -0.39454967 1.60890647 0.05451561
98800 -0.46637011 1.54183925 3.89383217
98900 -0.44808140 1.53671707 3.15827510
99000 -0.43839820 1.54915291 2.02992436
99100 -0.41981603 1.61879862 0.37303154
99200 -0.43423027 1.52368872 3.49756151
99300 -0.42762969 1.55281338 1.49498845
99400 -0.43215019 1.56720141 1.05469083
99500 -0.44241741 1.57322574 1.25804856
99600 -0.44159102 1.52487055 3.68712392
99700 -0.46148622 1.53492283 4.00779671
99800 -0.44998645 1.51330386 5.00743251
99900 -0.43946965 1.54886504 2.08631894
100000 -0.43415907 1.54995222 1.83581119
100100 -0.45295666 1.55710668 2.32212259
100200 -0.46341735 1.54934389 3.29390053
100300 -0.47297331 1.53501900 4.77381689
100400 -0.44782244 1.52955892 3.62446546
100500 -0.41220658 1.58561851 0.17791396
100600 -0.48204153 1.53169352 5.69829385
100700 -0.43111179 1.55968077 1.29679185
100800 -0.41704885 1.57474075 0.46434658
100900 -0.44742652 1.53692978 3.11356406
101000 -0.45589655 1.53297772 3.80820527
101100 -0.44700018 1.56978765 1.56090133
101200 -0.42588970 1.53128902 2.69573754
101300 -0.43177181 1.52595474 3.24607423
101400 -0.41362393 1.55747787 0.99687159
101500 -0.43882217 1.56817744 1.25991802
101600 -0.45989499 1.53419969 3.95854519
101700 -0.41956833 1.53896683 2.05398378
101800 -0.43283835 1.55259345 1.66286899
101900 -0.42449495 1.55329365 1.39074281
102000 -0.45860949 1.56348848 2.38408197
102100 -0.39460944 1.57061622 0.44623229
102200 -0.44365984 1.52824579 3.52742422
102300 -0.45364495 1.55625791 2.39557537
102400 -0.41145524 1.60174379 0.06713162
102500 -0.47297507 1.53080551 5.05661864
102600 -0.47327576 1.55104766 3.88283441
102700 -0.44875064 1.55463847 2.21714664
102800 -0.44155875 1.53312213 3.09988943
102900 -0.46114058 1.52149706 4.95044131
103000 -0.38989276 1.56516478 0.65782445
103100 -0.47290284 1.55608132 3.62183723
103200 -0.45540944 1.56434983 2.17057016
103300 -0.43125711 1.48475598 7.12909545
103400 -0.50281008 1.52464805 8.12391503
103500 -0.43286268 1.55665207 1.47949910
103600 -0.45394793 1.54661958 2.87992422
103700 -0.42169797 1.52032188 3.40970195
103800 -0.42654523 1.52809077 2.93779309
103900 -0.40684773 1.56888663 0.50746645
104000 -0.41003170 1.54624616 1.49505522
104100 -0.47246688 1.57401350 2.96337361
104200 -0.42016836 1.59144093 0.24001026
104300 -0.42796460 1.55923746 1.22180180
104400 -0.44701385 1.53530339 3.19797696
104500 -0.39602700 1.59675348 0.01316231
104600 -0.43189560 1.55711177 1.42836474
104700 -0.43228605 1.55708866 1.44188620
104800 -0.45880657 1.57579084 2.02214822
104900 -0.46498010 1.53088316 4.49977583
105000 -0.43312997 1.56880738 1.03528749
105100 -0.37845186 1.59575949 0.24115213
105200 -0.42667187 1.53919172 2.20451796
105300 -0.45078027 1.54881748 2.59914288
105400 -0.42530195 1.59933568 0.32031510
105500 -0.46118793 1.54937144 3.15360740
105600 -0.45250655 1.54282884 3.01273971
105700 -0.45483114 1.57050813 1.93811237
105800 -0.46097554 1.57275068 2.23027079
105900 -0.47719049 1.56060313 3.75524245
106000 -0.47508235 1.53352004 5.02847222
106100 -0.46622533 1.52231305 5.21052839
106200 -0.44681671 1.54826986 2.43390592
106300 -0.46991817 1.53699580 4.42904008
106400 -0.44633618 1.55208347 2.22151732
106500 -0.48111829 1.52633027 6.00370261
106600 -0.40039312 1.60325592 0.00537777
106700 -0.42124500 1.59489686 0.23869598
106800 -0.40631122 1.59407372 0.03747612
106900 -0.44821061 1.57346344 1.51422566
107000 -0.44142663 1.53793279 2.78425204
107100 -0.46745742 1.55310545 3.37480115
107200 -0.44615371 1.53658608 3.07574493
107300 -0.46084191 1.55731031 2.76207371
107400 -0.45436511 1.56049217 2.25821724
107500 -0.48801508 1.53048619 6.28941240
107600 -0.41775226 1.57656876 0.43208277
107700 -0.41239247 1.56474625 0.69820027
107800 -0.45915630 1.57698614 2.01455265
107900 -0.42141247 1.55744626 1.13465756
108000 -0.44860719 1.56144751 1.92447677
108100 -0.49725044 1.52717914 7.38026261
108200 -0.41626159 1.53899825 1.99282623
108300 -0.46771443 1.55963406 3.10732706
108400 -0.43253294 1.54812350 1.87478204
108500 -0.42999240 1.55977119 1.25895058
108600 -0.44795194 1.56558145 1.74201260
108700 -0.43280851 1.55127811 1.72511019
108800 -0.42982897 1.55962173 1.26008605
108900 -0.45199228 1.55228146 2.49012800
109000 -0.45864694 1.53989673 3.52593367
109100 -0.51070423 1.49752773 11.37799572
109200 -0.47719680 1.51346233 6.72405754
109300 -0.43934550 1.56780693 1.29223116
109400 -0.46302937 1.56342183 2.65533195
109500 -0.40630628 1.56035851 0.80560825
109600 -0.43675096 1.61220481 0.74979519
109700 -0.45307597 1.54386751 2.98395772
109800 -0.48534018 1.55574498 4.62072640
109900 -0.38864822 1.58801299 0.13627564
110000 -0.43015013 1.56233790 1.16373188
110100 -0.44603669 1.56706420 1.60207205
110200 -0.44616896 1.52705417 3.72633321
110300 -0.42230363 1.58666287 0.33766545
110400 -0.43799523 1.56403864 1.36842860
110500 -0.44801080 1.53867563 3.03285739
110600 -0.45740504 1.51114532 5.59524655
110700 -0.48895646 1.54734820 5.34273164
110800 -0.43730968 1.53335199 2.91698443
110900 -0.45758787 1.54951230 2.93268506
111000 -0.44274878 1.52056967 4.06831760
111100 -0.43834771 1.54098159 2.47685974
111200 -0.43992883 1.54902792 2.09623227
111300 -0.43839298 1.55739764 1.64449093
111400 -0.46400831 1.53122311 4.41366257
111500 -0.46425159 1.54338025 3.66703162
111600 -0.43942805 1.55888018 1.62270554
111700 -0.43572283 1.57427024 0.96907040
111800 -0.43670791 1.58329907 0.81319595
111900 -0.45901501 1.56775838 2.26114659
112000 -0.43612009 1.56167167 1.38686063
112100 -0.43849248 1.52131966 3.83613316
112200 -0.42698835 1.55570003 1.34542916
112300 -0.45533060 1.58054550 1.71997663
112400 -0.45515216 1.60193917 1.52276068
112500 -0.44617084 1.57917564 1.28270025
112600 -0.45295990 1.53556672 3.47819916
112700 -0.45721629 1.53112707 4.00859220
112800 -0.47666835 1.55353317 4.01860114
112900 -0.42429488 1.56792618 0.80948556
113000 -0.43679702 1.57111541 1.09417015
113100 -0.46782915 1.53800472 4.22210420
113200 -0.46080200 1.58144706 2.02054729
113300 -0.44360215 1.56868922 1.44075609
113400 -0.43692245 1.54813090 2.02683561
113500 -0.46565291 1.54688665 3.56566615
113600 -0.45858938 1.56744251 2.24635291
113700 -0.41410867 1.55134354 1.28325264
113800 -0.47284672 1.54415465 4.21267387
113900 -0.45199755 1.52619946 4.07513294
114000 -0.45728171 1.56791858 2.15520615
114100 -0.44371745 1.54919969 2.24594338
114200 -0.43364515 1.53320816 2.79657305
114300 -0.45879161 1.52938282 4.22161953
114400 -0.46709469 1.50734908 6.54294465
114500 -0.43461887 1.53560051 2.67288017
114600 -0.43833970 1.56536911 1.33461555
114700 -0.46385695 1.53311790 4.27546321
114800 -0.44951628 1.56285709 1.91572882
114900 -0.45822608 1.53656218 3.70731649
115000 -0.43112338 1.59360421 0.50478541
115100 -0.45588433 1.54979931 2.82158363
115200 -0.42921557 1.56760021 0.95164795
115300 -0.40997966 1.57903144 0.26963699
115400 -0.46522132 1.54408482 3.69016399
115500 -0.46745387 1.53037700 4.69869323
115600 -0.43461342 1.57570283 0.89422048
115700 -0.46427891 1.55930223 2.89404370
115800 -0.44467679 1.55386536 2.06221034
115900 -0.42928562 1.57943307 0.64032325
116000 -0.47916444 1.55537073 4.12939056
116100 -0.42553361 1.56964432 0.78671618
116200 -0.40784985 1.56428712 0.66851507
116300 -0.45721796 1.59251805 1.66493748
116400 -0.45510032 1.52913151 4.02919432
116500 -0.49633455 1.55918038 5.47329343
116600 -0.44836830 1.54157975 2.87620919
116700 -0.44933153 1.53154568 3.55979710
116800 -0.44151289 1.58181842 1.02694501
116900 -0.39860689 1.55513538 1.00738751
117000 -0.46335904 1.54422342 3.56269704
117100 -0.44690262 1.55760231 1.99871009
117200 -0.44452256 1.54336976 2.59462137
117300 -0.45171340 1.58552971 1.44183252
117400 -0.44720721 1.55481379 2.13515731
117500 -0.45174552 1.53444494 3.48753255
117600 -0.45573183 1.53260728 3.82390735
117700 -0.43863273 1.59107571 0.78606548
117800 -0.44866309 1.55080551 2.39409691
117900 -0.46802664 1.54838043 3.64610169
118000 -0.44011532 1.59102088 0.84493153
118100 -0.46407562 1.57581852 2.34521445
118200 -0.48553622 1.52840538 6.22111688
118300 -0.47566280 1.53868222 4.74236514
118400 -0.41639769 1.58751999 0.21231746
118500 -0.42931972 1.55799182 1.31216664
118600 -0.43712004 1.57920796 0.90510314
118700 -0.46530399 1.55310651 3.23180549
118800 -0.48446567 1.51371746 7.28956314
118900 -0.46139912 1.55471516 2.91028475
119000 -0.44411747 1.55073764 2.18656557
119100 -0.47907436 1.52620365 5.84932852
119200 -0.42620524 1.54630842 1.78475008
119300 -0.47696796 1.53867058 4.84268274
119400 -0.45172560 1.52937580 3.83165755
119500 -0.43173863 1.56304900 1.18635869
119600 -0.45644992 1.54480861 3.11634135
119700 -0.47025586 1.53880054 4.34062985
119800 -0.46780302 1.55944384 3.12102574
119900 -0.48661877 1.53086603 6.14115862
120000 -0.41345644 1.54812182 1.43621051
120100 -0.45723325 1.56454694 2.26628184
120200 -0.48363467 1.55659741 4.43927129
120300 -0.45611090 1.53396012 3.75484954
120400 -0.47721632 1.54143023 4.69638905
120500 -0.45758703 1.53508720 3.76496897
120600 -0.50152223 1.54923508 6.44192037
120700 -0.47019409 1.53711746 4.44071257
120800 -0.46668578 1.50944603 6.32350682
120900 -0.46527802 1.56095127 2.89301167
121000 -0.44530903 1.58866046 1.09074685
121100 -0.47399007 1.55322644 3.83114844
121200 -0.45659881 1.55060461 2.82166470
121300 -0.45210134 1.55076771 2.56918428
121400 -0.46586047 1.56526107 2.77219734
121500 -0.41670426 1.58654778 0.22999719
121600 -0.44136595 1.55372362 1.92632263
121700 -0.47127155 1.53264746 4.80799933
121800 -0.45528064 1.53201515 3.83894487
121900 -0.38505489 1.58907590 0.17134609
122000 -0.48549925 1.51746124 7.06138427
122100 -0.47621037 1.55178390 4.06640668
122200 -0.40817452 1.58298520 0.17816307
122300 -0.44748642 1.55510694 2.13517337
122400 -0.45831242 1.52549885 4.47537977
122500 -0.45161004 1.51207853 5.19689111
122600 -0.47064998 1.55270168 3.61427527
122700 -0.44306531 1.53418565 3.09307487
122800 -0.42212292 1.56941904 0.71230933
122900 -0.46175736 1.53010609 4.34956492
123000 -0.47653149 1.55075558 4.14104102
123100 -0.46118063 1.55738513 2.77954810
123200 -0.47494215 1.55120890 3.99844830
123300 -0.42893317 1.55709128 1.33914349
123400 -0.43268890 1.58869679 0.59816338
123500 -0.46504924 1.54762169 3.48744542
123600 -0.44423076 1.56060585 1.75412955
123700 -0.44023348 1.54634716 2.24868017
123800 -0.43675348 1.55019200 1.91582743
123900 -0.44918349 1.54157166 2.91644347
124000 -0.46559731 1.50910119 6.28280012
124100 -0.45588601 1.54724080 2.95338913
124200 -0.44998340 1.53708280 3.22845706
124300 -0.41008815 1.60239863 0.05376208
124400 -0.43302238 1.55355440 1.62383562
124500 -0.42132788 1.52368065 3.13976061
124600 -0.43819252 1.55525138 1.73055412
124700 -0.52728550 1.50847840 12.28890086
124800 -0.46944563 1.55308672 3.51177547
124900 -0.41871618 1.54446612 1.71715333
125000 -0.43491560 1.55188545 1.76705435
125100 -0.42839120 1.53849667 2.29436009
125200 -0.43831288 1.55137760 1.91600738
125300 -0.47049256 1.56021061 3.27619805
125400 -0.47702069 1.57148290 3.37270627
125500 -0.42160054 1.57100096 0.65376395
125600 -0.47145880 1.58460787 2.67163880
125700 -0.44254125 1.56033017 1.69172669
125800 -0.46185384 1.52506297 4.72072826
125900 -0.44879869 1.54341716 2.79146531
126000 -0.45981260 1.57229088 2.17267090
126100 -0.43726345 1.55875080 1.54503035
126200 -0.48666668 1.57051707 4.19017813
126300 -0.44653207 1.51462460 4.72709608
126400 -0.42863107 1.53788695 2.33888438
126500 -0.46219158 1.51450610 5.58849963
126600 -0.46704105 1.54897380 3.54908802
126700 -0.43682452 1.56376600 1.33447379
126800 -0.41678623 1.55503616 1.15176214
126900 -0.42680366 1.58248435 0.51261713
127000 -0.43506815 1.57124457 1.02832489
127100 -0.41981574 1.56791411 0.71108404
127200 -0.46251223 1.54321261 3.56629307
127300 -0.49292377 1.53017548 6.75514469
127400 -0.44901637 1.54809401 2.54841846
127500 -0.44523503 1.58411755 1.14923008
127600 -0.44368529 1.58788138 1.02763278
127700 -0.45304171 1.55651520 2.35217553
127800 -0.41909904 1.57489670 0.49747450
127900 -0.43379827 1.58178839 0.73699295
128000 -0.45178448 1.54582353 2.80836087
128100 -0.46186630 1.54540638 3.40395128
128200 -0.46964263 1.53017340 4.86292499
128300 -0.42384430 1.54628923 1.72669871
128400 -0.42340999 1.54928659 1.55993902
128500 -0.44219250 1.54686690 2.30166694
128600 -0.49701466 1.53207566 7.01278013
128700 -0.41626663 1.57040151 0.57033687
128800 -0.43821200 1.57124596 1.14347568
128900 -0.45695169 1.50970274 5.69854520
129000 -0.43492038 1.53172907 2.94017653
129100 -0.45686775 1.56972547 2.07524407
129200 -0.43788309 1.55034788 1.95023041
129300 -0.44803266 1.55550305 2.14355782
129400 -0.45850085 1.55634507 2.66405152
129500 -0.42655721 1.55225015 1.49266668
129600 -0.43704887 1.56201909 1.40758421
129700 -0.47157217 1.54402133 4.12809321
129800 -0.43001262 1.60174727 0.45190523
129900 -0.43429032 1.57898186 0.80879407
130000 -0.47042055 1.53011378 4.92156857
130100 -0.46878578 1.56420072 3.00653595
130200 -0.45795271 1.52274031 4.66378811
130300 -0.46212636 1.53474060 4.05923687
130400 -0.44913280 1.56936698 1.67620712
130500 -0.46954144 1.54841286 3.74862239
130600 -0.46733884 1.54122150 3.99471593
130700 -0.44474380 1.57582530 1.29321188
130800 -0.45411720 1.56906741 1.94274815
130900 -0.44899290 1.53850587 3.09091631
131000 -0.44651811 1.57511945 1.39148834
131100 -0.43061656 1.54810401 1.81528365
131200 -0.41140326 1.58608400 0.16184476
131300 -0.47329890 1.50985497 6.74942779
131400 -0.42656180 1.55834493 1.22033713
131500 -0.44106477 1.54021714 2.63015314
131600 -0.48010145 1.51670758 6.67693459
131700 -0.48110443 1.51140874 7.21316985
131800 -0.43117614 1.57672625 0.75680939
131900 -0.47309667 1.51071437 6.65752314
132000 -0.47264256 1.52485150 5.46211926
132100 -0.42633188 1.55115667 1.53951908
132200 -0.46640940 1.56736396 2.73765978
132300 -0.42492378 1.54035380 2.08943229
132400 -0.44339870 1.50480025 5.47322005
132500 -0.44209784 1.53936777 2.72424739
132600 -0.44896740 1.53148054 3.54636156
132700 -0.43952411 1.57293238 1.14740559
132800 -0.47947350 1.51240530 6.99443414
132900 -0.45448191 1.54841342 2.81472684
133000 -0.47647532 1.53661049 4.93335249
133100 -0.48209412 1.50268773 8.10456120
133200 -0.44111588 1.55074056 2.05850425
133300 -0.46659699 1.54410216 3.77986369
133400 -0.49439646 1.55471422 5.48074692
133500 -0.42234557 1.56702902 0.79320501
133600 -0.46802805 1.56445116 2.94576792
133700 -0.41981150 1.56045842 0.97801601
133800 -0.46516820 1.53686043 4.11674963
133900 -0.46913662 1.55466488 3.41757262
134000 -0.45875471 1.58498003 1.83885763
134100 -0.44987944 1.58465857 1.36165902
134200 -0.41090389 1.57315047 0.41989613
134300 -0.41449270 1.58392378 0.23424162
134400 -0.46296563 1.51823613 5.32500009
134500 -0.45591804 1.54829117 2.90031484
134600 -0.47246934 1.55676316 3.56061481
134700 -0.45863537 1.50869568 5.88729316
134800 -0.43145233 1.59181103 0.52815419
134900 -0.44156816 1.54819496 2.20583668
135000 -0.45337262 1.57593994 1.71376161
135100 -0.48001798 1.52981634 5.66431166
135200 -0.43680106 1.55617999 1.63725576
135300 -0.42091722 1.56583614 0.80234962
135400 -0.43754328 1.56678260 1.25644687
135500 -0.45321954 1.54637280 2.85409795
135600 -0.48897431 1.54594711 5.41907125
135700 -0.46736673 1.55989346 3.07340505
135800 -0.47374992 1.55997529 3.52051380
135900 -0.42830873 1.58512805 0.51127938
136000 -0.40417351 1.57599721 0.29677603
136100 -0.45893321 1.51122311 5.67722973
136200 -0.42927861 1.53682693 2.42403714
136300 -0.44681117 1.55556126 2.08304330
136400 -0.41883200 1.55897272 1.01894110
136500 -0.41665166 1.55670374 1.07592173
136600 -0.41112950 1.54497843 1.57561954
136700 -0.47456378 1.52004935 5.97593220
136800 -0.46125484 1.50391932 6.49182558
136900 -0.46218705 1.52319155 4.88338360
137000 -0.44616699 1.55476141 2.08896051
137100 -0.46463898 1.51956119 5.32430022
137200 -0.43676442 1.54414697 2.23559217
137300 -0.42922331 1.59906429 0.42743882
137400 -0.44738369 1.56556917 1.71534778
137500 -0.47396906 1.51611109 6.25438560
137600 -0.44833027 1.56565651 1.75764541
137700 -0.44936665 1.51901057 4.49817706
137800 -0.44092751 1.56632853 1.40441448
137900 -0.44862968 1.57101063 1.60261457
138000 -0.44313598 1.55499011 1.94330139
138100 -0.46635433 1.54553289 3.68478178
138200 -0.47881772 1.52745396 5.73758041
138300 -0.45169867 1.53110155 3.70987437
138400 -0.42350087 1.56583917 0.85962653
138500 -0.48441913 1.51475505 7.19664557
138600 -0.46527743 1.56201202 2.85211461
138700 -0.45691605 1.53850412 3.51058990
138800 -0.45178082 1.54361987 2.92998580
138900 -0.43693541 1.56281596 1.37343889
139000 -0.42738354 1.59654073 0.38091234
139100 -0.42896498 1.53824984 2.32602582
139200 -0.43995677 1.56976208 1.25543786
139300 -0.45197560 1.55794988 2.23483768
139400 -0.48261463 1.51378638 7.12898325
139500 -0.43916557 1.55157326 1.93954523
139600 -0.44009155 1.55729181 1.71566109
139700 -0.44240573 1.58138271 1.07242476
139800 -0.44341975 1.54922775 2.23154774
139900 -0.45819715 1.57018849 2.13781730
140000 -0.46655958 1.52533729 5.00234892
140100 -0.44194194 1.53564542 2.95031884
140200 -0.47906379 1.55458072 4.15699693
140300 -0.43262369 1.56376159 1.18876373
140400 -0.46666719 1.57688300 2.48945479
140500 -0.48445064 1.51249791 7.39426283
140600 -0.44437723 1.52654806 3.68226301
140700 -0.41539735 1.57643965 0.39608434
140800 -0.49560987 1.50313356 9.26217686
140900 -0.49358363 1.54487151 5.89852325
141000 -0.45776766 1.52139325 4.75806199
141100 -0.42111853 1.54048939 1.99375227
141200 -0.42618337 1.53239948 2.62769979
141300 -0.42494894 1.57726362 0.56969626
141400 -0.45568132 1.55394760 2.61061675
141500 -0.49773469 1.51056298 8.77552582
141600 -0.44969539 1.55582832 2.21038436
141700 -0.43451349 1.55565729 1.57872829
141800 -0.43664150 1.57170901 1.07148984
141900 -0.48289747 1.52633710 6.14910683
142000 -0.48413760 1.50770195 7.79903284
142100 -0.45940563 1.56106183 2.52260468
142200 -0.41385772 1.56857945 0.58964385
142300 -0.45943959 1.54579030 3.23587833
142400 -0.43213455 1.58473352 0.63284729
142500 -0.43877000 1.53146938 3.09977921
142600 -0.43201052 1.53371156 2.70941534
142700 -0.41292199 1.53806917 2.00120266
142800 -0.44894978 1.55355694 2.27651946
142900 -0.47588532 1.54307616 4.49945272
143000 -0.45388677 1.53498083 3.56563817
143100 -0.44210717 1.53943851 2.72035396
143200 -0.43390381 1.55473435 1.59922364
143300 -0.43524480 1.59435218 0.63704674
143400 -0.48236003 1.53992595 5.19603285
143500 -0.42317763 1.58587582 0.36834741
143600 -0.44378469 1.54694786 2.36581424
143700 -0.43466206 1.56745110 1.13044472
143800 -0.47145444 1.55233277 3.68895060
143900 -0.46938910 1.55076537 3.61944809
144000 -0.43942273 1.55109355 1.97299614
144100 -0.42443348 1.53547749 2.38007456
144200 -0.43154096 1.55061871 1.71667225
144300 -0.45863744 1.51152971 5.63267068
144400 -0.44976921 1.52676310 3.92030882
144500 -0.41008684 1.55056562 1.27275125
144600 -0.44844392 1.56162531 1.90971507
144700 -0.42086650 1.56245304 0.92259243
144800 -0.47412778 1.55141707 3.92761452
144900 -0.46864354 1.57298890 2.72076747
145000 -0.43621672 1.53211596 2.95994664
145100 -0.41637417 1.58775763 0.20899460
145200 -0.45325105 1.51548821 4.98895859
145300 -0.45007686 1.53127497 3.61541101
145400 -0.44956327 1.55105717 2.42595936
145500 -0.47661195 1.55702159 3.85826727
145600 -0.42893698 1.55526196 1.41942041
145700 -0.45010744 1.55156256 2.42847044
145800 -0.43131919 1.54680509 1.90529504
145900 -0.44909904 1.56204566 1.92562406
146000 -0.44728380 1.55192617 2.27342584
146100 -0.44030650 1.54286185 2.44469116
146200 -0.43953654 1.53638799 2.80481271
146300 -0.44165382 1.56937554 1.33644906
146400 -0.46025052 1.53965114 3.63605497
146500 -0.45780999 1.53833977 3.57198963
146600 -0.47483550 1.54896434 4.10249481
146700 -0.44500615 1.53381490 3.20301018
146800 -0.45400205 1.54737483 2.84281496
146900 -0.44447790 1.55114877 2.18236298
147000 -0.43537641 1.49665207 5.96614261
147100 -0.43433793 1.59349523 0.61070259
147200 -0.40883625 1.54826866 1.37710550
147300 -0.44154332 1.55172510 2.02815669
147400 -0.44796062 1.57299259 1.51481067
147500 -0.46869705 1.54236954 4.02027694
147600 -0.44722096 1.59005245 1.16438640
147700 -0.44394369 1.52599363 3.70399542
147800 -0.46948083 1.56644002 2.97692891
147900 -0.42869652 1.56379576 1.06711852
148000 -0.47850000 1.52044740 6.24543364
148100 -0.44063109 1.55107022 2.02250435
148200 -0.44866306 1.55552272 2.17316097
148300 -0.47685106 1.51165089 6.85582547
148400 -0.44325989 1.52048266 4.09721253
148500 -0.48993624 1.51636119 7.54198855
148600 -0.44771344 1.52494360 3.95501752
148700 -0.45052924 1.58549867 1.38174617
148800 -0.46987520 1.55814876 3.31703488
148900 -0.49617940 1.53256220 6.89916698
149000 -0.44758516 1.54110777 2.86632080
149100 -0.45047667 1.54525271 2.77257986
149200 -0.47694942 1.53180945 5.28558155
149300 -0.44315601 1.55537338 1.92698822
149400 -0.39907664 1.58314592 0.14245623
149500 -0.44833802 1.54041494 2.94347144
149600 -0.41739082 1.53638443 2.17469084
149700 -0.44972088 1.54898092 2.53755617
149800 -0.40796560 1.58684356 0.11827139
149900 -0.43676835 1.55598814 1.64447738
150000 -0.46273269 1.52035255 5.13955307
150100 -0.45141981 1.56555675 1.91516711
150200 -0.45774939 1.55462183 2.69708486
150300 -0.47717798 1.54840390 4.30929902
150400 -0.42437602 1.57858593 0.52637630
150500 -0.41316156 1.57959636 0.29476766
150600 -0.40356809 1.55573743 0.98595327
150700 -0.44446635 1.57374740 1.33322796
150800 -0.48389869 1.53770124 5.46006241
150900 -0.42564241 1.57548336 0.62929932
151000 -0.43895151 1.55664800 1.69830808
151100 -0.44855703 1.55259624 2.30245093
151200 -0.43220046 1.55889025 1.36344032
151300 -0.45675969 1.53637916 3.63463677
151400 -0.40864506 1.58304018 0.18118630
151500 -0.43950469 1.54313141 2.39732816
151600 -0.40344060 1.57934388 0.21925650
151700 -0.47554354 1.51491001 6.47356655
151800 -0.48017735 1.49658919 8.56110125
151900 -0.45825243 1.52386735 4.59476298
152000 -0.41852919 1.56014419 0.96590814
152100 -0.44726348 1.55561806 2.10179623
152200 -0.46904368 1.51293004 6.17410419
152300 -0.46570574 1.53731122 4.12356372
152400 -0.46275385 1.53149368 4.31558085
152500 -0.45777831 1.55184143 2.82879062
152600 -0.43400512 1.55236463 1.71273839
152700 -0.47021623 1.55714414 3.38347167
152800 -0.48326658 1.51675063 6.93189043
152900 -0.45175169 1.59364524 1.35931029
153000 -0.46637935 1.57998576 2.40339375
153100 -0.44382986 1.59050883 1.00556929
153200 -0.46506038 1.55653341 3.06109869
153300 -0.44625117 1.52447827 3.92135162
153400 -0.47168791 1.54974757 3.83223140
153500 -0.44742840 1.55532691 2.12256894
153600 -0.45419656 1.55477501 2.49128324
153700 -0.44589583 1.54196685 2.73713676
153800 -0.46363998 1.56539178 2.62388778
153900 -0.46999030 1.52467312 5.28639057
154000 -0.47267947 1.53798815 4.56388703
154100 -0.45710043 1.54682326 3.04411216
154200 -0.41829508 1.55167388 1.33506188
154300 -0.46297401 1.53150023 4.32897180
154400 -0.45651263 1.55460889 2.62701508
154500 -0.41889122 1.57306112 0.54129082
154600 -0.46458024 1.56126095 2.83566115
154700 -0.45967624 1.52433649 4.64311062
154800 -0.46476595 1.53664862 4.10401311
154900 -0.41965780 1.55992160 0.99635349
155000 -0.44598905 1.56369030 1.71669348
155100 -0.42762129 1.58475308 0.49770215
155200 -0.44288777 1.54245572 2.57535212
155300 -0.45725465 1.58564192 1.74212451
155400 -0.40720824 1.55412786 1.07810600
155500 -0.49017580 1.54101400 5.80551205
155600 -0.47827171 1.52248154 6.06778581
155700 -0.45162354 1.58831879 1.40072046
155800 -0.42976157 1.56514866 1.05018324
155900 -0.43019253 1.54265139 2.10022608
156000 -0.44946460 1.55014759 2.46600461
156100 -0.43922282 1.56256805 1.46979024
156200 -0.45984283 1.57701345 2.05477250
156300 -0.48500819 1.55821220 4.48630655
156400 -0.46381786 1.54889308 3.34231823
156500 -0.48616103 1.55221447 4.85358958
156600 -0.45429677 1.53457720 3.61414111
156700 -0.42494819 1.57765174 0.56092859
156800 -0.42269339 1.60357229 0.26387560
156900 -0.43333638 1.55937228 1.38096307
157000 -0.46211270 1.53312140 4.16536744
157100 -0.44476751 1.53453488 3.14490624
157200 -0.48797401 1.55047513 5.09606971
157300 -0.44582473 1.54540301 2.54036845
157400 -0.46398543 1.53528279 4.14122648
157500 -0.44579948 1.55593981 2.01944611
157600 -0.44250664 1.55011270 2.14777863
157700 -0.44442384 1.55939543 1.81110431
157800 -0.46047675 1.52565020 4.59266499
157900 -0.44871655 1.54544490 2.67478082
158000 -0.44691131 1.55145097 2.27883956
158100 -0.45806751 1.55385292 2.75069470
158200 -0.45292900 1.56444106 2.03295874
158300 -0.44913299 1.55504911 2.21731634
158400 -0.46388028 1.54900729 3.34047295
158500 -0.45398645 1.54533010 2.95166701
158600 -0.45400906 1.52922573 3.96298784
158700 -0.42731169 1.56091848 1.13664693
158800 -0.44137217 1.54361297 2.44557686
158900 -0.48368510 1.52878306 6.03752438
159000 -0.43324758 1.55695587 1.47909927
159100 -0.47572065 1.55351523 3.94722483
159200 -0.41077850 1.57304637 0.42133702
159300 -0.46649128 1.52288026 5.18427217
159400 -0.42266374 1.56686358 0.80583387
159500 -0.42602006 1.54646570 1.77148239
159600 -0.45205036 1.51793346 4.72207854
159700 -0.43671440 1.52921966 3.17890172
159800 -0.43218869 1.56778454 1.03697375
159900 -0.41993618 1.56472881 0.82075399
160000 -0.43316705 1.58641558 0.64229485
160100 -0.41138718 1.55271180 1.18292088
160200 -0.44100250 1.56516481 1.44734776
160300 -0.44110144 1.55549668 1.83493703
160400 -0.44785688 1.57307012 1.50774955
160500 -0.41012057 1.58372168 0.18370479
160600 -0.46190500 1.56011528 2.71151020
160700 -0.45259352 1.54050564 3.15282852
160800 -0.42172897 1.57014896 0.68161643
160900 -0.44721678 1.56725418 1.65085638
161000 -0.43412462 1.58383375 0.71291874
161100 -0.41198819 1.56490440 0.68770897
161200 -0.46572572 1.56888672 2.64395305
161300 -0.44600624 1.52940665 3.54999800
161400 -0.42118972 1.55719336 1.14070619
161500 -0.44994024 1.55030715 2.48170387
161600 -0.42127886 1.56476887 0.84701107
161700 -0.45234881 1.57316028 1.73038388
161800 -0.43995987 1.56462290 1.42416515
161900 -0.42411713 1.57084224 0.71590548
162000 -0.39677563 1.53292692 2.25459718
162100 -0.42464916 1.56652797 0.86397900
162200 -0.42998308 1.53695615 2.43675586
162300 -0.45924981 1.53299247 4.00027458
162400 -0.44966110 1.52904572 3.75036769
162500 -0.43852945 1.53681282 2.73856927
162600 -0.40798801 1.55732938 0.94229525
162700 -0.45180080 1.56583180 1.92539418
162800 -0.44273902 1.56330028 1.58674682
162900 -0.45638085 1.55421465 2.63754902
163000 -0.43243229 1.56040297 1.30988918
163100 -0.42037019 1.53242876 2.49040834
163200 -0.46051820 1.54132365 3.55268346
163300 -0.44392111 1.52780074 3.57089820
163400 -0.46048020 1.53328245 4.05454266
163500 -0.43354205 1.56768033 1.08481493
163600 -0.42345618 1.58439696 0.39682379
163700 -0.44123609 1.55172421 2.01548357
163800 -0.43125762 1.55315206 1.58588411
163900 -0.45506922 1.58024698 1.71140071
164000 -0.47187122 1.56688988 3.13087637
164100 -0.47561113 1.54605590 4.31350422
164200 -0.49982516 1.55937103 5.80788745
164300 -0.45060687 1.52192641 4.32827020
164400 -0.42592204 1.60493297 0.34814327
164500 -0.43652576 1.51784054 4.04215378
164600 -0.42434648 1.56711059 0.83723224
164700 -0.44926636 1.55396619 2.27314291
164800 -0.43132771 1.57880665 0.71529163
164900 -0.40846278 1.57022456 0.47909775
165000 -0.44728329 1.54557937 2.59865749
165100 -0.45150163 1.53255705 3.60048495
165200 -0.44529242 1.54280350 2.66142138
165300 -0.44042533 1.55395411 1.87721587
165400 -0.46994655 1.53697927 4.43206613
165500 -0.44396025 1.54501324 2.47802399
165600 -0.49890334 1.50972576 8.96565406
165700 -0.45466415 1.57592272 1.78394243
165800 -0.45362201 1.55535771 2.43412694
165900 -0.42588485 1.55157296 1.50760153
166000 -0.44466686 1.56408615 1.64246650
166100 -0.41138786 1.56153429 0.80464722
166200 -0.45012540 1.52661468 3.94898022
166300 -0.48290359 1.56710399 3.97757604
166400 -0.42413976 1.57996076 0.49214963
166500 -0.41609758 1.56296866 0.81522612
166600 -0.43376920 1.57169042 0.97089541
166700 -0.44739819 1.55046209 2.35029624
166800 -0.43044266 1.55941641 1.28689167
166900 -0.43548526 1.57002434 1.07887174
167000 -0.44246568 1.55407923 1.95602533
167100 -0.43475570 1.56058649 1.38069158
167200 -0.46923544 1.56075441 3.16688163
167300 -0.47245946 1.53817178 4.53655089
167400 -0.44791276 1.57166169 1.54934591
167500 -0.42556158 1.59742372 0.33001585
167600 -0.41445369 1.58951492 0.15942301
167700 -0.44850975 1.52408000 4.05852156
167800 -0.44763001 1.54431761 2.68457321
167900 -0.45827400 1.56169361 2.43161940
168000 -0.41195230 1.56325870 0.74639030
168100 -0.44985983 1.54074034 2.99885474
168200 -0.46103161 1.53963112 3.68462978
168300 -0.44992264 1.52200663 4.28761747
168400 -0.47864990 1.55378412 4.16085678
168500 -0.46857172 1.53629713 4.38006842
168600 -0.43044231 1.56619526 1.03474740
168700 -0.40264348 1.61543705 0.12264519
168800 -0.46676993 1.53042122 4.64971489
168900 -0.47799600 1.52491190 5.86079934
169000 -0.43364454 1.56696308 1.11169663
169100 -0.39820660 1.57127002 0.41431411
169200 -0.45644066 1.51985978 4.80400171
169300 -0.50720211 1.52639816 8.45476115
169400 -0.43592774 1.53606441 2.68928142
169500 -0.47300513 1.50580317 7.10139578
169600 -0.44242994 1.56332227 1.57277795
169700 -0.46200834 1.56228357 2.63378180
169800 -0.49492291 1.53402478 6.68154398
169900 -0.45910138 1.55284957 2.85806810
170000 -0.49482227 1.52577617 7.25021927
170100 -0.46111955 1.53469378 4.00025122
170200 -0.46460633 1.56407714 2.73221472
170300 -0.48036365 1.53430155 5.38730152
170400 -0.44799355 1.54291499 2.78103973
170500 -0.46370751 1.55579518 3.00635643
170600 -0.43391434 1.53044089 2.99432628
170700 -0.45565877 1.55879616 2.39782721
170800 -0.44137432 1.53253064 3.13197460
170900 -0.45901636 1.54885156 3.04954682
171000 -0.45179265 1.56128972 2.09048223
171100 -0.43022905 1.58364926 0.59057107
171200 -0.41706226 1.56335417 0.81701857
171300 -0.46134231 1.54579951 3.35028597
171400 -0.43608509 1.56072105 1.42248485
171500 -0.45132847 1.52922593 3.82179056
171600 -0.44086706 1.56330664 1.50825976
171700 -0.43609960 1.55725621 1.56510656
171800 -0.48690562 1.54169700 5.47591302
171900 -0.46481083 1.53500825 4.21218512
172000 -0.47312527 1.49491816 8.19474873
172100 -0.45629372 1.55884744 2.43125774
172200 -0.41426452 1.55936760 0.92723435
172300 -0.44494221 1.54709819 2.40920194
172400 -0.44786070 1.54978546 2.40607355
172500 -0.45321040 1.54941152 2.69527057
172600 -0.41617226 1.58829231 0.19930602
172700 -0.40554652 1.59244367 0.04393101
172800 -0.43486294 1.59015553 0.65616904
172900 -0.45606079 1.52881641 4.10495798
173000 -0.46513966 1.56439346 2.75550043
173100 -0.47833805 1.50848581 7.25584896
173200 -0.40334533 1.56649115 0.56701723
173300 -0.44666563 1.54135282 2.80858677
173400 -0.45287422 1.54745274 2.77844904
173500 -0.50062742 1.50935176 9.17149026
173600 -0.41290742 1.53955454 1.91012766
173700 -0.43798387 1.56614551 1.29445026
173800 -0.43127227 1.58021459 0.68470868
173900 -0.42152638 1.55572648 1.21176486
174000 -0.46908895 1.54425734 3.94026300
174100 -0.46480903 1.55059745 3.32041109
174200 -0.43877964 1.54420513 2.30846385
174300 -0.43626906 1.55577343 1.63571732
174400 -0.44971594 1.55156431 2.40884522
174500 -0.43265590 1.54024385 2.31860224
174600 -0.45831632 1.54780349 3.06263459
174700 -0.45998140 1.52093972 4.92414776
174800 -0.45222107 1.54125932 3.08875377
174900 -0.47249841 1.55186071 3.78670527
175000 -0.40702825 1.60262372 0.02814014
175100 -0.46755376 1.53420785 4.44605815
175200 -0.43091227 1.56561174 1.06906043
175300 -0.43030093 1.58212719 0.61879187
175400 -0.41826625 1.56924880 0.63964615
175500 -0.49058263 1.54660153 5.52830516
175600 -0.46261245 1.56152128 2.70046557
175700 -0.45592154 1.52323328 4.51017370
175800 -0.43261391 1.57719773 0.79180544
175900 -0.45872740 1.57707824 1.98715707
176000 -0.40645310 1.55250732 1.14859843
176100 -0.49649146 1.56669940 5.20976576
176200 -0.45258656 1.55269057 2.50176400
176300 -0.45865488 1.53442979 3.86992381
176400 -0.44172035 1.54268175 2.51298481
176500 -0.43050673 1.55165644 1.63388022
176600 -0.46562273 1.56928359 2.62492022
176700 -0.47052906 1.55670408 3.42444250
176800 -0.46350725 1.53858101 3.90273200
176900 -0.44904135 1.52113066 4.31271368
177000 -0.41741200 1.59236311 0.18074988
177100 -0.45209609 1.54581607 2.82495022
177200 -0.43801244 1.53588014 2.77815140
177300 -0.43835862 1.58187760 0.89990229
177400 -0.43291066 1.54980341 1.80140432
177500 -0.43135652 1.55818333 1.36593288
177600 -0.44458936 1.57427157 1.32508153
177700 -0.46310015 1.52323664 4.93712117
177800 -0.48183194 1.55746915 4.25267009
177900 -0.46107717 1.57671041 2.13641248
178000 -0.46729473 1.57133306 2.67518701
178100 -0.45517681 1.60462192 1.53292114
178200 -0.41424968 1.57137825 0.51112885
178300 -0.39976125 1.58648486 0.09135799
178400 -0.44008036 1.55353853 1.88255136
178500 -0.44257602 1.57732263 1.16349024
178600 -0.45752194 1.57043938 2.09130209
178700 -0.47185784 1.52102013 5.70068416
178800 -0.45031047 1.53462771 3.40234014
178900 -0.44946544 1.53944172 3.05706765
179000 -0.45270750 1.57794134 1.63233280
179100 -0.44278397 1.53372843 3.11119443
179200 -0.41911345 1.55893436 1.02585560
179300 -0.43832670 1.54508878 2.24208890
179400 -0.46208680 1.50482743 6.45629422
179500 -0.40590200 1.58337501 0.15561189
179600 -0.45288457 1.53679073 3.39609498
179700 -0.44555703 1.55682164 1.96990670
179800 -0.44570521 1.51869619 4.34963802
179900 -0.44186992 1.55754683 1.77768078
180000 -0.47751067 1.54725202 4.39512712
180100 -0.44067017 1.60124427 0.82780562
180200 -0.45137986 1.56578142 1.90540069
180300 -0.47404668 1.55844302 3.60494636
180400 -0.43452547 1.52923242 3.10002894
180500 -0.43341764 1.54886778 1.86562102
180600 -0.46822599 1.51674463 5.79312104
180700 -0.43347381 1.55062179 1.77935172
180800 -0.42672442 1.58395509 0.48581680
180900 -0.44057921 1.55288987 1.93301837
181000 -0.44641674 1.54443896 2.62077137
181100 -0.40307668 1.55862075 0.86085397
181200 -0.44512863 1.54352830 2.61282306
181300 -0.43826934 1.54708499 2.13227056
181400 -0.42037683 1.54619707 1.65498544
181500 -0.41616037 1.60352077 0.13677666
181600 -0.43313662 1.56387443 1.20154642
181700 -0.42610850 1.57575345 0.63477463
181800 -0.47633770 1.55234738 4.04910872
181900 -0.44704144 1.59062694 1.15037559
182000 -0.45565235 1.53879428 3.42166232
182100 -0.46271328 1.54626925 3.40997500
182200 -0.40377189 1.56484374 0.62509473
182300 -0.47676635 1.56421099 3.58696283
182400 -0.45557113 1.56798144 2.05666953
182500 -0.45593678 1.55513501 2.57089548
182600 -0.45864157 1.56118605 2.47267795
182700 -0.45693824 1.54840401 2.95205477
182800 -0.41902332 1.54374360 1.76333436
182900 -0.45444729 1.55188145 2.63995106
183000 -0.45789007 1.53063792 4.08117930
183100 -0.45758277 1.53086901 4.04743465
183200 -0.45768405 1.55597689 2.63274184
183300 -0.40144002 1.56950675 0.46595591
183400 -0.47477942 1.49592703 8.21157235
183500 -0.45985927 1.57354547 2.14148728
183600 -0.44409291 1.58400869 1.09995349
183700 -0.43730188 1.56797413 1.20854306
183800 -0.45739448 1.54423756 3.20178793
183900 -0.45681997 1.55341574 2.69930114
184000 -0.43718658 1.58257096 0.84330639
184100 -0.47233224 1.53207004 4.92321681
184200 -0.42480293 1.54846914 1.63530708
184300 -0.43844871 1.54339093 2.34144496
184400 -0.43547152 1.59322953 0.65203390
184500 -0.47493777 1.55516345 3.81299304
184600 -0.40433907 1.56336369 0.68052335
184700 -0.47456947 1.53421247 4.94430224
184800 -0.42916464 1.55625499 1.38210099
184900 -0.46053064 1.54710246 3.23105424
185000 -0.45696228 1.53326238 3.84930545
185100 -0.42160290 1.53695550 2.22064692
185200 -0.45764549 1.49767980 6.89621358
185300 -0.47321989 1.51594923 6.21284223
185400 -0.40261932 1.55269734 1.12220124
185500 -0.42790029 1.56215409 1.10536941
185600 -0.45649252 1.55767050 2.49159582
185700 -0.45337709 1.53676155 3.42410772
185800 -0.48489157 1.54974523 4.86606021
185900 -0.44507984 1.60544515 1.03092081
186000 -0.42217204 1.57922937 0.46150904
186100 -0.44062090 1.53306613 3.06510015
186200 -0.40589304 1.58761855 0.09401416
186300 -0.46353598 1.55607455 2.98313337
186400 -0.45552498 1.51489520 5.16292584
186500 -0.46459115 1.55467893 3.11300830
186600 -0.45922464 1.53897886 3.61556886
186700 -0.45473413 1.54789270 2.85549739
186800 -0.46353599 1.56898684 2.49931900
186900 -0.45107547 1.56522241 1.90909239
187000 -0.43818543 1.55142647 1.90875705
187100 -0.47593587 1.52195311 5.92878691
187200 -0.42496453 1.59922027 0.31191775
187300 -0.42570925 1.60461299 0.34112265
187400 -0.40747818 1.54734140 1.41442583
187500 -0.47380089 1.55535595 3.71983142
187600 -0.44396781 1.57227269 1.35098599
187700 -0.43714589 1.56238965 1.39717757
187800 -0.49008440 1.52439240 6.91585482
187900 -0.43262301 1.57282743 0.90130472
188000 -0.41947282 1.56684866 0.73910108
188100 -0.49477495 1.53285898 6.74510362
188200 -0.43317563 1.57855761 0.78019940
188300 -0.45250548 1.57919808 1.59477298
188400 -0.40240685 1.56126997 0.75290393
188500 -0.41038236 1.56093116 0.81708392
188600 -0.48060412 1.54038570 5.02544498
188700 -0.45563791 1.54945276 2.82529994
188800 -0.47189585 1.52816691 5.16450319
188900 -0.44816546 1.57331351 1.51603999
189000 -0.42032603 1.57839797 0.43989762
189100 -0.43339101 1.54888772 1.86371242
189200 -0.49151547 1.55431893 5.23092035
189300 -0.47077157 1.54835818 3.83774657
189400 -0.45383247 1.55074582 2.66195421
189500 -0.41931981 1.57256930 0.56284903
189600 -0.47345831 1.54130997 4.42032136
189700 -0.44541105 1.55282224 2.14395218
189800 -0.40547367 1.55890991 0.85917843
189900 -0.40851628 1.56148558 0.77794383
190000 -0.42773628 1.56078072 1.15372665
190100 -0.43880678 1.56905459 1.23179235
190200 -0.46667645 1.56792311 2.73733799
190300 -0.45271992 1.56280541 2.08141367
190400 -0.43302311 1.58393239 0.67434683
190500 -0.46384400 1.53819851 3.94774004
190600 -0.45091370 1.54942768 2.57488221
190700 -0.43510347 1.55177593 1.77890724
190800 -0.46001417 1.52116270 4.90850982
190900 -0.48565945 1.56277657 4.36156292
191000 -0.41101488 1.57266152 0.43436015
191100 -0.44115141 1.56919122 1.32130948
191200 -0.47149739 1.53008007 5.00033662
191300 -0.43194997 1.59785376 0.51270352
191400 -0.44143322 1.54029999 2.64040120
191500 -0.45778274 1.54550680 3.15417700
191600 -0.47568729 1.55648504 3.81105853
191700 -0.41280208 1.55292021 1.19019973
191800 -0.45702856 1.55122098 2.81582478
191900 -0.46080422 1.54749120 3.22716352
192000 -0.44269506 1.56900398 1.39181094
192100 -0.40990670 1.54071683 1.80631853
192200 -0.44453236 1.54689776 2.40148935
192300 -0.43642099 1.52213971 3.69435659
192400 -0.47375027 1.55004969 3.96706781
192500 -0.45912439 1.54337004 3.35132290
192600 -0.44745766 1.57803986 1.36723864
192700 -0.47365856 1.54771951 4.07941622
192800 -0.44061161 1.55924808 1.65501102
192900 -0.44267098 1.52777988 3.51827956
193000 -0.47304069 1.52155280 5.74445282
193100 -0.45965926 1.57455579 2.10331732
193200 -0.43537582 1.57311968 0.98700014
193300 -0.43919366 1.52819567 3.34600228
193400 -0.40206554 1.55706053 0.92403210
193500 -0.44053171 1.55921118 1.65327391
193600 -0.41546093 1.58474478 0.23588100
193700 -0.48129384 1.54715779 4.70049346
193800 -0.46786931 1.54117741 4.03317049
193900 -0.45822847 1.57410010 2.03067961
194000 -0.42084224 1.59504767 0.22946218
194100 -0.49154921 1.54305135 5.81220297
194200 -0.43725287 1.56850081 1.18998761
194300 -0.45531883 1.53392911 3.71276820
194400 -0.43281994 1.54826911 1.87661657
194500 -0.44503827 1.54565871 2.49071092
194600 -0.48976306 1.48183452 11.01024443
194700 -0.43752290 1.55751675 1.60639727
194800 -0.42345441 1.58749862 0.35319694
194900 -0.42535602 1.56881356 0.80776093
195000 -0.46442401 1.53306662 4.31526518
195100 -0.48080163 1.54333602 4.86985517
195200 -0.46502212 1.54206527 3.79215456
195300 -0.44999318 1.58051068 1.43957596
195400 -0.44430503 1.52978017 3.44687979
195500 -0.47042726 1.51904580 5.75679061
195600 -0.45457558 1.53399336 3.66768482
195700 -0.45983048 1.55163918 2.95922783
195800 -0.43289237 1.56664897 1.09709946
195900 -0.41864505 1.55902514 1.01328862
196000 -0.43712342 1.57423109 1.02109251
196100 -0.43651871 1.52674316 3.35009046
196200 -0.44969126 1.54160038 2.93986882
196300 -0.43315822 1.52234604 3.56480233
196400 -0.45991188 1.55612243 2.75733740
196500 -0.45987374 1.53577958 3.85456347
196600 -0.41374998 1.54372081 1.67820478
196700 -0.47543617 1.53830273 4.74858436
196800 -0.46093113 1.53955943 3.68283223
196900 -0.43689687 1.53507632 2.78823152
197000 -0.48918256 1.54375836 5.55832602
197100 -0.47259714 1.51293117 6.42566237
197200 -0.44258267 1.57294117 1.27273214
197300 -0.47140275 1.52060717 5.70078721
197400 -0.45688671 1.57827143 1.85411414
197500 -0.46310326 1.53454479 4.13320331
197600 -0.42268555 1.57430783 0.58736078
197700 -0.47360623 1.54086848 4.45720708
197800 -0.45279971 1.52881924 3.92725463
197900 -0.43243215 1.56870467 1.01562110
198000 -0.48399105 1.52328075 6.47016938
198100 -0.42436095 1.56558882 0.88879239
198200 -0.46979053 1.50682162 6.77646461
198300 -0.40608891 1.56750817 0.54639687
198400 -0.46972277 1.51839803 5.76007335
198500 -0.45376429 1.54162158 3.14931890
198600 -0.43533290 1.51900805 3.90405484
198700 -0.43453315 1.58598048 0.69454281
198800 -0.43720563 1.53987771 2.49947420
198900 -0.45502030 1.56607222 2.08916375
199000 -0.41517983 1.58446045 0.23595240
199100 -0.42567122 1.58310060 0.47230062
199200 -0.44583041 1.54135204 2.77000500
199300 -0.44879343 1.53577085 3.25309171
199400 -0.42915408 1.57735388 0.68140352
199500 -0.44379946 1.57146149 1.36641982
199600 -0.44963802 1.56278549 1.92442646
199700 -0.44303154 1.54519556 2.42762000
199800 -0.46620930 1.55074741 3.40474451
199900 -0.42293772 1.56595914 0.84245967
