0 0.42236619 -0.05429844 1.29443946
100 0.46283379 -0.02667025 4.66266853
200 0.44313820 -0.00916566 5.05589084
300 0.41823139 0.01634322 6.93406425
400 0.45367374 -0.00793365 5.67854138
500 0.47930005 0.01936885 10.26871049
600 0.45251006 -0.00813641 5.59811270
700 0.45497003 0.00895543 7.44649477
800 0.48632960 -0.02175876 6.78724574
900 0.44100820 0.04876024 11.90564091
1000 0.46383418 0.01548550 8.70585194
1100 0.41583931 -0.01163919 4.02925845
1200 0.49691629 -0.01840525 8.02523582
1300 0.49845521 0.03897492 14.50372931
1400 0.46253104 -0.02361949 4.87205648
1500 0.46549284 -0.03187774 4.46497735
1600 0.45357000 0.01607611 8.17170451
1700 0.46898254 0.00714437 8.11925361
1800 0.43246260 -0.00634504 4.91253603
1900 0.47558521 -0.01677512 6.31975178
2000 0.47834344 0.01055998 9.18060174
2100 0.47631790 -0.01917721 6.17837309
2200 0.40947434 -0.00542556 4.51704366
2300 0.43551849 0.01310088 7.02668600
2400 0.44507768 -0.02759671 3.63711706
2500 0.48449240 0.01041930 9.66569352
2600 0.46813550 -0.03414732 4.48951109
2700 0.50518498 -0.02153203 8.61055189
2800 0.48038790 0.05097513 14.62785216
2900 0.44101833 0.03032253 9.33323195
3000 0.47282999 -0.00470414 7.19275381
3100 0.46846609 0.03697022 11.72422355
3200 0.45243181 0.00763990 7.16772106
3300 0.44726510 -0.00921045 5.23836565
3400 0.48131495 -0.01064027 7.29864112
3500 0.47680738 0.00639850 8.61000718
3600 0.52755616 -0.01513936 11.73595066
3700 0.53111732 0.01080745 14.73502118
3800 0.46416696 -0.00089404 6.96969523
3900 0.44698996 -0.00858650 5.28224253
4000 0.45944531 0.01666627 8.57238103
4100 0.45302301 -0.00328708 6.08241416
4200 0.48572390 -0.01820699 7.01934191
4300 0.47429652 0.00613294 8.39208699
4400 0.47716211 -0.02528961 5.76781694
4500 0.44874007 0.00444548 6.64222595
4600 0.50009681 0.00808628 10.85100736
4700 0.45648730 -0.03809759 3.51136167
4800 0.46375304 -0.00571644 6.47691944
4900 0.39981727 -0.01905758 3.27585471
5000 0.46124650 0.00275764 7.15513336
5100 0.46135848 -0.01858161 5.19690869
5200 0.48281810 0.00031436 8.46090484
5300 0.47570935 0.00594266 8.47787665
5400 0.46971402 0.00157188 7.58844623
5500 0.48888629 0.00512815 9.47635057
5600 0.48207565 0.00320593 8.69393810
5700 0.44484551 0.01225932 7.30663709
5800 0.46491909 0.00364243 7.47812141
5900 0.45795592 -0.01100117 5.63984010
6000 0.50109038 -0.00753687 9.38434818
6100 0.49583797 -0.01130370 8.52597576
6200 0.52956551 -0.01753785 11.79361352
6300 0.52823424 -0.00712833 12.53458311
6400 0.48376079 -0.04274689 5.14689456
6500 0.46024741 0.00549159 7.37911267
6600 0.46790095 0.02863191 10.57835380
6700 0.51989259 0.00145377 12.33355030
6800 0.48291851 -0.02764286 6.05551770
6900 0.45581486 0.00012025 6.56968122
7000 0.46075275 0.00212062 7.05975919
7100 0.49367479 -0.01765714 7.77765649
7200 0.49182198 -0.01495592 7.83188600
7300 0.47948834 0.04229865 13.28365105
7400 0.45877627 -0.01352399 5.46637515
7500 0.48636080 0.00083997 8.81344390
7600 0.47485379 0.02013258 10.01746268
7700 0.54356437 -0.00404213 14.90932084
7800 0.46619068 -0.00906437 6.32524691
7900 0.46397983 0.00465625 7.52317491
8000 0.46044911 0.02571785 9.72953586
8100 0.45571855 0.01276324 7.91005186
8200 0.48669890 0.01328138 10.17468573
8300 0.46973750 0.02438860 10.16792158
8400 0.45530191 -0.04164333 3.23190111
8500 0.47365392 -0.00635904 7.09676417
8600 0.41202474 0.01418362 6.59124639
8700 0.44187452 0.02300396 8.44172402
8800 0.45451647 0.00523185 7.02289369
8900 0.46693954 0.01728672 9.11853903
9000 0.44229588 -0.00749057 5.17346792
9100 0.48592708 -0.02475272 6.52280837
9200 0.49710658 -0.01241463 8.55044173
9300 0.44081955 -0.01145660 4.75308506
9400 0.49257303 -0.02341958 7.21716332
9500 0.45123090 -0.00290612 6.02591288
9600 0.52523708 0.03555226 17.02937072
9700 0.46064421 -0.01128402 5.77412217
9800 0.47006560 -0.00721348 6.75926333
9900 0.43262196 0.00015284 5.54739205
10000 0.47342703 0.01642373 9.47300753
10100 0.45418626 -0.02510952 4.27236710
10200 0.47247685 -0.00937190 6.73317329
10300 0.47336389 -0.00877534 6.85209955
10400 0.46219264 -0.01317464 5.70328416
10500 0.49103890 0.03752152 13.60012488
10600 0.48262191 -0.02231421 6.43073045
10700 0.48611875 0.00651948 9.38141995
10800 0.52180790 0.01235158 13.73002114
10900 0.45621527 0.02430081 9.30542349
11000 0.46826683 -0.00291055 7.04336066
11100 0.48490180 -0.02864605 6.14985084
11200 0.45730441 -0.00092093 6.55022877
11300 0.45276963 -0.03739217 3.35218749
11400 0.44105629 0.01606305 7.57812470
11500 0.41713776 -0.01867243 3.45393819
11600 0.40717787 0.00244181 5.27292274
11700 0.48097668 -0.00455557 7.83343096
11800 0.53088121 -0.02687856 11.23831790
11900 0.48019297 -0.01047601 7.22272907
12000 0.43727284 -0.00174114 5.52203438
12100 0.44298830 0.03444862 9.96221209
12200 0.49235976 -0.00688636 8.60023724
12300 0.47312954 0.01222009 8.97063894
12400 0.42769181 -0.00098614 5.28529045
12500 0.43821905 0.05564878 12.84361970
12600 0.43601458 0.01287528 7.01893901
12700 0.53003709 -0.00727253 12.75401418
12800 0.46383473 0.01089744 8.18655732
12900 0.45531925 -0.02333031 4.46923075
13000 0.45784760 -0.03197798 3.98667012
13100 0.42024312 -0.01458891 3.85241896
13200 0.42456870 0.00927304 6.27210944
13300 0.44485174 0.00830750 6.87109629
13400 0.47861453 0.00610148 8.71888426
13500 0.43267025 0.00650711 6.20555483
13600 0.47304261 -0.00331041 7.34204996
13700 0.47507589 -0.00668732 7.17182266
13800 0.47386869 0.01095757 8.88408312
13900 0.41948856 0.01483667 6.78363258
14000 0.52116378 0.02562309 15.23091163
14100 0.52329820 -0.01866224 10.90913863
14200 0.45567724 -0.04589242 3.01379274
14300 0.48364720 0.01369035 9.96117506
14400 0.46378640 -0.01787624 5.40650880
14500 0.51136344 0.02145629 13.57672312
14600 0.44112539 -0.01435478 4.51320057
14700 0.42839248 0.01599673 7.13068752
14800 0.48147224 -0.01066700 7.30905547
14900 0.51467024 0.00764724 12.36859575
15000 0.50665394 0.01930289 12.80412055
15100 0.43438123 -0.00504354 5.09939956
15200 0.45325869 0.00935800 7.39783014
15300 0.48106759 -0.00628396 7.67732461
15400 0.45414875 -0.00407808 6.06655108
15500 0.44097003 0.00936406 6.81952057
15600 0.52074692 -0.00000291 12.28961842
15700 0.49034446 -0.01279470 7.88344292
15800 0.46791003 -0.02248794 5.30994608
15900 0.47053049 -0.01442924 6.14845235
16000 0.43826599 -0.00572106 5.17640196
16100 0.49353800 0.00732975 10.13451554
16200 0.47175294 0.00332957 7.91274254
16300 0.46877725 -0.01581389 5.90880579
16400 0.49398885 0.00202904 9.62191441
16500 0.45626310 -0.03475272 3.71137161
16600 0.48895239 0.02578947 11.86775960
16700 0.47399378 -0.00544456 7.20790493
16800 0.50683132 -0.03877447 7.58074842
16900 0.46236464 0.00988657 7.98220274
17000 0.44960623 0.00120323 6.35143551
17100 0.47073075 -0.00492170 7.02136119
17200 0.48618276 0.02194452 11.14896731
17300 0.43371775 -0.00441770 5.13643133
17400 0.48542380 0.02993955 12.09075559
17500 0.47479300 -0.03208207 5.10341919
17600 0.45491420 0.01507530 8.12894738
17700 0.49484236 -0.02065786 7.64512401
17800 0.43093940 -0.00018599 5.46004124
17900 0.44528891 -0.02065837 4.17309003
18000 0.43566311 0.00144720 5.78169645
18100 0.44798916 -0.02991100 3.60771347
18200 0.51389442 -0.02843255 9.04691883
18300 0.45941358 -0.05308509 2.86549154
18400 0.47416450 0.01383507 9.22939804
18500 0.49444489 0.00406844 9.87503893
18600 0.45477522 -0.03467120 3.63408866
18700 0.42480923 0.00492123 5.81198132
18800 0.46529012 -0.00800419 6.36301396
18900 0.52300799 -0.01503948 11.17462780
19000 0.41173378 0.01006204 6.12566669
19100 0.50200295 0.00185391 10.38940973
19200 0.51429583 -0.01500902 10.14350145
19300 0.49401409 -0.00760683 8.68757284
19400 0.46429070 0.00200276 7.26892857
19500 0.48391928 -0.00245388 8.27884573
19600 0.47510538 -0.00691858 7.15248497
19700 0.47633020 -0.01408599 6.60375769
19800 0.47659021 0.01777006 9.86792334
19900 0.43414341 -0.00689894 4.91678953
20000 0.48021182 -0.00155352 8.06282305
20100 0.47973446 -0.01904283 6.45582406
20200 0.47583416 0.01360774 9.32876921
20300 0.43841896 -0.02185640 3.79121958
20400 0.44233084 0.00344112 6.24598264
20500 0.51584784 0.00232137 11.94519214
20600 0.49452555 -0.01066230 8.45815227
20700 0.52633468 -0.02465941 10.81832762
20800 0.49596106 -0.02082090 7.73892738
20900 0.48836468 -0.00089180 8.81537628
21000 0.47677751 0.01383972 9.42713373
21100 0.46666403 0.00897603 8.15993397
21200 0.48126826 -0.00854407 7.48435870
21300 0.48517073 -0.00696418 7.95485844
21400 0.44461304 0.02488446 8.79322625
21500 0.46233448 0.02219259 9.40830845
21600 0.44302920 -0.01372223 4.64768290
21700 0.45635384 0.01342584 8.02058800
21800 0.45078588 -0.02483462 4.11451983
21900 0.50502621 0.01809368 12.48831140
22000 0.47126921 0.01107327 8.70828597
22100 0.44096387 -0.04251948 2.49102480
22200 0.46384905 0.01450447 8.59398806
22300 0.47796874 -0.02821920 5.61580403
22400 0.47154003 0.01041430 8.65464648
22500 0.41556879 0.04082730 10.03735850
22600 0.47118256 0.01843713 9.54715514
22700 0.42286561 -0.01586307 3.80092993
22800 0.52791292 0.00689423 13.89404644
22900 0.44956141 0.01570589 7.92209270
23000 0.43500538 -0.03212529 2.91617644
23100 0.47368008 -0.02823500 5.28948475
23200 0.46890879 0.00364478 7.74533165
23300 0.43897697 -0.04618198 2.20779202
23400 0.47736168 0.02817674 11.20705361
23500 0.48897507 -0.05407332 5.01291179
23600 0.47372857 -0.00563045 7.17075639
23700 0.48864884 -0.00762431 8.19594242
23800 0.45774582 -0.00282977 6.38831679
23900 0.45385006 -0.00049838 6.40020089
24000 0.42255367 0.00634300 5.90875070
24100 0.46083812 -0.00597561 6.27093162
24200 0.46070127 0.01523189 8.48151632
24300 0.46286029 0.01768372 8.90043680
24400 0.46523843 0.03492314 11.23015338
24500 0.43943874 -0.01027453 4.80303742
24600 0.48364891 0.01312331 9.89701149
24700 0.43676817 -0.00926175 4.79266381
24800 0.46864108 0.01519363 8.99058479
24900 0.44180056 -0.00857646 5.05277561
25000 0.48079660 -0.01816762 6.61231508
25100 0.44239735 -0.00103582 5.79572236
25200 0.45359478 0.00231211 6.67008413
25300 0.48845347 0.00736239 9.67534978
25400 0.46714382 -0.03663445 4.26174314
25500 0.47288829 0.00341460 8.00364109
25600 0.51608399 0.02489965 14.53770767
25700 0.47211096 -0.01743368 6.00859432
25800 0.49070613 -0.00018826 9.09499299
25900 0.51266853 -0.00998900 10.39808896
26000 0.48336794 -0.00493409 7.99387057
26100 0.41981206 0.02611865 8.14921558
26200 0.51553023 0.00151096 11.82585504
26300 0.51414846 0.00657026 12.19354545
26400 0.43859240 0.00379017 6.13088583
26500 0.44888119 -0.01785742 4.56838746
26600 0.45315734 -0.00833170 5.61438953
26700 0.49338952 -0.00443231 8.92739376
26800 0.45745871 -0.02125332 4.75127136
26900 0.45154375 0.01232346 7.63665860
27000 0.48750712 -0.01098323 7.79074055
27100 0.47147215 -0.02484890 5.37797860
27200 0.44569537 0.01119447 7.22613874
27300 0.51757903 -0.00835229 11.11206565
27400 0.50521967 -0.03327081 7.76198192
27500 0.51504298 -0.01356111 10.35328423
27600 0.47426991 0.00115658 7.87433659
27700 0.50574383 -0.02177806 8.65021474
27800 0.51400820 0.00463270 11.97293567
27900 0.46208958 0.02530120 9.77775329
28000 0.48044673 -0.00702341 7.55816087
28100 0.45167839 0.01018856 7.40608737
28200 0.43259355 -0.00196602 5.33650089
28300 0.45219278 -0.00459064 5.91351615
28400 0.49579379 0.00482258 10.08211150
28500 0.43153742 0.03468535 9.56737674
28600 0.41839872 0.00851796 6.05733052
28700 0.48907039 -0.04504672 5.47669841
28800 0.44038123 0.03103333 9.40018924
28900 0.44088558 0.01677754 7.65431216
29000 0.47976055 -0.02556235 5.95135385
29100 0.44050153 0.00492916 6.32525103
29200 0.51535660 0.00559391 12.22860924
29300 0.48529289 -0.02903540 6.15542573
29400 0.45469545 -0.02308755 4.45355863
29500 0.47332773 0.01296466 9.06898467
29600 0.48373166 0.02048181 10.76342919
29700 0.47982003 0.01122020 9.37058476
29800 0.42690129 -0.00371341 4.99739333
29900 0.47420636 0.00192014 7.94714913
30000 0.49042471 -0.01659634 7.56639971
30100 0.49801623 -0.00971165 8.87958462
30200 0.47986621 -0.00105500 8.08436219
30300 0.44834974 -0.01264727 4.98409804
30400 0.51321661 0.00523698 11.94641060
30500 0.48851000 -0.00781367 8.16616966
30600 0.52037427 0.00386236 12.63867745
30700 0.46343821 0.00227727 7.24252371
30800 0.46213292 0.00027102 6.95738886
30900 0.50372736 0.01346045 11.81632001
31000 0.48474774 -0.00558063 8.04859889
31100 0.44815554 0.03103129 9.74407797
31200 0.46716669 0.03359544 11.17955379
31300 0.48316918 0.01972367 10.62543530
31400 0.48161909 -0.02498397 6.14453982
31500 0.44431520 0.00455433 6.44772251
31600 0.49421221 -0.02883495 6.97020278
31700 0.45177129 0.02839041 9.58218187
31800 0.49752531 -0.02975519 7.22275989
31900 0.49442807 0.00413653 9.88053836
32000 0.50418805 -0.00763484 9.69323586
32100 0.45353827 -0.01015111 5.46958501
32200 0.45734323 -0.02150252 4.72505008
32300 0.47466227 0.03482950 11.87672461
32400 0.49662861 0.02897524 12.98585083
32500 0.48175229 0.00356846 8.70493088
32600 0.49106937 -0.00361047 8.79228520
32700 0.46279682 -0.01994910 5.17579345
32800 0.44623796 0.01582156 7.77629101
32900 0.44949720 -0.00388844 5.84370251
33000 0.46761327 0.00469648 7.76645340
33100 0.44848644 -0.01112133 5.12517655
33200 0.42981644 0.02203017 7.89019080
33300 0.47146922 -0.02337836 5.48936244
33400 0.41429468 -0.00582081 4.53702863
33500 0.43563858 0.01469714 7.21277172
33600 0.45816539 0.02352161 9.32040078
33700 0.46295187 -0.01288000 5.77641633
33800 0.51219615 -0.01064256 10.28636344
33900 0.44077199 0.00841550 6.70813742
34000 0.45681406 -0.00609159 6.02331369
34100 0.52696677 0.00404096 13.47254045
34200 0.46365915 0.01568399 8.71763611
34300 0.50112795 0.00562187 10.69142072
34400 0.47808554 -0.00498858 7.56226060
34500 0.45403189 -0.01417583 5.14261638
34600 0.43444527 -0.00064991 5.52845808
34700 0.51060588 -0.00243319 10.87647206
34800 0.51058701 -0.03206136 8.42257273
34900 0.49145388 -0.00947550 8.27924884
35000 0.47929167 -0.02056594 6.29847005
35100 0.46768273 -0.02109392 5.40356050
35200 0.41263618 0.00893834 6.01361704
35300 0.49796233 -0.00298838 9.50393592
35400 0.50927086 0.02411059 13.67178048
35500 0.47301732 -0.00108117 7.55823214
35600 0.46286146 -0.01581529 5.51931498
35700 0.48918627 -0.01292114 7.76845951
35800 0.47949540 -0.00415625 7.75277177
35900 0.50239321 -0.02024369 8.42271908
36000 0.46822595 0.00936174 8.30738522
36100 0.50393428 -0.00780868 9.65078690
36200 0.49478962 0.00460704 9.96385269
36300 0.48852693 -0.00276959 8.64538562
36400 0.47672071 0.01682411 9.76696945
36500 0.45726609 0.01275736 7.99681420
36600 0.43206932 -0.00739473 4.80208891
36700 0.49703256 -0.01002414 8.75548685
36800 0.45850244 0.02508601 9.53452294
36900 0.41717645 0.00293071 5.44488037
37000 0.47999404 -0.01874686 6.50055960
37100 0.46435201 -0.00796901 6.30544268
37200 0.49507479 0.00111622 9.63185268
37300 0.46493001 -0.02362290 5.02468404
37400 0.52676859 0.00189398 13.22632905
37500 0.50434163 0.01978298 12.61756931
37600 0.43443881 0.00626173 6.23879341
37700 0.49106059 -0.01157850 8.05519671
37800 0.45795260 -0.00774844 5.93442750
37900 0.45399264 0.00491024 6.96068153
38000 0.46181252 -0.01427960 5.58438702
38100 0.50334472 -0.00020707 10.31937976
38200 0.44329775 0.05096107 12.33196979
38300 0.45798951 0.01690938 8.51529250
38400 0.43868308 -0.04448991 2.28887533
38500 0.45905346 -0.00322236 6.42661122
38600 0.44144649 0.02647908 8.85738400
38700 0.46361922 -0.02521485 4.82011183
38800 0.53766405 -0.00808775 13.69962574
38900 0.48754573 -0.01982858 7.04585562
39000 0.48309061 0.01792532 10.40521542
39100 0.48552549 0.00433039 9.09971981
39200 0.46914139 -0.01265944 6.20445331
39300 0.46053896 -0.00725022 6.13374355
39400 0.46417747 -0.00545187 6.52904863
39500 0.47332390 -0.02011173 5.87926441
39600 0.45512790 -0.01554917 5.08551363
39700 0.48900976 -0.00349718 8.61776554
39800 0.45499394 -0.01276318 5.31729824
39900 0.42177147 -0.01161244 4.14317869
40000 0.51278817 0.00502739 11.87596156
40100 0.43842006 -0.02642093 3.44499057
40200 0.51069484 0.01746112 13.02523083
40300 0.46075051 0.01145656 8.05659433
40400 0.47479221 0.01570285 9.49051172
40500 0.45185457 0.00624763 6.98872758
40600 0.51104148 -0.01044225 10.17540009
40700 0.48982615 -0.00740904 8.32091163
40800 0.47306843 0.02462340 10.43499303
40900 0.50143818 -0.01630105 8.64760949
41000 0.51711421 0.00014301 11.87218015
41100 0.48162395 0.01233996 9.64136776
41200 0.47182827 -0.00036482 7.54323482
41300 0.52273417 0.01224378 13.83117150
41400 0.49695592 0.00859723 10.59690403
41500 0.46667089 0.02417363 9.93204973
41600 0.45126568 -0.02309541 4.27124291
41700 0.42954971 -0.00875503 4.59941482
41800 0.48202099 0.01395001 9.85602390
41900 0.47586307 -0.03241478 5.16148390
42000 0.45152695 0.01633964 8.09496954
42100 0.47045659 -0.00006140 7.47592746
42200 0.46992883 0.03087568 11.00924263
42300 0.45747846 0.01607190 8.38823009
42400 0.45136436 -0.00161967 6.15849381
42500 0.47071501 -0.00212714 7.28985476
42600 0.45595884 0.01182628 7.81825437
42700 0.45291553 0.00979279 7.42725482
42800 0.51134176 0.00279627 11.48203015
42900 0.47745255 -0.00734548 7.29187853
43000 0.47080639 0.02271895 10.03674296
43100 0.46368428 -0.01290892 5.82027226
43200 0.44055922 0.01503874 7.43948130
43300 0.43831633 0.01334086 7.15714645
43400 0.51608718 -0.02961064 9.21544771
43500 0.49453870 -0.00396056 9.08056993
43600 0.48196509 0.01344327 9.79382554
43700 0.46729551 -0.00761025 6.53227557
43800 0.49711735 0.00401500 10.12545012
43900 0.42785750 -0.00652791 4.75653604
44000 0.46968497 -0.01257202 6.24982350
44100 0.42229132 -0.02631425 2.96324616
44200 0.45616321 0.00171821 6.75045009
44300 0.44142125 0.02445165 8.60196691
44400 0.48188679 -0.02658844 6.04735172
44500 0.46769365 -0.00386213 6.91246065
44600 0.42973102 -0.01083892 4.41681562
44700 0.45923118 0.01488395 8.35332693
44800 0.40658187 0.01861674 7.05662622
44900 0.45774100 0.00243593 6.91357110
45000 0.44643718 -0.01830784 4.41501073
45100 0.46417732 0.00388007 7.45489853
45200 0.49713923 -0.00303950 9.41868431
45300 0.40742042 0.01246068 6.35123347
45400 0.49404709 -0.00936779 8.52952640
45500 0.43768320 0.02229656 8.18823605
45600 0.44042030 -0.00374462 5.44944971
45700 0.46092158 -0.02264177 4.84786668
45800 0.42177254 -0.03163954 2.57359811
45900 0.51718537 0.03550847 16.04747880
46000 0.52067353 0.02799661 15.47261655
46100 0.45812176 0.00967658 7.70354579
46200 0.48610308 -0.01093911 7.67279093
46300 0.47370337 -0.05366299 3.78965220
46400 0.45812277 0.01166153 7.92327657
46500 0.46206884 0.01274435 8.28191532
46600 0.40761482 0.00327370 5.36172142
46700 0.45449939 0.00396087 6.88902282
46800 0.50383858 -0.01058563 9.38869095
46900 0.45401400 0.01620624 8.21070190
47000 0.44397936 -0.00361176 5.61243910
47100 0.46926323 0.02405823 10.09391978
47200 0.45548848 -0.00506618 6.04570083
47300 0.47746602 -0.00061757 7.93892561
47400 0.45312559 -0.03726809 3.37881032
47500 0.42049766 -0.00919470 4.33287795
47600 0.42911745 -0.01245701 4.25580066
47700 0.44384093 -0.05648870 1.90763047
47800 0.43731916 -0.00917180 4.82124035
47900 0.44988947 0.00449457 6.70403717
48000 0.47697040 -0.00850744 7.14766519
48100 0.50828647 -0.02334054 8.80131587
48200 0.47952133 -0.00870085 7.32958838
48300 0.44914131 0.00233470 6.44362946
48400 0.49218174 -0.00066140 9.18281564
48500 0.44931213 0.02565078 9.10990286
48600 0.43336392 0.00608050 6.18311224
48700 0.45731912 -0.00750778 5.92014679
48800 0.42906372 -0.01173726 4.31750583
48900 0.51843810 -0.01900114 10.29419965
49000 0.48597555 -0.01900306 6.97614999
49100 0.48254569 -0.01776246 6.78840248
49200 0.50823521 0.01193997 12.12270809
49300 0.44178890 -0.00658911 5.23595306
49400 0.44112668 0.01286631 7.21510366
49500 0.45681302 -0.00346272 6.27358241
49600 0.46680907 -0.00035565 7.19622359
49700 0.43612976 0.02643888 8.64607469
49800 0.46671851 0.00228279 7.45656451
49900 0.51228890 -0.02020520 9.48800354
50000 0.50124681 -0.00028829 10.09667085
50100 0.43723289 0.02187669 8.12010853
50200 0.49831385 0.01582527 11.54055349
50300 0.45807745 0.01397420 8.18155361
50400 0.38562127 0.01157745 6.32813789
50500 0.46427778 0.01260927 8.40624119
50600 0.49655746 -0.00248872 9.41589628
50700 0.48454909 -0.03382308 5.76396685
50800 0.50212405 -0.00647672 9.58796291
50900 0.49572855 0.00097356 9.67980764
51000 0.44311698 0.00553731 6.49859875
51100 0.47145676 0.00331389 7.88991420
51200 0.49114672 -0.00853025 8.33721946
51300 0.47077482 -0.00754204 6.77877466
51400 0.43728342 -0.02616026 3.42118053
51500 0.46065082 -0.01393456 5.54289123
51600 0.48682326 0.01262317 10.11112822
51700 0.42981948 -0.01912765 3.71476943
51800 0.47992192 -0.00726029 7.49408379
51900 0.49301821 -0.01472770 7.96187562
52000 0.47309904 0.00590914 8.28010758
52100 0.45650682 -0.00075691 6.52110606
52200 0.46187234 0.01371840 8.38003032
52300 0.48999811 0.01235952 10.36216072
52400 0.45638103 0.00239256 6.83152799
52500 0.46724319 -0.00537753 6.73752911
52600 0.48012579 -0.02858613 5.76004198
52700 0.42531903 0.01510710 6.94534882
52800 0.41895292 -0.02742214 2.81337957
52900 0.46464053 -0.00381985 6.71450924
53000 0.41817070 0.03940268 9.88164059
53100 0.50149576 0.00741235 10.91940098
53200 0.47559716 -0.00490625 7.37887673
53300 0.47077864 -0.00918428 6.62855523
53400 0.51485383 -0.01285667 10.39268062
53500 0.45935084 -0.00251161 6.51325403
53600 0.48416166 -0.02080250 6.67771475
53700 0.51877936 -0.01845324 10.37920501
53800 0.46486923 0.01727122 8.98027841
53900 0.49494477 -0.00179172 9.32968755
54000 0.44647900 -0.01442285 4.74187274
54100 0.43854747 0.01971971 7.90935831
54200 0.48793467 -0.02146742 6.94993598
54300 0.49955723 0.01302346 11.34297152
54400 0.49265665 -0.00927558 8.40808841
54500 0.44552578 -0.02384748 3.93590157
54600 0.43549253 0.02054633 7.89556820
54700 0.46774000 -0.02761774 4.91394964
54800 0.47825337 -0.03058076 5.47131029
54900 0.48427472 0.00280835 8.83589234
55000 0.46176514 -0.01703345 5.34919037
55100 0.44087097 0.01803130 7.80091240
55200 0.47537974 0.02272176 10.37136775
55300 0.45149892 0.01062422 7.44492896
55400 0.47689686 -0.01794169 6.32334621
55500 0.45917639 -0.00317616 6.43835113
55600 0.42906223 0.05352473 12.20722861
55700 0.47397367 -0.02414683 5.61290409
55800 0.46312449 0.00190397 7.18456002
55900 0.49263255 -0.01086308 8.26308966
56000 0.47583493 -0.02273186 5.86065139
56100 0.47768435 0.00598495 8.63383393
56200 0.45277568 -0.03833092 3.29417367
56300 0.46125336 -0.02579131 4.62945203
56400 0.45566279 0.00843751 7.42851973
56500 0.46057881 0.00085678 6.92094147
56600 0.48259765 -0.02164761 6.48073471
56700 0.46007953 -0.04557793 3.28565574
56800 0.39864057 0.02016132 7.22029547
56900 0.48439315 -0.00703684 7.88217620
57000 0.47328458 0.02377241 10.34511964
57100 0.50146032 0.02609119 13.09659264
57200 0.40059751 0.01977834 7.17360338
57300 0.48527334 -0.02512114 6.43919274
57400 0.49919675 0.03296682 13.76008567
57500 0.42908449 0.00623624 6.06602268
57600 0.47084907 0.03133499 11.13423515
57700 0.47584040 0.01938999 10.00286784
57800 0.45872037 -0.04306635 3.34476151
57900 0.43857428 -0.00040147 5.70392099
58000 0.47925903 0.01917656 10.24252342
58100 0.49811560 0.00152715 9.96721710
58200 0.50055255 -0.00685237 9.39364820
58300 0.44219376 -0.00768181 5.15148061
58400 0.51885947 0.01293913 13.44141131
58500 0.47988168 -0.02497901 6.00461621
58600 0.42716970 -0.00465980 4.91397263
58700 0.46929441 0.02275075 9.93473054
58800 0.47099865 0.00847775 8.40411483
58900 0.51128239 -0.02537293 8.97648503
59000 0.45776656 0.00777749 7.47648071
59100 0.43333169 -0.00599160 4.97429014
59200 0.44018881 -0.00220428 5.58957136
59300 0.41510006 0.01206894 6.39372974
59400 0.52647336 -0.01851274 11.31784178
59500 0.42785813 -0.00126590 5.26224873
59600 0.50609755 -0.00248785 10.38265434
59700 0.46881147 0.00170572 7.53953546
59800 0.40544173 0.00384014 5.40619358
59900 0.46840463 0.00333893 7.67906425
60000 0.47398126 0.01743554 9.63216714
60100 0.45764046 -0.05917534 2.49453765
60200 0.46615836 -0.00318726 6.87481813
60300 0.43909557 0.03152757 9.41398242
60400 0.48254442 -0.01463958 7.04999071
60500 0.48411503 -0.01573197 7.08821961
60600 0.47797662 -0.03903771 4.89837666
60700 0.47358511 -0.00818751 6.92215049
60800 0.45332237 -0.04226177 3.08848903
60900 0.50620994 0.02125930 12.99218440
61000 0.43897556 0.02265449 8.28160970
61100 0.46297083 0.03982527 11.75821520
61200 0.48702926 0.01808374 10.75893098
61300 0.49079312 0.02428414 11.84496901
61400 0.46301674 -0.00230621 6.75759307
61500 0.46439444 0.00708187 7.80658525
61600 0.47727727 -0.02981435 5.44890083
61700 0.51164489 0.04433549 16.64865695
61800 0.44078477 -0.04097830 2.57347917
61900 0.46506195 -0.01938454 5.36595423
62000 0.44794595 -0.00901068 5.28893466
62100 0.46593754 -0.01009686 6.21516658
62200 0.49576360 -0.01505524 8.19313975
62300 0.44549600 -0.00225845 5.81164869
62400 0.46819832 0.00929015 8.29767344
62500 0.49195449 0.03312005 13.08828711
62600 0.47383655 0.01398683 9.22241684
62700 0.43909684 0.01525618 7.40627498
62800 0.42864249 -0.00996146 4.46366582
62900 0.49802163 0.00029889 9.83405420
63000 0.41836908 0.01883780 7.22992330
63100 0.46438233 0.04858245 13.11091414
63200 0.47518422 0.01433954 9.36309909
63300 0.45869150 -0.00674030 6.07103227
63400 0.49759113 -0.00027008 9.73504240
63500 0.49671809 -0.02769064 7.29151583
63600 0.47327317 -0.01929104 5.94144706
63700 0.47813853 -0.01335109 6.80683134
63800 0.49880120 -0.02157905 7.95576127
63900 0.43359544 0.00080742 5.64539517
64000 0.50121739 0.00554954 10.69283265
64100 0.44660890 0.01803684 8.05254216
64200 0.44896690 0.01209000 7.48096246
64300 0.46230531 0.00953749 7.94020707
64400 0.50798500 -0.01683490 9.28859725
64500 0.46458103 0.02745447 10.20767512
64600 0.50780940 -0.00773664 10.06769747
64700 0.48198369 -0.00005247 8.35541712
64800 0.53196548 0.01938208 15.83348435
64900 0.44940077 0.03296339 10.05984991
65000 0.51126112 -0.01070369 10.17643384
65100 0.48855341 0.00461425 9.39292365
65200 0.46926816 0.01816168 9.38012988
65300 0.43275509 0.01841352 7.54732888
65400 0.45606251 -0.01598266 5.10095908
65500 0.49652633 -0.01837356 7.99010356
65600 0.45092299 -0.01898709 4.57812132
65700 0.47329457 -0.00560090 7.14164188
65800 0.44182642 -0.02438955 3.73319478
65900 0.48127853 -0.03510961 5.40848072
66000 0.46687315 -0.04918463 3.52710993
66100 0.51219679 0.03605009 15.54887331
66200 0.46642624 0.03118149 10.81051489
66300 0.46629747 -0.00891973 6.34548453
66400 0.50922972 0.02521836 13.80538540
66500 0.46164581 -0.01392490 5.60456475
66600 0.45961664 0.00669643 7.46913625
66700 0.45250288 0.02377647 9.03858365
66800 0.48382763 -0.00662352 7.87311949
66900 0.48146659 0.01632986 10.08472041
67000 0.47881487 -0.01956813 6.34053502
67100 0.43327656 0.00592867 6.16410636
67200 0.44765233 0.01690425 7.96867368
67300 0.48417651 -0.01355505 7.27920659
67400 0.45905635 0.00730539 7.50104926
67500 0.48135836 0.00461299 8.78152989
67600 0.47033889 -0.01454166 6.12534366
67700 0.50483418 -0.00371427 10.13057369
67800 0.45283601 0.03807980 10.92883752
67900 0.50177618 -0.02142887 8.26590662
68000 0.48161154 -0.02031217 6.50529668
68100 0.46386782 -0.00264930 6.77812877
68200 0.50064861 -0.02590395 7.81018357
68300 0.48894345 -0.01884373 7.24863915
68400 0.45731436 -0.01399618 5.34079660
68500 0.51576405 -0.01669122 10.17083330
68600 0.47093966 -0.01286926 6.31210066
68700 0.45097174 0.00068290 6.36758235
68800 0.47983763 -0.00899439 7.32803349
68900 0.46487437 -0.00267924 6.84000716
69000 0.44735595 -0.00956602 5.21044508
69100 0.46507151 -0.00147416 6.97082124
69200 0.45736652 0.02824595 9.86897026
69300 0.43942637 0.01007324 6.83527793
69400 0.47373909 -0.03638944 4.74187874
69500 0.49008246 -0.02990504 6.51407646
69600 0.51508388 0.01476848 13.20805123
69700 0.47944975 -0.01671084 6.62467372
69800 0.41579180 0.00226917 5.35418154
69900 0.49160528 -0.01113271 8.14446192
70000 0.51173350 0.01947321 13.37911098
70100 0.51065087 -0.01438470 9.78679725
70200 0.46601733 -0.00545576 6.64845112
70300 0.47608581 0.03190105 11.59346848
70400 0.50637062 -0.00731024 9.95305047
70500 0.48414295 -0.03828357 5.44447727
70600 0.48298918 -0.01784225 6.81854933
70700 0.45026103 -0.03433155 3.41925844
70800 0.46689417 0.01903774 9.32240664
70900 0.42653411 -0.01164555 4.25528417
71000 0.46828110 0.02964366 10.73489304
71100 0.42309788 -0.00167639 5.10052235
71200 0.46785611 -0.02492746 5.12016897
71300 0.52322556 -0.00839202 11.78828070
71400 0.47177264 -0.00553523 7.03745231
71500 0.51762329 0.03535651 16.07831169
71600 0.42340299 -0.00398226 4.88355321
71700 0.49577164 -0.01119107 8.52961663
71800 0.44508885 -0.03222158 3.31345912
71900 0.47394349 -0.00236997 7.49963185
72000 0.48302536 0.01606038 10.18161094
72100 0.47123485 0.01901856 9.61991063
72200 0.47199175 0.00417074 8.01717708
72300 0.42219539 -0.05037997 1.47739147
72400 0.47023867 0.00273184 7.74365113
72500 0.49500144 -0.01690140 7.96532550
72600 0.49586052 -0.00310447 9.28899183
72700 0.47882282 -0.00707763 7.42380197
72800 0.49458076 -0.01126379 8.40981729
72900 0.49561265 -0.00666412 8.92668249
73000 0.43075541 0.00623287 6.11565873
73100 0.44693235 -0.01264017 4.91719243
73200 0.49510512 0.01576412 11.22315773
73300 0.46622030 0.00091775 7.28476018
73400 0.43100961 -0.00510637 4.98319808
73500 0.46915028 0.02617413 10.35083522
73600 0.48340957 0.01644358 10.25813160
73700 0.45661143 0.00230958 6.83605253
73800 0.48242688 0.00419716 8.82561899
73900 0.53467890 0.02713414 17.15074843
74000 0.42576188 -0.01575531 3.88042113
74100 0.48109266 -0.01274818 7.09444993
74200 0.43484484 0.02599819 8.54485379
74300 0.45994225 0.04294010 12.01247342
74400 0.40312162 -0.00436744 4.57766597
74500 0.47792706 -0.01879630 6.33333327
74600 0.46624053 0.01001461 8.24551146
74700 0.48081063 -0.01336438 7.01804454
74800 0.48986387 -0.03110642 6.41092056
74900 0.50110860 -0.01910420 8.38353934
75000 0.46549571 -0.02075029 5.28510234
75100 0.50366694 -0.01579599 8.91857448
75200 0.56595722 0.00890230 19.70075448
75300 0.48096142 -0.01444283 6.93739034
75400 0.48515241 0.00010955 8.63642807
75500 0.46534335 0.00669275 7.82654831
75600 0.48767147 -0.00637650 8.22582292
75700 0.48782715 0.00396413 9.26107376
75800 0.44667576 -0.03231107 3.38020892
75900 0.45513358 -0.03018444 3.95696255
76000 0.52106290 0.00438517 12.77624441
76100 0.46559314 0.01090165 8.30081795
76200 0.44018520 0.03170576 9.48062808
76300 0.45273069 0.00390070 6.78794116
76400 0.50661754 0.00583247 11.28390553
76500 0.45460002 -0.01128262 5.42596777
76600 0.46742900 0.00626393 7.91934607
76700 0.45661227 -0.02185290 4.65595941
76800 0.44310813 -0.00408724 5.52878437
76900 0.43593204 -0.03373315 2.84120312
77000 0.47690108 0.00383438 8.34767742
77100 0.47981317 0.03266992 11.98572559
77200 0.47861082 -0.04181298 4.78269493
77300 0.49771754 -0.00669233 9.12751942
77400 0.48120142 0.01197287 9.56579711
77500 0.50802372 -0.03115327 8.20449789
77600 0.46741766 -0.02117437 5.37931044
77700 0.45771920 0.02677133 9.70123745
77800 0.49592839 0.00067443 9.66879841
77900 0.44347878 -0.02092241 4.07183502
78000 0.45107972 0.02350670 8.93152099
78100 0.53267545 -0.00848324 12.98904689
78200 0.49187888 0.02067394 11.50196391
78300 0.45035245 0.00044146 6.31192761
78400 0.47756315 -0.01188415 6.89022251
78500 0.49938645 -0.00247607 9.69429181
78600 0.50045215 0.02101909 12.36812648
78700 0.47404305 0.01763481 9.66015998
78800 0.45742999 -0.00530508 6.13266544
78900 0.43365308 -0.00988459 4.62665831
79000 0.47487304 -0.00838740 6.99942086
79100 0.51619614 -0.00280816 11.47389868
79200 0.46037552 -0.01638689 5.31817788
79300 0.43914272 0.01343266 7.19956054
79400 0.40751396 0.00768231 5.82596940
79500 0.47338802 0.01758246 9.60571790
79600 0.45307388 -0.00642038 5.78699092
79700 0.42840432 0.01033547 6.49036086
79800 0.51678568 0.00190482 12.01174364
79900 0.43747646 0.00242748 5.94793664
80000 0.45030969 0.01748119 8.16644754
80100 0.41490624 -0.03702052 2.09430576
80200 0.50512962 0.01839883 12.53525954
80300 0.46590387 -0.00565833 6.62183552
80400 0.41078578 -0.02142246 3.14538135
80500 0.48516692 -0.02262717 6.61998012
80600 0.49040896 -0.03592735 6.13954211
80700 0.42006916 0.03817675 9.74779228
80800 0.45973259 -0.00495771 6.30050913
80900 0.48087307 0.00825606 9.12991312
81000 0.48178419 -0.00909438 7.47624290
81100 0.44278756 -0.02844080 3.47574687
81200 0.47563119 0.02428429 10.58333157
81300 0.47409516 -0.01052851 6.74762071
81400 0.45181974 0.01750983 8.24692298
81500 0.49019162 0.01457549 10.63103523
81600 0.51791527 -0.00809266 11.17548472
81700 0.47253958 0.01251231 8.96050578
81800 0.47221124 -0.01897930 5.88940838
81900 0.42033693 -0.02367398 3.11962567
82000 0.50517783 -0.00395023 10.14396774
82100 0.50004963 -0.04068850 6.76389102
82200 0.48792430 -0.01120367 7.80773519
82300 0.46966066 0.00518955 7.95872475
82400 0.43718570 0.02318648 8.27884325
82500 0.43655850 -0.01303873 4.44939366
82600 0.50732160 -0.02003836 8.95589523
82700 0.44604837 0.03265871 9.85939259
82800 0.48918282 0.01549702 10.64656797
82900 0.48268327 -0.00469544 7.95974150
83000 0.48214226 0.01547957 10.04144140
83100 0.47971854 -0.00068026 8.10972807
83200 0.47005867 -0.01209036 6.31816096
83300 0.49749651 0.02296396 12.31285270
83400 0.49339647 -0.06558587 4.95361681
83500 0.48168839 -0.00284610 8.05593676
83600 0.44834648 0.02101827 8.49140148
83700 0.45800528 -0.02240581 4.69273576
83800 0.45378741 -0.00614415 5.85100314
83900 0.44876170 0.01151522 7.40667349
84000 0.49165736 0.01004807 10.25582504
84100 0.47869761 0.01474645 9.68003086
84200 0.46456423 0.01339957 8.51400109
84300 0.51616477 0.01406284 13.25229202
84400 0.44300231 -0.02188791 3.97534852
84500 0.46414238 -0.00275087 6.78581872
84600 0.43823009 -0.00907395 4.86454331
84700 0.47190688 -0.01792255 5.95365344
84800 0.42098461 -0.02649307 2.92181119
84900 0.45478503 0.00199535 6.70222567
85000 0.49597114 0.00149604 9.75595295
85100 0.49130953 0.00545981 9.72960071
85200 0.42842249 0.00149696 5.55473545
85300 0.45448497 0.00363384 6.85429246
85400 0.42051757 -0.02243562 3.21860157
85500 0.46637087 0.00142219 7.34577641
85600 0.47667057 -0.00006728 7.93246248
85700 0.48668962 -0.01346969 7.50129233
85800 0.50584498 -0.00114061 10.48816944
85900 0.52616331 -0.01058467 11.95614166
86000 0.48149935 -0.01074088 7.30466730
86100 0.49182429 0.00232480 9.45103191
86200 0.49485126 0.02247688 11.99867414
86300 0.43225108 -0.00444819 5.08514028
86400 0.47938070 -0.00427884 7.73191850
86500 0.48469288 0.01093862 9.74013092
86600 0.50951776 -0.00410517 10.59497909
86700 0.48882683 0.00144009 9.09014966
86800 0.45595712 0.03186630 10.25995982
86900 0.49344278 0.02285832 11.91285927
87000 0.44333961 0.04515299 11.47385676
87100 0.47475983 0.01210503 9.07828539
87200 0.48440708 -0.00258009 8.30759703
87300 0.51849374 0.00082001 12.10272054
87400 0.46200038 -0.00335898 6.59176745
87500 0.50201709 -0.01226966 9.05205013
87600 0.48036667 0.00386472 8.62334058
87700 0.45276895 0.01567224 8.08231482
87800 0.43997339 0.01541253 7.45896273
87900 0.43679276 0.03277361 9.49126891
88000 0.50744659 -0.02042531 8.93845039
88100 0.46807383 -0.00639168 6.69828172
88200 0.42309694 -0.01464187 3.90973992
88300 0.47144478 -0.01757648 5.94899674
88400 0.45907962 -0.03894340 3.60915469
88500 0.48339053 0.02474853 11.25808830
88600 0.48194552 -0.00385766 7.97920904
88700 0.46929619 -0.01264298 6.21660537
88800 0.43571588 0.02248395 8.13897117
88900 0.47440806 -0.01554739 6.33440167
89000 0.50889522 -0.04356494 7.52154290
89100 0.45121784 -0.01209494 5.17528304
89200 0.51991351 -0.01571684 10.74145003
89300 0.47363861 -0.01494355 6.32862242
89400 0.47331512 0.00293791 7.98566006
89500 0.49021379 -0.02178967 7.12769137
89600 0.54698049 0.00157466 15.96033803
89700 0.47297137 0.00164264 7.82802360
89800 0.42992696 -0.00430167 5.02689629
89900 0.47771777 -0.03542490 5.10499749
90000 0.48384728 0.00457053 8.98268158
90100 0.46472620 -0.02097804 5.21697557
90200 0.47667957 -0.03689967 4.93070426
90300 0.46426603 0.04192408 12.13628335
90400 0.52595812 0.02037959 15.17834600
90500 0.49585908 0.01702720 11.44216453
90600 0.47442702 0.01820762 9.75621095
90700 0.48793939 0.01373929 10.33498064
90800 0.43070941 0.02747053 8.59590149
90900 0.45872934 0.01790610 8.67549240
91000 0.45276205 -0.01115784 5.33838128
91100 0.42132339 -0.00208704 5.02081752
91200 0.45811265 -0.01405226 5.38204676
91300 0.50626192 -0.02905355 8.16249705
91400 0.41785986 -0.00608027 4.56994527
91500 0.43686709 0.01437167 7.22003102
91600 0.41530335 0.00935562 6.09642153
91700 0.48364533 0.01087827 9.64526615
91800 0.50541018 0.01856167 12.58408724
91900 0.46464703 0.04052067 11.96264902
92000 0.39311695 0.00111378 5.13568620
92100 0.48633911 -0.04445893 5.26962613
92200 0.43552272 0.00946962 6.62273052
92300 0.45274654 0.00634477 7.04570433
92400 0.47365860 -0.02561634 5.47925928
92500 0.49359664 -0.00716845 8.68901392
92600 0.43341118 -0.04317472 2.17270948
92700 0.44036320 0.00019715 5.83432834
92800 0.45519386 0.01560324 8.20523539
92900 0.47876765 0.00677135 8.80223163
93000 0.46296031 0.00230330 7.21498270
93100 0.45475849 -0.00742288 5.78450823
93200 0.46680105 0.02644038 10.22477437
93300 0.44258866 0.00281315 6.19216889
93400 0.49911762 0.00354558 10.27299435
93500 0.43175221 -0.01721840 3.93049818
93600 0.43159827 -0.01540055 4.07775913
93700 0.51244867 -0.00618166 10.72329258
93800 0.47751583 -0.03953132 4.83258227
93900 0.45694111 0.00843526 7.50024834
94000 0.48791204 -0.01467232 7.50466982
94100 0.49611174 -0.02640319 7.32697873
94200 0.48694002 -0.00989884 7.83839344
94300 0.46580273 -0.00769809 6.42482080
94400 0.44323389 0.00605424 6.55833559
94500 0.49524492 -0.01272088 8.34461922
94600 0.39710914 0.01581881 6.71117678
94700 0.48285723 -0.00113304 8.31999826
94800 0.44300730 0.02979772 9.34853797
94900 0.49858869 -0.00634461 9.24553143
95000 0.49685970 -0.00204374 9.48861499
95100 0.46179590 0.04460640 12.36487165
95200 0.47588194 -0.01455489 6.52946772
95300 0.45622790 -0.02650244 4.28173422
95400 0.53249416 -0.01008694 12.81953011
95500 0.44290994 -0.02837484 3.48571297
95600 0.46643173 0.03822986 11.76033440
95700 0.44629909 -0.04274771 2.71071528
95800 0.40632191 0.03010923 8.48418951
95900 0.49292268 0.02237887 11.80560525
96000 0.47827991 -0.01280414 6.86543149
96100 0.49174247 0.03182950 12.89784912
96200 0.43044920 -0.00730164 4.76006999
96300 0.48851793 -0.00175351 8.74389807
96400 0.42735414 -0.01010278 4.41487933
96500 0.48519411 0.00955807 9.63050355
96600 0.44785263 0.00981646 7.17476447
96700 0.42510989 0.00390839 5.71373016
96800 0.42807565 -0.01052955 4.39660212
96900 0.43813702 0.00270153 6.00101832
97000 0.47444313 -0.00061757 7.70932304
97100 0.49978003 0.00375984 10.36107880
97200 0.46413007 0.01322593 8.46638818
97300 0.47951939 0.01947323 10.29859255
97400 0.45898064 0.00351013 7.09653137
97500 0.52672265 -0.01008566 12.07160971
97600 0.50420915 0.02127150 12.78316185
97700 0.52317972 -0.00757318 11.85798015
97800 0.46237617 -0.01344296 5.69145396
97900 0.40779350 -0.01377266 3.74794659
98000 0.45510997 0.02803270 9.71474025
98100 0.48392115 -0.01523379 7.11403487
98200 0.46802078 0.01968642 9.47583265
98300 0.49309191 0.00684633 10.04112093
98400 0.47272526 0.00626625 8.29074009
98500 0.48009076 -0.01440404 6.87059877
98600 0.49433877 -0.00058404 9.39166786
98700 0.47110100 0.00588372 8.13335682
98800 0.40633223 -0.01026888 4.04588572
98900 0.41818287 -0.01876005 3.46527292
99000 0.49566276 0.03876480 14.20351672
99100 0.53025593 -0.01539189 12.06256911
99200 0.47244436 -0.01848997 5.94603569
99300 0.45248205 0.00667196 7.06663676
99400 0.47827398 0.00961410 9.07103314
99500 0.49599173 -0.00116653 9.49123355
99600 0.49028469 0.01813098 11.05312620
99700 0.50131126 0.02680349 13.17154836
99800 0.51257853 -0.00866654 10.50786306
99900 0.46907204 0.01057484 8.49887046
100000 0.45096311 -0.01587629 4.83701911
100100 0.48532195 0.00453424 9.10362081
100200 0.42935671 -0.00627281 4.82330110
100300 0.46176990 0.00682106 7.61313034
100400 0.46385984 -0.00184365 6.85637385
100500 0.47058640 0.00210865 7.70430748
100600 0.40537133 0.00577546 5.60864979
100700 0.46471874 0.01392731 8.58397371
100800 0.45304763 0.00755492 7.19105558
100900 0.47653864 -0.03822847 4.83694302
101000 0.46135666 0.02612864 9.83653680
101100 0.48422211 -0.02043744 6.71178253
101200 0.51367369 -0.01031147 10.48286984
101300 0.44007811 0.01170576 7.04221552
101400 0.48213746 -0.00715950 7.68295959
101500 0.42052589 -0.00736328 4.50143701
101600 0.44985172 -0.02489128 4.06325723
101700 0.51661819 -0.01351827 10.53944627
101800 0.41064376 -0.00854983 4.23821144
101900 0.49828930 0.01551843 11.50264695
102000 0.48446138 -0.02053396 6.72428857
102100 0.51623725 0.00878427 12.67255740
102200 0.41553455 0.01409268 6.62923085
102300 0.51769037 -0.05072232 8.13965664
102400 0.50564170 -0.00466259 10.12469542
102500 0.39410749 -0.00190206 4.82896381
102600 0.53937208 -0.00566533 14.16180255
102700 0.50922510 -0.01081963 9.94163003
102800 0.45211829 -0.01182755 5.24534803
102900 0.47649322 -0.00571884 7.37007463
103000 0.45910508 0.00099988 6.84719307
103100 0.45037405 0.00785957 7.08561617
103200 0.47416200 -0.02663528 5.44119224
103300 0.41930779 -0.01201123 4.05740679
103400 0.46939381 -0.00693002 6.73876053
103500 0.48566207 0.00600431 9.28745202
103600 0.53380415 -0.02807999 11.53801936
103700 0.46519317 0.00958163 8.12914134
103800 0.53364641 0.01240324 15.24792559
103900 0.50104951 -0.01257902 8.92671532
104000 0.43223279 0.00218365 5.74022559
104100 0.43020478 -0.02518225 3.25501207
104200 0.43717450 -0.00057377 5.63375971
104300 0.43723387 -0.02833512 3.26110804
104400 0.44665982 -0.03107274 3.46405306
104500 0.43003560 -0.01770741 3.83710344
104600 0.48596477 0.01789482 10.64456437
104700 0.47355726 -0.00558241 7.16267538
104800 0.43005004 0.00475361 5.93816236
104900 0.47166642 -0.02288509 5.54139206
105000 0.42309387 -0.00852496 4.45050522
105100 0.48169503 0.02185445 10.76129244
105200 0.47890279 0.01029839 9.19569266
105300 0.44733106 -0.02659066 3.81457994
105400 0.48699385 0.00038218 8.82225679
105500 0.49908677 -0.01698846 8.35455227
105600 0.47004800 0.02025649 9.68417351
105700 0.49182156 -0.03623559 6.24854933
105800 0.46796084 -0.02438903 5.16784685
105900 0.47293553 0.02013419 9.87590752
106000 0.46340473 -0.00041263 6.96890245
106100 0.50600632 -0.00558221 10.07602888
106200 0.47277902 0.01145354 8.85933812
106300 0.45756340 -0.02250554 4.65946807
106400 0.46053805 0.02308942 9.40793045
106500 0.38264546 0.03563983 9.34967160
106600 0.51462148 0.01766969 13.49211923
106700 0.50526607 -0.01051204 9.54452038
106800 0.46391953 0.01263124 8.38575089
106900 0.49425904 0.01722245 11.31293454
107000 0.46531152 0.01250623 8.46162323
107100 0.45239065 0.01746446 8.27133945
107200 0.45781821 -0.00200223 6.47325488
107300 0.40970757 -0.00400927 4.65422825
107400 0.46118529 0.02100864 9.19336457
107500 0.48580580 0.00117521 8.79952913
107600 0.49337430 -0.00708331 8.67613518
107700 0.43167415 -0.00185114 5.31822475
107800 0.50635989 0.00106188 10.76296459
107900 0.50446536 -0.00160624 10.29717150
108000 0.47625667 -0.00249982 7.66068232
108100 0.47898504 -0.00066177 8.05336001
108200 0.47992368 0.01535966 9.84782279
108300 0.45471488 0.00362814 6.86625465
108400 0.45601795 -0.00807202 5.79438162
108500 0.49012106 -0.02879761 6.59579286
108600 0.42672987 -0.01228631 4.20408840
108700 0.48370399 -0.00219423 8.28616318
108800 0.50026809 0.00376592 10.41052831
108900 0.45291432 -0.00642743 5.77787499
109000 0.40770455 -0.01875964 3.32967775
109100 0.54027018 -0.02503037 12.64808430
109200 0.48081900 0.01811547 10.24148732
109300 0.46844165 0.00910655 8.29424937
109400 0.49891666 0.01033225 10.97885500
109500 0.47532085 0.01687653 9.66667728
109600 0.53313324 0.02461348 16.62648939
109700 0.52230436 0.01965387 14.63770183
109800 0.44011279 0.02378177 8.46548101
109900 0.53155342 0.02543690 16.52035915
110000 0.49720794 -0.01660567 8.20199865
110100 0.52511615 0.00813789 13.67392685
110200 0.44614797 -0.01060295 5.06073359
110300 0.51614591 -0.01597551 10.27499407
110400 0.45447435 0.00600640 7.10240610
110500 0.47767313 0.01897282 10.09382434
110600 0.48704443 -0.00396602 8.39962978
110700 0.41703347 -0.02414682 3.02192206
110800 0.48134753 -0.00943269 7.40992958
110900 0.49448895 0.02069178 11.74733369
111000 0.46421455 0.01321491 8.47056181
111100 0.47924254 -0.01239348 6.97714133
111200 0.45796846 -0.03896253 3.54295766
111300 0.48601390 0.00744154 9.47103823
111400 0.48577296 0.01107586 9.84742331
111500 0.44985171 -0.01052428 5.24554892
111600 0.46736140 0.00603183 7.89015345
111700 0.47138064 -0.01080987 6.52503712
111800 0.46413210 -0.00050581 7.00601019
111900 0.42268565 -0.02932617 2.75471430
112000 0.46130516 -0.00250953 6.63135750
112100 0.44055480 0.00521739 6.35769516
112200 0.46981053 0.01680457 9.25840905
112300 0.50671008 0.02211966 13.15012667
112400 0.46753567 0.00319416 7.60505049
112500 0.45837421 0.02337149 9.31403663
112600 0.49487438 -0.00233109 9.27018257
112700 0.44762727 -0.01188074 5.01668009
112800 0.44467258 0.00640546 6.65888035
112900 0.48724041 -0.00436632 8.37834550
113000 0.44104796 -0.00089248 5.75361796
113100 0.48186827 0.03548171 12.52885399
113200 0.48435643 0.02931520 11.91921466
113300 0.45102946 0.02887416 9.60627728
113400 0.48085310 0.02236537 10.75525343
113500 0.44304450 -0.00384389 5.54941299
113600 0.46496091 -0.03550566 4.18972008
113700 0.40732636 -0.00034473 4.99242384
113800 0.50772092 -0.01475534 9.43522373
113900 0.48569093 -0.01437145 7.33759200
114000 0.47641437 0.00815297 8.76811076
114100 0.48390716 -0.00810973 7.74211654
114200 0.44837424 -0.01621905 4.67965778
114300 0.51512601 -0.01316252 10.39737279
114400 0.47502691 0.00602484 8.43515136
114500 0.46509135 0.03045618 10.62784935
114600 0.45048640 0.01691772 8.10931432
114700 0.44059484 0.01656949 7.61819338
114800 0.47055288 0.00146287 7.63621102
114900 0.52039750 -0.00976528 11.31893103
115000 0.48030566 -0.02961920 5.70122799
115100 0.49562631 -0.03616609 6.60957939
115200 0.45325810 0.01143708 7.62732395
115300 0.43463029 -0.01189622 4.48076690
115400 0.48490382 -0.00403903 8.20858354
115500 0.43093897 0.00091687 5.57071706
115600 0.41262375 -0.00808594 4.30377643
115700 0.46485839 -0.00634929 6.48853310
115800 0.50600146 -0.00720277 9.92381782
115900 0.46317022 -0.00299008 6.70070022
116000 0.47228006 0.00287565 7.90390304
116100 0.48577383 -0.02519125 6.47674905
116200 0.47728304 -0.00374798 7.61855941
116300 0.48876326 0.00341866 9.28716758
116400 0.45464129 -0.01903627 4.77039784
116500 0.46748386 0.00079773 7.35712608
116600 0.47670975 -0.00391589 7.55827126
116700 0.45687794 -0.02716320 4.27014960
116800 0.47538400 0.00951188 8.83779894
116900 0.49937111 -0.01869381 8.24265636
117000 0.45930818 0.00829825 7.62298632
117100 0.45969446 -0.01315671 5.55259336
117200 0.44958107 0.01473296 7.81096760
117300 0.44069509 -0.02434981 3.68952100
117400 0.47535725 -0.01636190 6.33702310
117500 0.47206705 0.00088547 7.68576879
117600 0.48134962 -0.01545850 6.88251299
117700 0.47799917 -0.00457101 7.59528216
117800 0.49773361 -0.02224731 7.79866933
117900 0.44488313 -0.01282329 4.80713745
118000 0.47234136 0.00774384 8.42100320
118100 0.49247952 -0.00594513 8.69938946
118200 0.48107086 0.01829873 10.28353727
118300 0.50297461 0.00734720 11.06359521
118400 0.51581012 0.01053470 12.81495112
118500 0.45837296 -0.04113460 3.43626871
118600 0.42772666 0.01504175 7.00168627
118700 0.51744073 -0.00364260 11.53853710
118800 0.48609779 -0.00012689 8.69373349
118900 0.43937075 0.00294919 6.07429572
119000 0.51809460 -0.01694188 10.42249340
119100 0.52124073 0.01276810 13.70798002
119200 0.52032831 0.00473936 12.72461824
119300 0.52084072 0.01124440 13.48889716
119400 0.45328231 0.00707229 7.15173967
119500 0.44513311 -0.01433031 4.68814652
119600 0.43482893 -0.01118636 4.55045849
119700 0.48381030 -0.00177899 8.33576655
119800 0.50819881 0.00269461 11.12658311
119900 0.49960676 0.00883674 10.88347138
120000 0.42394659 -0.00024408 5.26234167
120100 0.49106526 0.01017475 10.21567874
120200 0.46324813 0.01351558 8.44305659
120300 0.42339196 -0.01039490 4.28812874
120400 0.48869091 -0.02288583 6.90633628
120500 0.41642805 -0.02717731 2.78651230
120600 0.41863886 0.00508829 5.69547816
120700 0.49610611 0.03751791 14.07377948
120800 0.46579382 -0.00329169 6.84066248
120900 0.45112417 -0.01112037 5.25663526
121000 0.42794250 -0.02495923 3.20594986
121100 0.49896803 -0.04913051 6.19118745
121200 0.49895310 0.00590487 10.50377883
121300 0.46120469 0.00540831 7.42846254
121400 0.44655978 0.00511659 6.60865529
121500 0.47142012 -0.00509800 7.05361142
121600 0.47551165 -0.02052868 6.00885068
121700 0.49899983 0.01310211 11.29652715
121800 0.43442216 0.03573700 9.80470848
121900 0.48131951 -0.00426270 7.88924691
122000 0.43278364 0.00029979 5.56740711
122100 0.42119732 0.00379275 5.61113098
122200 0.42379664 0.01785679 7.22825085
122300 0.49407952 0.02915280 12.76570154
122400 0.50240472 -0.00231244 10.01479249
122500 0.52019947 -0.03077531 9.61998579
122600 0.48554734 0.00352115 9.01748769
122700 0.48384101 -0.01130637 7.44793748
122800 0.47725960 -0.00484175 7.51206903
122900 0.46464997 0.01556125 8.76701056
123000 0.44544607 0.02232799 8.51474098
123100 0.51891130 -0.00387791 11.68967686
123200 0.49199900 0.01154113 10.45262076
123300 0.46725498 0.00947738 8.25426406
123400 0.42635249 0.00474603 5.83309219
123500 0.50857579 0.01826335 12.88746144
123600 0.46223152 0.02653752 9.94225288
123700 0.45057889 -0.00351280 5.93400171
123800 0.45677340 0.01194427 7.87736963
123900 0.43373742 0.00079463 5.64888563
124000 0.46428256 -0.00281817 6.78827786
124100 0.45901193 0.02053200 9.00518504
124200 0.45542361 0.00350292 6.89231572
124300 0.44161250 -0.02099232 3.98690681
124400 0.47450706 -0.01545129 6.34989283
124500 0.42897313 -0.00721214 4.72451417
124600 0.47301445 -0.01101613 6.62462012
124700 0.44714177 0.01188669 7.37048903
124800 0.47863857 0.00590450 8.69989399
124900 0.53749357 -0.01025229 13.47956610
125000 0.48085279 0.03011635 11.73371898
125100 0.49621499 0.02177178 12.04284525
125200 0.46732470 -0.02841529 4.82849259
125300 0.44181007 0.02170237 8.27977400
125400 0.46886843 -0.01935069 5.62358621
125500 0.48156020 0.00252852 8.58208121
125600 0.50628426 0.03750837 15.10244827
125700 0.45387247 -0.02260609 4.44602983
125800 0.47252698 -0.03764998 4.57384375
125900 0.46091699 0.00962142 7.86386732
126000 0.51793893 -0.02017339 10.14093963
126100 0.47868723 -0.00034257 8.06164245
126200 0.48638967 0.01362755 10.18719777
126300 0.42164254 0.00168176 5.40379033
126400 0.45668289 0.00120221 6.72741819
126500 0.47663863 0.00211119 8.15008765
126600 0.45066766 0.00651636 6.95647310
126700 0.45089434 -0.00999619 5.34545973
126800 0.49501650 0.01252470 10.84497190
126900 0.40889372 -0.02362630 2.95601988
127000 0.49730774 -0.00044454 9.69004228
127100 0.47012861 0.01406622 8.96456299
127200 0.43968304 0.00669963 6.47977705
127300 0.50726072 -0.01673516 9.21894712
127400 0.45754190 -0.03304790 3.89682705
127500 0.44047028 0.00462251 6.29185634
127600 0.47180070 -0.00076533 7.50143025
127700 0.48578061 -0.02031539 6.85397453
127800 0.54410915 -0.01785446 13.75766869
127900 0.43956063 0.01824832 7.77385419
128000 0.49082822 0.01190988 10.38679340
128100 0.48235554 0.00420177 8.82022168
128200 0.41933700 0.01214136 6.47480202
128300 0.48449753 -0.00845163 7.76046807
128400 0.43586447 0.03080986 9.19873987
128500 0.46069742 0.02061505 9.11608385
128600 0.40696112 -0.00786303 4.26883901
128700 0.48692992 0.02231608 11.25901668
128800 0.46583537 0.01347838 8.60581890
128900 0.49587350 -0.01085968 8.56886214
129000 0.44118594 -0.01239139 4.68577490
129100 0.47256923 -0.02067094 5.77969705
129200 0.45650302 0.01949995 8.73641485
129300 0.48937319 0.01761071 10.90992369
129400 0.52571121 -0.02017897 11.08735179
129500 0.50622357 -0.00820168 9.85518969
129600 0.45105313 -0.02029896 4.47933864
129700 0.46652373 -0.01737359 5.62626566
129800 0.45682029 0.00312392 6.93154361
129900 0.48674818 0.00695857 9.48269160
130000 0.48321535 -0.00045540 8.41696031
130100 0.46146330 -0.01049042 5.89485157
130200 0.42670710 0.01957909 7.50621409
130300 0.48244930 -0.01021179 7.42990535
130400 0.49970638 -0.00793086 9.20904372
130500 0.50114797 0.02584316 13.03370644
130600 0.48375602 -0.00265749 8.24531773
130700 0.40664334 -0.01581358 3.56574382
130800 0.46943024 -0.01327838 6.17059840
130900 0.47416211 0.00724148 8.50037670
131000 0.42267075 -0.01468845 3.89601138
131100 0.51697256 -0.03999487 8.64159759
131200 0.45551523 0.01164087 7.77281242
131300 0.48762141 -0.01519221 7.43493600
131400 0.44662750 -0.04245653 2.74268766
131500 0.44729870 0.01466755 7.69290764
131600 0.47040839 -0.00998365 6.53014246
131700 0.44050713 0.00166123 5.98791701
131800 0.49625334 -0.00017490 9.61487774
131900 0.50701313 -0.00245279 10.48363458
132000 0.49794506 -0.01112629 8.74588548
132100 0.46568730 -0.01702816 5.59957339
132200 0.47398826 -0.02936449 5.23181907
132300 0.46788592 0.00404038 7.71644980
132400 0.43069736 -0.00346148 5.13100686
132500 0.44688770 -0.01338808 4.85004048
132600 0.46936012 0.00168106 7.57493225
132700 0.44439879 -0.02891237 3.51235181
132800 0.55081025 -0.02166238 14.44025763
132900 0.46335634 0.00577709 7.60140975
133000 0.47977343 -0.02503501 5.99177421
133100 0.49289439 0.01074455 10.44686150
133200 0.48887082 -0.00536120 8.42726223
133300 0.47766554 -0.01675645 6.48071279
133400 0.46314396 -0.01057390 5.99209426
133500 0.37712365 -0.01756492 3.65943501
133600 0.47777199 0.01521236 9.66118558
133700 0.46150248 -0.00957387 5.97971999
133800 0.39783674 -0.01414258 3.68808820
133900 0.47872921 -0.02257814 6.09621610
134000 0.43296150 0.03024325 9.02488298
134100 0.51521189 -0.05190643 7.79338545
134200 0.46582201 0.01494701 8.77267545
134300 0.49288988 -0.01929887 7.57060078
134400 0.44971249 -0.00489829 5.75783345
134500 0.45920814 -0.03132344 4.11103669
134600 0.47109566 0.00168787 7.69750788
134700 0.44740761 -0.00544184 5.59436383
134800 0.41831452 0.02744219 8.28846633
134900 0.47410998 -0.02520312 5.54343059
135000 0.48244022 0.00861550 9.29685909
135100 0.50069046 0.00912658 11.02359016
135200 0.47712027 -0.03019666 5.41002162
135300 0.47746044 0.01478270 9.58759353
135400 0.42374250 0.02073526 7.57035470
135500 0.43746232 0.00362015 6.07028036
135600 0.46630352 -0.00149261 7.04993157
135700 0.47041455 -0.00911939 6.60874697
135800 0.44573228 -0.02005463 4.24135195
135900 0.52010483 -0.00054106 12.15862542
136000 0.51982563 0.00583213 12.77931140
136100 0.45117921 0.01311398 7.70704232
136200 0.47452157 0.01170847 9.01612386
136300 0.46500216 -0.00250100 6.86566785
136400 0.44757553 0.00115581 6.24796411
136500 0.46059075 0.00798533 7.66603579
136600 0.46646274 -0.00440484 6.77786535
136700 0.48262262 0.00013502 8.42675925
136800 0.49933920 -0.00529775 9.41839653
136900 0.39366450 -0.01905744 3.29591849
137000 0.51383984 -0.01154158 10.39220074
137100 0.47394200 0.01069163 8.86002871
137200 0.51793026 -0.01730326 10.37314809
137300 0.48378550 -0.02845228 6.06954350
137400 0.42389659 -0.02533184 3.07319053
137500 0.45783275 0.00978329 7.69849813
137600 0.47321706 -0.02243307 5.68868312
137700 0.44612410 -0.00550498 5.52837059
137800 0.51635425 -0.00038970 11.73026130
137900 0.47080327 0.00673227 8.20244075
138000 0.44662106 0.00775857 6.89271656
138100 0.44763675 -0.00664236 5.49245486
138200 0.46503462 -0.00027986 7.08680400
138300 0.48065859 0.01661779 10.05275891
138400 0.46559335 0.00068253 7.21972940
138500 0.48431944 -0.03893520 5.41933878
138600 0.45445512 0.00113797 6.59712453
138700 0.44323719 0.01502827 7.55047910
138800 0.51528745 -0.01737688 10.05888747
138900 0.49975733 -0.00901328 9.11505458
139000 0.44169120 -0.00535027 5.34836385
139100 0.45295414 -0.01105303 5.35785260
139200 0.44998110 0.02086108 8.55275466
139300 0.46226101 -0.00292564 6.64993204
139400 0.46640615 -0.02625647 4.92394263
139500 0.52195147 -0.01651649 10.92082848
139600 0.49117697 0.00689779 9.87018929
139700 0.43986801 0.02328872 8.39478355
139800 0.48219153 0.00481688 8.87101285
139900 0.43312177 -0.02462673 3.38909113
140000 0.44452510 0.01946777 8.12751568
140100 0.46247676 -0.01711633 5.38652442
140200 0.40797333 -0.00254902 4.78013387
140300 0.47261760 0.00439773 8.08610049
140400 0.44936212 -0.00657807 5.58213840
140500 0.47021686 -0.02058622 5.61847766
140600 0.44119256 0.01385098 7.32943630
140700 0.50101525 -0.00613095 9.50773967
140800 0.48219135 0.00802924 9.21286748
140900 0.46236134 -0.01674793 5.40992241
141000 0.49165908 -0.00350713 8.85613054
141100 0.47365742 -0.00447266 7.27544415
141200 0.52427337 -0.01149237 11.63873491
141300 0.51148933 -0.00865242 10.38712494
141400 0.49858220 -0.02312358 7.81421653
141500 0.46499313 -0.02497916 4.92611659
141600 0.46870554 -0.00210548 7.15189381
141700 0.47342280 0.02056916 9.96391503
141800 0.43766780 0.00477376 6.19820176
141900 0.55202027 0.00259959 16.81841900
142000 0.49602352 -0.01810838 7.96337681
142100 0.48656544 -0.00049770 8.69714098
142200 0.43960287 -0.03875561 2.65963091
142300 0.43619941 0.00490614 6.15784784
142400 0.43563697 0.02378881 8.29683162
142500 0.46921131 -0.01734168 5.81130200
142600 0.48168477 0.01811656 10.31196179
142700 0.47287323 0.00223172 7.88091582
142800 0.48322789 -0.01356560 7.19889376
142900 0.46022061 -0.00840581 6.00800890
143000 0.43252170 0.01605027 7.26266361
143100 0.48178906 -0.00228071 8.11925502
143200 0.47594670 -0.00720579 7.18933284
143300 0.49941990 -0.00391208 9.55860294
143400 0.48136306 -0.03166589 5.64474911
143500 0.45672573 -0.01372053 5.33097805
143600 0.44266423 -0.01951878 4.14873189
143700 0.48180248 -0.00792911 7.58434738
143800 0.47990189 0.01680488 10.01384560
143900 0.42047360 0.01361591 6.66387143
144000 0.47668752 0.02837412 11.18044463
144100 0.40449469 0.02396924 7.69428749
144200 0.51343145 0.03146230 15.07451425
144300 0.46896153 0.02682460 10.42008529
144400 0.44658298 0.00504434 6.60214353
144500 0.50833206 -0.02276867 8.85025741
144600 0.49320304 0.01077691 10.47916594
144700 0.53551097 0.00139644 14.32223082
144800 0.51063628 -0.00084095 11.03645145
144900 0.51495115 -0.00537696 11.08364281
145000 0.45358791 -0.00624713 5.83063176
145100 0.49708474 -0.00646842 9.08680247
145200 0.43329380 -0.00434546 5.12913369
145300 0.42590350 -0.01204406 4.20361940
145400 0.49118956 0.00216369 9.37647800
145500 0.48191968 0.03378622 12.30479287
145600 0.48019352 -0.02842134 5.77725244
145700 0.49966582 -0.01653203 8.45008887
145800 0.47283669 -0.00635138 7.03762330
145900 0.45071863 -0.01143251 5.20828997
146000 0.44465694 0.01011145 7.05938655
146100 0.45467705 -0.02303007 4.45697500
146200 0.45540715 0.02335532 9.14324404
146300 0.47703948 0.02339458 10.58065205
146400 0.51894904 -0.01027955 11.09931627
146500 0.47805442 0.00151093 8.19848101
146600 0.49820171 0.01119374 11.00381247
146700 0.42380473 0.01399435 6.78068899
146800 0.52241779 0.02879560 15.78721135
146900 0.47748664 -0.01111728 6.95215846
147000 0.43385344 0.03501574 9.68765221
147100 0.49870738 0.01101733 11.03399737
147200 0.48658109 -0.00523431 8.23841060
147300 0.52035707 -0.00144421 12.09953367
147400 0.46817259 -0.00341697 6.98789218
147500 0.51115442 -0.02386931 9.07559389
147600 0.49141471 0.01690948 11.01223782
147700 0.45468277 -0.00970882 5.57135136
147800 0.49114953 -0.01049029 8.16011224
147900 0.45554792 0.00550311 7.10823863
148000 0.48286558 -0.04127671 5.15756450
148100 0.48905833 0.01100765 10.12704224
148200 0.42507398 -0.01510147 3.91823260
148300 0.48154075 0.01317408 9.72863225
148400 0.47876544 0.02550088 10.97723236
148500 0.52965106 0.01479495 14.99363980
148600 0.42934852 0.01651562 7.21861239
148700 0.51927571 -0.01816520 10.46181454
148800 0.46951796 -0.01466800 6.05714824
148900 0.40529125 0.00118391 5.13309062
149000 0.42612183 0.00906120 6.28834805
149100 0.52088899 0.00175887 12.48450872
149200 0.43156988 0.00495290 6.00588451
149300 0.48528016 -0.01324782 7.39932354
149400 0.50190863 -0.02831303 7.76219536
149500 0.49134524 0.03027464 12.65771724
149600 0.51314504 -0.00942548 10.50277200
149700 0.49652106 -0.01873314 7.96030904
149800 0.44357727 -0.01938994 4.19848012
149900 0.47712710 -0.02339502 5.90845584
150000 0.50345260 0.03945435 15.07497811
150100 0.46422927 0.01365779 8.52174617
150200 0.47768306 -0.00899069 7.15867666
150300 0.46543060 -0.01558357 5.70364859
150400 0.46861231 0.03479240 11.43832063
150500 0.47462732 -0.00993676 6.84031161
150600 0.46502952 -0.01561973 5.67443422
150700 0.45178580 0.00136621 6.47843813
150800 0.43720529 -0.01167103 4.59312058
150900 0.46535057 -0.00453444 6.69218471
151000 0.44137072 -0.04003405 2.65372555
151100 0.44941836 -0.02345621 4.15056273
151200 0.45660463 0.00034839 6.63694213
151300 0.47728648 -0.00881097 7.14431963
151400 0.46708248 -0.02526964 5.04234284
151500 0.47954132 -0.00071656 8.09201115
151600 0.47184229 -0.01503713 6.19000243
151700 0.43249037 0.02321432 8.11869639
151800 0.45506807 0.01982779 8.69559577
151900 0.49866542 -0.02734564 7.50676052
152000 0.44870716 -0.00861782 5.36154495
152100 0.43189566 -0.00227098 5.28414733
152200 0.49148932 0.00292500 9.48192592
152300 0.42776551 0.00353223 5.74492257
152400 0.51886981 -0.01518842 10.66151801
152500 0.46643775 0.00938879 8.18994132
152600 0.43332587 -0.04252588 2.20694409
152700 0.47063069 -0.01612552 6.01181159
152800 0.47007642 0.03535762 11.61619543
152900 0.49967953 0.01497594 11.57773756
153000 0.52423438 -0.01178791 11.60777694
153100 0.48466485 0.00492751 9.08895892
153200 0.46735070 -0.00825784 6.47637026
153300 0.46505449 -0.02189910 5.16591881
153400 0.46376450 -0.02702022 4.69598018
153500 0.47007894 0.02926222 10.80988933
153600 0.51703536 0.00817055 12.69907166
153700 0.49329186 -0.01041284 8.36461563
153800 0.45202201 0.00292768 6.65019801
153900 0.47080958 0.02525892 10.35189702
154000 0.47963784 -0.01555235 6.73679543
154100 0.50292623 -0.01750176 8.69988399
154200 0.50088493 -0.00294352 9.79886450
154300 0.42356114 -0.01803976 3.63630453
154400 0.48200009 0.00840657 9.23800025
154500 0.45323553 0.02105377 8.74401849
154600 0.50197405 0.00751384 10.97896589
154700 0.53359779 0.07120143 23.57914886
154800 0.46675146 0.00846283 8.10997123
154900 0.47319630 0.01020530 8.75145376
155000 0.45063558 -0.00531088 5.76499529
155100 0.46142527 -0.02928994 4.38648848
155200 0.45370664 0.01500957 8.05580192
155300 0.51451804 0.00943638 12.54535026
155400 0.42176870 0.00822486 6.09324794
155500 0.46603570 0.00039762 7.22019800
155600 0.51695063 -0.01831829 10.17467558
155700 0.49238843 -0.01328609 8.02746141
155800 0.45847674 0.00930124 7.68314580
155900 0.46067318 -0.01258370 5.66142252
156000 0.48444693 0.00312870 8.88340631
156100 0.49711710 0.00867297 10.62077367
156200 0.50739077 0.00204291 10.97276702
156300 0.48271402 -0.02021860 6.60334041
156400 0.50704436 0.04116961 15.69367650
156500 0.50516521 0.01967297 12.69067069
156600 0.41287128 -0.01262930 3.89965485
156700 0.47945590 0.01959947 10.30863695
156800 0.47312276 -0.00097999 7.57595013
156900 0.48954126 -0.02235058 7.02353469
157000 0.47065577 0.04236981 12.63070082
157100 0.47633080 -0.02631258 5.62811345
157200 0.46361918 -0.00230802 6.79556158
157300 0.48289835 -0.01964560 6.66448270
157400 0.53096555 -0.04065810 10.33671778
157500 0.50786294 -0.03355595 8.02461256
157600 0.46090278 0.01822075 8.84264724
157700 0.47357199 -0.02410571 5.58639055
157800 0.53669993 0.00606675 14.96851312
157900 0.49610640 -0.02251572 7.62012714
158000 0.45554622 -0.00972822 5.61718813
158100 0.50457195 0.04226222 15.58691633
158200 0.50654123 0.00652626 11.34943860
158300 0.49666665 -0.00366785 9.31216193
158400 0.44261800 0.03390413 9.87330526
158500 0.47997550 -0.03090833 5.58486964
158600 0.48758038 -0.02281163 6.81418320
158700 0.49514484 -0.00451223 9.08522721
158800 0.43689558 -0.00092594 5.58847634
158900 0.47547593 0.00730912 8.60593135
159000 0.54136551 -0.01113371 13.94071259
159100 0.44637171 -0.01285834 4.87200236
159200 0.47150067 -0.01278504 6.35939704
159300 0.46567745 -0.01474204 5.79122337
159400 0.45436457 -0.00088526 6.38961967
159500 0.41373174 0.02029510 7.32973552
159600 0.46768162 0.03314017 11.15355349
159700 0.50028610 0.00640553 10.68971967
159800 0.44926573 0.00001953 6.21550862
159900 0.49919359 -0.02367440 7.83248211
160000 0.49823202 -0.02484426 7.64895732
160100 0.41754868 0.00650292 5.82541440
160200 0.47697235 -0.03008255 5.40659643
160300 0.47720063 0.00650766 8.65190915
160400 0.46242464 0.00718117 7.69231980
160500 0.44919251 -0.01273056 5.01792850
160600 0.42479477 -0.01049291 4.31314944
160700 0.46934869 -0.03820530 4.31391243
160800 0.47012106 0.01334422 8.88193758
160900 0.47247507 -0.00842187 6.81959472
161000 0.46912885 -0.01690786 5.84155078
161100 0.47747042 0.02315936 10.58494729
161200 0.43034251 0.04793549 11.40278888
161300 0.46460606 -0.01341159 5.83574814
161400 0.48189507 -0.00320456 8.03807955
161500 0.52673301 -0.00845429 12.22093603
161600 0.47535772 -0.01792148 6.20783475
161700 0.46452023 -0.01523272 5.67417571
161800 0.46859552 -0.00605986 6.76504781
161900 0.40628024 0.01784339 6.96325301
162000 0.51573146 0.03261178 15.48982817
162100 0.41260763 0.01313715 6.47948316
162200 0.49317044 -0.00067447 9.27314581
162300 0.47603659 -0.00381106 7.51693684
162400 0.47637211 -0.00672755 7.26622467
162500 0.44696843 -0.00316927 5.79111213
162600 0.49998779 0.03073071 13.54403845
162700 0.44140893 0.00066910 5.92448383
162800 0.47570137 0.01508193 9.48727358
162900 0.49099699 0.00744384 9.91231530
163000 0.52098587 0.00231956 12.55343671
163100 0.42194518 -0.02134656 3.33397687
163200 0.45498010 -0.01258956 5.33169811
163300 0.47888554 -0.02181299 6.16806816
163400 0.47685520 0.01685930 9.78140877
163500 0.49024582 -0.01359296 7.80524205
163600 0.47705857 -0.03859896 4.85405552
163700 0.46840753 -0.03032138 4.76735010
163800 0.42134007 0.00868505 6.13391941
163900 0.47112950 0.03065080 11.06451863
164000 0.47171424 -0.01223810 6.42254188
164100 0.44819380 -0.02280756 4.14065739
164200 0.47083295 -0.01378112 6.22550085
164300 0.48423754 -0.03458038 5.68784434
164400 0.51609185 -0.01526684 10.32851331
164500 0.44744859 0.02151733 8.50891558
164600 0.49445266 -0.00976079 8.53220996
164700 0.47977276 -0.00484804 7.70879436
164800 0.49755789 -0.01948961 7.99973211
164900 0.45405308 -0.00827809 5.66732190
165000 0.44771287 0.00561576 6.71560351
165100 0.45750279 -0.04797243 3.00671928
165200 0.48217085 -0.02245741 6.38245065
165300 0.43587473 0.00109261 5.75335581
165400 0.38476882 0.00688437 5.82812920
165500 0.47129262 -0.00371607 7.17661581
165600 0.47749897 -0.00837140 7.20094488
165700 0.49128471 -0.02271704 7.15277724
165800 0.46105628 0.04285849 12.06820865
165900 0.53390404 -0.03411635 11.13547322
166000 0.52875237 0.02875616 16.57766159
166100 0.46109058 -0.00193645 6.67425903
166200 0.50458877 -0.00673770 9.81833328
166300 0.47464982 -0.01992583 5.99223393
166400 0.46063984 0.00563142 7.41759370
166500 0.43681869 -0.02313992 3.63154369
166600 0.46405534 0.01303018 8.43945423
166700 0.46968402 -0.02047107 5.59035699
166800 0.47144880 -0.00031872 7.52064482
166900 0.44272054 -0.00987532 4.97375156
167000 0.47935658 0.01390835 9.63629025
167100 0.39180256 -0.00413569 4.62858231
167200 0.49719130 -0.00752722 8.99868134
167300 0.42460323 -0.00342255 4.96626143
167400 0.46377387 0.01207007 8.31340376
167500 0.49261550 -0.01260894 8.10741396
167600 0.49454525 -0.02433562 7.33195169
167700 0.52250188 -0.01744867 10.91071691
167800 0.52509512 0.00486962 13.32321277
167900 0.48402002 -0.00313013 8.22156712
168000 0.42103056 -0.03667468 2.22619026
168100 0.41824248 -0.02407825 3.04844983
168200 0.49955966 0.04278902 15.15041603
168300 0.45795307 -0.01831136 5.01579588
168400 0.48374590 0.00437636 8.95390051
168500 0.45144395 0.04173727 11.36796705
168600 0.47095235 -0.01829353 5.85509156
168700 0.46829086 -0.02439791 5.18965860
168800 0.47431287 -0.02500812 5.57309212
168900 0.41109628 0.01498949 6.67285466
169000 0.42575575 -0.00674288 4.68012421
169100 0.49136022 0.00278567 9.45579171
169200 0.43211888 0.01416008 7.03207280
169300 0.46516206 0.00745633 7.89647861
169400 0.49091053 -0.01130076 8.06613988
169500 0.44806462 0.01382809 7.63352111
169600 0.46464824 -0.00354551 6.74143128
169700 0.44809151 0.00989023 7.19432825
169800 0.43995397 -0.02038842 3.96716170
169900 0.45689816 -0.00644518 5.99495305
170000 0.46038222 -0.03400001 4.00100581
170100 0.45711592 -0.02055729 4.78668596
170200 0.51742140 0.02099131 14.21334129
170300 0.47658300 -0.03590012 4.98687559
170400 0.46688643 -0.04044861 4.01008110
170500 0.45866453 -0.00352151 6.37481284
170600 0.47411109 -0.02674471 5.42939506
170700 0.52461438 0.00642428 13.42743542
170800 0.47178116 -0.00885947 6.72956576
170900 0.46912976 0.04394012 12.74884177
171000 0.46440776 0.05228499 13.66953832
171100 0.48287241 0.01796365 10.39162991
171200 0.48976974 -0.01601335 7.55618252
171300 0.48922623 0.00645013 9.64647594
171400 0.46896857 0.00388798 7.77468813
171500 0.48227365 -0.00118403 8.26677502
171600 0.48435955 -0.04190681 5.24567600
171700 0.47992609 -0.00703221 7.51559520
171800 0.49726167 -0.01910327 8.00205653
171900 0.52142798 -0.03113096 9.74384908
172000 0.52615224 0.00461211 13.42903980
172100 0.49330839 -0.01675977 7.81769578
172200 0.42029293 0.01640080 6.98047484
172300 0.52274001 -0.00802336 11.76240586
172400 0.50695621 0.00776005 11.52592959
172500 0.46015734 -0.01701392 5.25279714
172600 0.53819699 -0.00418569 14.13939515
172700 0.48413338 0.03328868 12.42214882
172800 0.43515936 0.05149310 12.09316980
172900 0.44968761 -0.02974092 3.70259876
173000 0.54148035 0.02963604 18.41109549
173100 0.42542782 0.00416166 5.74811265
173200 0.44433836 0.00164503 6.14880135
173300 0.50402408 -0.00971879 9.48585320
173400 0.41811159 -0.01812482 3.51578760
173500 0.47937912 0.01743412 10.04590911
173600 0.50580673 0.00742116 11.36718591
173700 0.48975489 -0.00475511 8.56376477
173800 0.48875533 0.02898957 12.25790897
173900 0.51531811 0.00234349 11.88622799
174000 0.49816922 0.01109966 10.99016513
174100 0.44850278 0.01142693 7.38424036
174200 0.47522925 -0.00457160 7.38301023
174300 0.44996180 0.00979761 7.27584848
174400 0.49956233 -0.01499476 8.56927441
174500 0.47940876 -0.01845117 6.47798137
174600 0.51444885 -0.02346081 9.47839389
174700 0.49925699 0.01850557 11.94776018
174800 0.45957367 0.00515023 7.30279637
174900 0.49269834 0.02096438 11.61268102
175000 0.46439125 0.01142837 8.28125745
175100 0.47693096 0.02291226 10.51289807
175200 0.42883135 0.00910938 6.36805147
175300 0.45337920 -0.03011531 3.86660447
175400 0.46694045 -0.01786434 5.61364536
175500 0.45200853 0.00919436 7.31414793
175600 0.45798565 0.03445384 10.72008540
175700 0.48905483 -0.00990980 8.02350345
175800 0.46835002 0.01217951 8.62798390
175900 0.50035399 -0.00580224 9.47207040
176000 0.45378515 0.00669568 7.13840502
176100 0.46603540 0.01327345 8.59577406
176200 0.47033490 -0.02837417 5.03862925
176300 0.45734261 0.01814877 8.62365337
176400 0.43882048 -0.04650161 2.18455365
176500 0.51522582 -0.00795405 10.87472291
176600 0.52612751 0.03302270 16.80159301
176700 0.46654520 -0.02143747 5.30016718
176800 0.47943796 0.00079749 8.23526174
176900 0.50992442 -0.01422512 9.72035419
177000 0.44836031 0.01570015 7.86262163
177100 0.49110998 -0.01250490 7.97821057
177200 0.47078811 0.00453044 7.96878496
177300 0.46697361 0.03330593 11.12796740
177400 0.44621012 -0.00839674 5.26326568
177500 0.41577837 -0.03011347 2.56654179
177600 0.42855704 -0.01705921 3.84733973
177700 0.46171505 -0.00512983 6.40454831
177800 0.50214795 -0.01674057 8.68316863
177900 0.44781700 -0.00694836 5.47253620
178000 0.48555305 0.00638745 9.31880717
178100 0.49347041 0.00998977 10.41723306
178200 0.45953379 0.00020564 6.79272080
178300 0.50438424 -0.01373171 9.16914434
178400 0.45785395 -0.03413755 3.84247074
178500 0.43668152 -0.00295143 5.38197900
178600 0.51879853 0.03385958 16.01573897
178700 0.49051374 -0.01102893 8.05429373
178800 0.46334673 -0.00999162 6.05715866
178900 0.49666864 0.00914504 10.62873320
179000 0.51706373 -0.00320810 11.53629426
179100 0.44643594 0.00586004 6.68132286
179200 0.46696464 -0.01981366 5.45705652
179300 0.48252583 0.01583158 10.11373372
179400 0.45418880 -0.02518595 4.26678395
179500 0.45711740 -0.02045818 4.79464922
179600 0.47458551 0.01422625 9.30531778
179700 0.51847277 0.01059895 13.13396247
179800 0.49862858 -0.01756527 8.26154107
179900 0.48424955 -0.00704271 7.86952263
180000 0.47170343 -0.02587902 5.31765120
180100 0.49839876 0.01633820 11.60844636
180200 0.46893437 -0.01995278 5.57975257
180300 0.50678335 -0.01137606 9.62844284
180400 0.48184120 -0.00426417 7.93166505
180500 0.45712503 -0.03122017 3.99696690
180600 0.49290561 -0.01572275 7.86705393
180700 0.49108229 0.00724377 9.89860422
180800 0.41982901 0.00571129 5.78403321
180900 0.45444946 0.00054521 6.53704182
181000 0.42083028 -0.00619085 4.61702871
181100 0.47777919 -0.00218298 7.80888549
181200 0.43775472 -0.01872702 4.01535778
181300 0.43063952 0.00405080 5.88267486
181400 0.48236025 0.03670520 12.73576068
181500 0.49365772 -0.00798350 8.61940236
181600 0.42507990 -0.03064128 2.71981680
181700 0.49050004 -0.02590907 6.83986093
181800 0.46937642 0.01416004 8.92280046
181900 0.42230235 0.01496125 6.85674245
182000 0.50184510 -0.00331210 9.86048701
182100 0.48639680 0.02888813 12.03827865
182200 0.43522708 -0.01140181 4.54529339
182300 0.49908887 -0.02435514 7.77037433
182400 0.49016727 0.00197515 9.26453430
182500 0.45868567 0.04078077 11.63161648
182600 0.44920899 0.01988750 8.39726839
182700 0.49625151 -0.01245162 8.46453612
182800 0.48160621 -0.01743377 6.73837818
182900 0.42628703 -0.00553267 4.80754186
183000 0.41890641 -0.00128677 5.05087695
183100 0.41181496 -0.00860010 4.24676722
183200 0.45403618 -0.01779340 4.83891711
183300 0.45522780 -0.03606672 3.56878686
183400 0.51741121 0.00431824 12.33384385
183500 0.50044292 0.03107522 13.63474708
183600 0.44692385 -0.00959062 5.18785160
183700 0.45309649 -0.03611188 3.45046481
183800 0.45470942 0.04656193 12.23676010
183900 0.47763546 0.02038221 10.25957066
184000 0.50460785 0.05832302 18.00448973
184100 0.46130897 0.00149284 7.02979268
184200 0.49261998 -0.01822768 7.63258626
184300 0.46614187 0.02280769 9.72823723
184400 0.52058235 0.06672286 21.16830718
184500 0.51586791 0.01115987 12.89094461
184600 0.44928059 -0.01119209 5.15771113
184700 0.42992102 0.02784118 8.61931697
184800 0.44318290 0.03783645 10.43182453
184900 0.50331216 -0.01384542 9.04800667
185000 0.49808421 -0.02561513 7.57681075
185100 0.43375573 0.03379938 9.52086191
185200 0.49808920 0.00574297 10.40153431
185300 0.47857671 0.00727693 8.84131949
185400 0.49550915 -0.02375528 7.46762808
185500 0.45621337 -0.02016855 4.76650163
185600 0.44559917 0.00605607 6.66358686
185700 0.50179339 -0.00577756 9.61988092
185800 0.44124284 -0.00032783 5.81775676
185900 0.46284419 0.03380418 10.92647554
186000 0.44483285 -0.00680311 5.34782214
186100 0.46789465 0.02968236 10.71359911
186200 0.48741040 0.02457325 11.57953580
186300 0.38453747 -0.00067830 5.05194449
186400 0.48296092 0.01000345 9.49163659
186500 0.44598321 -0.01564060 4.61548197
186600 0.45793280 0.00278760 6.96075004
186700 0.44794244 0.01256995 7.48523557
186800 0.45048665 -0.01453499 4.92658539
186900 0.50653036 -0.01664210 9.14862857
187000 0.47664741 -0.02300526 5.90150779
187100 0.51952722 -0.00244432 11.90193289
187200 0.49206819 -0.00360742 8.88404049
187300 0.48796141 0.00184009 9.05430723
187400 0.50628441 0.00048977 10.69728394
187500 0.48385296 -0.01328644 7.27528078
187600 0.43705443 -0.03000435 3.13621070
187700 0.46488899 0.02255886 9.61562729
187800 0.51320671 0.01185574 12.66373201
187900 0.46635805 0.03565375 11.40266591
188000 0.46359621 0.00125230 7.14825315
188100 0.46483090 -0.01128307 6.03686945
188200 0.49518058 -0.00223391 9.30877519
188300 0.51100255 -0.00146529 11.01532764
188400 0.46091485 -0.01430445 5.52717317
188500 0.47741847 0.00345141 8.34790661
188600 0.50111026 0.02076107 12.40326010
188700 0.47418182 -0.00808443 6.97570744
188800 0.47361099 0.01279040 9.07012550
188900 0.44553796 -0.00077833 5.95932297
189000 0.42805460 -0.00290752 5.10700511
189100 0.43920736 0.02719351 8.85770290
189200 0.46376890 -0.02444153 4.88777768
189300 0.45123548 0.00142744 6.45629935
189400 0.45426348 -0.01988040 4.68183777
189500 0.50909895 -0.02379938 8.85455789
189600 0.48169530 0.03702144 12.72449933
189700 0.44903588 0.01240943 7.52019880
189800 0.45081548 -0.00417297 5.88251655
189900 0.50076528 0.02232926 12.55904522
190000 0.43706540 0.01056042 6.79872494
190100 0.53414518 0.00447509 14.45498740
190200 0.44624836 -0.02661178 3.76237057
190300 0.45990208 -0.01656783 5.27459310
190400 0.50052755 -0.00182540 9.87202098
190500 0.44856213 0.00293693 6.47714567
190600 0.45358615 0.00781140 7.24738720
190700 0.50273776 0.04355177 15.58107806
190800 0.47741950 -0.01112246 6.94649743
190900 0.50764944 -0.00973022 9.86851746
191000 0.47264546 0.01372059 9.10486746
191100 0.44856641 -0.00895995 5.32349325
191200 0.43415087 0.01588320 7.29759895
191300 0.47102607 0.00731092 8.28016830
191400 0.41273348 -0.03542111 2.16628742
191500 0.43694142 0.01403823 7.18469287
191600 0.46992996 -0.02251414 5.44712918
191700 0.42435836 -0.00404066 4.90076223
191800 0.45946703 -0.02924778 4.27110278
191900 0.48989615 -0.02717514 6.69238906
192000 0.46490320 0.00787121 7.92431162
192100 0.45255999 -0.01493938 4.99893112
192200 0.48066940 -0.00685011 7.59222761
192300 0.47186582 -0.01412235 6.26983303
192400 0.50404057 0.00222392 10.63708534
192500 0.46829614 -0.00676666 6.67840986
192600 0.46669937 -0.01226706 6.07293699
192700 0.45321819 0.00610488 7.04521025
192800 0.48962441 -0.00017658 8.99862556
192900 0.50865484 -0.00728094 10.20134995
193000 0.48122926 0.00347747 8.65288904
193100 0.48357492 0.01390345 9.97938085
193200 0.43004480 0.02090557 7.76042380
193300 0.45729370 -0.02340665 4.57455430
193400 0.47765938 -0.02207896 6.05133392
193500 0.44711598 0.00305644 6.42027296
193600 0.44893145 0.00311252 6.51323963
193700 0.46284923 -0.02403376 4.86044719
193800 0.50507004 0.00683953 11.22719939
193900 0.41140547 -0.00682716 4.40563108
194000 0.46771149 -0.00196938 7.09742374
194100 0.49832966 0.01090950 10.98481956
194200 0.47223887 0.02351525 10.23723510
194300 0.52277010 -0.00946160 11.63485047
194400 0.52234466 0.01324265 13.89605662
194500 0.45676055 0.01134290 7.80950035
194600 0.47072058 0.02242225 9.99430344
194700 0.49213545 -0.00586198 8.67545451
194800 0.47465486 -0.00642508 7.16480686
194900 0.48592015 -0.00313512 8.38253859
195000 0.51183481 -0.00260273 10.99662742
195100 0.41777589 0.01415215 6.67334785
195200 0.40985880 -0.05090350 1.25383117
195300 0.44192143 -0.00299952 5.58324949
195400 0.42955299 -0.01306283 4.21572516
195500 0.45586109 0.03304497 10.41071316
195600 0.49604282 0.00604070 10.23442599
195700 0.44152204 -0.00222637 5.64188149
195800 0.55118585 0.00161508 16.59139190
195900 0.45526257 -0.02779884 4.13347962
196000 0.47580045 0.01382268 9.35065551
196100 0.43759528 0.02538400 8.56727627
196200 0.51570020 0.00941602 12.67920090
196300 0.45157504 -0.01968217 4.55546911
196400 0.49382369 -0.03781652 6.33483535
196500 0.48006106 0.00555667 8.77599169
196600 0.49020540 0.02248758 11.57011065
196700 0.45639436 -0.00702359 5.91246867
196800 0.45050304 0.01021158 7.34857460
196900 0.44407204 0.01758320 7.88407744
197000 0.51526207 -0.03086575 9.03244481
197100 0.49775232 0.01638088 11.55001316
197200 0.47170278 -0.01416983 6.25405294
197300 0.45933726 -0.00323049 6.44262436
197400 0.48952792 -0.00574440 8.44968367
197500 0.50951281 0.00031132 11.02770876
197600 0.51116007 0.01451907 12.73558910
197700 0.47230448 0.02044662 9.86766224
197800 0.56603974 0.00779136 19.59408671
197900 0.40495164 -0.01562980 3.57142489
198000 0.41496453 0.01347201 6.54991758
198100 0.48708281 -0.01085053 7.76552164
198200 0.48313655 -0.01909120 6.72895931
198300 0.44876977 -0.01471317 4.82616715
198400 0.46152179 0.00843890 7.77196273
198500 0.45924927 -0.00213057 6.54445132
198600 0.50396003 0.00734527 11.16534697
198700 0.46042769 0.01091031 7.97630168
198800 0.43524662 0.00852818 6.51034507
198900 0.45104567 0.02212326 8.75987617
199000 0.45354306 0.00048666 6.48221391
199100 0.44623524 0.00646243 6.73597262
199200 0.51432289 -0.00008754 11.52611145
199300 0.41967306 -0.00256398 4.94040380
199400 0.48672342 0.01425207 10.28724370
199500 0.44917654 0.02605520 9.15412353
199600 0.48097733 0.00406867 8.69380829
199700 0.45070794 -0.00413885 5.88032795
199800 0.49958297 -0.02378347 7.86286363
199900 0.48293888 0.00036008 8.47550112
