0 0.16386821 0.42511814 0.96230657
100 0.12429990 0.47497277 3.17707266
200 0.13243339 0.44458410 2.29728952
300 0.14849133 0.41637753 1.89180672
400 0.13658520 0.38804764 3.92976619
500 0.17757336 0.40268988 1.37060071
600 0.26553406 0.38674342 4.14805429
700 0.14545317 0.44410258 1.50506787
800 0.12473025 0.40521449 3.83563885
900 0.11332938 0.46755777 3.91003603
1000 0.12864213 0.39957040 3.81754538
1100 0.11845525 0.43244233 3.47890891
1200 0.17756992 0.43556272 0.35577166
1300 0.18654457 0.44110194 0.13011200
1400 0.13038825 0.44669749 2.42835134
1500 0.15101480 0.42187688 1.59522990
1600 0.12738911 0.40266802 3.75632899
1700 0.16510345 0.41200069 1.33085809
1800 0.18122488 0.42816184 0.41470523
1900 0.09130505 0.44068902 5.95064312
2000 0.18263272 0.40920125 0.98308006
2100 0.15798216 0.45826181 0.91687809
2200 0.16099199 0.42457804 1.08395029
2300 0.15577314 0.44821041 0.97960879
2400 0.13268333 0.46329192 2.35410489
2500 0.19408395 0.42885931 0.24096423
2600 0.17712931 0.40427462 1.30693927
2700 0.15534639 0.41796954 1.50994769
2800 0.13078818 0.45891059 2.43483713
2900 0.11256803 0.44131675 3.85987396
3000 0.14112267 0.42174191 2.13252984
3100 0.12470071 0.40949443 3.65534196
3200 0.11489494 0.42224525 4.00659865
3300 0.16804531 0.39969226 1.77598557
3400 0.14218792 0.43771435 1.74658708
3500 0.19025945 0.45059191 0.04761435
3600 0.12452159 0.41976849 3.30546708
3700 0.20470315 0.41035185 0.79704787
3800 0.15990188 0.46910514 0.98643271
3900 0.13116281 0.43803992 2.44080138
4000 0.14751760 0.43522600 1.48633689
4100 0.16670887 0.46948860 0.74405227
4200 0.16831204 0.42240016 0.88293911
4300 0.14223631 0.45949484 1.71339777
4400 0.14339655 0.42959276 1.81020281
4500 0.20052426 0.45714514 0.02566393
4600 0.15810930 0.43385365 1.00776755
4700 0.17131340 0.39856358 1.73431297
4800 0.13887519 0.46926574 2.05370581
4900 0.17911485 0.43887450 0.27998315
5000 0.19012442 0.45861475 0.08587055
5100 0.15880147 0.43872583 0.91221281
5200 0.17022930 0.47220786 0.68974175
5300 0.18828074 0.45570322 0.08493386
5400 0.15859609 0.44090261 0.89852297
5500 0.13613902 0.37637877 4.74915514
5600 0.15658926 0.42722934 1.20149784
5700 0.14255213 0.39629761 3.09210216
5800 0.16954496 0.46264413 0.54369169
5900 0.15757310 0.46479276 1.00943366
6000 0.10361322 0.43609703 4.74185168
6100 0.10427909 0.44235946 4.61043544
6200 0.21007817 0.43420603 0.17550955
6300 0.11342866 0.42985225 3.95026434
6400 0.12902713 0.43913711 2.57757537
6500 0.12583659 0.41815825 3.25705410
6600 0.16185402 0.43387220 0.85761097
6700 0.15856395 0.47059286 1.07050594
6800 0.12825668 0.39714505 3.97037433
6900 0.14049324 0.45401274 1.77857851
7000 0.16629378 0.43591882 0.66719442
7100 0.22549469 0.36279924 4.12697607
7200 0.13930065 0.46167366 1.91034259
7300 0.19617666 0.44157484 0.04280058
7400 0.16978311 0.44492390 0.46941367
7500 0.19868627 0.47612261 0.34205839
7600 0.13758698 0.47308376 2.21412234
7700 0.13816213 0.43230260 2.06855998
7800 0.15098408 0.42516158 1.50975358
7900 0.16135701 0.44487446 0.75977607
8000 0.22144416 0.44623308 0.23702080
8100 0.19352934 0.45465651 0.03177625
8200 0.17650366 0.43052492 0.46567850
8300 0.14906611 0.44682005 1.30218671
8400 0.14016927 0.44193244 1.82240102
8500 0.21846305 0.45453521 0.18072624
8600 0.13025966 0.44982895 2.43187206
8700 0.10153543 0.45272366 4.85134478
8800 0.16680489 0.43421525 0.67553684
8900 0.13298715 0.39179408 3.93932560
9000 0.18174429 0.42345876 0.51885434
9100 0.17047055 0.38014756 2.87567558
9200 0.17601360 0.45146905 0.28875272
9300 0.17091402 0.46905696 0.60458114
9400 0.18549986 0.39896827 1.40724549
9500 0.16900616 0.49567568 1.52344293
9600 0.17541983 0.46179401 0.37164183
9700 0.10272684 0.47839831 5.13426614
9800 0.11535388 0.40282452 4.69524593
9900 0.18284684 0.45222217 0.14958446
10000 0.15134192 0.46889777 1.36236734
10100 0.15262778 0.45114974 1.12272453
10200 0.17529066 0.44917520 0.30561581
10300 0.14920349 0.44043976 1.33584193
10400 0.19818360 0.43375110 0.13366308
10500 0.17786416 0.39935966 1.52721989
10600 0.20476077 0.40216967 1.15520265
10700 0.11952356 0.49820706 4.40018912
10800 0.12895289 0.43410956 2.65009883
10900 0.15831378 0.43399986 0.99687276
11000 0.18424854 0.41830290 0.62640733
11100 0.13998019 0.49141641 2.65884785
11200 0.16503033 0.42600174 0.89939731
11300 0.21976642 0.45038741 0.19543082
11400 0.17758208 0.41600651 0.82906022
11500 0.18214507 0.38640951 2.18127472
11600 0.18014541 0.39662028 1.62179979
11700 0.15529593 0.44237094 1.02832838
11800 0.19234399 0.40037943 1.26040775
11900 0.12166550 0.45903764 3.10898603
12000 0.16566838 0.48024339 1.04666138
12100 0.10155879 0.43964748 4.89892331
12200 0.17177491 0.49370896 1.35356455
12300 0.13202034 0.44314185 2.33413412
12400 0.17987918 0.50771213 1.86776887
12500 0.12663704 0.45849230 2.72712136
12600 0.12820166 0.44355992 2.59823810
12700 0.20649544 0.45486744 0.03294137
12800 0.13863940 0.41431270 2.51935322
12900 0.13475184 0.48694136 2.81099335
13000 0.14940545 0.46200925 1.35201548
13100 0.16351934 0.44366986 0.68545455
13200 0.18408343 0.41378977 0.78225897
13300 0.19426242 0.41818921 0.52242323
13400 0.14524507 0.42149815 1.90522904
13500 0.16166025 0.42193017 1.12892564
13600 0.16047924 0.42809868 1.02077915
13700 0.11710760 0.46207532 3.50848151
13800 0.15237849 0.43288166 1.28042287
13900 0.16207046 0.46757775 0.87381380
14000 0.19781257 0.45663593 0.02441020
14100 0.14634274 0.44187738 1.47253913
14200 0.15276326 0.44012812 1.16438168
14300 0.17232642 0.47173351 0.61908631
14400 0.13250082 0.46211113 2.35140942
14500 0.14924965 0.47067244 1.50147405
14600 0.13966969 0.44233930 1.84921654
14700 0.16396596 0.43139409 0.82231598
14800 0.16044437 0.46973175 0.97699497
14900 0.18862832 0.45647697 0.08563317
15000 0.21409159 0.41433386 0.73532306
15100 0.13845331 0.43920633 1.95224901
15200 0.16496254 0.45481978 0.62542702
15300 0.18174766 0.42042576 0.60389181
15400 0.15037397 0.44863549 1.23230230
15500 0.16031864 0.43043812 0.97863885
15600 0.09500277 0.45812623 5.54522695
15700 0.14558467 0.43824594 1.54959320
15800 0.17489552 0.43946783 0.37058087
15900 0.13151336 0.47332212 2.61717046
16000 0.16765109 0.44209223 0.55449227
16100 0.13235693 0.40866583 3.14204922
16200 0.13078008 0.41417213 3.03751712
16300 0.18413671 0.43686181 0.21212800
16400 0.15917466 0.41950726 1.29825777
16500 0.13311854 0.47252968 2.49035827
16600 0.11867991 0.46110059 3.36808986
16700 0.15023052 0.42837020 1.47242450
16800 0.14153353 0.42857531 1.93867273
16900 0.07959064 0.46845603 7.41951949
17000 0.08387357 0.40948815 7.56327883
17100 0.17907453 0.46050316 0.27409572
17200 0.15729843 0.45282518 0.91570292
17300 0.18189040 0.42662846 0.43709329
17400 0.15789232 0.43606844 0.98357239
17500 0.11779217 0.39891582 4.68386067
17600 0.17359136 0.44174269 0.38279967
17700 0.12451205 0.45413689 2.85777229
17800 0.15584719 0.45949973 1.01985764
17900 0.12305916 0.42195504 3.35320625
18000 0.14422087 0.45411019 1.56410245
18100 0.18434805 0.39681821 1.53664299
18200 0.14195576 0.42278195 2.05497843
18300 0.18779743 0.41653757 0.63431841
18400 0.16632916 0.41899605 1.04748519
18500 0.18820045 0.45651323 0.09082570
18600 0.17131487 0.43657732 0.50150256
18700 0.15042188 0.43942448 1.28491599
18800 0.15929503 0.43695209 0.91357119
18900 0.15515978 0.37866821 3.54943456
19000 0.19370884 0.40199180 1.17218286
19100 0.20828858 0.39244740 1.69050106
19200 0.20444016 0.46082608 0.06845957
19300 0.17193551 0.42811877 0.63320191
19400 0.16816429 0.44737825 0.51019285
19500 0.14166132 0.40992407 2.50474093
19600 0.12514246 0.46531859 2.91915516
19700 0.19378347 0.44039779 0.06542385
19800 0.18020842 0.43896376 0.25675261
19900 0.15987572 0.49171535 1.67506418
20000 0.19195949 0.42953583 0.24171597
20100 0.14326557 0.45786320 1.64031263
20200 0.12108940 0.42212312 3.50200138
20300 0.21393237 0.41949418 0.56235797
20400 0.12751198 0.44076083 2.66993759
20500 0.19303458 0.40924558 0.85471987
20600 0.13763113 0.40216520 3.08902217
20700 0.16777103 0.44972495 0.51939119
20800 0.16907268 0.42511359 0.78791631
20900 0.13127738 0.44701222 2.36586240
21000 0.17245887 0.49233654 1.27544823
21100 0.16178819 0.41914081 1.20621596
21200 0.20164474 0.49110457 0.84614551
21300 0.13356408 0.48993617 3.00431443
21400 0.13672596 0.44315917 2.02520047
21500 0.14173420 0.46359702 1.78989137
21600 0.19381466 0.40932220 0.84647080
21700 0.17973233 0.41150888 0.94617232
21800 0.19911770 0.42896071 0.22171506
21900 0.14306390 0.41939248 2.08926965
22000 0.15248734 0.42730492 1.38625961
22100 0.13628116 0.43149324 2.20129524
22200 0.18235215 0.41712095 0.69623943
22300 0.18229121 0.43713412 0.23956610
22400 0.16815687 0.41293920 1.19374381
22500 0.13372849 0.43586993 2.29578603
22600 0.18903547 0.43000154 0.26007974
22700 0.15781919 0.43637917 0.98237377
22800 0.16753208 0.43797557 0.59937646
22900 0.13685674 0.40092966 3.19748511
23000 0.23564129 0.42600501 0.92303064
23100 0.13905376 0.38796209 3.78157330
23200 0.15222062 0.45660906 1.16327421
23300 0.09910586 0.43851502 5.15576610
23400 0.15822566 0.45062623 0.87274395
23500 0.18336355 0.44208432 0.16971481
23600 0.12904673 0.42353517 2.86737687
23700 0.14844227 0.47110169 1.55174046
23800 0.12473349 0.44393391 2.85092227
23900 0.11692003 0.45814062 3.48427529
24000 0.11483597 0.42092309 4.04918935
24100 0.14233959 0.43819154 1.73208105
24200 0.15262099 0.46421644 1.22343910
24300 0.15792977 0.46728407 1.03432149
24400 0.19173717 0.39953632 1.30742871
24500 0.17641841 0.46067943 0.33507086
24600 0.10804197 0.44236009 4.25732355
24700 0.12452348 0.45690383 2.87218404
24800 0.14202119 0.42292009 2.04743214
24900 0.12468328 0.47852467 3.24313277
25000 0.17434774 0.47674205 0.68658795
25100 0.18163742 0.44948457 0.16872493
25200 0.16064298 0.41955667 1.23788562
25300 0.09371698 0.43090770 5.83029864
25400 0.16081671 0.43146726 0.93939624
25500 0.12942320 0.42046654 2.92665490
25600 0.11252392 0.43900457 3.88648163
25700 0.16162048 0.44341096 0.75820157
25800 0.13505805 0.39269619 3.75059183
25900 0.13016510 0.46103031 2.49929040
26000 0.10595731 0.44053846 4.46677422
26100 0.14269830 0.44363047 1.66202768
26200 0.12933536 0.43462259 2.61497786
26300 0.16190221 0.43050112 0.91582406
26400 0.15148340 0.44850570 1.17804658
26500 0.12666180 0.45669734 2.71167268
26600 0.17909503 0.47376435 0.50088093
26700 0.08340672 0.46884501 6.97456345
26800 0.16705197 0.38867959 2.42288281
26900 0.14015022 0.42269065 2.16389861
27000 0.18334712 0.42163453 0.54095921
27100 0.18342010 0.41308133 0.81894071
27200 0.18228949 0.46959961 0.34890352
27300 0.14381472 0.42340031 1.93216472
27400 0.13743841 0.42618258 2.24061081
27500 0.14611353 0.43711073 1.53494234
27600 0.15630432 0.46092638 1.01434926
27700 0.11992349 0.47887943 3.62313475
27800 0.10657463 0.44669189 4.36962180
27900 0.12973321 0.44580294 2.47751821
28000 0.23292421 0.46507259 0.65559316
28100 0.15436417 0.42036358 1.48047306
28200 0.22626072 0.39020548 2.13250519
28300 0.10894642 0.44847484 4.14654063
28400 0.19035910 0.46026689 0.09917805
28500 0.15223161 0.39748953 2.51958408
28600 0.12907327 0.44282614 2.54103262
28700 0.14972739 0.42907903 1.48251094
28800 0.22781676 0.40854664 1.24607673
28900 0.15788468 0.40372471 1.95755122
29000 0.11559210 0.49223831 4.45438440
29100 0.12940237 0.40865883 3.34655851
29200 0.18402838 0.43308392 0.27062320
29300 0.14251815 0.47186525 1.89112634
29400 0.13540829 0.44431887 2.10218214
29500 0.15075621 0.41651100 1.77323208
29600 0.13620164 0.43186827 2.19949551
29700 0.10486927 0.41542641 5.12259489
29800 0.15322238 0.44648227 1.10026026
29900 0.18216809 0.42880974 0.38350207
30000 0.22046724 0.44011904 0.25827058
30100 0.18115523 0.41264713 0.87518107
30200 0.17640922 0.44797006 0.28032277
30300 0.09400497 0.45627873 5.63718451
30400 0.11280379 0.41881934 4.28770583
30500 0.13720799 0.42940913 2.18341007
30600 0.15939314 0.44239562 0.85337194
30700 0.14669490 0.43944937 1.47637458
30800 0.10392688 0.46186278 4.68538515
30900 0.14303826 0.46960853 1.81456689
31000 0.15023619 0.38621991 3.27216827
31100 0.16766850 0.43277658 0.67098606
31200 0.20107371 0.40519928 1.00412873
31300 0.14741171 0.45038908 1.38284007
31400 0.14217724 0.43503934 1.78364625
31500 0.15565286 0.44380581 1.00251831
31600 0.17899563 0.45535224 0.23491511
31700 0.16770393 0.47112317 0.74461241
31800 0.16992353 0.44394694 0.47061665
31900 0.16115363 0.45247177 0.75757526
32000 0.13874122 0.42860747 2.10513923
32100 0.15119000 0.44140899 1.22811082
32200 0.16168282 0.41253868 1.43577821
32300 0.14953825 0.42409238 1.60879656
32400 0.15335588 0.41832335 1.58954183
32500 0.14000436 0.41614772 2.37272702
32600 0.12531226 0.46547600 2.90888262
32700 0.17510410 0.41468907 0.93333363
32800 0.13944401 0.40723702 2.74785018
32900 0.18593131 0.42621357 0.38186122
33000 0.11850081 0.44461617 3.33555209
33100 0.12217726 0.42476708 3.34653980
33200 0.16637729 0.46386640 0.66138179
33300 0.21038370 0.36531255 3.63989309
33400 0.17141084 0.45921106 0.45109189
33500 0.17064972 0.47305501 0.69648626
33600 0.15105457 0.40531791 2.19607206
33700 0.15315895 0.44529198 1.10812463
33800 0.10458872 0.42612018 4.83677878
33900 0.15438878 0.41869450 1.53020877
34000 0.19678640 0.46010614 0.05623062
34100 0.14955498 0.42284793 1.64096759
34200 0.17375357 0.43587535 0.44419031
34300 0.15861665 0.42827581 1.09226119
34400 0.15861317 0.46313209 0.94266091
34500 0.16103911 0.46809441 0.92267942
34600 0.11003320 0.39930139 5.33218695
34700 0.19548984 0.43438805 0.13203720
34800 0.14156682 0.47799028 2.09894645
34900 0.20038075 0.42662799 0.27319792
35000 0.15006423 0.44883978 1.24746374
35100 0.16981684 0.40596493 1.42505516
35200 0.11051530 0.47189685 4.24349147
35300 0.16196266 0.44459307 0.73803704
35400 0.13965318 0.43435554 1.94324405
35500 0.14002140 0.45809217 1.83145795
35600 0.14174426 0.41487202 2.31385311
35700 0.15108671 0.42743719 1.45079518
35800 0.08191520 0.44912930 6.97238887
35900 0.10337808 0.42947081 4.87862139
36000 0.13731269 0.43696503 2.04980461
36100 0.21971197 0.46508779 0.30810168
36200 0.13980848 0.43547518 1.91699445
36300 0.17286109 0.47113846 0.59167740
36400 0.12327237 0.45190513 2.94537969
36500 0.22049834 0.40779335 1.10079186
36600 0.16982425 0.51005762 2.25874666
36700 0.12232571 0.43470272 3.13365111
36800 0.13276499 0.42628321 2.54151620
36900 0.14700360 0.45663137 1.42629694
37000 0.15667539 0.45682261 0.96178512
37100 0.15138356 0.44021978 1.22960557
37200 0.15690967 0.43532421 1.03607779
37300 0.15988537 0.41726073 1.34052167
37400 0.17552696 0.48374750 0.86891174
37500 0.12699466 0.39842587 3.99483560
37600 0.15948433 0.45253749 0.82397935
37700 0.15006417 0.39548317 2.73283562
37800 0.18251154 0.44831823 0.15433728
37900 0.15991757 0.42370090 1.14912197
38000 0.14953427 0.38597010 3.32330871
38100 0.10268208 0.44271032 4.76195891
38200 0.12134743 0.41687301 3.64181213
38300 0.14616409 0.44779934 1.45157395
38400 0.12202501 0.44648890 3.04621326
38500 0.15329043 0.45114268 1.09154471
38600 0.12347715 0.40099293 4.12871970
38700 0.13360799 0.45664376 2.22601896
38800 0.11631317 0.44971067 3.50178474
38900 0.14457818 0.41327897 2.21000641
39000 0.17294041 0.43539440 0.47277253
39100 0.12541705 0.41139445 3.52650264
39200 0.13963792 0.42888156 2.04478481
39300 0.19235197 0.45182202 0.03090602
39400 0.20561378 0.43708465 0.09916042
39500 0.20507839 0.42096876 0.43430137
39600 0.17674981 0.42573094 0.56477919
39700 0.10754244 0.46670386 4.41370993
39800 0.15116936 0.41308091 1.87372507
39900 0.16269751 0.48470762 1.29804726
40000 0.12371088 0.42283544 3.27897170
40100 0.15373933 0.44936984 1.07022320
40200 0.11052916 0.44438338 4.01828907
40300 0.19194476 0.47705473 0.39842273
40400 0.12912125 0.48296021 3.05508657
40500 0.16243806 0.40300448 1.80973904
40600 0.10842625 0.40001385 5.44218322
40700 0.12671231 0.45758836 2.71433463
40800 0.12136306 0.42296816 3.45724455
40900 0.18587264 0.49313941 1.03029555
41000 0.13478195 0.47585263 2.46087658
41100 0.10225799 0.47104034 4.99809824
41200 0.21928165 0.40925349 1.01603027
41300 0.13474188 0.43770777 2.20486077
41400 0.19708464 0.45213106 0.00652036
41500 0.15475047 0.44024016 1.07138723
41600 0.14095607 0.41332221 2.41572280
41700 0.10889051 0.44306569 4.17451215
41800 0.21152836 0.38489269 2.18593214
41900 0.15110809 0.42961633 1.40295625
42000 0.18189848 0.46580613 0.28874946
42100 0.12421948 0.46939393 3.05940605
42200 0.11706294 0.45986740 3.48796062
42300 0.18093982 0.46131829 0.24569708
42400 0.17647148 0.40895673 1.11907053
42500 0.13591068 0.41999605 2.50383888
42600 0.20409573 0.42749181 0.26169691
42700 0.14689077 0.48123783 1.89819624
42800 0.18146644 0.40378615 1.23960628
42900 0.16779743 0.47008649 0.72023624
43000 0.13171096 0.47347491 2.60723250
43100 0.19228158 0.43162413 0.19862333
43200 0.18032664 0.45953304 0.23896002
43300 0.16706139 0.44917191 0.54281876
43400 0.14861819 0.39165801 3.02193900
43500 0.14976981 0.43250021 1.41465758
43600 0.12789616 0.45984962 2.64798912
43700 0.17615587 0.44836169 0.28561323
43800 0.19916367 0.43367493 0.13360374
43900 0.17432475 0.44890849 0.33020501
44000 0.10828937 0.40918510 5.03834767
44100 0.12304797 0.44126244 2.99897961
44200 0.11835158 0.44288716 3.35852836
44300 0.19278506 0.46558727 0.14750917
44400 0.18044727 0.42065094 0.62183816
44500 0.19446771 0.43399982 0.14330592
44600 0.17275859 0.44534422 0.38188538
44700 0.19329946 0.43061651 0.21030854
44800 0.11681415 0.46443228 3.56408860
44900 0.10766507 0.47162243 4.49663463
45000 0.14338715 0.45750229 1.63064945
45100 0.17345021 0.42201004 0.74416473
45200 0.10082232 0.44445808 4.93346247
45300 0.18351608 0.44826396 0.13736668
45400 0.17394827 0.43302706 0.48338654
45500 0.11951436 0.42159493 3.64239301
45600 0.19898682 0.40165139 1.16930720
45700 0.16894644 0.45187040 0.48391111
45800 0.14546226 0.46691001 1.63015688
45900 0.16554561 0.43242747 0.74794958
46000 0.15603365 0.43675983 1.05417107
46100 0.18898388 0.44994745 0.06067882
46200 0.17491465 0.42354043 0.66469167
46300 0.12903804 0.48440842 3.10976917
46400 0.14006263 0.46220179 1.87068610
46500 0.11624595 0.42681172 3.77621869
46600 0.11706766 0.42952138 3.64857364
46700 0.15466988 0.45654589 1.04883442
46800 0.14752334 0.44897190 1.37742830
46900 0.13279470 0.45302554 2.26285296
47000 0.14001145 0.48056342 2.26637434
47100 0.13668657 0.41301071 2.68839893
47200 0.15652702 0.44331636 0.96728535
47300 0.17003038 0.43388046 0.57900902
47400 0.15883813 0.46750506 1.00036340
47500 0.18479976 0.44344172 0.13702917
47600 0.16283062 0.44704895 0.69513570
47700 0.16621498 0.46384292 0.66652720
47800 0.18222199 0.44566294 0.16743389
47900 0.16418439 0.45139705 0.64235499
48000 0.12858552 0.42557085 2.84840587
48100 0.13877364 0.43576564 1.97564189
48200 0.14474168 0.41113188 2.28210639
48300 0.12134675 0.40550917 4.08288392
48400 0.18206392 0.44551350 0.17091588
48500 0.16449864 0.43124187 0.80610716
48600 0.12780682 0.45176749 2.60748955
48700 0.13477407 0.43887138 2.18913377
48800 0.16491280 0.43937374 0.67201463
48900 0.16349489 0.41766704 1.18902172
49000 0.15391570 0.45885533 1.10108955
49100 0.12763344 0.41874126 3.10701388
49200 0.14731545 0.48732506 2.08441083
49300 0.13131019 0.44038069 2.40541025
49400 0.15874015 0.43828117 0.91985324
49500 0.16689606 0.46871727 0.72310343
49600 0.15825797 0.39698220 2.27664217
49700 0.15647919 0.41071996 1.71849156
49800 0.14984005 0.45550358 1.27315503
49900 0.10695197 0.44860935 4.32993528
50000 0.15327771 0.46322725 1.17896649
50100 0.15445872 0.43197557 1.19944405
50200 0.19849136 0.46102828 0.06194951
50300 0.12422965 0.44846475 2.87175164
50400 0.18433474 0.41488656 0.73917713
50500 0.15704119 0.40265087 2.04369958
50600 0.18157085 0.42529348 0.47502301
50700 0.16632749 0.40980883 1.37458394
50800 0.16639489 0.42801598 0.80630029
50900 0.12300731 0.44112598 3.00331135
51000 0.14020762 0.45239817 1.79043968
51100 0.13557605 0.43572570 2.17710069
51200 0.20901229 0.44605950 0.04837450
51300 0.17389401 0.40526641 1.34130826
51400 0.15667716 0.45257799 0.94175719
51500 0.11555441 0.45305102 3.57018326
51600 0.12822579 0.48132662 3.06644730
51700 0.15081496 0.43881120 1.27217881
51800 0.12342325 0.46259325 3.01129461
51900 0.15931825 0.42735392 1.08392490
52000 0.16361064 0.38350157 2.87311332
52100 0.16698633 0.43041637 0.73671031
52200 0.19493602 0.44772204 0.01541649
52300 0.16506523 0.41833816 1.11145492
52400 0.10798920 0.46907238 4.41487099
52500 0.12707632 0.42732528 2.91600291
52600 0.19058584 0.45211470 0.04654922
52700 0.20704448 0.44398620 0.04289529
52800 0.13050644 0.43526198 2.52328222
52900 0.17014702 0.38572075 2.51151099
53000 0.15782524 0.44209091 0.92063215
53100 0.08558306 0.41093387 7.30869874
53200 0.15887510 0.43951131 0.90063499
53300 0.15946246 0.46280837 0.90367328
53400 0.19767795 0.47775446 0.38785109
53500 0.16710166 0.44022123 0.58896274
53600 0.15606990 0.41478378 1.58501781
53700 0.11902142 0.44215449 3.30954148
53800 0.19354002 0.39010848 1.81436248
53900 0.10072844 0.43809005 4.99834486
54000 0.16859221 0.41889810 0.97688863
54100 0.14502374 0.45280788 1.51513647
54200 0.15244341 0.46031755 1.18404065
54300 0.20879114 0.40693398 0.96598299
54400 0.12526757 0.44244412 2.82101398
54500 0.11123125 0.46389031 4.03641587
54600 0.18614152 0.45443541 0.10586516
54700 0.15136724 0.44249837 1.21071001
54800 0.17269673 0.40566081 1.35571595
54900 0.15955561 0.40299322 1.92269281
55000 0.09360101 0.47808623 6.05479091
55100 0.20613539 0.43322728 0.15948351
55200 0.17051325 0.43895916 0.49568430
55300 0.16868146 0.44384847 0.50934613
55400 0.16516127 0.40968005 1.41971770
55500 0.15869483 0.45964699 0.89959090
55600 0.15202480 0.44234926 1.18007670
55700 0.17017050 0.44771548 0.44750919
55800 0.15493278 0.45803914 1.04784101
55900 0.11607650 0.44890692 3.52217408
56000 0.20129543 0.41454637 0.62931915
56100 0.13489960 0.46841983 2.28867600
56200 0.13701091 0.43815195 2.05400087
56300 0.18375702 0.45572546 0.14830765
56400 0.12028678 0.43652263 3.26791880
56500 0.16060173 0.46313184 0.86233463
56600 0.09578729 0.45365588 5.43682726
56700 0.13555376 0.47145716 2.30686352
56800 0.12356988 0.45053052 2.92092201
56900 0.10928356 0.49954090 5.34188705
57000 0.10881577 0.45032493 4.15733508
57100 0.15432343 0.45385422 1.05060218
57200 0.19856699 0.39817354 1.34401784
57300 0.17496476 0.43544306 0.41933380
57400 0.19521651 0.44818428 0.01308933
57500 0.14330715 0.43681885 1.69391091
57600 0.15608397 0.44296878 0.98902796
57700 0.19931083 0.41652233 0.56061460
57800 0.15787154 0.43393771 1.01640212
57900 0.13599385 0.45851637 2.08465777
58000 0.15296535 0.45880600 1.14490191
58100 0.15025546 0.43904785 1.29723440
58200 0.15060503 0.43555250 1.32429660
58300 0.18405172 0.44271081 0.15374005
58400 0.15118835 0.46852967 1.36296273
58500 0.13172963 0.47297276 2.59429579
58600 0.13027767 0.46882441 2.60778120
58700 0.20250325 0.43533806 0.11061940
58800 0.19969011 0.41818080 0.50627885
58900 0.17031666 0.43520855 0.54994368
59000 0.14185301 0.42183213 2.08725081
59100 0.17652000 0.46178346 0.34508023
59200 0.20334821 0.44430718 0.02180936
59300 0.17877111 0.41522198 0.83008826
59400 0.12694195 0.40220822 3.81076627
59500 0.17811019 0.47358400 0.51768426
59600 0.15692375 0.42354961 1.27759313
59700 0.14668614 0.43638512 1.51386648
59800 0.15437485 0.44897517 1.04135235
59900 0.17238760 0.42519082 0.68897002
60000 0.15286465 0.41174015 1.84277887
60100 0.18626385 0.43257905 0.24608574
60200 0.17355998 0.42677913 0.61914171
60300 0.12192237 0.42016486 3.49312573
60400 0.13550969 0.41035969 2.86517752
60500 0.21270004 0.45347402 0.08667990
60600 0.14514308 0.43959417 1.55878131
60700 0.15748231 0.40266979 2.02395114
60800 0.16562628 0.46917518 0.77462008
60900 0.15444316 0.41167253 1.77221038
61000 0.16843184 0.43459024 0.61700481
61100 0.18545386 0.41456457 0.73362982
61200 0.15862562 0.43747580 0.93434733
61300 0.17920415 0.40421526 1.26435502
61400 0.08249880 0.43373666 7.03551371
61500 0.16772859 0.44749749 0.52385331
61600 0.17681507 0.43766817 0.34480757
61700 0.13081371 0.44152235 2.42930702
61800 0.18639307 0.43361372 0.22682944
61900 0.15309992 0.44776369 1.10230916
62000 0.12859661 0.45730932 2.57593516
62100 0.16652941 0.47677393 0.91856202
62200 0.16892002 0.41197987 1.20574783
62300 0.16986939 0.44345964 0.47531506
62400 0.11398041 0.45313086 3.70458568
62500 0.19874462 0.40636485 0.95280101
62600 0.09147398 0.47843889 6.29333350
62700 0.15976248 0.38927346 2.65338515
62800 0.13504010 0.44689824 2.11470506
62900 0.12059231 0.41477720 3.77311388
63000 0.17191685 0.46276758 0.47583728
63100 0.14326068 0.44362188 1.63001572
63200 0.15355214 0.39354140 2.67248878
63300 0.16857237 0.44312807 0.51745976
63400 0.13129647 0.40845093 3.22325003
63500 0.13087990 0.45673740 2.41149069
63600 0.20442328 0.41332161 0.68243499
63700 0.11922109 0.40991824 4.06589034
63800 0.15807215 0.48106536 1.36150044
63900 0.14136083 0.43558032 1.82323990
64000 0.20096422 0.47637525 0.34829173
64100 0.12722956 0.46200644 2.71984577
64200 0.15941716 0.46486115 0.93391041
64300 0.11648866 0.47277726 3.74647420
64400 0.15667450 0.46893284 1.11777562
64500 0.12827798 0.44121886 2.61057864
64600 0.15563845 0.42395048 1.32326233
64700 0.14500096 0.43913248 1.57149889
64800 0.12383362 0.46153008 2.96713005
64900 0.18121526 0.47899199 0.59670079
65000 0.16289652 0.42147064 1.09529652
65100 0.10992768 0.45804415 4.08886555
65200 0.15759641 0.47482829 1.20725449
65300 0.21407997 0.45521007 0.11269516
65400 0.17612494 0.44191781 0.31767014
65500 0.11211048 0.47744347 4.23885602
65600 0.18801001 0.41734502 0.60505381
65700 0.19239675 0.39838691 1.36086011
65800 0.09978718 0.45847568 5.05722363
65900 0.16433249 0.42776187 0.88335306
66000 0.16947218 0.42394219 0.80547881
66100 0.11814590 0.45276542 3.35387038
66200 0.21220702 0.42036186 0.51371549
66300 0.09745471 0.44570164 5.26700628
66400 0.19701537 0.42840691 0.23758468
66500 0.16983415 0.43441775 0.57639254
66600 0.15762489 0.43394780 1.02666138
66700 0.14786569 0.43167186 1.52695326
66800 0.17517212 0.44993175 0.30821402
66900 0.13506150 0.41558773 2.70060684
67000 0.18193535 0.43022704 0.35865074
67100 0.19602987 0.47196426 0.24909527
67200 0.15711475 0.43291046 1.06559835
67300 0.11936222 0.39205620 4.92996780
67400 0.14155807 0.41302247 2.39139836
67500 0.16591537 0.45688037 0.60455061
67600 0.17660440 0.42859923 0.50267340
67700 0.14389272 0.45107133 1.57458713
67800 0.16265162 0.38256229 2.97137336
67900 0.16994231 0.36012449 4.49053629
68000 0.17220374 0.42767649 0.63548551
68100 0.17529541 0.42249837 0.68332816
68200 0.17359464 0.44811346 0.35040096
68300 0.18157370 0.43654163 0.26032802
68400 0.14823685 0.43587282 1.43950058
68500 0.17615264 0.40894356 1.12716391
68600 0.19942793 0.44957161 0.00025540
68700 0.14538588 0.47429883 1.78656785
68800 0.17025557 0.41829462 0.94498122
68900 0.16253951 0.44820039 0.70326345
69000 0.16169897 0.47568929 1.06345441
69100 0.15668062 0.46104293 0.99925769
69200 0.13803955 0.46053832 1.97507698
69300 0.17397960 0.43512949 0.44909667
69400 0.08306507 0.46359815 6.92934371
69500 0.14817443 0.44019169 1.39104622
69600 0.14730074 0.45143465 1.38963493
69700 0.17852369 0.41822854 0.73532890
69800 0.22034016 0.45249619 0.20997658
69900 0.20561319 0.43689474 0.10162789
70000 0.14426471 0.45289988 1.55741614
70100 0.17446511 0.44841530 0.32727084
70200 0.11817619 0.49027134 4.15845864
70300 0.13738736 0.43935978 2.01677876
70400 0.14830414 0.42651812 1.61193050
70500 0.10325139 0.47463825 4.98366828
70600 0.11910792 0.46196240 3.34331387
70700 0.17957854 0.40648431 1.15532574
70800 0.12753910 0.44063299 2.66916124
70900 0.17185195 0.43787435 0.46967211
71000 0.19988906 0.39244909 1.65605997
71100 0.14189007 0.47982373 2.13310905
71200 0.16672932 0.42199116 0.94571649
71300 0.20050942 0.44495511 0.01285523
71400 0.19214482 0.44266385 0.05776143
71500 0.20937947 0.46118528 0.10654247
71600 0.15260824 0.44245386 1.15146138
71700 0.14505453 0.46612104 1.63944626
71800 0.09726363 0.39224214 6.94536560
71900 0.15091728 0.45612201 1.22329635
72000 0.18170300 0.48149930 0.66349318
72100 0.12901368 0.43257977 2.67126104
72200 0.14412894 0.42312317 1.92196986
72300 0.19564498 0.39530525 1.50524111
72400 0.11080591 0.43027094 4.17241110
72500 0.13631301 0.45968539 2.07491943
72600 0.14646591 0.44144488 1.46954452
72700 0.16556549 0.42354872 0.94270272
72800 0.13855259 0.48023776 2.34505321
72900 0.20733144 0.40578332 1.00443243
73000 0.19065961 0.45278298 0.04749393
73100 0.14755115 0.46326889 1.46347274
73200 0.14223509 0.43922554 1.72643661
73300 0.10791855 0.45323958 4.24474379
73400 0.14127858 0.42242070 2.10441154
73500 0.16469480 0.46223189 0.69803797
73600 0.11877629 0.47789897 3.68782172
73700 0.13321159 0.47481113 2.53814163
73800 0.17312346 0.47524978 0.67994997
73900 0.15136864 0.42813117 1.42162752
74000 0.15072549 0.47065008 1.42720168
74100 0.15025733 0.38445979 3.38492591
74200 0.16301087 0.44696968 0.68868927
74300 0.15690542 0.41825329 1.43249803
74400 0.13381679 0.45309126 2.19488660
74500 0.15867412 0.42474589 1.17279902
74600 0.15092558 0.41455970 1.83215673
74700 0.15900476 0.45508447 0.85323069
74800 0.11897058 0.45681674 3.30611737
74900 0.17460576 0.42582198 0.61472188
75000 0.13608726 0.41359110 2.70522296
75100 0.14174240 0.44667732 1.70249410
75200 0.14398817 0.43716136 1.65107763
75300 0.11823956 0.42876088 3.56793479
75400 0.17969498 0.47287386 0.46775346
75500 0.13597442 0.42742584 2.30443366
75600 0.14754688 0.44177191 1.40951540
75700 0.19200097 0.45315672 0.03697467
75800 0.17066904 0.40881911 1.27808515
75900 0.14188919 0.44319582 1.71158174
76000 0.11426632 0.47754061 4.05437413
76100 0.15142535 0.42676525 1.44967521
76200 0.17988242 0.44072997 0.24532535
76300 0.21779854 0.48887575 0.91405592
76400 0.15065580 0.42377933 1.56118655
76500 0.13613640 0.43619047 2.13463134
76600 0.15811677 0.41161598 1.61376885
76700 0.17475487 0.46548537 0.43855670
76800 0.14381178 0.44470448 1.59257940
76900 0.12342341 0.45650632 2.95315347
77000 0.17997641 0.44109890 0.24008680
77100 0.20589520 0.39512154 1.52319960
77200 0.15078670 0.49458111 2.20471184
77300 0.07365587 0.45602863 7.99959192
77400 0.15711693 0.49699508 2.02374767
77500 0.12069541 0.41811446 3.65295313
77600 0.18207593 0.42184812 0.55690043
77700 0.06821840 0.45348724 8.68927525
77800 0.13764108 0.40379282 3.01186955
77900 0.12777832 0.43199218 2.77012652
78000 0.17030881 0.41647759 1.00265930
78100 0.11653611 0.45953410 3.52856011
78200 0.15666439 0.44506516 0.95116401
78300 0.17534084 0.40683143 1.23580009
78400 0.16476254 0.44404034 0.63859805
78500 0.14149601 0.41197988 2.43412301
78600 0.15645547 0.46754766 1.10202316
78700 0.18244873 0.43173582 0.32081375
78800 0.10241424 0.48302734 5.30689269
78900 0.18287120 0.46184153 0.21680877
79000 0.15663892 0.42456500 1.26356119
79100 0.16365165 0.40942185 1.48389427
79200 0.13438191 0.40151083 3.32846679
79300 0.12013189 0.45598385 3.20736088
79400 0.16485716 0.40747148 1.52184700
79500 0.15949646 0.43214188 0.97972471
79600 0.13244587 0.38864635 4.16391532
79700 0.17020277 0.44829373 0.44539306
79800 0.17508193 0.41203076 1.03128658
79900 0.11283540 0.44830165 3.80027578
80000 0.09904782 0.48627533 5.75362057
80100 0.12995494 0.45159108 2.45442066
80200 0.15925449 0.42003248 1.27912456
80300 0.14780991 0.43918530 1.42038185
80400 0.18245812 0.43805449 0.22520632
80500 0.19551151 0.46361355 0.10273765
80600 0.15344378 0.45149170 1.08485356
80700 0.14729166 0.44881791 1.38978324
80800 0.14057886 0.47839527 2.16858172
80900 0.17609498 0.47073564 0.50070834
81000 0.12483948 0.49041986 3.64143410
81100 0.10580094 0.38813399 6.35043305
81200 0.22692260 0.42730379 0.61997211
81300 0.15787952 0.44664056 0.89271034
81400 0.14996465 0.42218901 1.63849384
81500 0.14449476 0.39986800 2.79702433
81600 0.20192700 0.42927729 0.21657210
81700 0.13894576 0.43304009 2.00762923
81800 0.19153090 0.39994944 1.28839203
81900 0.18626966 0.46691979 0.23740073
82000 0.16253568 0.45176364 0.70334302
82100 0.20305430 0.42332097 0.36054972
82200 0.19475206 0.41422811 0.65358434
82300 0.14652017 0.44383166 1.44907021
82400 0.16032335 0.48100244 1.26769382
82500 0.13097169 0.41506893 2.99254366
82600 0.17328144 0.47414317 0.64838700
82700 0.14852200 0.42196964 1.71784256
82800 0.16874025 0.43221384 0.64675970
82900 0.16303924 0.42747233 0.93679672
83000 0.17737877 0.44750893 0.25896281
83100 0.17628422 0.42848781 0.51260611
83200 0.16533185 0.47508475 0.91556246
83300 0.08485218 0.43843642 6.69636802
83400 0.17866195 0.43421149 0.35229480
83500 0.14158406 0.45875024 1.74449430
83600 0.20271136 0.41986656 0.45768774
83700 0.12301880 0.47425541 3.25721510
83800 0.09944763 0.42117748 5.47075885
83900 0.17356329 0.47778626 0.73548785
84000 0.13327505 0.39832541 3.56124142
84100 0.17863296 0.40703134 1.15142827
84200 0.16435024 0.41220007 1.34987006
84300 0.14947561 0.41342386 1.94526408
84400 0.19785316 0.44821232 0.00390237
84500 0.14462792 0.46045413 1.58767779
84600 0.15851879 0.46080549 0.91872468
84700 0.17227700 0.47560065 0.71197909
84800 0.14757178 0.39782000 2.73573530
84900 0.19155263 0.44612881 0.04317211
85000 0.13582071 0.48142450 2.55324011
85100 0.13368667 0.42356408 2.54815772
85200 0.14464735 0.45969249 1.57893009
85300 0.14793927 0.42759633 1.60612203
85400 0.17833620 0.41034319 1.02099141
85500 0.14361378 0.45703192 1.61442709
85600 0.18599164 0.39086893 1.84635900
85700 0.12844290 0.46203382 2.63261585
85800 0.15535713 0.45258419 0.99983204
85900 0.07098554 0.42304113 8.68575597
86000 0.16884510 0.46091225 0.54485255
86100 0.13644714 0.43553264 2.12413520
86200 0.19061273 0.44038905 0.09024555
86300 0.13288700 0.45807407 2.28467273
86400 0.13584425 0.42438712 2.38598997
86500 0.14698120 0.46556036 1.52655901
86600 0.13588846 0.40577291 3.03316254
86700 0.17795244 0.44867776 0.24392160
86800 0.11442091 0.39420029 5.21869431
86900 0.10901412 0.44936457 4.13941686
87000 0.21089474 0.39240853 1.71773624
87100 0.09323661 0.43997174 5.74949369
87200 0.09488887 0.45270513 5.52783384
87300 0.16887211 0.42804262 0.72553609
87400 0.17037532 0.42416573 0.77251567
87500 0.15870526 0.44751312 0.85572021
87600 0.17536813 0.44433097 0.31943344
87700 0.16936404 0.44160976 0.50447905
87800 0.18359925 0.40642762 1.08376839
87900 0.09232315 0.41979480 6.25332879
88000 0.17701875 0.42590072 0.55445677
88100 0.14598182 0.46185400 1.52924070
88200 0.16177441 0.41574137 1.31742483
88300 0.18665341 0.40533668 1.08647190
88400 0.20377051 0.39048627 1.77805016
88500 0.17542807 0.41348634 0.96851356
88600 0.10891738 0.41742594 4.67855674
88700 0.20137097 0.42513150 0.31016084
88800 0.18643798 0.47360364 0.37053024
88900 0.15170327 0.43259201 1.31780599
89000 0.13852085 0.41353825 2.55457258
89100 0.18122178 0.44970158 0.17635533
89200 0.16686514 0.41229049 1.25996313
89300 0.19665968 0.44092115 0.04679160
89400 0.12323683 0.45799582 2.97825845
89500 0.14306667 0.41337256 2.29148680
89600 0.14620400 0.41848476 1.94360996
89700 0.17547936 0.43977883 0.35286699
89800 0.13763333 0.47283417 2.20550025
89900 0.12950436 0.47844205 2.88929276
90000 0.19976115 0.47080024 0.21635357
90100 0.18020470 0.42510842 0.50572236
90200 0.18478917 0.45912188 0.15728906
90300 0.16897465 0.49249938 1.38438466
90400 0.14387285 0.47556440 1.90189787
90500 0.10509267 0.43083261 4.68739546
90600 0.10379092 0.45711886 4.65343223
90700 0.16722029 0.44953690 0.53736198
90800 0.16906882 0.40076776 1.69027598
90900 0.12642769 0.43612516 2.80269819
91000 0.20841675 0.40301134 1.13938814
91100 0.17160847 0.45441085 0.41276716
91200 0.14017567 0.45014096 1.78948515
91300 0.14361851 0.44719546 1.59336864
91400 0.12505659 0.48144354 3.30260547
91500 0.13350896 0.41453841 2.83929183
91600 0.15515371 0.51439659 3.07905529
91700 0.16292368 0.46294488 0.77111176
91800 0.07452790 0.45575075 7.88815996
91900 0.15004971 0.44501367 1.25994753
92000 0.20302161 0.46673035 0.14451730
92100 0.18699065 0.36373471 3.80547180
92200 0.13535425 0.42792247 2.33324535
92300 0.17944043 0.44303150 0.23562785
92400 0.15507635 0.45498150 1.02147489
92500 0.16715864 0.44009021 0.58837936
92600 0.22274612 0.41300618 0.94296439
92700 0.17832959 0.40284144 1.34676816
92800 0.14116683 0.45970510 1.77776532
92900 0.16231605 0.43998734 0.76016678
93000 0.16921342 0.44512356 0.48579658
93100 0.15674735 0.42857464 1.16491876
93200 0.15689500 0.45210438 0.93123477
93300 0.17149826 0.40081660 1.61567796
93400 0.17619882 0.46423899 0.38462261
93500 0.13885958 0.42632336 2.14936701
93600 0.17642019 0.43800623 0.34992903
93700 0.13086443 0.38922779 4.23649443
93800 0.15597612 0.46669370 1.10839061
93900 0.09583145 0.44295068 5.45038977
94000 0.13575687 0.45193133 2.06545515
94100 0.07523757 0.47786047 8.17093435
94200 0.18132370 0.44452633 0.18938268
94300 0.13400699 0.43210392 2.33767378
94400 0.13857007 0.48404694 2.46641519
94500 0.13130745 0.43381192 2.49036035
94600 0.13969399 0.41214840 2.53477947
94700 0.16020062 0.45432790 0.80136079
94800 0.17058630 0.46796038 0.59387055
94900 0.19357965 0.42903420 0.24039275
95000 0.16000744 0.41342642 1.46851568
95100 0.11703719 0.44785067 3.44372384
95200 0.15645511 0.44737778 0.95151654
95300 0.17786228 0.45689998 0.26884421
95400 0.16948010 0.44832951 0.46712742
95500 0.20005654 0.37334946 2.93765394
95600 0.08762219 0.45837560 6.34946096
95700 0.13766800 0.43419789 2.06749258
95800 0.11061063 0.46446456 4.09984113
95900 0.12959818 0.40979762 3.28632414
96000 0.13515105 0.42262799 2.47730660
96100 0.18511137 0.42107908 0.52904554
96200 0.10368514 0.42399641 4.97636958
96300 0.11184802 0.48128865 4.37487516
96400 0.18187098 0.44713452 0.16843620
96500 0.18616047 0.40019742 1.33591470
96600 0.13476807 0.41201464 2.84904647
96700 0.18117986 0.42095031 0.59904088
96800 0.14214802 0.41598895 2.25180153
96900 0.11850499 0.43621806 3.41568925
97000 0.16687399 0.44506628 0.56083715
97100 0.12614176 0.49291527 3.64838018
97200 0.16508422 0.43254705 0.76185865
97300 0.15061656 0.44736209 1.22284152
97400 0.14736527 0.42532586 1.68961434
97500 0.18028345 0.43117042 0.37164777
97600 0.17830159 0.43310294 0.37816578
97700 0.10464685 0.39196802 6.22996711
97800 0.17248512 0.44075861 0.42123589
97900 0.22191994 0.43334283 0.37897254
98000 0.20766803 0.45467363 0.04032071
98100 0.18278391 0.45670314 0.17066282
98200 0.14913580 0.45438983 1.30321887
98300 0.14786333 0.44548548 1.36930672
98400 0.15743586 0.42660427 1.17953306
98500 0.14856854 0.37770722 3.93572042
98600 0.14511574 0.44340085 1.52791532
98700 0.16626077 0.44112363 0.60856275
98800 0.19084331 0.45124403 0.04269630
98900 0.13205322 0.46987257 2.50584169
99000 0.17791685 0.42657095 0.51829282
99100 0.13859843 0.44085480 1.92689396
99200 0.14282512 0.46274416 1.71569015
99300 0.12669044 0.46266934 2.76740200
99400 0.19042985 0.45246236 0.04882547
99500 0.16166588 0.46739078 0.88597211
99600 0.17118236 0.40690214 1.34394106
99700 0.17411137 0.45799102 0.36703884
99800 0.17510687 0.43812799 0.38030633
99900 0.16922841 0.46514733 0.58816635
100000 0.08030746 0.44114135 7.20238968
100100 0.16592146 0.48517427 1.19928838
100200 0.16516036 0.38562161 2.67918836
100300 0.20131976 0.45570650 0.01715296
100400 0.13340339 0.42295071 2.58338626
100500 0.09355152 0.42689635 5.93252837
100600 0.13690097 0.43664258 2.07995435
100700 0.17412241 0.42842285 0.56761142
100800 0.12485566 0.45084017 2.82368875
100900 0.16845676 0.43877039 0.56054018
101000 0.13908955 0.42294409 2.22105273
101100 0.20691437 0.45583349 0.04091907
101200 0.18110454 0.44437381 0.19434625
101300 0.16902545 0.45507330 0.49258048
101400 0.15453033 0.47375287 1.31584500
101500 0.14448865 0.47163145 1.77471494
101600 0.17135537 0.43434813 0.53274791
101700 0.14866394 0.44528609 1.32880617
101800 0.10653442 0.47727970 4.73999824
101900 0.12420163 0.47213366 3.11764585
102000 0.17012822 0.43952616 0.50101229
102100 0.18338274 0.45900792 0.17863806
102200 0.14777116 0.47468471 1.66859310
102300 0.08883077 0.43466223 6.29692292
102400 0.11774914 0.43053317 3.57208051
102500 0.10010860 0.49659984 6.07491885
102600 0.18756709 0.42608779 0.36318546
102700 0.15752980 0.45650592 0.92302260
102800 0.16709126 0.44663018 0.54717044
102900 0.11758386 0.42076632 3.82351452
103000 0.11333737 0.48815801 4.48322264
103100 0.12958365 0.40939116 3.30376978
103200 0.17079196 0.43296633 0.57162781
103300 0.12662137 0.42631889 2.97260913
103400 0.14862523 0.45756692 1.34831264
103500 0.16424353 0.45998314 0.68909431
103600 0.16761504 0.38038999 2.94716933
103700 0.15637583 0.43060889 1.13954188
103800 0.15967726 0.46119223 0.87559473
103900 0.14790268 0.44633757 1.36377197
104000 0.15560485 0.44767241 0.98817347
104100 0.16816850 0.40376160 1.57561711
104200 0.11071016 0.43173950 4.15306081
104300 0.14218068 0.47731622 2.04462466
104400 0.12107405 0.47892952 3.53311121
104500 0.21012227 0.46004410 0.10167220
104600 0.15431443 0.39149817 2.75481774
104700 0.14220966 0.44881460 1.67056431
104800 0.15633477 0.44000312 1.00329498
104900 0.17131448 0.41789021 0.92694893
105000 0.17199336 0.45980985 0.44030256
105100 0.19601415 0.41326014 0.68285233
105200 0.13966022 0.44538888 1.83107549
105300 0.14672123 0.46894071 1.59868912
105400 0.19888726 0.44555064 0.01051748
105500 0.20932261 0.44609018 0.05109888
105600 0.14851451 0.43303939 1.46920920
105700 0.12783857 0.43931958 2.66067195
105800 0.13866013 0.37567700 4.64324437
105900 0.16102241 0.47729919 1.13224922
106000 0.18480517 0.41345158 0.78333507
106100 0.18067917 0.42663049 0.45971430
106200 0.14213461 0.42948843 1.88456407
106300 0.23396774 0.37517659 3.37617499
106400 0.17429270 0.46406201 0.42930266
106500 0.17602754 0.45490565 0.29937201
106600 0.14269547 0.44294660 1.66677963
106700 0.13116888 0.46372957 2.46311220
106800 0.16302520 0.47547454 1.00804381
106900 0.15106577 0.43379722 1.32854440
107000 0.15246362 0.42888314 1.35281431
107100 0.11931780 0.46821481 3.42069804
107200 0.17270435 0.42192167 0.76672243
107300 0.13453777 0.39629014 3.58502584
107400 0.16193820 0.44341639 0.74602242
107500 0.17601803 0.45839096 0.32277156
107600 0.13781288 0.41722761 2.47063351
107700 0.15294175 0.46309694 1.19300444
107800 0.14240248 0.42095053 2.08067294
107900 0.20910776 0.44284655 0.06706155
108000 0.16324969 0.44103107 0.71551334
108100 0.15541570 0.38854009 2.88254011
108200 0.13670563 0.46666688 2.14198082
108300 0.14026165 0.47501501 2.09721052
108400 0.10402065 0.46569844 4.72923819
108500 0.16738330 0.44057086 0.57637902
108600 0.15080155 0.43245720 1.36411886
108700 0.19427563 0.43212526 0.17613745
108800 0.14918422 0.43776960 1.36591283
108900 0.14541509 0.45540481 1.50436214
109000 0.14757776 0.43230511 1.53059999
109100 0.15895633 0.40585315 1.81676359
109200 0.15330982 0.41908886 1.56773609
109300 0.15383047 0.48023262 1.52281842
109400 0.18171889 0.43493262 0.28061235
109500 0.15017551 0.42182534 1.63814563
109600 0.12543776 0.43061528 2.96764792
109700 0.08768093 0.45221519 6.31024009
109800 0.11354919 0.44914212 3.73723907
109900 0.12962039 0.42579963 2.76947393
110000 0.25141372 0.39165667 3.02365722
110100 0.19249706 0.43843828 0.09498373
110200 0.10124002 0.43696764 4.96168777
110300 0.12051077 0.43450704 3.27928485
110400 0.13759052 0.43613269 2.04362287
110500 0.13990317 0.44166768 1.84052826
110600 0.15054589 0.44230945 1.25242687
110700 0.17817825 0.46667326 0.37709321
110800 0.12924580 0.44621262 2.51025031
110900 0.16431846 0.42654882 0.91156527
111000 0.19428274 0.45170469 0.01779652
111100 0.11417981 0.49566064 4.72499950
111200 0.18405666 0.46894533 0.30655785
111300 0.16038692 0.40875906 1.63500554
111400 0.17107532 0.46305517 0.50353739
111500 0.15796524 0.45961609 0.92969504
111600 0.12404417 0.42244248 3.26435224
111700 0.14632966 0.44638381 1.44679131
111800 0.15908374 0.46090005 0.89647588
111900 0.10822179 0.47750885 4.58998833
112000 0.19729696 0.45112377 0.00428464
112100 0.11914652 0.49407144 4.23978817
112200 0.17880157 0.44492296 0.23757481
112300 0.20416244 0.44097277 0.04940835
112400 0.13809515 0.40509708 2.92424135
112500 0.16884884 0.43917021 0.54383955
112600 0.14621856 0.47062364 1.65888908
112700 0.12126410 0.43436891 3.22183625
112800 0.17911883 0.46035330 0.27160714
112900 0.13801810 0.42855091 2.15090992
113000 0.13663021 0.46355977 2.09979915
113100 0.15761048 0.42653500 1.17373860
113200 0.18530948 0.45204472 0.10999619
113300 0.18809200 0.41781258 0.58891532
113400 0.19671894 0.42139460 0.41451710
113500 0.15869417 0.40876340 1.70331458
113600 0.10995466 0.43227295 4.21120610
113700 0.12793451 0.43277839 2.74500908
113800 0.14394799 0.43944602 1.62660734
113900 0.20540939 0.43717420 0.09688134
114000 0.12790421 0.39120018 4.32761053
114100 0.11509277 0.43289329 3.75093826
114200 0.13281207 0.44621669 2.26426598
114300 0.18852458 0.42647005 0.34267198
114400 0.11471605 0.44837345 3.63799893
114500 0.16286378 0.43131085 0.86419149
114600 0.16734549 0.48090872 1.01083312
114700 0.15975206 0.42883493 1.03392855
114800 0.18113906 0.48550869 0.80830114
114900 0.14658418 0.40633437 2.37996850
115000 0.13221036 0.45136223 2.29864571
115100 0.16452137 0.43939652 0.68558365
115200 0.16673715 0.41315323 1.23205067
115300 0.13486982 0.47055112 2.33214417
115400 0.17125755 0.41903687 0.89242175
115500 0.12246191 0.43367381 3.13934985
115600 0.19945647 0.42345638 0.35242948
115700 0.12634069 0.42454185 3.03690582
115800 0.16968483 0.48403053 1.03854342
115900 0.17582916 0.44089878 0.33353091
116000 0.17769537 0.43134228 0.42280339
116100 0.15983604 0.44158760 0.84195613
116200 0.14152900 0.43903396 1.76955620
116300 0.19748811 0.35608314 4.41334270
116400 0.12601238 0.44512152 2.74898376
116500 0.14699492 0.42459508 1.72747445
116600 0.13851613 0.44426004 1.90660653
116700 0.17602281 0.43944261 0.34318203
116800 0.14286364 0.47063319 1.84514593
116900 0.13389682 0.44091660 2.22606942
117000 0.12992085 0.44749741 2.45867534
117100 0.20469688 0.44354741 0.03184827
117200 0.15835565 0.45285256 0.87119438
117300 0.15893055 0.44655586 0.84928085
117400 0.14024774 0.44674316 1.79046964
117500 0.22276890 0.47532957 0.58000489
117600 0.14053715 0.46303377 1.85285512
117700 0.13948816 0.44379465 1.85009469
117800 0.16342284 0.44061024 0.71302815
117900 0.16479524 0.45646932 0.64061372
118000 0.15092112 0.46229837 1.27999298
118100 0.12278630 0.44688488 2.98582945
118200 0.09892909 0.44594812 5.11587314
118300 0.17297598 0.44217312 0.39577896
118400 0.17355694 0.43245667 0.50350191
118500 0.17324735 0.41671479 0.91180495
118600 0.19062292 0.43049581 0.23417158
118700 0.20929399 0.41904420 0.52231972
118800 0.19694196 0.42717258 0.26522131
118900 0.16229825 0.44335932 0.73276016
119000 0.16202073 0.43492486 0.83484238
119100 0.12347914 0.46135308 2.99216714
119200 0.22495252 0.44638169 0.31786017
119300 0.14077433 0.44526902 1.76503109
119400 0.13175797 0.43581202 2.42913688
119500 0.16475306 0.43259506 0.77263915
119600 0.12326618 0.44039596 2.99015829
119700 0.10917364 0.44381822 4.14382117
119800 0.21223185 0.41127524 0.82461261
119900 0.15234471 0.42557000 1.43392578
120000 0.17101229 0.43609495 0.51681892
120100 0.18428781 0.42887614 0.34654503
120200 0.16287744 0.42003642 1.13795011
120300 0.19838158 0.42767106 0.25060052
120400 0.16113069 0.42050740 1.19031813
120500 0.17513592 0.46393308 0.40617664
120600 0.17592589 0.38265365 2.55754650
120700 0.15902160 0.42959297 1.04783797
120800 0.17140137 0.42931954 0.62278141
120900 0.15681125 0.45296104 0.93701789
121000 0.14907467 0.46194639 1.36805257
121100 0.14616184 0.44219052 1.47976756
121200 0.13639876 0.47192317 2.26287161
121300 0.17607434 0.44669064 0.29169458
121400 0.16004244 0.42674331 1.06874030
121500 0.12730122 0.45153149 2.64372939
121600 0.10544071 0.45467348 4.48165082
121700 0.19319918 0.45500074 0.03562924
121800 0.16482221 0.44786229 0.62102319
121900 0.18805538 0.42420323 0.40407358
122000 0.12908722 0.47185893 2.75321747
122100 0.15259381 0.42050406 1.55867864
122200 0.15951043 0.46928011 1.00556374
122300 0.14408613 0.37058001 4.71694746
122400 0.16424727 0.43909518 0.69858649
122500 0.14893419 0.46003660 1.35422511
122600 0.13508025 0.44081664 2.14945386
122700 0.11834863 0.44714118 3.33755986
122800 0.13883968 0.44291036 1.89542375
122900 0.13886028 0.42128425 2.28132982
123000 0.13430247 0.43740346 2.23741930
123100 0.13268419 0.37325025 5.21097120
123200 0.12903028 0.43133586 2.69252546
123300 0.08031835 0.46074678 7.21959475
123400 0.12687401 0.41831738 3.17559969
123500 0.09408872 0.41045520 6.39049540
123600 0.17193548 0.41448280 1.02454461
123700 0.14406414 0.43205339 1.72545031
123800 0.16970682 0.47449152 0.75875543
123900 0.15899270 0.41825002 1.34483014
124000 0.14896395 0.47653919 1.65450340
124100 0.19325743 0.47385580 0.30728080
124200 0.15011520 0.43722685 1.32582330
124300 0.17132337 0.43887291 0.47308070
124400 0.13106955 0.42996002 2.57650367
124500 0.22953206 0.45441115 0.44580044
124600 0.15843904 0.47397082 1.15095695
124700 0.17358831 0.46577036 0.47314079
124800 0.18700139 0.42990177 0.28645138
124900 0.13310964 0.46832605 2.40508222
125000 0.20342615 0.42825469 0.24229861
125100 0.11568357 0.42599982 3.84263463
125200 0.14304353 0.45655338 1.64349319
125300 0.12831646 0.45458923 2.57979552
125400 0.12920977 0.44614085 2.51307500
125500 0.16967183 0.41983943 0.91472884
125600 0.17535631 0.40386559 1.36784753
125700 0.12455283 0.45968699 2.89305695
125800 0.14374293 0.44631705 1.58921092
125900 0.11342538 0.42416791 4.08123073
126000 0.17849208 0.44587311 0.23981089
126100 0.12814917 0.47351145 2.85766483
126200 0.20101961 0.48546212 0.62930063
126300 0.16061996 0.42999173 0.97555950
126400 0.18851999 0.42848201 0.29740728
126500 0.19418301 0.41289265 0.70539629
126600 0.13313766 0.46362499 2.32810661
126700 0.12101133 0.44776644 3.12209960
126800 0.11355543 0.42862492 3.96477893
126900 0.15073174 0.41843590 1.71182700
127000 0.16948297 0.43987081 0.51694469
127100 0.17272340 0.42563711 0.66878162
127200 0.18314737 0.46295317 0.22589788
127300 0.16241224 0.45916702 0.74843709
127400 0.17018561 0.45389682 0.45204167
127500 0.14522418 0.46307359 1.58565481
127600 0.09875142 0.45092890 5.12606852
127700 0.17370480 0.45732284 0.37253067
127800 0.19810546 0.42248088 0.38044556
127900 0.11241850 0.41882874 4.32108348
128000 0.17860051 0.48519182 0.84820115
128100 0.10293104 0.41277306 5.40411425
128200 0.13896859 0.47498734 2.17460033
128300 0.13247817 0.45167453 2.28100086
128400 0.14236977 0.40788983 2.54725497
128500 0.20736523 0.42182865 0.42393585
128600 0.17276906 0.46641289 0.50545360
128700 0.13820048 0.43485865 2.02422026
128800 0.15561210 0.44647104 0.99136958
128900 0.16730506 0.42718294 0.79478880
129000 0.15109001 0.39740214 2.57936098
129100 0.12392540 0.44813494 2.89541174
129200 0.16310274 0.46509709 0.79466504
129300 0.14710034 0.44983597 1.39920055
129400 0.13178331 0.45284239 2.33079806
129500 0.14019673 0.47315060 2.05619064
129600 0.16434592 0.45192434 0.63745840
129700 0.15237582 0.44433426 1.15008148
129800 0.17333537 0.41076705 1.12511354
129900 0.15862756 0.45455325 0.86620532
130000 0.14242790 0.39895344 2.96014920
130100 0.16809121 0.47924152 0.93661857
130200 0.13620373 0.42659210 2.30894663
130300 0.17072252 0.44269508 0.45526639
130400 0.15571348 0.47133282 1.20819276
130500 0.17183275 0.42066473 0.82697620
130600 0.12297817 0.48838084 3.70272573
130700 0.17503998 0.45085271 0.31186498
130800 0.13521159 0.40813427 2.97513851
130900 0.15807529 0.43138522 1.05209571
131000 0.16491996 0.40194712 1.76984426
131100 0.17890294 0.40420432 1.27116503
131200 0.15443331 0.45594557 1.05583638
131300 0.19739950 0.39679461 1.41878823
131400 0.12084561 0.40870039 3.98553766
131500 0.12465088 0.41061041 3.61451491
131600 0.11924261 0.46326763 3.34889281
131700 0.14519285 0.44822215 1.50349197
131800 0.12949735 0.43736834 2.56509125
131900 0.19096270 0.38655243 2.05363351
132000 0.13109597 0.44302777 2.39818898
132100 0.18320160 0.47468983 0.44588710
132200 0.15108983 0.45384882 1.20350928
132300 0.20046442 0.41417844 0.64169987
132400 0.13060708 0.41591206 2.98868214
132500 0.14838503 0.43191705 1.49554895
132600 0.15475280 0.41292660 1.71087321
132700 0.19972090 0.44570040 0.00928221
132800 0.13229526 0.44875060 2.29274653
132900 0.17475481 0.48693585 1.00078824
133000 0.15749239 0.41545678 1.50006518
133100 0.14879412 0.45495494 1.32329688
133200 0.14267490 0.44970998 1.64312552
133300 0.17534001 0.48928883 1.07586370
133400 0.17075067 0.44044031 0.47345565
133500 0.16768780 0.41448080 1.15284611
133600 0.12912755 0.44084243 2.55338269
133700 0.15899261 0.40588422 1.81390395
133800 0.15164249 0.42729666 1.42694537
133900 0.12642792 0.44098491 2.74706155
134000 0.15816723 0.41040387 1.65891712
134100 0.11705994 0.40677317 4.37380649
134200 0.15032624 0.40744416 2.13924114
134300 0.13443691 0.40659691 3.09117382
134400 0.15571194 0.43229772 1.13740160
134500 0.10783465 0.46305153 4.33239707
134600 0.13873695 0.44752162 1.87965202
134700 0.18899832 0.39593773 1.52188278
134800 0.14003450 0.47393729 2.08442743
134900 0.10488332 0.43890242 4.58516977
135000 0.15040184 0.40633056 2.18349860
135100 0.20161661 0.47055967 0.21265677
135200 0.18369709 0.43889821 0.19451739
135300 0.10762772 0.44129765 4.30418453
135400 0.14679751 0.44246607 1.44363255
135500 0.13686978 0.44114549 2.03191366
135600 0.12669385 0.46629082 2.81959158
135700 0.12873709 0.43546458 2.64484038
135800 0.15281167 0.41817907 1.61965521
135900 0.15156263 0.43709424 1.25636888
136000 0.18770942 0.47359628 0.35392124
136100 0.14158877 0.43035322 1.89893365
136200 0.19518001 0.43172742 0.17855976
136300 0.14054545 0.42512169 2.07688668
136400 0.14884817 0.45757805 1.33696813
136500 0.15217926 0.43107725 1.32244672
136600 0.14091704 0.40257143 2.87013242
136700 0.15708343 0.45532012 0.93506762
136800 0.15864415 0.43354691 0.99050545
136900 0.18611477 0.44052044 0.14133092
137000 0.12748648 0.45287168 2.63322878
137100 0.15537336 0.43364140 1.12957045
137200 0.21698457 0.44876633 0.14499872
137300 0.16696297 0.47345163 0.82071195
137400 0.13870077 0.45121870 1.87954043
137500 0.14303481 0.48660193 2.29236705
137600 0.16601898 0.42826011 0.81366625
137700 0.11149818 0.42545434 4.21753049
137800 0.14577354 0.45522601 1.48391016
137900 0.17139942 0.45971273 0.45616525
138000 0.14744313 0.41899990 1.86161548
138100 0.16935752 0.42838099 0.70317161
138200 0.14225876 0.49081423 2.49992633
138300 0.18999528 0.46903852 0.23127975
138400 0.12664625 0.43176223 2.85669467
138500 0.16049423 0.45477732 0.79176419
138600 0.12283948 0.43536639 3.08394384
138700 0.19113069 0.44973682 0.03936693
138800 0.13871915 0.45887126 1.91702075
138900 0.13320154 0.43001690 2.43067934
139000 0.18300902 0.42182950 0.54113519
139100 0.16736635 0.42525388 0.83866272
139200 0.15383355 0.44465546 1.07995236
139300 0.18578102 0.43481638 0.21636085
139400 0.13797273 0.46377257 2.01853299
139500 0.11804016 0.43664378 3.44790223
139600 0.13901378 0.48124167 2.34768051
139700 0.15132115 0.46510090 1.29883386
139800 0.17087294 0.42789879 0.66842464
139900 0.11880791 0.43945677 3.35165727
140000 0.15230256 0.47768584 1.52077578
140100 0.12577112 0.44255470 2.78267970
140200 0.18934543 0.43617811 0.15228226
140300 0.18335611 0.40661885 1.07947184
140400 0.11085180 0.48894435 4.73203171
140500 0.13826743 0.44149326 1.94163761
140600 0.13197295 0.43414605 2.43951389
140700 0.19409304 0.41555331 0.61073331
140800 0.13654968 0.43071056 2.19901319
140900 0.17343297 0.43584009 0.45315499
141000 0.15616221 0.46678232 1.10169905
141100 0.15119523 0.42443721 1.51768070
141200 0.18466290 0.41741300 0.64856969
141300 0.12845409 0.46754214 2.71327226
141400 0.15127862 0.47217002 1.43264100
141500 0.13647196 0.45576422 2.03451892
141600 0.11059092 0.42964848 4.20408394
141700 0.15506987 0.47340914 1.28335231
141800 0.14082651 0.42800472 1.99264687
141900 0.09897177 0.47223513 5.35055237
142000 0.18607640 0.43626569 0.19124895
142100 0.17737891 0.47348115 0.53153892
142200 0.15868913 0.45769689 0.88291507
142300 0.16210111 0.45743711 0.74581837
142400 0.10490798 0.40191139 5.67750346
142500 0.14290717 0.44218922 1.66029993
142600 0.15842458 0.41024756 1.65438576
142700 0.14618744 0.40147259 2.62535050
142800 0.11545638 0.44628917 3.58069698
142900 0.13771027 0.46955077 2.13112149
143000 0.16670103 0.40529107 1.55385481
143100 0.16500818 0.43520053 0.72172576
143200 0.12133103 0.45663032 3.11638376
143300 0.23402432 0.42281806 0.94825609
143400 0.13792857 0.41785608 2.44304681
143500 0.16693123 0.42133663 0.95756603
143600 0.12077512 0.44109835 3.17791067
143700 0.15590444 0.48373042 1.54107982
143800 0.10252083 0.43742268 4.83018911
143900 0.18949696 0.47137641 0.28363236
144000 0.17574485 0.43179169 0.45992729
144100 0.13031574 0.43619694 2.52321015
144200 0.15270488 0.42938258 1.33095330
144300 0.18707080 0.47383919 0.36773561
144400 0.17225153 0.44788364 0.38722832
144500 0.18877705 0.45019332 0.06299602
144600 0.16833569 0.44377768 0.52067288
144700 0.16651959 0.48753580 1.26493683
144800 0.13614666 0.41670959 2.59275019
144900 0.11205768 0.44622739 3.87404242
145000 0.12873582 0.40368998 3.61160114
145100 0.21103218 0.47532063 0.38142172
145200 0.15965990 0.44225837 0.84362820
145300 0.20381369 0.43913900 0.06625273
145400 0.12968561 0.44048073 2.51736467
145500 0.16369447 0.44991273 0.65904973
145600 0.13181638 0.41993241 2.77653298
145700 0.14272810 0.43265473 1.79046450
145800 0.13340530 0.39084943 3.96682200
145900 0.13591050 0.43442808 2.17497455
146000 0.19898867 0.42220942 0.38666966
146100 0.18807345 0.37672758 2.75554478
146200 0.08654955 0.48306938 6.98229466
146300 0.12856616 0.41236012 3.25977719
146400 0.11069573 0.42989152 4.18980162
146500 0.11681739 0.45159221 3.46094110
146600 0.14653760 0.45324754 1.43438738
146700 0.10680041 0.41843721 4.84118679
146800 0.16072085 0.44284010 0.79705773
146900 0.18870395 0.45281204 0.06775417
147000 0.12837054 0.46761919 2.72060799
147100 0.12009010 0.42107508 3.61112184
147200 0.15256263 0.39784770 2.48508342
147300 0.12582128 0.48902355 3.51265959
147400 0.15821191 0.42634128 1.15298948
147500 0.12353335 0.40517834 3.92806468
147600 0.19128239 0.42141518 0.44654426
147700 0.11323779 0.41679112 4.31525551
147800 0.15662710 0.42072310 1.36917245
147900 0.16515700 0.46020934 0.65913256
148000 0.13453048 0.42409782 2.47859024
148100 0.15916855 0.40283332 1.94595169
148200 0.10181763 0.44235776 4.84909083
148300 0.13840805 0.47619990 2.24000126
148400 0.19038567 0.45355769 0.05254628
148500 0.15368725 0.45135528 1.07335386
148600 0.18020570 0.43974840 0.24845479
148700 0.17433885 0.46050659 0.38444154
148800 0.14254323 0.45141897 1.65164705
148900 0.11522064 0.39390672 5.16699759
149000 0.19901251 0.39936962 1.28220541
149100 0.13199586 0.44000941 2.36218720
149200 0.16383290 0.45546125 0.66894210
149300 0.16616221 0.43311999 0.71496543
149400 0.15540298 0.40524576 1.99591809
149500 0.15305386 0.42767280 1.35122213
149600 0.12128196 0.44191062 3.13098364
149700 0.13303289 0.44998693 2.24229681
149800 0.23433171 0.43463153 0.70742794
149900 0.17174259 0.43836483 0.46692908
150000 0.17364884 0.42908640 0.56588114
150100 0.11602155 0.43215887 3.68534269
150200 0.17728951 0.45592073 0.27541056
150300 0.13847352 0.43384100 2.02331049
150400 0.15481595 0.40480203 2.04222741
150500 0.17709763 0.46285737 0.34491535
150600 0.17847575 0.45412667 0.24016127
150700 0.16141449 0.45034024 0.74447867
150800 0.16565452 0.45017839 0.58982207
150900 0.21505602 0.42470621 0.43322986
151000 0.13086231 0.42709308 2.65237362
151100 0.18270960 0.44643376 0.15583807
151200 0.13998684 0.41660137 2.35852386
151300 0.20308852 0.44261295 0.03205377
151400 0.15709320 0.43378525 1.05195608
151500 0.15483661 0.42662834 1.29298314
151600 0.10073962 0.46204204 4.99881692
151700 0.18629160 0.43713773 0.17667914
151800 0.20067982 0.40095575 1.20290043
151900 0.17973370 0.42624807 0.48743852
152000 0.16520537 0.42758325 0.85658833
152100 0.14674540 0.44434633 1.43400809
152200 0.16235371 0.42265334 1.08254160
152300 0.11947688 0.41959899 3.70409705
152400 0.09739885 0.42793888 5.50684444
152500 0.14354513 0.45319250 1.59867218
152600 0.18672286 0.48276668 0.62496907
152700 0.19091153 0.42613417 0.32608897
152800 0.11813590 0.46800690 3.51298937
152900 0.13999230 0.45516561 1.81380381
153000 0.08891936 0.44261993 6.19668656
153100 0.12350743 0.46511747 3.03982580
153200 0.17725255 0.43619682 0.35398709
153300 0.19384759 0.41088311 0.78399144
153400 0.16152635 0.41519894 1.34566801
153500 0.18423432 0.47743214 0.50053945
153600 0.11812931 0.44892223 3.35198581
153700 0.11472033 0.41377640 4.29238547
153800 0.18655918 0.45915892 0.13227077
153900 0.17639077 0.47709108 0.64566118
154000 0.12535350 0.45657136 2.80764148
154100 0.12226941 0.42959176 3.22927034
154200 0.14787131 0.42921846 1.57463665
154300 0.16259613 0.42090993 1.12264053
154400 0.18073951 0.42738077 0.44129791
154500 0.13120360 0.46030270 2.41954479
154600 0.14005832 0.42524792 2.10283527
154700 0.17727010 0.45330403 0.26378238
154800 0.22120505 0.44342053 0.24647177
154900 0.13984815 0.42845269 2.04126562
155000 0.09038114 0.46390613 6.10483728
155100 0.08538237 0.46758019 6.72313251
155200 0.17143586 0.45960607 0.45409337
155300 0.15445365 0.47033016 1.24389282
155400 0.17199195 0.39375694 1.97386598
155500 0.19842679 0.43713520 0.08398906
155600 0.15877310 0.40722710 1.76458910
155700 0.15271176 0.42071519 1.54688871
155800 0.20150498 0.39676864 1.41792159
155900 0.12063499 0.45018141 3.14941862
156000 0.15465787 0.47692058 1.39031348
156100 0.17297023 0.45586471 0.38250162
156200 0.21733614 0.42434257 0.47942266
156300 0.13411922 0.45014748 2.17014940
156400 0.13555786 0.45031842 2.07644568
156500 0.18752328 0.41009066 0.87421185
156600 0.16200117 0.45981500 0.77012275
156700 0.16371247 0.41610533 1.23281678
156800 0.16859945 0.46913427 0.67605748
156900 0.12736248 0.46187946 2.70866521
157000 0.15770764 0.39363953 2.48257289
157100 0.17795931 0.43582887 0.34330658
157200 0.19810097 0.41813101 0.50961928
157300 0.10752093 0.45227077 4.27876734
157400 0.19953780 0.41823600 0.50458280
157500 0.13458473 0.41886073 2.62440563
157600 0.18667845 0.44844425 0.08994205
157700 0.15244063 0.42986492 1.33365763
157800 0.17048608 0.41511545 1.04400157
157900 0.13912530 0.43675318 1.94060385
158000 0.13151255 0.45478343 2.35670576
158100 0.15284216 0.38663178 3.11969649
158200 0.15879985 0.46733913 0.99904894
158300 0.16708493 0.38455780 2.68304177
158400 0.16782104 0.42831204 0.75292648
158500 0.14266377 0.43780163 1.71812156
158600 0.11326135 0.39771816 5.12849241
158700 0.16150324 0.45259808 0.74437544
158800 0.12817372 0.48490154 3.18856565
158900 0.20421550 0.42631829 0.28929695
159000 0.11778501 0.44033428 3.42636560
159100 0.18134038 0.36240105 4.01087903
159200 0.15479931 0.40520020 2.02506221
159300 0.11133889 0.41784444 4.44738604
159400 0.12314145 0.41011237 3.74912987
159500 0.19690493 0.44593480 0.01305263
159600 0.11269038 0.43491760 3.92522448
159700 0.09699578 0.39275905 6.94319828
159800 0.15011972 0.42961511 1.45179310
159900 0.13991664 0.43154114 1.97536997
160000 0.16800240 0.45807684 0.54454078
160100 0.11314355 0.44709168 3.77625047
160200 0.14497015 0.41829352 2.01679257
160300 0.20591876 0.44672000 0.02289508
160400 0.18733751 0.47687771 0.44137500
160500 0.15169255 0.46313618 1.25308462
160600 0.19797861 0.46909522 0.18435666
160700 0.19220117 0.43053907 0.21977478
160800 0.15441757 0.44818434 1.04052740
160900 0.16442735 0.44582849 0.64140733
161000 0.19391809 0.44966226 0.01855182
161100 0.14257236 0.45712494 1.67434934
161200 0.08153654 0.47724452 7.38792719
161300 0.15677461 0.44424427 0.95078139
161400 0.14062382 0.43493178 1.87629121
161500 0.17631649 0.47310684 0.54741736
161600 0.18260329 0.44326793 0.17398314
161700 0.10976173 0.43238348 4.22664351
161800 0.16261449 0.42878561 0.92386312
161900 0.14101883 0.41790972 2.25428208
162000 0.18993528 0.45618314 0.06976494
162100 0.17685980 0.42345642 0.62001519
162200 0.09842804 0.46229745 5.23404515
162300 0.15649928 0.44465764 0.96042686
162400 0.17585382 0.40567599 1.27382787
162500 0.14586011 0.44526259 1.47678540
162600 0.10459486 0.43305076 4.69470833
162700 0.15201500 0.45930849 1.19460430
162800 0.19488554 0.45041973 0.01316692
162900 0.14022913 0.46062022 1.84267301
163000 0.14808644 0.43566940 1.45019198
163100 0.18599129 0.43571865 0.20010051
163200 0.22299346 0.40449596 1.29965817
163300 0.15882839 0.43211475 1.00749193
163400 0.18480671 0.45842463 0.15090524
163500 0.15217140 0.40180212 2.30530504
163600 0.13042179 0.45122367 2.42131230
163700 0.18863993 0.40092519 1.26869391
163800 0.15789284 0.44088445 0.92805316
163900 0.19240998 0.42270100 0.40142201
164000 0.20629062 0.43332080 0.15888382
164100 0.18546405 0.46354310 0.19735470
164200 0.18192513 0.43328333 0.30307391
164300 0.15618074 0.40319445 2.05544379
164400 0.14855638 0.42746284 1.57718460
164500 0.19226364 0.45957944 0.07580847
164600 0.13277740 0.47385668 2.54400937
164700 0.18162741 0.47631334 0.51497192
164800 0.14323358 0.38664758 3.61797758
164900 0.19085064 0.46795038 0.20296344
165000 0.14746750 0.46485379 1.49014932
165100 0.16320890 0.45904588 0.71770648
165200 0.19393562 0.42855875 0.24825183
165300 0.10911537 0.45732787 4.15685693
165400 0.14365329 0.44806890 1.58934020
165500 0.16606300 0.42518331 0.88379427
165600 0.16933908 0.45588551 0.48736547
165700 0.21730786 0.40257443 1.27437352
165800 0.13094879 0.44559532 2.39373552
165900 0.20701940 0.39005592 1.82128213
166000 0.21180074 0.39835920 1.40301509
166100 0.18090864 0.45462238 0.19292328
166200 0.14524226 0.44440773 1.51484202
166300 0.16261681 0.39186088 2.38882981
166400 0.18234289 0.41681490 0.70651229
166500 0.14166261 0.46322111 1.78902438
166600 0.12564434 0.44969453 2.76442902
166700 0.10106959 0.50392569 6.34760307
166800 0.15967483 0.44267638 0.83987733
166900 0.11655153 0.43242904 3.63619268
167000 0.15229184 0.43585905 1.23801734
167100 0.15356384 0.43423594 1.20241125
167200 0.10843728 0.41999549 4.64200099
167300 0.14288396 0.46651711 1.76752862
167400 0.14510700 0.48386999 2.08020888
167500 0.23388681 0.44471921 0.58810144
167600 0.16833462 0.44137298 0.53856092
167700 0.16547401 0.47539035 0.91835691
167800 0.10285918 0.44517590 4.72980495
167900 0.14091633 0.45863803 1.78274784
168000 0.12317730 0.46173693 3.01974121
168100 0.17905774 0.42589799 0.50974268
168200 0.19286217 0.44328594 0.04801360
168300 0.20559106 0.40371363 1.08684418
168400 0.13767679 0.45688630 1.96580155
168500 0.21451645 0.41895437 0.58727918
168600 0.16466919 0.44112283 0.66353519
168700 0.17329796 0.42392730 0.69639230
168800 0.15524687 0.44855903 1.00245934
168900 0.15644767 0.42222600 1.33410026
169000 0.14230438 0.42281941 2.03378422
169100 0.14087571 0.43641964 1.84005417
169200 0.10241391 0.46145512 4.82713209
169300 0.15162532 0.41676508 1.72233473
169400 0.17986494 0.40321591 1.29708558
169500 0.11500393 0.40032349 4.84604348
169600 0.23888156 0.40716235 1.67342010
169700 0.16622416 0.39205266 2.24935067
169800 0.20432771 0.45536961 0.02378092
169900 0.10371462 0.41952371 5.09983901
170000 0.18432262 0.41436460 0.75783084
170100 0.19080922 0.44451142 0.05729750
170200 0.17307160 0.44817638 0.36423209
170300 0.13295495 0.45903942 2.28837505
170400 0.21073912 0.45120901 0.05839520
170500 0.15974617 0.44154164 0.84595750
170600 0.13537698 0.43333819 2.22687522
170700 0.18380150 0.44491741 0.14411202
170800 0.13260599 0.45203372 2.27304450
170900 0.14041508 0.41662469 2.33213663
171000 0.12681233 0.43862960 2.74286036
171100 0.11641423 0.43022048 3.68890479
171200 0.10910798 0.41644299 4.69371608
171300 0.12331063 0.47417590 3.23286662
171400 0.18707533 0.47719445 0.45329246
171500 0.15285882 0.44932507 1.11137299
171600 0.13373588 0.44764429 2.19824148
171700 0.13176309 0.47971251 2.76955482
171800 0.17930607 0.41113678 0.96929431
171900 0.10091914 0.44205535 4.94006714
172000 0.20711300 0.43779662 0.09975864
172100 0.15097520 0.43874345 1.26507061
172200 0.18803702 0.42199162 0.46379094
172300 0.11679639 0.42354274 3.81141337
172400 0.21078808 0.43554634 0.16264553
172500 0.13576538 0.46107857 2.12441073
172600 0.14129855 0.43134525 1.89693008
172700 0.14938393 0.44249507 1.30915543
172800 0.11462288 0.46578677 3.76923769
172900 0.13924947 0.46947962 2.03504114
173000 0.12415403 0.42126340 3.28920199
173100 0.14575779 0.48855999 2.21454481
173200 0.16273806 0.41992134 1.14658904
173300 0.13588798 0.49047474 2.87427760
173400 0.15886234 0.44333135 0.86838916
173500 0.14273399 0.41846929 2.13679081
173600 0.12844314 0.51048579 4.38945753
173700 0.17908979 0.42680311 0.48766634
173800 0.17464020 0.43213870 0.48107257
173900 0.20234563 0.44034119 0.04939733
174000 0.12040159 0.40961788 3.98331123
174100 0.25244047 0.42922644 1.59077188
174200 0.19874970 0.46632457 0.13402739
174300 0.17207930 0.43231756 0.54611696
174400 0.17382516 0.44544824 0.35292049
174500 0.15517380 0.43447031 1.12527950
174600 0.18845929 0.40095062 1.26951472
174700 0.13413688 0.45231284 2.17164963
174800 0.17895311 0.46254628 0.30019037
174900 0.18989798 0.46216925 0.12507076
175000 0.21768017 0.40568445 1.13822826
175100 0.13196714 0.43700965 2.39860962
175200 0.18244745 0.41659543 0.71197871
175300 0.14632496 0.44616762 1.44784836
175400 0.18125545 0.40031021 1.41021674
175500 0.16492855 0.43336650 0.75333986
175600 0.16605917 0.42004170 1.02473977
175700 0.21011044 0.42288245 0.41879135
175800 0.14512253 0.42857230 1.73534185
175900 0.17293282 0.41744733 0.89615415
176000 0.15787647 0.45444935 0.89709447
176100 0.09920984 0.46008245 5.13015584
176200 0.19115487 0.40997952 0.83993758
176300 0.13265249 0.40179313 3.42979478
176400 0.14879811 0.43587082 1.41063353
176500 0.17846647 0.45383700 0.23920769
176600 0.14476416 0.45069089 1.52573790
176700 0.20513345 0.43869558 0.07707105
176800 0.13755547 0.41655347 2.50899510
176900 0.18646718 0.45402383 0.09966425
177000 0.13357276 0.43090054 2.38868351
177100 0.14786221 0.41995345 1.81057207
177200 0.16245282 0.47673070 1.06216069
177300 0.14177753 0.43151561 1.86576465
177400 0.13917105 0.45568959 1.86626619
177500 0.10697919 0.43125634 4.50209787
177600 0.12650899 0.40903464 3.53954453
177700 0.15408399 0.45019995 1.05416003
177800 0.16069794 0.42778123 1.01916300
177900 0.14729432 0.45546601 1.40388287
178000 0.18622958 0.41292032 0.78226357
178100 0.07942460 0.47869048 7.68078478
178200 0.12752943 0.44016346 2.67437082
178300 0.16367827 0.44147747 0.69595080
178400 0.19950666 0.39621525 1.44652123
178500 0.15663652 0.44582513 0.94891058
178600 0.13156722 0.42820914 2.57894340
178700 0.20640955 0.49687204 1.11903517
178800 0.16742922 0.44079032 0.57283709
178900 0.17595970 0.43201988 0.45061052
179000 0.13868677 0.43129098 2.05466959
179100 0.18480179 0.42704969 0.37885121
179200 0.18430774 0.45987201 0.17185177
179300 0.16083147 0.42669720 1.03859692
179400 0.16390518 0.45472615 0.66258643
179500 0.13108346 0.44775272 2.37727006
179600 0.13725602 0.43219800 2.12685943
179700 0.13366843 0.47238563 2.45049686
179800 0.15869595 0.46436171 0.95614161
179900 0.10217759 0.45546906 4.79956741
180000 0.17671433 0.46258126 0.35025521
180100 0.16163373 0.44382662 0.75504062
180200 0.17364974 0.45201455 0.34919724
180300 0.16296534 0.38311429 2.92263239
180400 0.16401868 0.42891339 0.86965051
180500 0.21121191 0.44829678 0.06430396
180600 0.13768309 0.45440271 1.95139032
180700 0.18032980 0.43172425 0.36046001
180800 0.13461600 0.46146923 2.20330557
180900 0.18683436 0.47711789 0.45435699
181000 0.15672830 0.44685346 0.94117016
181100 0.15962238 0.38690498 2.80566679
181200 0.16982252 0.40609919 1.41898094
181300 0.18215461 0.44436600 0.17509994
181400 0.18959701 0.42917364 0.27097982
181500 0.19114114 0.50511938 1.55831293
181600 0.12611648 0.43334287 2.86811686
181700 0.12054592 0.45795884 3.18814674
181800 0.17526248 0.38455524 2.44748094
181900 0.15605522 0.49131276 1.81894416
182000 0.14030797 0.48192207 2.29107864
182100 0.16626288 0.43642406 0.66124985
182200 0.16128604 0.40462338 1.77890430
182300 0.18740147 0.45219428 0.08176889
182400 0.15525229 0.43535014 1.10848792
182500 0.20594945 0.48277681 0.55485761
182600 0.14851616 0.42753265 1.57768382
182700 0.18329258 0.44809081 0.14139149
182800 0.15566743 0.43530496 1.09066070
182900 0.15591760 0.47360091 1.25013029
183000 0.19374346 0.42040219 0.45758736
183100 0.16064653 0.45746699 0.80222579
183200 0.08997320 0.38998123 7.85407461
183300 0.10013579 0.46591643 5.11309616
183400 0.09999840 0.44424634 5.01671277
183500 0.13751657 0.43882465 2.01453351
183600 0.14520782 0.43988586 1.55223928
183700 0.17576127 0.46582565 0.41898356
183800 0.16371296 0.46876178 0.83437692
183900 0.18938037 0.42864836 0.28433462
184000 0.14028163 0.47501234 2.09595051
184100 0.14155276 0.42557935 2.00622385
184200 0.18806600 0.44414820 0.08833198
184300 0.16481264 0.41734053 1.15239548
184400 0.11863130 0.44343696 3.33196931
184500 0.20615640 0.40141964 1.19897617
184600 0.18348573 0.46763210 0.29180610
184700 0.14865994 0.44148951 1.35411532
184800 0.15453921 0.39368967 2.61876800
184900 0.14192908 0.45594863 1.70380890
185000 0.16154208 0.41112751 1.49504078
185100 0.12179798 0.46882723 3.23500992
185200 0.16587444 0.40700994 1.50634941
185300 0.12763760 0.46589179 2.74443306
185400 0.19564803 0.42263064 0.38401067
185500 0.17460199 0.41718273 0.86101622
185600 0.13051410 0.42699523 2.67875460
185700 0.17087728 0.45074716 0.42434563
185800 0.14639476 0.46570497 1.56008421
185900 0.19330765 0.42354219 0.37240163
186000 0.18348946 0.43275357 0.28501860
186100 0.11416335 0.48460355 4.28266833
186200 0.11979449 0.44326471 3.23914373
186300 0.15310948 0.44691723 1.10411195
186400 0.12108269 0.43414946 3.23959030
186500 0.16688066 0.43654333 0.63898624
186600 0.18197190 0.44870136 0.16334938
186700 0.12631126 0.45243683 2.71798411
186800 0.20098316 0.44791493 0.00265706
186900 0.17629096 0.47611870 0.62215258
187000 0.19255762 0.43438648 0.14958553
187100 0.16481506 0.44894740 0.61954409
187200 0.16325504 0.39996317 1.92693812
187300 0.13931336 0.45238929 1.84428861
187400 0.13990689 0.48127362 2.29461052
187500 0.16003811 0.43757902 0.87561672
187600 0.16794954 0.43996091 0.56400755
187700 0.14884637 0.45391615 1.31601493
187800 0.14013243 0.46079076 1.85028344
187900 0.15608215 0.43857917 1.02960630
188000 0.15526507 0.44667927 1.00612055
188100 0.19372461 0.42496342 0.33310538
188200 0.09731080 0.43224749 5.43011147
188300 0.18431315 0.44789366 0.12525694
188400 0.17479134 0.42974286 0.52291421
188500 0.15037542 0.44628524 1.23819903
188600 0.13448273 0.47849774 2.55231673
188700 0.19267043 0.40567122 1.00938168
188800 0.14033202 0.44308656 1.80403188
188900 0.17240546 0.40003430 1.62901484
189000 0.20210310 0.45091915 0.00263395
189100 0.10962846 0.46478819 4.19285334
189200 0.17907500 0.45178619 0.22052300
189300 0.15160522 0.47505384 1.48487470
189400 0.13522610 0.49759359 3.23040365
189500 0.15452219 0.40608382 1.99843098
189600 0.14194551 0.48127188 2.17412691
189700 0.14661841 0.42121324 1.83913610
189800 0.18416648 0.40123813 1.31421002
189900 0.15839872 0.42326014 1.22284348
190000 0.10405222 0.46847050 4.77356802
190100 0.18676553 0.42908517 0.30629072
190200 0.13863790 0.50235431 3.25314107
190300 0.16575124 0.44619772 0.59371732
190400 0.16861802 0.47314921 0.76035744
190500 0.16726864 0.44251560 0.56367898
190600 0.14731269 0.47311479 1.65512302
190700 0.15124472 0.43736368 1.26837688
190800 0.16305994 0.43971467 0.73517791
190900 0.18857329 0.47159908 0.29854503
191000 0.18679761 0.46411394 0.18675327
191100 0.13133169 0.47789165 2.74664063
191200 0.11857668 0.41327675 3.98917667
191300 0.15815417 0.45219286 0.87794097
191400 0.11966551 0.43902693 3.28701884
191500 0.16750187 0.40990968 1.33168118
191600 0.17180347 0.46276761 0.47902796
191700 0.18061313 0.43799733 0.25995733
191800 0.12488192 0.41313811 3.50076257
191900 0.15214363 0.44248237 1.17337369
192000 0.17507163 0.45524643 0.32447422
192100 0.14384441 0.43581579 1.67732083
192200 0.13509317 0.43133460 2.28064686
192300 0.15334272 0.47179488 1.32595924
192400 0.13062486 0.44354925 2.42726110
192500 0.19512307 0.40138408 1.19364614
192600 0.12853205 0.43079867 2.73817915
192700 0.15661036 0.47473612 1.24726816
192800 0.15972499 0.43771102 0.88654758
192900 0.16630884 0.42996798 0.76818824
193000 0.20822432 0.42659166 0.30779487
193100 0.22264242 0.43290952 0.40238174
193200 0.15392591 0.41214406 1.77794707
193300 0.15452163 0.45361889 1.04068908
193400 0.17758788 0.45222625 0.25362968
193500 0.16764466 0.45165716 0.52480705
193600 0.12156105 0.44162160 3.11143333
193700 0.14717849 0.42890729 1.61750712
193800 0.14936474 0.42156283 1.68630133
193900 0.15661562 0.44511244 0.95304624
194000 0.15708385 0.46401928 1.01916817
194100 0.14100308 0.46511275 1.85451566
194200 0.14489634 0.45978950 1.56612408
194300 0.15947867 0.45625265 0.84053687
194400 0.17215752 0.39816465 1.73105362
194500 0.16250534 0.43626944 0.79718883
194600 0.12028305 0.46970451 3.37152992
194700 0.16822823 0.46362557 0.59755073
194800 0.19318719 0.46805420 0.18618423
194900 0.13905518 0.43530864 1.96505385
195000 0.20963781 0.43593983 0.14528785
195100 0.12108807 0.42088700 3.53732933
195200 0.15092558 0.48163895 1.70466092
195300 0.18002196 0.40651701 1.14494610
195400 0.14341858 0.43298909 1.74541394
195500 0.11794222 0.41402490 4.01384342
195600 0.21168281 0.43921948 0.12635389
195700 0.18636794 0.42229494 0.47670177
195800 0.16102158 0.44195008 0.79205928
195900 0.17409951 0.44485680 0.34864402
196000 0.16270873 0.47653212 1.04729618
196100 0.14227086 0.45030410 1.66637315
196200 0.15223719 0.42836897 1.37459385
196300 0.15546376 0.44937330 0.99193463
196400 0.19056534 0.43412667 0.17048766
196500 0.10846454 0.45139418 4.19034193
196600 0.17167708 0.43613131 0.49726424
196700 0.18810865 0.40778124 0.96191418
196800 0.17097662 0.43740837 0.50045275
196900 0.11753151 0.45006940 3.40052868
197000 0.17062841 0.42448454 0.75686450
197100 0.18082013 0.42797882 0.42639994
197200 0.17629721 0.43774061 0.35605743
197300 0.15675336 0.44333073 0.95737541
197400 0.11236559 0.40338846 4.92621253
197500 0.16245514 0.46178685 0.77427311
197600 0.16244017 0.44295916 0.73015707
197700 0.17327254 0.44217971 0.38775714
197800 0.13814671 0.40438732 2.95317311
197900 0.18995066 0.43132705 0.22483415
198000 0.13129651 0.44891072 2.36067835
198100 0.16160899 0.46544165 0.85615710
198200 0.17359457 0.43459110 0.46734042
198300 0.11833511 0.46505397 3.44788805
198400 0.17261637 0.46708892 0.52094728
198500 0.10895991 0.43394406 4.27304542
198600 0.15695509 0.41720928 1.46404793
198700 0.16851739 0.46324455 0.58328648
198800 0.13826632 0.43175970 2.07187812
198900 0.19674644 0.46763725 0.16082905
199000 0.13722313 0.43849873 2.03660767
199100 0.18407900 0.37439300 2.98494820
199200 0.20099631 0.41794845 0.51414733
199300 0.15253629 0.42865270 1.35425568
199400 0.14717098 0.43531608 1.50326168
199500 0.18380942 0.38982033 1.94186385
199600 0.20741752 0.40685511 0.95825075
199700 0.19935278 0.48942627 0.77742472
199800 0.17327614 0.40421425 1.40524960
199900 0.08159383 0.44289111 7.03527931
