0 0.18201120 0.00161798
100 -0.00070987 0.20142227
200 0.03990646 0.12814971
300 0.11290323 0.03792924
400 -0.11177073 0.48600494
500 -0.24454281 0.98809157
600 0.01670827 0.16797929
700 0.02748355 0.14880963
800 -0.29796275 1.23983451
900 0.00121838 0.19757067
1000 0.23047622 0.00464400
1100 0.03080275 0.14313855
1200 0.50839916 0.47555020
1300 0.80362930 1.82184165
1400 0.45787725 0.33250338
1500 -0.01560967 0.23243766
1600 -0.00380967 0.20769191
1700 -0.05456091 0.32400629
1800 -0.23976045 0.96694625
1900 0.06357789 0.09305497
2000 0.00265323 0.19472873
2100 0.02824681 0.14749578
2200 0.17397434 0.00338667
2300 0.49545015 0.43645396
2400 0.18679635 0.00087168
2500 -0.09771032 0.44315717
2600 0.06004673 0.09793458
2700 -0.04226150 0.29345317
2800 -0.32858803 1.39702652
2900 -0.30558357 1.27807371
3000 0.17034570 0.00439689
3100 -0.01717296 0.23582047
3200 -0.00240738 0.20484374
3300 0.60273153 0.81096342
3400 0.68803187 1.19087554
3500 0.21859929 0.00172967
3600 0.11838279 0.03330684
3700 -0.02760399 0.25901789
3800 0.09874563 0.05126224
3900 0.54156990 0.58334997
4000 0.01360970 0.17370672
4100 -0.01446056 0.22996667
4200 0.16707267 0.00542105
4300 -0.19465107 0.77874733
4400 -0.33188278 1.41449648
4500 -0.30846631 1.29268994
4600 0.09868065 0.05132805
4700 0.50095799 0.45287855
4800 0.48756190 0.41345922
4900 0.55641940 0.63517393
5000 0.87494358 2.27774421
5100 0.50611393 0.46852868
5200 0.63969672 0.96666604
5300 0.48016493 0.39246193
5400 0.48077202 0.39416463
5500 0.16470034 0.00623033
5600 0.24095764 0.00838764
5700 0.62043816 0.88384123
5800 0.17034300 0.00439769
5900 -0.10135604 0.45407732
6000 0.10572879 0.04443531
6100 0.07802317 0.07439174
6200 -0.40349006 1.82100126
6300 -0.39781897 1.78693761
6400 -0.25349247 1.02827708
6500 0.15325810 0.01092403
6600 0.27460493 0.02782948
6700 0.43582067 0.27805695
6800 0.22411796 0.00290838
6900 0.01997620 0.16204285
7000 0.13331458 0.02223473
7100 -0.29889290 1.24447064
7200 -0.05978789 0.33744875
7300 0.20365159 0.00006667
7400 0.03285216 0.13969200
7500 0.43530878 0.27685110
7600 -0.00168572 0.20338566
7700 0.29593140 0.04601417
7800 0.53147236 0.54936962
7900 0.47570222 0.38005858
8000 -0.01282794 0.22647866
8100 0.18883763 0.00062299
8200 0.39549173 0.19108507
8300 0.78128332 1.68945148
8400 0.35666452 0.12271886
8500 0.49585475 0.43765016
8600 0.52138977 0.51645693
8700 0.51082916 0.48307384
8800 -0.27213421 1.11455358
8900 0.14824578 0.01339250
9000 -0.03003305 0.26457601
9100 -0.01954057 0.24099031
9200 -0.13358980 0.55641077
9300 -0.21914561 0.87841521
9400 0.08347880 0.06788595
9500 -0.01238206 0.22553070
9600 -0.13757334 0.56977881
9700 0.13641327 0.02021636
9800 0.61878075 0.87688659
9900 0.29835294 0.04836650
10000 0.38037242 0.16267105
10100 0.51812643 0.50602213
10200 0.49614760 0.43851699
10300 0.26001876 0.01801126
10400 -0.08750567 0.41329756
10500 0.01963287 0.16266150
10600 -0.00641107 0.21302765
10700 0.56308405 0.65915015
10800 0.49362248 0.43107080
10900 0.03876448 0.12998447
11000 0.31284250 0.06366714
11100 0.01060623 0.17935001
11200 0.26355262 0.02019468
11300 0.47014312 0.36488652
11400 0.10328949 0.04676462
11500 -0.02822859 0.26044145
11600 0.19495940 0.00012704
11700 0.20702924 0.00024705
11800 -0.01195267 0.22461967
11900 0.25255377 0.01380949
12000 0.48562711 0.40791423
12100 0.01924342 0.16336471
12200 0.25712115 0.01631413
12300 -0.09705587 0.44121095
12400 0.49038329 0.42161227
12500 0.37543557 0.15388820
12600 0.63467391 0.94470703
12700 0.07011693 0.08434806
12800 -0.06973821 0.36379350
12900 -0.06087270 0.34027284
13000 0.01181564 0.17706676
13100 0.19638360 0.00006539
13200 0.13421480 0.02163847
13300 -0.02653237 0.25658457
13400 -0.10416896 0.46259377
13500 0.07592299 0.07697552
13600 0.01827703 0.16511618
13700 0.03563354 0.13508167
13800 0.02376571 0.15529262
13900 0.45748678 0.33149722
14000 0.05645603 0.10302436
14100 0.14801967 0.01350977
14200 0.53628919 0.56545208
14300 -0.14404744 0.59184319
14400 0.28326183 0.03466266
14500 0.50333499 0.46006059
14600 0.52059060 0.51389167
14700 0.17958577 0.00208370
14800 -0.07861594 0.38813421
14900 -0.34475211 1.48377429
15000 -0.43806118 2.03561035
15100 -0.24736830 1.00069199
15200 0.03727689 0.13239405
15300 -0.03333649 0.27222960
15400 -0.11833232 0.50667733
15500 -0.44823664 2.10105369
15600 0.44004390 0.28810537
15700 -0.02178032 0.24593256
15800 -0.16608782 0.67010147
15900 -0.58541811 3.08440805
16000 -0.03855806 0.28454973
16100 -0.13630744 0.56551347
16200 0.04942690 0.11336129
16300 -0.04211577 0.29310023
16400 0.18286413 0.00146819
16500 0.50300613 0.45906358
16600 0.50056815 0.45170607
16700 0.69768229 1.23843830
16800 0.34314128 0.10244714
16900 0.15638775 0.00951014
17000 -0.17941200 0.71976733
17100 0.46534219 0.35203239
17200 -0.27792717 1.14207189
17300 0.01842754 0.16484279
17400 -0.36645861 1.60437676
17500 0.15016705 0.01241661
17600 0.07019694 0.08424417
17700 0.17885667 0.00223520
17800 0.07601035 0.07686717
17900 0.55334477 0.62426263
18000 0.33436682 0.09027221
18100 0.46941635 0.36292585
18200 -0.01755586 0.23665276
18300 -0.02197557 0.24636576
18400 0.52627456 0.53227545
18500 0.10519845 0.04493667
18600 -0.00974160 0.21995770
18700 -0.09962451 0.44887425
18800 -0.25957015 1.05602362
18900 -0.02969304 0.26379447
19000 0.52326458 0.52249993
19100 0.54368177 0.59058579
19200 0.16160664 0.00737025
19300 -0.00873090 0.21784294
19400 0.39367648 0.18755289
19500 0.57002430 0.68458989
19600 0.48973842 0.41974177
19700 0.26674409 0.02227387
19800 0.08919003 0.06139425
19900 0.07420880 0.07911712
20000 0.02889997 0.14637609
20100 0.12597742 0.02739671
20200 0.22854935 0.00407533
20300 -0.01389023 0.22874515
20400 0.45249956 0.31878015
20500 0.47631554 0.38175139
20600 0.30084294 0.05084650
20700 -0.13475692 0.56031098
20800 -0.03926358 0.28623529
20900 0.14095238 0.01743311
21000 0.17310304 0.00361723
21100 -0.28841485 1.19274535
21200 0.31048137 0.06103067
21300 -0.12068547 0.51419586
21400 -0.31180410 1.30971721
21500 -0.13472118 0.56019134
21600 -0.01141694 0.22348561
21700 0.16867904 0.00490501
21800 0.00397102 0.19213681
21900 0.00573352 0.18869732
22000 -0.09242001 0.42754732
22100 0.02919940 0.14586423
22200 -0.15564043 0.63240058
22300 0.14807115 0.01348303
22400 -0.17240063 0.69341114
22500 0.10722699 0.04303416
22600 0.61597933 0.86519401
22700 0.28551806 0.03656669
22800 -0.02965065 0.26369710
22900 0.29627816 0.04634742
23000 0.53758393 0.56981456
23100 0.46991564 0.36427226
23200 0.52152995 0.51690754
23300 0.43848210 0.28436856
23400 0.45261099 0.31906156
23500 0.62368939 0.89756348
23600 0.42528684 0.25377080
23700 0.49916004 0.44748363
23800 0.49040668 0.42168019
23900 0.03359033 0.13846088
24000 -0.15887123 0.64394280
24100 -0.44435195 2.07594717
24200 0.26866277 0.02357288
24300 0.18674171 0.00087891
24400 0.67852983 1.14495400
24500 0.49111168 0.42373004
24600 0.00321300 0.19362561
24700 -0.14517851 0.59574102
24800 -0.03756798 0.28219273
24900 0.27390088 0.02730670
25000 0.51637341 0.50046067
25100 0.29360209 0.04380676
25200 0.03576672 0.13486284
25300 0.48890168 0.41732092
25400 0.38095345 0.16372076
25500 0.28389007 0.03518772
25600 0.48677772 0.41120732
25700 0.34593716 0.10648828
25800 -0.29240979 1.21233699
25900 -0.22798186 0.91584238
26000 -0.33521779 1.43229044
26100 -0.02380277 0.25043839
26200 0.06957375 0.08505504
26300 0.14758799 0.01373509
26400 0.19120760 0.00038653
26500 0.27752491 0.03005056
26600 0.16385371 0.00653277
26700 0.60049032 0.80196248
26800 0.49201025 0.42634993
26900 0.52090620 0.51490394
27000 0.51338325 0.49104531
27100 0.27013118 0.02459191
27200 0.12225973 0.03021775
27300 0.06418341 0.09223073
27400 0.01534690 0.17048384
27500 -0.00074603 0.20149484
27600 -0.24784021 1.00280428
27700 0.11214691 0.03859083
27800 0.81717468 1.90452291
27900 0.48061255 0.39371702
28000 0.55364844 0.62533608
28100 0.44070940 0.28970507
28200 -0.07709910 0.38391956
28300 0.46927348 0.36254103
28400 0.49889533 0.44669210
28500 0.21170735 0.00068531
28600 0.30474315 0.05485563
28700 0.13237823 0.02286352
28800 0.37859115 0.15947400
28900 -0.09172969 0.42553106
29000 -0.03011726 0.26476977
29100 -0.04626545 0.30323336
29200 0.00205899 0.19590322
29300 -0.05391085 0.32235360
29400 0.01328690 0.17430891
29500 0.00110601 0.19779410
29600 0.53928050 0.57555628
29700 0.56024521 0.64888305
29800 0.02782372 0.14822337
29900 0.32043777 0.07252629
30000 0.19989651 0.00000005
30100 0.08809015 0.06261907
30200 -0.00181700 0.20365052
30300 0.02151837 0.15927847
30400 0.22038259 0.00207725
30500 0.51454497 0.49469268
30600 0.31913446 0.07096510
30700 0.50207610 0.45624986
30800 0.51245266 0.48813334
30900 0.48533104 0.40706901
31000 0.45861497 0.33440852
31100 -0.30975634 1.29925761
31200 -0.10932099 0.47839737
31300 -0.01600654 0.23329413
31400 0.11808635 0.03354923
31500 0.16193534 0.00724459
31600 0.14632112 0.01440711
31700 -0.30531341 1.27670822
31800 0.03604794 0.13440139
31900 0.28416159 0.03541587
32000 0.20834273 0.00034801
32100 0.12684169 0.02676069
32200 0.07163075 0.08239333
32300 0.01628616 0.16875387
32400 0.55833602 0.64202353
32500 0.52175396 0.51762806
32600 0.14332578 0.01605984
32700 0.02077085 0.16061544
32800 -0.08809449 0.41499217
32900 -0.02071504 0.24357564
33000 0.38719286 0.17520583
33100 0.51973186 0.51114230
33200 0.46337626 0.34683527
33300 0.51778568 0.50493868
33400 0.10572814 0.04443592
33500 -0.03767045 0.28243621
33600 0.06558377 0.09033862
33700 0.12152217 0.03079385
33800 0.15141883 0.01180065
33900 -0.03825111 0.28381795
34000 0.50884108 0.47691406
34100 0.29460015 0.04474594
34200 0.51219267 0.48732132
34300 0.47720395 0.38421016
34400 0.34115361 0.09962170
34500 0.03970215 0.12847700
34600 -0.00328256 0.20661899
34700 -0.01426922 0.22955650
34800 0.50316734 0.45955219
34900 0.48234588 0.39859597
35000 0.28833639 0.03901659
35100 -0.08173212 0.39686493
35200 -0.10061330 0.45184179
35300 0.25653037 0.01597841
35400 -0.01939171 0.24066361
35500 0.21162271 0.00067544
35600 0.25600251 0.01568141
35700 -0.10657183 0.46993144
35800 0.48340063 0.40157958
35900 -0.00078541 0.20157389
36000 0.18928745 0.00057379
36100 0.06829709 0.08672828
36200 0.33061910 0.08530675
36300 0.51311577 0.49020742
36400 0.47927497 0.38997254
36500 0.13567611 0.02068781
36600 -0.03208500 0.26931725
36700 0.18477015 0.00115974
36800 0.23333661 0.00555665
36900 0.00124671 0.19751435
37000 -0.00129956 0.20260756
37100 0.14215872 0.01672807
37200 0.43848468 0.28437470
37300 -0.02877600 0.26169229
37400 0.54242957 0.58629005
37500 0.48085894 0.39440872
37600 0.39465953 0.18946167
37700 0.08179193 0.06986574
37800 0.06133637 0.09613802
37900 0.00343911 0.19318091
38000 0.06698783 0.08846119
38100 -0.02448657 0.25197110
38200 0.55571233 0.63265629
38300 0.29903811 0.04904274
38400 0.51546032 0.49757608
38500 0.18815279 0.00070178
38600 -0.08398331 0.40323260
38700 -0.10072137 0.45216670
38800 0.03867068 0.13013575
38900 0.06482959 0.09135519
39000 -0.06162751 0.34224477
39100 0.26184871 0.01912631
39200 -0.26872801 1.09852974
39300 0.00651593 0.18718043
39400 -0.27174503 1.11271688
39500 0.02073175 0.16068553
39600 0.01490007 0.17130993
39700 0.00280174 0.19443578
39800 -0.08518125 0.40664172
39900 0.01984727 0.16227503
40000 -0.21589894 0.86485964
40100 -0.18684305 0.74823774
40200 0.01495564 0.17120708
40300 0.41581455 0.23287960
40400 0.43742158 0.28184502
40500 -0.01100354 0.22261246
40600 0.00590405 0.18836618
40700 0.02295909 0.15671741
40800 -0.15557361 0.63216295
40900 0.03914901 0.12936521
41000 0.51407024 0.49320058
41100 0.48997969 0.42044111
41200 0.42096611 0.24413011
41300 -0.05402307 0.32263861
41400 0.29754065 0.04757089
41500 0.03540522 0.13545721
41600 -0.39117795 1.74745686
41700 0.06003604 0.09794955
41800 -0.02205425 0.24654046
41900 0.00421716 0.19165459
42000 -0.04531605 0.30089982
42100 -0.22661297 0.90999314
42200 -0.38460474 1.70881354
42300 -0.16835952 0.67844368
42400 -0.22278540 0.89373748
42500 -0.00594109 0.21205865
42600 0.02074566 0.16066059
42700 0.58567211 0.74371488
42800 0.32456464 0.07758174
42900 0.53798682 0.57117547
43000 0.18784400 0.00073884
43100 -0.00648577 0.21318186
43200 0.15707587 0.00921241
43300 0.02467940 0.15368657
43400 0.22426333 0.00294355
43500 0.45546518 0.32631230
43600 0.56888823 0.68039263
43700 0.19673229 0.00005339
43800 -0.01314441 0.22715270
43900 0.11774809 0.03382689
44000 0.30946394 0.05991177
44100 0.36392141 0.13435114
44200 0.47395362 0.37525293
44300 0.44796492 0.30743300
44400 0.18831146 0.00068311
44500 -0.02883575 0.26182901
44600 0.48455563 0.40485954
44700 0.25754213 0.01655548
44800 0.50340902 0.46028516
44900 0.51084988 0.48313824
45000 0.30214756 0.05217062
45100 -0.04776518 0.30693792
45200 -0.20237439 0.80952573
45300 0.00688059 0.18647553
45400 0.51153506 0.48527046
45500 0.36199153 0.13120628
45600 -0.37607941 1.65933743
45700 -0.49564452 2.41960646
45800 0.00053860 0.19892425
45900 0.58857530 0.75495382
46000 -0.15278841 0.62229833
46100 -0.08672269 0.41104952
46200 0.46651165 0.35514228
46300 0.52750835 0.53630859
46400 0.44725924 0.30568567
46500 0.61766874 0.87223587
46600 0.51071427 0.48271678
46700 -0.02315049 0.24898071
46800 -0.00109774 0.20220150
46900 0.17646575 0.00276930
47000 0.35446270 0.11929363
47100 0.41106683 0.22274604
47200 0.25239934 0.01372845
47300 0.16834678 0.00500963
47400 -0.02327416 0.24925676
47500 -0.11015961 0.48099491
47600 0.12570044 0.02760212
47700 0.05422149 0.10625687
47800 0.07237595 0.08143949
47900 -0.01194064 0.22459417
48000 0.00881256 0.18276318
48100 0.05671188 0.10265743
48200 -0.00846021 0.21727829
48300 0.03960341 0.12863534
48400 0.27617580 0.02901376
48500 0.52735391 0.53580292
48600 -0.04451008 0.29892589
48700 0.41924322 0.24033796
48800 0.28773279 0.03848521
48900 -0.26977251 1.10343107
49000 0.68377264 1.17017985
49100 0.52135695 0.51635145
49200 0.14125869 0.01725271
49300 0.00155712 0.19689788
49400 -0.08856274 0.41634226
49500 0.06757405 0.08768317
49600 0.16158866 0.00737716
49700 0.49214097 0.42673173
49800 0.00473547 0.19064119
49900 0.35258239 0.11640694
50000 0.38705085 0.17494010
50100 0.08803784 0.06267762
50200 0.02307833 0.15650639
50300 -0.39300402 1.75826884
50400 0.00042873 0.19914346
50500 -0.08438949 0.40438692
50600 -0.00289412 0.20583012
50700 0.22672219 0.00357038
50800 0.84573156 2.08484624
50900 0.61086212 0.84403840
51000 0.68223542 1.16275501
51100 0.32094318 0.07313626
51200 0.28950414 0.04005495
51300 0.17614675 0.00284489
51400 0.01912405 0.16358055
51500 -0.10610766 0.46850950
51600 -0.09836108 0.44509667
51700 -0.18673768 0.74783016
51800 0.03324165 0.13904173
51900 -0.33449527 1.42842595
52000 -0.05316307 0.32045770
52100 0.02771695 0.14840724
52200 0.10981354 0.04066799
52300 -0.17023348 0.68536414
52400 -0.05277517 0.31947643
52500 0.40151011 0.20303162
52600 0.44016069 0.28838579
52700 0.52856512 0.53977519
52800 -0.02030411 0.24266951
52900 0.00405040 0.19198123
53000 -0.09346984 0.43062274
53100 0.27223300 0.02608803
53200 0.72502467 1.37825454
53300 0.56728191 0.67448001
53400 0.26775909 0.02295647
53500 0.55568117 0.63254548
53600 0.32429747 0.07724931
53700 -0.00153811 0.20308805
53800 -0.18851533 0.75472082
53900 -0.04921338 0.31053655
54000 0.00383204 0.19240934
54100 0.50526579 0.46593603
54200 0.48061148 0.39371401
54300 0.51917785 0.50937251
54400 0.04347175 0.12250547
54500 0.48961507 0.41938444
54600 -0.00026388 0.20052810
54700 -0.52863678 2.65455778
54800 -0.31271567 1.31438678
54900 -0.01466713 0.23040989
55000 0.00928783 0.18185565
55100 0.66487573 1.08054724
55200 0.50879415 0.47676913
55300 0.82100170 1.92821553
55400 0.33723502 0.09416725
55500 0.06160088 0.09577159
55600 0.02457981 0.15386122
55700 -0.25013054 1.01308751
55800 0.17746843 0.00253836
55900 -0.00944279 0.21933141
56000 -0.03801598 0.28325803
56100 0.42964548 0.26368523
56200 0.17493187 0.00314206
56300 0.50590107 0.46787732
56400 0.59516980 0.78079584
56500 0.43345439 0.27250477
56600 0.43610969 0.27873894
56700 0.22218352 0.00246054
56800 -0.22504027 0.90329614
56900 -0.10596584 0.46807547
57000 0.53406969 0.55801277
57100 0.55960988 0.64659633
57200 0.12168000 0.03067011
57300 -0.23641497 0.95229012
57400 0.11687536 0.03454853
57500 -0.01327474 0.22743058
57600 -0.18891816 0.75628667
57700 0.02874286 0.14664505
57800 0.03714990 0.13260078
57900 -0.11181078 0.48612980
58000 0.04044324 0.12729179
58100 0.27654130 0.02929285
58200 0.00213185 0.19575902
58300 0.01582427 0.16960350
58400 -0.03711443 0.28111627
58500 0.50982618 0.47996131
58600 0.25127113 0.01314364
58700 0.58448793 0.73915484
58800 0.30584743 0.05601839
58900 0.03426745 0.13733639
59000 0.77924675 1.67763400
59100 0.27682508 0.02951046
59200 0.52884072 0.54068110
59300 0.23256828 0.00530346
59400 0.36786048 0.14088570
59500 0.21980765 0.00196171
59600 -0.04214577 0.29317288
59700 0.01192033 0.17686981
59800 -0.03626591 0.27910790
59900 -0.05332107 0.32085783
60000 0.18361936 0.00134163
60100 0.50682827 0.47071793
60200 0.49889675 0.44669634
60300 0.53793330 0.57099459
60400 0.47126547 0.36792479
60500 0.22841024 0.00403571
60600 0.21725683 0.00148899
60700 0.49937019 0.44811255
60800 -0.00207140 0.20416426
60900 0.45514558 0.32549634
61000 0.52527566 0.52902128
61100 0.45437287 0.32352779
61200 0.51408888 0.49325913
61300 0.52941962 0.54258643
61400 0.06763626 0.08760080
61500 -0.04884909 0.30962935
61600 -0.01099888 0.22260265
61700 0.35997028 0.12795245
61800 0.00690333 0.18643162
61900 -0.06813668 0.35948638
62000 -0.00724333 0.21474898
62100 0.50148305 0.45446014
62200 0.00771122 0.18487487
62300 0.41507814 0.23129304
62400 0.71157565 1.30854824
62500 0.47210576 0.37020772
62600 0.00238101 0.19526632
62700 0.12864625 0.02545679
62800 0.02421096 0.15450893
62900 -0.26645857 1.08791797
63000 0.46485653 0.35074491
63100 -0.25804974 1.04904784
63200 -0.01234004 0.22544145
63300 -0.18469784 0.73996212
63400 -0.08742963 0.41307897
63500 0.18766078 0.00076128
63600 0.54998940 0.61246289
63700 0.34359316 0.10309498
63800 0.18387754 0.00129967
63900 0.02313699 0.15640263
64000 -0.20252346 0.81012569
64100 -0.21557465 0.86351146
64200 -0.14341859 0.58968163
64300 -0.01387437 0.22871124
64400 -0.23636297 0.95206319
64500 -0.04693617 0.30488736
64600 0.02180464 0.15876793
64700 -0.00753514 0.21535418
64800 0.52410986 0.52523600
64900 0.51803352 0.50572660
65000 0.35579431 0.12135934
65100 0.48993314 0.42030614
65200 0.59686719 0.78751782
65300 0.23969308 0.00787770
65400 -0.10158199 0.45475849
65500 -0.21909748 0.87821350
65600 -0.02121392 0.24467799
65700 0.23336762 0.00556699
65800 -0.10640154 0.46940951
65900 0.16738693 0.00531806
66000 -0.00495295 0.21002857
66100 0.02640347 0.15067878
66200 -0.03983140 0.28759551
66300 0.21837282 0.00168780
66400 0.49432364 0.43313204
66500 0.48261316 0.39935099
66600 0.67847619 1.14469731
66700 0.73150822 1.41250491
66800 0.49132964 0.42436479
66900 -0.02152515 0.24536696
67000 0.47764131 0.38542347
67100 0.19192708 0.00032586
67200 -0.24888999 1.00751113
67300 0.03352105 0.13857621
67400 0.25293813 0.01401223
67500 -0.02040231 0.24288589
67600 -0.29509798 1.22561005
67700 0.39416477 0.18849978
67800 -0.04769130 0.30675489
67900 0.14522300 0.01500260
68000 0.32928862 0.08357773
68100 -0.13537674 0.56238777
68200 0.13869858 0.01878932
68300 0.23075999 0.00473089
68400 0.42559603 0.25446785
68500 0.19517649 0.00011633
68600 0.02876902 0.14660024
68700 0.70479878 1.27410903
68800 0.59291871 0.77192557
68900 0.08823476 0.06245734
69000 0.27916222 0.03133329
69100 0.28382961 0.03513702
69200 0.02700412 0.14963787
69300 0.01235259 0.17605776
69400 0.14031210 0.01781322
69500 -0.00987968 0.22024740
69600 0.55492392 0.62985494
69700 0.48260826 0.39933713
69800 -0.01206587 0.22485966
69900 0.10458961 0.04551571
70000 -0.00056311 0.20112780
70100 0.54647159 0.60021280
70200 0.52860079 0.53989238
70300 0.26837979 0.02337898
70400 0.02161587 0.15910450
70500 0.24947317 0.01223797
70600 0.24315502 0.00931178
70700 -0.02548060 0.25420750
70800 0.00761910 0.18505205
70900 0.01882211 0.16412714
71000 -0.03161313 0.26822322
71100 -0.00979378 0.22006715
71200 0.47489836 0.37784555
71300 0.29142667 0.04179418
71400 0.34317267 0.10249206
71500 0.18313222 0.00142261
71600 -0.00344129 0.20694180
71700 0.01995109 0.16208804
71800 0.46833730 0.36002454
71900 0.49333011 0.43021278
72000 0.61496180 0.86096649
72100 0.49095114 0.42326282
72200 0.13098962 0.02381216
72300 -0.05158299 0.31647001
72400 0.01594417 0.16938274
72500 -0.11739690 0.50370397
72600 0.01439391 0.17224811
72700 0.02165581 0.15903325
72800 0.47346124 0.37390525
72900 0.61108568 0.84495719
73000 0.49601541 0.43812560
73100 -0.06934225 0.36272624
73200 0.42251084 0.24755536
73300 0.38484636 0.17084088
73400 0.32583093 0.07916712
73500 -0.01621956 0.23375449
73600 0.40316276 0.20637554
73700 0.57388203 0.69893887
73800 0.46036643 0.33895339
73900 0.00257150 0.19489006
74000 -0.01477814 0.23064826
74100 -0.41399937 1.88497611
74200 -0.18614059 0.74552279
74300 0.53105103 0.54797394
74400 0.11405311 0.03693434
74500 0.44863487 0.30909650
74600 0.32756826 0.08136831
74700 0.50620586 0.46881014
74800 0.58976605 0.75958785
74900 0.44402340 0.29773710
75000 0.55911292 0.64481045
75100 0.42088670 0.24395467
75200 0.64558772 0.99274209
75300 0.28699436 0.03784009
75400 0.15722039 0.00915048
75500 -0.34673277 1.49458362
75600 0.61257895 0.85110695
75700 -0.05122935 0.31558093
75800 0.00532073 0.18950009
75900 0.09500207 0.05512283
76000 0.17521764 0.00307083
76100 0.59592778 0.78379403
76200 0.03351153 0.13859205
76300 0.60308507 0.81238787
76400 0.03791772 0.13135332
76500 0.49999882 0.44999645
76600 0.49533696 0.43611959
76700 0.52518328 0.52872083
76800 0.86142852 2.18743841
76900 0.86197595 2.19106081
77000 0.51037385 0.48165962
77100 0.71576343 1.33005958
77200 0.48693349 0.41165414
77300 0.47304523 0.37276850
77400 0.49513076 0.43551083
77500 0.48018625 0.39252167
77600 0.47027936 0.36525466
77700 0.00399072 0.19209818
77800 -0.00381497 0.20770272
77900 -0.11000570 0.48051767
78000 -0.00035565 0.20071192
78100 -0.00721351 0.21468720
78200 0.12345253 0.02929758
78300 -0.09591980 0.43784263
78400 -0.09027014 0.42128378
78500 0.48472472 0.40534082
78600 0.25569546 0.01550992
78700 0.44599803 0.30257515
78800 0.67726114 1.13889097
78900 0.51721021 0.50311159
79000 0.25152449 0.01327387
79100 0.00819499 0.18394581
79200 0.06956601 0.08506513
79300 -0.13315675 0.55496710
79400 -0.14471991 0.59415908
79500 0.01512291 0.17089770
79600 0.14452392 0.01538798
79700 0.02892252 0.14633752
79800 0.01486589 0.17137320
79900 -0.29652042 1.23266262
80000 0.55824301 0.64169027
80100 0.44821391 0.30805072
80200 -0.02850802 0.26107959
80300 0.08519894 0.06589641
80400 0.51088799 0.48325672
80500 0.19478013 0.00013624
80600 0.47902419 0.38927249
80700 -0.24693826 0.99876904
80800 0.51307110 0.49006756
80900 0.54417103 0.59226851
81000 0.52580050 0.53072982
81100 0.24577272 0.01047571
81200 0.24300397 0.00924671
81300 0.44067099 0.28961262
81400 0.50432590 0.46307128
81500 0.45557874 0.32660246
81600 0.81534480 1.89324614
81700 0.86405354 2.20483551
81800 0.38845175 0.17757031
81900 0.56429268 0.66354580
82000 0.36016151 0.12825855
82100 0.00654473 0.18712470
82200 -0.18740429 0.75041042
82300 0.03802849 0.13117384
82400 0.10337079 0.04668602
82500 0.37172564 0.14744847
82600 0.40392672 0.20793055
82700 0.56971270 0.68343741
82800 0.02988973 0.14468753
82900 -0.39521465 1.77140237
83000 -0.26720523 1.09140364
83100 0.46726328 0.35714830
83200 0.00603009 0.18812163
83300 -0.00392160 0.20792009
83400 -0.02064942 0.24343084
83500 0.35480171 0.11981784
83600 0.22470825 0.00305249
83700 0.00745949 0.18535924
83800 0.15468113 0.01026900
83900 0.00559427 0.18896793
84000 0.16564309 0.00590199
84100 0.25998789 0.01799273
84200 0.47116060 0.36764035
84300 -0.14994925 0.61232238
84400 0.26431571 0.02068255
84500 0.29525363 0.04536627
84600 0.45678584 0.32969483
84700 0.34624126 0.10693253
84800 0.07317725 0.08042005
84900 0.25326982 0.01418837
85000 0.10779568 0.04250819
85100 -0.04846191 0.30866662
85200 0.01267618 0.17545107
85300 0.13358565 0.02205433
85400 0.26431596 0.02068271
85500 0.17077195 0.00427139
85600 -0.00578182 0.21173078
85700 0.08771991 0.06303409
85800 0.47827007 0.38717117
85900 0.40208574 0.20419324
86000 0.31473037 0.06581529
86100 0.53284900 0.55394229
86200 0.03394034 0.13787905
86300 -0.08385675 0.40287326
86400 0.05903097 0.09936133
86500 -0.05905869 0.33555704
86600 0.00512896 0.18987361
86700 0.18150252 0.00171078
86800 0.39428883 0.18874075
86900 0.49688894 0.44071521
87000 0.47530178 0.37895535
87100 0.10481429 0.04530159
87200 0.54663590 0.60078225
87300 0.55694157 0.63703642
87400 0.59472277 0.77903034
87500 0.12390404 0.02895298
87600 0.53292392 0.55419169
87700 0.73504499 1.43136572
87800 0.51357617 0.49165007
87900 0.01493172 0.17125134
88000 0.32872164 0.08284630
88100 0.47749227 0.38500980
88200 0.49219930 0.42690216
88300 0.09647771 0.05358432
88400 -0.29136345 1.20719019
88500 0.50494152 0.46494665
88600 0.29794434 0.04796547
88700 0.67212451 1.11450778
88800 0.45244840 0.31865097
88900 0.23733594 0.00696986
89000 0.15275696 0.01115952
89100 0.09092554 0.05948618
89200 0.17198439 0.00392437
89300 0.08791726 0.06281270
89400 -0.01214860 0.22503514
89500 0.50428568 0.46294886
89600 0.53236092 0.55231891
89700 0.51138251 0.48479534
89800 -0.24518917 0.99096700
89900 0.01487508 0.17135617
90000 0.35087887 0.11382216
90100 0.42725538 0.25822505
90200 0.42049403 0.24308808
90300 0.49403149 0.43227259
90400 -0.00677530 0.21378013
90500 0.54181444 0.58418556
90600 0.52474486 0.52729610
90700 -0.11646205 0.50074114
90800 0.00749071 0.18529913
90900 0.50657387 0.46993768
91000 0.91834332 2.58008561
91100 0.42727847 0.25827753
91200 -0.08677660 0.41120410
91300 -0.26287381 1.07126082
91400 0.47494203 0.37796559
91500 0.04063918 0.12697936
91600 -0.01759326 0.23673413
91700 0.06854590 0.08640090
91800 0.09313369 0.05710204
91900 0.23251258 0.00528534
92000 0.01731810 0.16686338
92100 -0.11455069 0.49471070
92200 0.00950284 0.18144583
92300 -0.01773914 0.23705166
92400 0.48374594 0.40255879
92500 0.85064096 2.11666830
92600 0.51281955 0.48928036
92700 0.19252072 0.00027970
92800 0.59067930 0.76315159
92900 0.27797044 0.03039695
93000 0.01108533 0.17844376
93100 0.33798171 0.09519476
93200 0.00502233 0.19008145
93300 0.32637035 0.07984733
93400 0.09251183 0.05776854
93500 0.05788500 0.10098337
93600 0.12456799 0.02844994
93700 0.01536440 0.17045152
93800 -0.13719083 0.56848829
93900 0.52186784 0.51799453
94000 0.03787806 0.13141762
94100 0.46106713 0.34078023
94200 -0.18565456 0.74364719
94300 0.14903471 0.01298730
94400 -0.02230899 0.24710644
94500 -0.19163938 0.76690702
94600 -0.00333874 0.20673322
94700 0.43935991 0.28646582
94800 0.53645576 0.56601241
94900 0.51503734 0.49624264
95000 0.32234472 0.07484115
95100 -0.02016703 0.24236760
95200 0.13761738 0.01945795
95300 -0.05897243 0.33533361
95400 0.40514902 0.21043060
95500 0.01339293 0.17411100
95600 0.27224314 0.02609536
95700 0.02213570 0.15817855
95800 0.34565549 0.10607761
95900 0.26030993 0.01818644
96000 0.23316774 0.00550049
96100 0.35971035 0.12753698
96200 0.50837004 0.47546041
96300 0.81539697 1.89356715
96400 0.51566022 0.49820689
96500 0.44800086 0.30752213
96600 0.46540482 0.35219859
96700 0.42572056 0.25474885
96800 -0.14264717 0.58703543
96900 -0.35006687 1.51286779
97000 0.27241940 0.02622285
97100 0.25942196 0.01765485
97200 0.25847593 0.01709717
97300 0.15243817 0.01131064
97400 0.49757211 0.44274580
97500 0.01329784 0.17428849
97600 -0.38867479 1.73269002
97700 0.03141530 0.14210401
97800 0.19595037 0.00008200
97900 0.13666958 0.02005371
98000 -0.02118712 0.24461870
98100 -0.13297951 0.55437677
98200 0.04011918 0.12780938
98300 0.12668063 0.02687865
98400 0.16309455 0.00681006
98500 0.45136832 0.31593017
98600 0.48557081 0.40775343
98700 0.04305257 0.12316247
98800 0.44597894 0.30252819
98900 0.49607834 0.43831193
99000 0.32750644 0.08128946
99100 0.01452852 0.17199835
99200 0.00475758 0.19059802
99300 -0.01438999 0.22981533
99400 0.36272310 0.13239403
99500 0.37367531 0.15081556
99600 0.48344008 0.40169141
99700 0.50138791 0.45417337
99800 0.45924721 0.33604558
99900 0.44460407 0.29915574
100000 0.10469720 0.04541312
100100 0.08382984 0.06747753
100200 0.55847200 0.64251089
100300 -0.21299384 0.85281957
100400 -0.55374756 2.84067695
100500 -0.05211997 0.31782239
100600 -0.02805818 0.26005267
100700 0.52351994 0.52332577
100800 0.02440350 0.15417065
100900 0.54901082 0.60904276
101000 0.45046043 0.31365214
101100 0.78393517 1.70490143
101200 0.46700448 0.35645695
101300 0.00428146 0.19152873
101400 0.25992169 0.01795304
101500 0.16689352 0.00548020
101600 0.78519198 1.71224825
101700 0.51734374 0.50353524
101800 0.36841924 0.14182519
101900 0.24016684 0.00806687
102000 0.04024459 0.12760895
102100 0.52375219 0.52407741
102200 0.64617061 0.99534106
102300 0.45374840 0.32194126
102400 0.47081394 0.36670094
102500 -0.06949554 0.36313922
102600 -0.25544314 1.03714228
102700 0.21432958 0.00102668
102800 0.14639798 0.01436588
102900 0.22977066 0.00443146
103000 0.49026394 0.42126578
103100 0.51447608 0.49447603
103200 0.48935783 0.41863977
103300 0.47617963 0.38137593
103400 0.53268120 0.55338392
103500 0.04712881 0.11684800
103600 -0.01036101 0.22125878
103700 0.22848304 0.00405642
103800 0.36528981 0.13660361
103900 -0.01935621 0.24058573
104000 0.10788123 0.04242934
104100 0.00282490 0.19439010
104200 -0.16632199 0.67095901
104300 -0.33984962 1.45718807
104400 0.03571531 0.13494729
104500 -0.19055028 0.76264761
104600 -0.05403044 0.32265733
104700 0.48247756 0.39896786
104800 0.00011639 0.19976729
104900 -0.45002340 2.11265208
105000 0.33008559 0.08461131
105100 -0.17736749 0.71203110
105200 -0.07447103 0.37667174
105300 -0.08627255 0.40975985
105400 0.52200951 0.51845061
105500 0.47058495 0.36608107
105600 0.19652037 0.00006054
105700 -0.24171729 0.97557083
105800 0.02492384 0.15325831
105900 0.20174813 0.00001528
106000 0.49655548 0.43972578
106100 0.28517445 0.03627344
106200 -0.10112941 0.45339461
106300 0.01240705 0.17595558
106400 0.19102276 0.00040295
106500 0.00408134 0.19192061
106600 -0.53521195 2.70268305
106700 -0.23400262 0.94179139
106800 -0.32790177 1.39340140
106900 -0.00212836 0.20427936
107000 0.02161508 0.15910590
107100 -0.00843846 0.21723297
107200 -0.00514818 0.21042887
107300 0.00399695 0.19208598
107400 -0.22579954 0.90652626
107500 0.51764465 0.50449063
107600 -0.01314183 0.22714720
107700 0.30256122 0.05259402
107800 0.51167515 0.48570700
107900 0.24592727 0.01054657
108000 0.47581165 0.38036033
108100 0.48142406 0.39599751
108200 0.68064249 1.15508604
108300 -0.05813291 0.33316299
108400 0.02983236 0.14478513
108500 0.24135927 0.00855295
108600 0.25247391 0.01376756
108700 0.66549806 1.08344222
108800 0.30424966 0.05433996
108900 0.32004769 0.07205724
109000 0.21917834 0.00183904
109100 0.50729819 0.47216089
109200 0.51983234 0.51146364
109300 0.49825142 0.44476955
109400 0.65667197 1.04274644
109500 0.47491178 0.37788244
109600 0.23803035 0.00723154
109700 0.00747029 0.18533845
109800 0.01772286 0.16612477
109900 0.50840868 0.47557958
110000 0.48033719 0.39294469
110100 0.43709042 0.28105934
110200 0.01893346 0.16392546
110300 0.15923232 0.00831002
110400 0.49886383 0.44659795
110500 0.62404453 0.89906882
110600 0.89143082 2.39038291
110700 0.18430965 0.00123094
110800 0.00201072 0.19599877
110900 0.11545924 0.03573570
111000 -0.21050249 0.84256146
111100 0.24900536 0.01200762
111200 0.22466628 0.00304213
111300 0.06208774 0.09509896
111400 0.39216445 0.18463589
111500 0.26636707 0.02202294
111600 0.81593151 1.89685812
111700 0.48795015 0.41457645
111800 -0.03954424 0.28690721
111900 0.01684789 0.16772348
112000 0.14512482 0.01505643
112100 -0.42614187 1.96026823
112200 0.12081437 0.03135182
112300 0.01261848 0.17555916
112400 0.01064469 0.17927716
112500 -0.25666621 1.04272015
112600 -0.20040424 0.80161778
112700 0.29308765 0.04332656
112800 0.16301578 0.00683916
112900 -0.00065467 0.20131149
113000 0.02403404 0.15482009
113100 0.00411853 0.19184776
113200 0.11367234 0.03726232
113300 0.36129207 0.13007567
113400 0.47482505 0.37764404
113500 0.06175540 0.09555784
113600 0.49344941 0.43056279
113700 -0.05989734 0.33773314
113800 0.30285172 0.05289238
113900 0.73623917 1.43776224
114000 0.47825412 0.38712677
114100 0.47346981 0.37392867
114200 0.05114744 0.11078542
114300 -0.00294050 0.20592423
114400 -0.47346371 2.26776684
114500 0.00830576 0.18373341
114600 -0.11289411 0.48951363
114700 -0.00706924 0.21438835
114800 0.34525824 0.10549979
114900 0.67372944 1.12209792
115000 0.21871879 0.00175197
115100 -0.18833656 0.75402642
115200 0.02343760 0.15587140
115300 -0.13812801 0.57165275
115400 0.21107201 0.00061295
115500 -0.00905687 0.21852387
115600 -0.00902081 0.21844850
115700 -0.39939629 1.79637959
115800 -0.16980746 0.68378777
115900 0.18081211 0.00184088
116000 -0.01947010 0.24083563
116100 0.28545035 0.03650881
116200 0.49055510 0.42211132
116300 -0.14335322 0.58945718
116400 -0.01671359 0.23482391
116500 -0.01591550 0.23309752
116600 -0.02532168 0.25384930
116700 0.50092248 0.45277170
116800 0.20055104 0.00000152
116900 0.25499377 0.01512157
117000 0.78135111 1.68984557
117100 0.50311843 0.45940391
117200 -0.05438749 0.32356498
117300 -0.22004069 0.88217093
117400 0.51560250 0.49802468
117500 0.52373692 0.52402798
117600 0.31403329 0.06501796
117700 -0.00666684 0.21355592
117800 0.36165440 0.13066072
117900 -0.05251117 0.31880945
118000 0.12300913 0.02963797
118100 0.01054843 0.17945949
118200 0.53297735 0.55436959
118300 -0.09968651 0.44906002
118400 0.04767800 0.11600995
118500 -0.00586693 0.21190596
118600 0.01855558 0.16461038
118700 0.14043133 0.01774213
118800 -0.07128418 0.36797552
118900 0.01344042 0.17402239
119000 0.48720915 0.41244548
119100 0.11731009 0.03418810
119200 0.00896222 0.18247716
119300 -0.36318251 1.58587271
119400 0.26726785 0.02262482
119500 0.00208891 0.19584400
119600 0.50216348 0.45651385
119700 0.28085567 0.03268820
119800 0.10480360 0.04531178
119900 0.13710348 0.01977986
120000 -0.00072355 0.20144971
120100 0.00241838 0.19519248
120200 -0.67276645 3.80860642
120300 -0.25416124 1.03131215
120400 -0.06854322 0.36057730
120500 0.35020610 0.11280937
120600 0.08232704 0.06923462
120700 0.08755873 0.06321520
120800 -0.10784849 0.47385347
120900 0.35929250 0.12687050
121000 0.50169956 0.45511312
121100 0.27138097 0.02547621
121200 0.00189254 0.19623283
121300 0.51427698 0.49385011
121400 0.23167959 0.00501798
121500 0.39764155 0.19531092
121600 0.39516833 0.19045339
121700 0.35882530 0.12612738
121800 -0.00318288 0.20641642
121900 -0.25499844 1.03511788
122000 0.05951274 0.09868335
122100 0.04373076 0.12210038
122200 0.04449842 0.12090371
122300 0.68349289 1.16882689
122400 0.47507498 0.37833122
122500 0.71084099 1.30479259
122600 0.35487127 0.11992556
122700 -0.19798614 0.79196482
122800 0.52105951 0.51539604
122900 0.47029322 0.36529213
123000 -0.16352033 0.66073515
123100 -0.02931270 0.26292157
123200 0.24492553 0.01009152
123300 0.46077673 0.34002252
123400 0.24464888 0.00996761
123500 0.36777298 0.14073887
123600 -0.48925568 2.37536698
123700 0.00506973 0.18998906
123800 0.11721153 0.03426965
123900 0.00741022 0.18545411
124000 0.00560706 0.18894308
124100 0.01435914 0.17231265
124200 -0.02045452 0.24300099
124300 0.67464428 1.12643598
124400 0.17769069 0.00248853
124500 0.26469441 0.02092683
124600 0.09131969 0.05905705
124700 0.67092473 1.10885049
124800 0.46362676 0.34749535
124900 0.12874410 0.02538701
125000 -0.06658045 0.35532568
125100 0.25097978 0.01299469
125200 0.52227760 0.51931426
125300 0.46869621 0.36098828
125400 0.53239972 0.55244787
125500 0.36009758 0.12815617
125600 0.25533279 0.01530859
125700 0.45115898 0.31540416
125800 0.49598319 0.43803024
125900 0.48234146 0.39858350
126000 0.56760323 0.67566067
126100 0.53380363 0.55712430
126200 0.47987176 0.39164101
126300 0.32417060 0.07709168
126400 -0.05240315 0.31853675
126500 0.31039379 0.06093395
126600 0.49096567 0.42330510
126700 0.45789945 0.33256064
126800 0.50892070 0.47715998
126900 0.01548348 0.17023173
127000 -0.00154212 0.20309613
127100 -0.21648452 0.86729678
127200 -0.04051479 0.28923683
127300 -0.10482254 0.46458391
127400 0.58508629 0.74145726
127500 0.09794785 0.05207321
127600 0.14130386 0.01722618
127700 0.27815738 0.03054288
127800 0.00049608 0.19900906
127900 0.05217548 0.10926045
128000 0.41880644 0.23938130
128100 0.50762023 0.47315104
128200 0.13368121 0.02199091
128300 0.48296169 0.40033659
128400 -0.00659704 0.21341169
128500 -0.26985178 1.10380347
128600 -0.51731344 2.57269285
128700 -0.47158730 2.25514750
128800 -0.18804599 0.75289846
128900 0.42234576 0.24718818
129000 0.48547643 0.40748395
129100 0.21448866 0.00104961
129200 0.49763722 0.44293958
129300 0.03693589 0.13294952
129400 0.51253613 0.48839415
129500 0.46457847 0.35000882
129600 0.27050696 0.02485616
129700 0.55053702 0.61438101
129800 0.31538241 0.06656550
129900 0.73160197 1.41300325
130000 -0.00299055 0.20602582
130100 0.24157670 0.00864311
130200 0.47967037 0.39107757
130300 0.09005883 0.06043530
130400 0.52253210 0.52013477
130500 0.49874007 0.44622815
130600 0.40252470 0.20508127
130700 0.23756865 0.00705702
130800 0.46209093 0.34345827
130900 -0.02032128 0.24270733
131000 0.59759364 0.79040352
131100 0.60517186 0.82082116
131200 0.71268211 1.31421473
131300 0.26287236 0.01976467
131400 -0.00882848 0.21804667
131500 0.18341985 0.00137451
131600 0.25880922 0.01729262
131700 0.00234311 0.19534123
131800 -0.32021529 1.35311973
131900 -0.01086775 0.22232604
132000 -0.00556517 0.21128519
132100 0.19090121 0.00041394
132200 0.51322616 0.49055315
132300 0.51246694 0.48817794
132400 0.25394463 0.01455012
132500 0.29533024 0.04543927
132600 0.70094138 1.25471135
132700 0.16160548 0.00737069
132800 0.45217612 0.31796398
132900 0.46997271 0.36442633
133000 0.03379074 0.13812759
133100 0.02052585 0.16105485
133200 -0.00725036 0.21476356
133300 0.46612597 0.35411517
133400 0.37328094 0.15013141
133500 0.62448706 0.90094631
133600 0.57559305 0.70535071
133700 -0.07482501 0.37764393
133800 0.32104373 0.07325793
133900 0.48707247 0.41205302
134000 -0.02150705 0.24532687
134100 -0.38354938 1.70264942
134200 -0.03237725 0.26999593
134300 0.00277116 0.19449607
134400 0.09282328 0.05743425
134500 0.18953318 0.00054777
134600 -0.07560242 0.37978346
134700 0.54500052 0.59512680
134800 0.46956364 0.36332279
134900 0.50638754 0.46936664
135000 0.50253692 0.45764295
135100 0.45257182 0.31896261
135200 0.29893442 0.04894010
135300 0.47160038 0.36883383
135400 0.48106786 0.39499571
135500 0.44685754 0.30469322
135600 0.52682387 0.53406922
135700 0.52289743 0.52131375
135800 0.13354750 0.02207967
135900 0.19792755 0.00002148
136000 0.07737209 0.07518802
136100 -0.21171224 0.84753484
136200 0.15503614 0.01010875
136300 -0.17065768 0.68693558
136400 0.01242823 0.17591584
136500 0.43677534 0.28031282
136600 0.28886573 0.03948559
136700 0.64347319 0.98334235
136800 0.48360665 0.40216366
136900 0.28792202 0.03865140
137000 0.01186072 0.17698195
137100 -0.03745900 0.28193389
137200 -0.00760934 0.21550819
137300 0.01436783 0.17229652
137400 -0.04532237 0.30091532
137500 0.43760350 0.28227713
137600 0.54173035 0.58389817
137700 0.45474885 0.32448488
137800 -0.01411878 0.22923427
137900 0.23361621 0.00565025
138000 0.36957062 0.14377097
138100 0.52359746 0.52357657
138200 0.70376006 1.26887097
138300 0.56602900 0.66988614
138400 0.24719365 0.01113620
138500 -0.01090392 0.22240232
138600 0.61088934 0.84415023
138700 0.35236303 0.11607246
138800 -0.24995649 1.01230420
138900 -0.02344103 0.24962948
139000 -0.09051134 0.42198419
139100 -0.09215742 0.42677980
139200 0.02114797 0.15994024
139300 0.16620998 0.00570883
139400 0.49423648 0.43287554
139500 0.52928752 0.54215137
139600 0.50776785 0.47360524
139700 0.51001037 0.48053214
139800 0.37650757 0.15577461
139900 0.07642230 0.07635724
140000 -0.03922927 0.28615322
140100 0.27031386 0.02472019
140200 0.38491622 0.17097004
140300 0.34331339 0.10269364
140400 0.46913070 0.36215667
140500 0.90531089 2.48731725
140600 0.69139262 1.20733352
140700 0.26661779 0.02218965
140800 -0.03268259 0.27070593
140900 0.02153692 0.15924535
141000 -0.01310939 0.22707806
141100 0.00535236 0.18943853
141200 -0.23250127 0.93528673
141300 0.03520193 0.13579202
141400 -0.12002177 0.51206965
141500 -0.07919771 0.38975680
141600 0.15348217 0.01081954
141700 -0.00588397 0.21194104
141800 -0.00216302 0.20434943
141900 0.00072503 0.19855257
142000 0.43041366 0.26545227
142100 -0.00291532 0.20587313
142200 0.37368530 0.15083292
142300 0.62525197 0.90419618
142400 0.49605683 0.43824824
142500 -0.23560718 0.94876805
142600 -0.00081955 0.20164245
142700 0.03096548 0.14286334
142800 -0.04222320 0.29336039
142900 -0.01400513 0.22899098
143000 0.02074345 0.16066456
143100 0.02202279 0.15837943
143200 0.32691186 0.08053310
143300 -0.01381404 0.22858222
143400 0.51533278 0.49717381
143500 0.66746503 1.09261778
143600 0.31429781 0.06531994
143700 0.10407704 0.04600607
143800 -0.22774220 0.91481696
143900 0.00541313 0.18932026
144000 0.30696508 0.05720764
144100 -0.02475271 0.25256890
144200 0.14098778 0.01741221
144300 0.32736551 0.08110986
144400 0.09801886 0.05200076
144500 -0.35952993 1.56536869
144600 0.01500060 0.17112389
144700 0.27409716 0.02745195
144800 0.71861371 1.34480088
144900 0.51571164 0.49836918
145000 0.65958057 1.05607149
145100 0.53551682 0.56285767
145200 0.77072435 1.62863140
145300 0.49402918 0.43226581
145400 0.19056123 0.00044545
145500 -0.20338578 0.81360043
145600 -0.13619117 0.56512253
145700 0.21594502 0.00127122
145800 -0.05741962 0.33132431
145900 -0.00270159 0.20543966
146000 -0.02386794 0.25058428
146100 -0.01393593 0.22884292
146200 -0.10860919 0.47619815
146300 0.26310137 0.01990892
146400 0.61057891 0.84287520
146500 0.47918111 0.38971046
146600 0.61659966 0.86777639
146700 0.20948696 0.00045001
146800 0.00428459 0.19152261
146900 0.17209845 0.00389248
147000 0.47848022 0.38775617
147100 0.14130280 0.01722681
147200 0.13038696 0.02422988
147300 0.50432564 0.46307047
147400 0.06545416 0.09051292
147500 -0.00812292 0.21657575
147600 -0.00646028 0.21312923
147700 0.19062284 0.00043966
147800 0.52680181 0.53399710
147900 0.57678755 0.70984429
148000 0.08806532 0.06264686
148100 0.01960185 0.16271747
148200 -0.03706326 0.28099495
148300 0.40518766 0.21050989
148400 0.44228845 0.29351847
148500 0.49069682 0.42252321
148600 0.44721576 0.30557815
148700 0.06268117 0.09428230
148800 0.28240690 0.03395449
148900 0.14445435 0.01542660
149000 -0.01487922 0.23086539
149100 0.13482223 0.02124071
149200 0.51086217 0.48317643
149300 0.69095830 1.20520025
149400 0.47748347 0.38498538
149500 -0.36572597 1.60022938
149600 -0.49147832 2.39071130
149700 -0.06145046 0.34178172
149800 0.00059138 0.19881899
149900 -0.23021170 0.92541055
150000 -0.35609023 1.54618169
150100 0.02187746 0.15863820
150200 0.49732387 0.44200742
150300 0.78786188 1.72790795
150400 0.44980315 0.31200806
150500 0.33651946 0.09318781
150600 0.14816542 0.01343412
150700 0.01266654 0.17546912
150800 0.18421917 0.00124517
150900 0.13112923 0.02371591
151000 -0.11991590 0.51173093
151100 0.51152139 0.48522789
151200 0.46098924 0.34057693
151300 0.53437920 0.55904723
151400 0.11170013 0.03898434
151500 0.31807994 0.06971436
151600 0.27295044 0.02660884
151700 0.35791162 0.12468040
151800 0.70468550 1.27353728
151900 0.25584850 0.01559527
152000 0.55044579 0.61406127
152100 0.49885719 0.44657811
152200 -0.02303382 0.24872043
152300 -0.05287947 0.31974013
152400 0.03081994 0.14310946
152500 0.24901240 0.01201108
152600 -0.00656439 0.21334424
152700 0.18258717 0.00151603
152800 0.01346638 0.17397395
152900 0.44853553 0.30884955
153000 0.45604972 0.32780731
153100 0.62452205 0.90109484
153200 0.16406548 0.00645645
153300 0.11606948 0.03522166
153400 0.47017954 0.36498491
153500 -0.19874195 0.79497571
153600 -0.08297080 0.40036237
153700 -0.22996653 0.92435606
153800 -0.01083833 0.22226401
153900 -0.02390290 0.25066254
154000 0.48281733 0.39992822
154100 0.67707146 1.13798587
154200 0.48904884 0.41774617
154300 0.51366727 0.49193578
154400 0.55553372 0.63202113
154500 0.00771284 0.18487176
154600 0.36020099 0.12832179
154700 -0.01550143 0.23220434
154800 0.45366842 0.32173833
154900 0.53794376 0.57102993
155000 -0.06929569 0.36260085
155100 0.30806657 0.05839192
155200 -0.00216655 0.20435657
155300 -0.21069331 0.84334497
155400 -0.29682869 1.23419371
155500 -0.08936768 0.41866826
155600 0.18040123 0.00192056
155700 -0.02206414 0.24656242
155800 0.63916085 0.96431126
155900 0.32436352 0.07733143
156000 0.63414068 0.94239065
156100 0.79909522 1.79457544
156200 0.48915982 0.41806702
156300 0.57653828 0.70890537
156400 0.57543931 0.70477338
156500 0.71359962 1.31892284
156600 -0.31557309 1.32907803
156700 0.03337712 0.13881592
156800 -0.03546398 0.27721642
156900 -0.03420285 0.27425488
157000 -0.07204204 0.37003436
157100 0.02235021 0.15779723
157200 -0.00310493 0.20625806
157300 0.07472124 0.07847384
157400 0.48349612 0.40185024
157500 0.39174951 0.18383937
157600 0.37233503 0.14849681
157700 0.45245064 0.31865663
157800 0.32584491 0.07918470
157900 -0.01478227 0.23065711
158000 -0.15432681 0.62773742
158100 -0.44681494 2.09184784
158200 -0.31541808 1.32827897
158300 0.04739333 0.11644398
158400 0.46049571 0.33929007
158500 0.47324206 0.37330611
158600 0.39039583 0.18125286
158700 0.21645324 0.00135355
158800 0.52379989 0.52423184
158900 -0.01066408 0.22189678
159000 -0.54097314 2.74520593
159100 -0.10544661 0.46648816
159200 0.10534996 0.04479315
159300 0.49339214 0.43039475
159400 0.37525763 0.15357618
159500 0.17765139 0.00249730
159600 -0.00890164 0.21819947
159700 0.12591759 0.02744102
159800 0.02214842 0.15815591
159900 0.50215603 0.45649132
160000 0.50240177 0.45723416
160100 -0.00465750 0.20942346
160200 -0.14558921 0.59715949
160300 -0.10159137 0.45478677
160400 0.03688428 0.13303368
160500 0.12585374 0.02748834
160600 0.48732151 0.41276826
160700 0.49150167 0.42486612
160800 0.50259809 0.45782803
160900 0.52552905 0.52984580
161000 0.02399985 0.15488027
161100 -0.03353178 0.27268546
161200 -0.00177081 0.20355730
161300 -0.27014785 1.10519499
161400 -0.24338045 0.98293111
161500 -0.24558503 0.99273010
161600 -0.04223795 0.29339612
161700 0.52456909 0.52672547
161800 0.33039624 0.08501589
161900 0.51939395 0.51006249
162000 -0.32323818 1.36889096
162100 -0.34911159 1.50761767
162200 -0.31400637 1.32101274
162300 0.49438611 0.43331591
162400 0.58563113 0.74355683
162500 0.53660318 0.56650852
162600 0.91114756 2.52865428
162700 0.47703127 0.38373161
162800 0.50432051 0.46305488
162900 -0.01108162 0.22277724
163000 0.49529903 0.43600760
163100 0.39436927 0.18889707
163200 -0.01248485 0.22574906
163300 0.02244629 0.15762661
163400 -0.16962867 0.68312678
163500 0.34162009 0.10028125
163600 0.54086639 0.58094949
163700 0.49054083 0.42206988
163800 0.51014233 0.48094132
163900 -0.04073578 0.28976857
164000 0.32968494 0.08409091
164100 0.34436472 0.10420586
164200 0.46213289 0.34356826
164300 0.61272695 0.85171768
164400 0.48986839 0.42011841
164500 0.51526016 0.49694485
164600 0.48026622 0.39274578
164700 0.58458227 0.73951760
164800 0.49938855 0.44816753
164900 0.52365049 0.52374820
165000 0.49408486 0.43242953
165100 0.51326522 0.49067548
165200 0.21455638 0.00105944
165300 0.30743671 0.05771323
165400 0.00372654 0.19261635
165500 -0.03934717 0.28643533
165600 0.00562285 0.18891239
165700 0.00360290 0.19285911
165800 -0.06759707 0.35804097
165900 -0.03861700 0.28469036
166000 0.08303391 0.06840533
166100 0.01509850 0.17094283
166200 -0.04883850 0.30960299
166300 -0.42815141 1.97287094
166400 0.07008482 0.08438978
166500 0.68039332 1.15388869
166600 0.25435812 0.01477403
166700 0.03224561 0.14070768
166800 -0.00528469 0.21070901
166900 -0.15204582 0.61968131
167000 0.14978667 0.01260689
167100 0.24825605 0.01164323
167200 0.42114537 0.24452638
167300 0.37207771 0.14805370
167400 0.47378099 0.37478015
167500 0.29683507 0.04688515
167600 0.49051756 0.42200225
167700 0.04645282 0.11788369
167800 0.43963510 0.28712491
167900 0.11821662 0.03344260
168000 0.02150470 0.15930285
168100 -0.03061934 0.26592640
168200 0.15319400 0.01095401
168300 -0.02648370 0.25647434
168400 0.47051980 0.36590482
168500 -0.36136978 1.57568016
168600 -0.01461412 0.23029610
168700 -0.01054010 0.22163567
168800 -0.10142692 0.45429093
168900 -0.16339584 0.66028269
169000 0.07247851 0.08130866
169100 -0.00225084 0.20452702
169200 -0.01724438 0.23597561
169300 0.03634149 0.13392053
169400 0.24741120 0.01123911
169500 0.52375491 0.52408619
169600 0.84294019 2.06686045
169700 0.35090429 0.11386053
169800 0.52028241 0.51290412
169900 0.25024879 0.01262470
170000 0.89142207 2.39032238
170100 0.66959086 1.10257788
170200 0.30542957 0.05557697
170300 0.49677544 0.44037831
170400 0.32885496 0.08301801
170500 0.46853963 0.36056766
170600 -0.06160340 0.34218170
170700 -0.38788967 1.72807131
170800 0.16130287 0.00748734
170900 0.50613153 0.46858256
171000 0.09490099 0.05522901
171100 0.50477763 0.46444702
171200 0.16000155 0.00799938
171300 0.41528791 0.23174443
171400 -0.01841321 0.23852166
171500 0.53421436 0.55849618
171600 0.05443114 0.10595147
171700 0.04688942 0.11721425
171800 0.19153247 0.00035850
171900 0.27245046 0.02624535
172000 0.21932129 0.00186656
172100 -0.20583533 0.82351159
172200 0.13122702 0.02364861
172300 0.10782675 0.04247954
172400 0.44766047 0.30667854
172500 -0.68299038 3.89836005
172600 -0.16376187 0.66161348
172700 0.47757716 0.38524539
172800 0.43874828 0.28500370
172900 0.36496495 0.13606717
173000 0.34590575 0.10644244
173100 0.18185056 0.00164701
173200 0.54718352 0.60268197
173300 0.35942327 0.12707890
173400 0.11285974 0.03796712
173500 0.23713039 0.00689333
173600 0.11669128 0.03470171
173700 0.23887306 0.00755557
173800 0.57141850 0.68975849
173900 0.52695683 0.53450383
174000 0.53455437 0.55963312
174100 0.44757742 0.30647289
174200 -0.01658819 0.23455221
174300 0.18856987 0.00065324
174400 0.13415692 0.02167656
174500 -0.18632600 0.74623890
174600 -0.02606911 0.25553620
174700 0.08719564 0.06362412
174800 0.59771705 0.79089427
174900 0.49850001 0.44551128
175000 0.53790287 0.57089175
175100 0.55912435 0.64485150
175200 0.47468282 0.37725327
175300 0.22698442 0.00364080
175400 -0.01231563 0.22538963
175500 -0.45209769 2.12615699
175600 -0.07234794 0.37086701
175700 0.44847052 0.30868799
175800 0.71267056 1.31415553
175900 0.49148897 0.42482910
176000 0.49687047 0.44066037
176100 0.29531203 0.04542192
176200 0.44043466 0.28904412
176300 0.00672261 0.18678074
176400 -0.01050235 0.22155619
176500 -0.19931604 0.79726650
176600 0.39890010 0.19780625
176700 0.32547949 0.07872552
176800 0.50572443 0.46733715
176900 0.57262010 0.69422869
177000 0.48733006 0.41279280
177100 0.61138757 0.84619865
177200 0.47924157 0.38987928
177300 0.25072134 0.01286327
177400 -0.01778638 0.23715455
177500 0.16881945 0.00486113
177600 -0.17973388 0.72098908
177700 -0.16014811 0.64853329
177800 0.50492968 0.46491053
177900 0.69154460 1.20808047
178000 0.13118342 0.02367861
178100 -0.02206919 0.24657362
178200 -0.01944721 0.24078540
178300 -0.24854577 1.00596655
178400 0.46169180 0.34241300
178500 0.55402731 0.62667667
178600 0.47633371 0.38180160
178700 0.19635471 0.00006644
178800 -0.00152256 0.20305672
178900 0.14272687 0.01640106
179000 0.45627313 0.32837959
179100 0.51190474 0.48642283
179200 0.48518134 0.40664199
179300 0.47730504 0.38449042
179400 0.27075781 0.02503333
179500 0.18836398 0.00067698
179600 0.17019080 0.00444294
179700 -0.38513042 1.71188805
179800 0.12123224 0.03102180
179900 0.48310740 0.40074900
180000 0.62604580 0.90757514
180100 0.58074778 0.72484438
180200 0.28618831 0.03714212
180300 0.05803389 0.10077188
180400 -0.02264646 0.24785724
180500 -0.20194261 0.80778933
180600 0.49158096 0.42509729
180700 0.77279765 1.64048572
180800 0.72709586 1.38915025
180900 0.46704189 0.35655685
181000 0.05382496 0.10683571
181100 0.06947706 0.08518118
181200 0.03989468 0.12816856
181300 0.68251670 1.16411183
181400 0.07928056 0.07286591
181500 0.33971798 0.09760557
181600 0.40556902 0.21129311
181700 0.07173796 0.08225576
181800 -0.23141268 0.93058451
181900 -0.25919690 1.05430895
182000 0.02365361 0.15549025
182100 -0.26848974 1.09741320
182200 0.01315371 0.17455768
182300 0.15019335 0.01240351
182400 0.42419161 0.25130938
182500 0.00769801 0.18490028
182600 0.66135274 1.06423177
182700 0.17238451 0.00381308
182800 -0.15575725 0.63281609
182900 -0.07897555 0.38913679
183000 -0.09387339 0.43180786
183100 0.19099510 0.00040544
183200 -0.00770929 0.21571575
183300 0.30429096 0.05438302
183400 0.49253550 0.42788510
183500 -0.00491045 0.20994146
183600 -0.03061901 0.26592564
183700 0.01457766 0.17190723
183800 0.52819925 0.53857373
183900 0.67505165 1.12837037
184000 0.29603263 0.04611133
184100 0.00887939 0.18263543
184200 0.24578774 0.01048259
184300 0.81488471 1.89041604
184400 0.57338411 0.69707846
184500 0.45358088 0.32151630
184600 0.53752550 0.56961733
184700 0.51884882 0.50832284
184800 0.45057875 0.31394854
184900 -0.03056744 0.26580672
185000 0.34407787 0.10379216
185100 0.48755771 0.41344718
185200 0.50599967 0.46817900
185300 0.00573906 0.18868657
185400 0.51102349 0.48367805
185500 0.49747663 0.44246172
185600 0.45001525 0.31253813
185700 0.41201307 0.22474772
185800 0.62411375 0.89936238
185900 0.49297005 0.42915726
186000 0.51741784 0.50377044
186100 0.48741527 0.41303768
186200 0.45242481 0.31859143
186300 0.00572237 0.18871899
186400 0.34325139 0.10260481
186500 0.06932522 0.08537950
186600 0.15546474 0.00991695
186700 -0.05530789 0.32591060
186800 0.12824703 0.02574244
186900 0.19371132 0.00019774
187000 0.42878267 0.26170755
187100 0.73993794 1.45766492
187200 0.00462837 0.19085036
187300 -0.20532757 0.82145219
187400 -0.00722341 0.21470771
187500 0.18441147 0.00121501
187600 0.75988069 1.56733193
187700 0.54469284 0.59406579
187800 -0.00770881 0.21571474
187900 -0.15642876 0.63520732
188000 0.52534136 0.52923501
188100 0.39972392 0.19944821
188200 0.10404982 0.04603218
188300 -0.02582386 0.25498207
188400 0.52480034 0.52747630
188500 -0.01977810 0.24151206
188600 0.00721945 0.18582171
188700 -0.02392278 0.25070706
188800 -0.00551778 0.21118778
188900 0.06359349 0.09303368
189000 -0.02956790 0.26350710
189100 -0.63004439 3.44486845
189200 0.03105454 0.14271284
189300 -0.05816933 0.33325701
189400 -0.00379223 0.20765637
189500 0.24818593 0.01160942
189600 0.38336595 0.16811536
189700 0.01763994 0.16627596
189800 0.14058878 0.01764846
189900 0.00842911 0.18349703
190000 -0.22000411 0.88201725
190100 0.01145051 0.17775455
190200 0.19024036 0.00047625
190300 0.36600796 0.13779321
190400 -0.22261569 0.89302009
190500 -0.06381148 0.34798250
190600 0.38871030 0.17805788
190700 -0.29852001 1.24261100
190800 0.54640798 0.59999243
190900 0.51607132 0.49950539
191000 0.00547482 0.18920024
191100 0.57115394 0.68877624
191200 0.49517599 0.43564433
191300 -0.09026187 0.42125977
191400 0.09529845 0.05481207
191500 0.00951887 0.18141530
191600 0.01000536 0.18048981
191700 0.01248720 0.17580526
191800 -0.25862319 1.05167615
191900 0.00075870 0.19848548
192000 0.50278187 0.45838431
192100 0.55293099 0.62280141
192200 -0.27109508 1.10965286
192300 -0.01303435 0.22691818
192400 -0.28925810 1.19686744
192500 -0.02271523 0.24801036
192600 0.63406285 0.94205278
192700 0.06843134 0.08655156
192800 0.02652344 0.15047058
192900 0.55876477 0.64356079
193000 0.40075068 0.20150418
193100 -0.14585351 0.59807325
193200 0.12182955 0.03055310
193300 0.32336870 0.07609918
193400 0.35078411 0.11367924
193500 0.04207821 0.12469646
193600 0.00606900 0.18804617
193700 0.09117215 0.05921750
193800 -0.43029580 1.98636397
193900 -0.02116698 0.24457418
194000 0.00136788 0.19727360
194100 -0.12813096 0.53834964
194200 -0.00895661 0.21831431
194300 0.03645123 0.13374100
194400 -0.31794753 1.34134820
194500 -0.10540437 0.46635914
194600 0.03224856 0.14070273
194700 0.09908514 0.05091904
194800 -0.32906357 1.39954133
194900 -0.31004310 1.30071983
195000 0.18546029 0.00105702
195100 0.90904998 2.51375937
195200 0.50325885 0.45982965
195300 0.43073797 0.26620005
195400 0.19204371 0.00031651
195500 -0.09356059 0.43088910
195600 0.02516241 0.15284092
195700 -0.03452015 0.27499850
195800 0.19850735 0.00001114
195900 0.56573872 0.66882406
196000 -0.06828119 0.35987399
196100 0.12554637 0.02771672
196200 -0.01678269 0.23497368
196300 0.71038933 1.30248636
196400 0.00768645 0.18492250
196500 0.06981417 0.08474175
196600 -0.00057449 0.20115062
196700 0.13710403 0.01977951
196800 0.21670297 0.00139495
196900 0.76411506 1.59112898
197000 0.38487849 0.17090028
197100 0.49582666 0.43756706
197200 0.00528079 0.18957786
197300 0.02919918 0.14586461
197400 -0.00071293 0.20142841
197500 0.50587726 0.46780450
197600 -0.12179139 0.51774850
197700 0.01038499 0.17976927
197800 0.46094147 0.34045227
197900 0.46238488 0.34422913
198000 0.19347596 0.00021282
198100 0.01580310 0.16964249
198200 -0.01104490 0.22269975
198300 -0.00659742 0.21341247
198400 -0.04975275 0.31188219
198500 0.65472145 1.03385797
198600 0.29165042 0.04199900
198700 -0.00603212 0.21224618
198800 0.12765103 0.02617187
198900 0.57232506 0.69312974
199000 0.46558743 0.35268342
199100 0.51813202 0.50603990
199200 0.06896230 0.08585439
199300 0.60576341 0.82321972
199400 0.41220469 0.22515416
199500 0.66657954 1.08848234
199600 0.52036552 0.51317032
199700 0.59571848 0.78296556
199800 0.40314157 0.20633248
199900 0.54166909 0.58368882
