0 -0.79648912 0.00006163
100 -0.43539482 0.66468470
200 -0.34410184 1.03921565
300 -0.82555187 0.00326449
400 -0.40158334 0.79367917
500 -0.32705599 1.11838019
600 -0.84739920 0.01123342
700 -0.27271605 1.39014180
800 -0.67615765 0.07668464
900 -0.57326924 0.25703419
1000 -0.50557527 0.43342962
1100 -0.71821613 0.03344301
1200 -0.66459629 0.09167083
1300 -0.08505732 2.55571519
1400 -0.20262585 1.78427937
1500 -0.30639139 1.21824731
1600 0.03952678 3.52402607
1700 -0.38801692 0.84865031
1800 -0.87467190 0.02787947
1900 -0.82103632 0.00221263
2000 -0.48248045 0.50409331
2100 -0.60838580 0.18358000
2200 -0.61058420 0.17939173
2300 -0.46060131 0.57595736
2400 -0.42682268 0.69630654
2500 -0.84519602 0.01021340
2600 -0.86386135 0.02039136
2700 -0.29283465 1.28608347
2800 -0.65269952 0.10848716
2900 -0.52716225 0.37220220
3000 0.00958230 3.27711749
3100 -0.32037686 1.15019179
3200 -0.09823348 2.46238122
3300 -0.32775962 1.11505487
3400 -0.84528513 0.01025372
3500 -0.74126893 0.01724669
3600 -0.88869951 0.03933801
3700 -0.77122463 0.00414011
3800 -0.61183573 0.17702897
3900 -0.72556048 0.02770621
4000 -0.87438791 0.02766781
4100 -0.71317401 0.03769376
4200 -0.53137282 0.36080282
4300 -0.78072710 0.00185722
4400 -0.63928769 0.12914223
4500 -0.86900204 0.02380641
4600 -0.87886888 0.03110150
4700 -0.57078373 0.26270048
4800 -0.48159102 0.50692139
4900 -0.84383473 0.00960742
5000 -0.52726924 0.37191034
5100 -0.95316218 0.11729326
5200 -0.59981223 0.20037572
5300 -0.61040919 0.17972337
5400 -0.70454981 0.04555369
5500 -0.39800863 0.80798531
5600 -0.03766578 2.90576728
5700 -0.90067571 0.05067799
5800 -0.72158145 0.03074735
5900 -0.23381365 1.60283491
6000 -0.17246920 1.96897454
6100 -0.78835110 0.00067848
6200 -0.55812223 0.29252427
6300 -0.80211670 0.00002240
6400 -0.55423537 0.30200128
6500 -0.81871141 0.00175059
6600 -0.80042066 0.00000088
6700 -0.82323491 0.00269930
6800 -0.63940003 0.12896175
6900 -0.62721408 0.14927488
7000 -0.43350315 0.67159970
7100 -0.69646743 0.05359496
7200 -0.42515995 0.70252532
7300 -0.36658600 0.93923846
7400 -0.84279998 0.00915919
7500 -0.55308154 0.30484364
7600 -0.28648471 1.31848976
7700 -0.48727555 0.48898292
7800 -0.23624412 1.58910346
7900 -0.61154332 0.17757959
8000 -0.83284688 0.00539459
8100 -0.50536907 0.43403692
8200 -0.73627962 0.02030143
8300 -0.73382273 0.02189716
8400 -0.50041324 0.44876114
8500 -0.58577571 0.22946024
8600 -0.91788479 0.06948412
8700 -0.51028198 0.41968266
8800 -0.82952997 0.00436010
8900 -0.83845081 0.00739233
9000 -0.70673985 0.04348728
9100 -0.62686596 0.14987698
9200 -0.39752334 0.80993730
9300 -0.87009863 0.02456909
9400 -0.52555565 0.37659849
9500 -0.68031028 0.07162815
9600 -0.33403861 1.08560007
9700 -0.93844403 0.09583375
9800 -0.93977064 0.09767916
9900 -0.97875184 0.15976110
10000 -0.28928333 1.30415756
10100 -0.66013435 0.09781200
10200 -0.80834912 0.00034854
10300 -0.73650618 0.02015733
10400 -0.85589495 0.01562123
10500 -0.35816879 0.97607408
10600 -0.24799401 1.52355307
10700 -0.09415277 2.49110158
10800 -0.48749576 0.48829450
10900 -0.95020148 0.11280242
11000 -0.59870566 0.20259706
11100 -0.70333365 0.04672191
11200 -0.67706323 0.07556725
11300 -0.22559817 1.64968732
11400 0.00055838 3.20446861
11500 -0.81657487 0.00137363
11600 -0.87656638 0.02931205
11700 -0.44591122 0.62689431
11800 -0.84292028 0.00921075
11900 -0.79642547 0.00006389
12000 -0.87240258 0.02621067
12100 -0.75210395 0.01147016
12200 -0.27263410 1.39057398
12300 -0.57415838 0.25502218
12400 -0.56956771 0.26549520
12500 -0.85125815 0.01313699
12600 -0.71947317 0.03242285
12700 -0.63797027 0.13126816
12800 -0.55739833 0.29427784
12900 -0.30176804 1.24117545
13000 -0.96051326 0.12882254
13100 -0.49183209 0.47483730
13200 -0.42776930 0.69277848
13300 -0.80032679 0.00000053
13400 -0.88495859 0.03608981
13500 -0.26438942 1.43439345
13600 -0.35330464 0.99768374
13700 -0.71254050 0.03824582
13800 -0.73622365 0.02033712
13900 -0.62051323 0.16107750
14000 -0.84410133 0.00972464
14100 -0.31439143 1.17907840
14200 -0.65516435 0.10488682
14300 -0.42637396 0.69798210
14400 -0.33731028 1.07040890
14500 -0.02822702 2.97816763
14600 -0.38319374 0.86863730
14700 -0.76087153 0.00765518
14800 -0.68286305 0.06860533
14900 -0.62442430 0.15413413
15000 -0.57085086 0.26254664
15100 -0.87042286 0.02479689
15200 -0.89000653 0.04050588
15300 -0.15324418 2.09146544
15400 -0.34492888 1.03544864
15500 -0.89569413 0.04578683
15600 -0.89812830 0.04814582
15700 -0.32921754 1.10818063
15800 -0.75512220 0.01007008
15900 -0.68073962 0.07111519
16000 -0.90574179 0.05590663
16100 -0.80669029 0.00022380
16200 -0.53797141 0.34329492
16300 -0.80360862 0.00006511
16400 -0.82418161 0.00292375
16500 -0.51913992 0.39441192
16600 -0.89015657 0.04064103
16700 -0.30852891 1.20771918
16800 -0.29788238 1.26061054
16900 -0.92311439 0.07578577
17000 -0.21491112 1.71164496
17100 -0.78368021 0.00133168
17200 -0.74578451 0.01469660
17300 -0.82563152 0.00328487
17400 -0.23265086 1.60942524
17500 -0.47281567 0.53524793
17600 -0.84140570 0.00857216
17700 -0.35819838 0.97594337
17800 -0.52251039 0.38500242
17900 -0.82829387 0.00400272
18000 -0.76382430 0.00654341
18100 -0.66182105 0.09546711
18200 -0.54065348 0.33630310
18300 -0.01951530 3.04578180
18400 -0.72231294 0.03017639
18500 -0.52924645 0.36653742
18600 -0.90844270 0.05879909
18700 -0.18733249 1.87680738
18800 -0.40460819 0.78167341
18900 -0.55221118 0.30699650
19000 -0.33197630 1.09523093
19100 -0.44011148 0.64759872
19200 -0.66273082 0.09421414
19300 -0.55735254 0.29438894
19400 -0.35645754 0.98364957
19500 -0.84316222 0.00931489
19600 -0.39791807 0.80834940
19700 -0.52609550 0.37511839
19800 -0.42328166 0.70958353
19900 -0.82175583 0.00236658
20000 -0.55954103 0.28910259
20100 -0.60818579 0.18396346
20200 -0.73689279 0.01991260
20300 -0.53397732 0.35384033
20400 0.06158534 3.71164648
20500 -0.80660063 0.00021784
20600 -0.27733436 1.36589687
20700 -0.33267746 1.09195178
20800 -0.86695289 0.02241345
20900 -0.58400703 0.23326481
21000 -0.52720393 0.37208847
21100 -0.77844057 0.00232404
21200 -0.61509910 0.17094171
21300 -0.68343256 0.06793984
21400 -0.47358171 0.53274449
21500 -0.63858660 0.13027144
21600 -0.68159840 0.07009469
21700 -0.75804348 0.00880175
21800 -0.86576175 0.02162304
21900 -0.75444693 0.01037541
22000 -0.70823705 0.04210219
22100 -0.76684220 0.00549720
22200 -0.48781591 0.48729452
22300 -0.33199111 1.09516161
22400 -0.92059475 0.07271546
22500 -0.22797906 1.63603979
22600 -0.61633704 0.16866041
22700 -0.69393866 0.05624504
22800 -0.90156112 0.05157331
22900 -0.69095659 0.05945233
23000 -0.48703193 0.48974505
23100 -0.33836414 1.06553832
23200 -0.19964813 1.80211187
23300 -0.89049885 0.04095020
23400 -0.55670544 0.29596120
23500 -0.52068349 0.39008856
23600 -0.57742073 0.24770766
23700 -0.84644559 0.01078596
23800 -0.57267428 0.25838491
23900 -0.54662981 0.32098227
24000 -0.46058140 0.57602495
24100 -0.71813703 0.03350773
24200 -0.57129609 0.26152740
24300 -0.83974922 0.00790000
24400 -0.64242296 0.12415262
24500 -0.31588471 1.17183807
24600 -0.65390967 0.10671193
24700 -0.38262787 0.87099748
24800 -0.79986294 0.00000009
24900 -0.79682492 0.00005041
25000 0.00107774 3.20862770
25100 -0.06712510 2.68552812
25200 -0.31324297 1.18466204
25300 -0.53243074 0.35796654
25400 -0.58275848 0.23596939
25500 -0.56591299 0.27398365
25600 -0.66323555 0.09352257
25700 -0.43914725 0.65107354
25800 -0.12611624 2.27059662
25900 -0.73632296 0.02027382
26000 -0.95353114 0.11785905
26100 -0.17379594 1.96065760
26200 -0.93486462 0.09094233
26300 -0.52123401 0.38855238
26400 -0.83650577 0.00666335
26500 -0.56254826 0.28191664
26600 -0.74300430 0.01624255
26700 -0.77031734 0.00440530
26800 -0.41963118 0.72340221
26900 -0.79310883 0.00023744
27000 -0.41162785 0.75416463
27100 -0.68061350 0.07126568
27200 -0.67289806 0.08077452
27300 -0.97267665 0.14908612
27400 -0.75408992 0.01053868
27500 -0.37457884 0.90491580
27600 -0.19272735 1.84390033
27700 -0.56610074 0.27354432
27800 -0.64999312 0.11251032
27900 -0.31868682 1.15831190
28000 -0.71877025 0.03299137
28100 -0.62790212 0.14808840
28200 -0.59537717 0.20935251
28300 -0.75566827 0.00982651
28400 -0.32582899 1.12419072
28500 -0.39328358 0.82709124
28600 -0.01400885 3.08891047
28700 -0.74829688 0.01336606
28800 -0.84602846 0.01059309
28900 -0.51754582 0.39890182
29000 -0.76994136 0.00451761
29100 -0.71560224 0.03561491
29200 -0.72206815 0.03036687
29300 -0.86195071 0.01918945
29400 -0.90302252 0.05306820
29500 -0.65866991 0.09987098
29600 -0.84363378 0.00951953
29700 -0.49303090 0.47115015
29800 -0.18722853 1.87744435
29900 0.01665103 3.33459456
30000 0.06473625 3.73884393
30100 -0.01078631 3.11429127
30200 -0.34616150 1.02984693
30300 -0.39365070 0.82559877
30400 -0.11278048 2.36135336
30500 -0.71790271 0.03369982
30600 -0.35645608 0.98365605
30700 -0.33886634 1.06322125
30800 -0.38529268 0.85991082
30900 -0.82139560 0.00228886
31000 -0.31303421 1.18567841
31100 -0.76573107 0.00587180
31200 -0.69161468 0.05873689
31300 -0.73819504 0.01909927
31400 -0.37715088 0.89400691
31500 -0.73189327 0.02319263
31600 -0.56025989 0.28737661
31700 -0.69406655 0.05610948
31800 -0.08427071 2.56134209
31900 -0.47284150 0.53516342
32000 -0.45820032 0.58413512
32100 -0.69651797 0.05354265
32200 -0.74087694 0.01747768
32300 -0.56233215 0.28243003
32400 -0.65055464 0.11166958
32500 -0.55945395 0.28931201
32600 -0.66417342 0.09224429
32700 -0.95376975 0.11822568
32800 -0.68177681 0.06988362
32900 -0.47848299 0.51686595
33000 -0.20995031 1.74079318
33100 0.01608422 3.32996726
33200 0.05485393 3.65387624
33300 -0.06739414 2.68355670
33400 -0.00354336 3.17171593
33500 -0.59206308 0.21618882
33600 -0.77106012 0.00418758
33700 -0.76784511 0.00516969
33800 -0.73628417 0.02029853
33900 -0.91611187 0.06740983
34000 -0.12829889 2.25591192
34100 -0.45685353 0.58874749
34200 -0.21494776 1.71143064
34300 -0.74788853 0.01357802
34400 -0.57271007 0.25830356
34500 -0.93296665 0.08840065
34600 -0.79410219 0.00017392
34700 -0.48367760 0.50029931
34800 -0.88690109 0.03775899
34900 -0.84387119 0.00962341
35000 -0.82994548 0.00448366
35100 -0.77855447 0.00229955
35200 -0.88619775 0.03715026
35300 -0.75354689 0.01078946
35400 -0.72114367 0.03109160
35500 -0.71818502 0.03346845
35600 -0.89070998 0.04114150
35700 -0.56035992 0.28713684
35800 -0.81354668 0.00091756
35900 -0.48843522 0.48536307
36000 -0.45458818 0.59654661
36100 -0.86527717 0.02130554
36200 -0.96332880 0.13338149
36300 -0.54906043 0.31485335
36400 0.02842545 3.43144360
36500 -0.38761395 0.85031126
36600 -0.75011513 0.01244250
36700 -0.39376526 0.82513331
36800 -0.46596192 0.55790719
36900 -0.71220047 0.03854379
37000 -0.67678706 0.07590715
37100 -0.68570145 0.06532080
37200 -0.48884995 0.48407178
37300 -0.74813663 0.01344905
37400 -0.71123361 0.03939736
37500 -0.37178349 0.91684691
37600 -0.51706533 0.40026014
37700 -0.50270816 0.44191218
37800 -0.31217778 1.18985257
37900 -0.78983701 0.00051643
38000 -0.59780172 0.20442072
38100 -0.78528585 0.00108253
38200 -0.55892568 0.29058415
38300 -0.88084567 0.03268011
38400 -0.89965110 0.04965171
38500 -0.92297651 0.07561611
38600 -0.36937153 0.92720438
38700 -0.36669869 0.93875015
38800 -0.33676817 1.07291864
38900 -0.60826164 0.18381799
39000 -0.93997829 0.09796961
39100 -0.91444194 0.06548478
39200 -0.55656292 0.29630806
39300 0.00743144 3.25972769
39400 -0.49238258 0.47314239
39500 -0.70972344 0.04074929
39600 -0.87618448 0.02902037
39700 -0.76239640 0.00707015
39800 -0.74292482 0.01628788
39900 -0.88731553 0.03812001
40000 -0.34815473 1.02082073
40100 -0.51519279 0.40557572
40200 -0.26683010 1.42135072
40300 -0.79077304 0.00042568
40400 -0.73720370 0.01971688
40500 -0.76491318 0.00615542
40600 -0.73382530 0.02189546
40700 -0.40752842 0.77016972
40800 -0.83997333 0.00798934
40900 -0.42347581 0.70885233
41000 -0.45686424 0.58871076
41100 -0.48044692 0.51057085
41200 -0.52176405 0.38707623
41300 -0.52054051 0.39048803
41400 -0.84902280 0.01201617
41500 -0.80918391 0.00042172
41600 -0.50855900 0.42468928
41700 -0.58198479 0.23765316
41800 -0.81203657 0.00072440
41900 -0.54737493 0.31909713
42000 -0.36941295 0.92702602
42100 -0.56316009 0.28046572
42200 -0.45285792 0.60253812
42300 -0.62817605 0.14761735
42400 -0.66602396 0.08974790
42500 -0.59219090 0.21592311
42600 -0.54409765 0.32743007
42700 -0.74342694 0.01600255
42800 -0.55499169 0.30014537
42900 -0.77850841 0.00230944
43000 -0.55854669 0.29149850
43100 -0.59462361 0.21089731
43200 -0.34912861 1.01642504
43300 -0.70226531 0.04776035
43400 -0.56471044 0.27680588
43500 -0.65924683 0.09905728
43600 -0.63307073 0.13932691
43700 -0.55308368 0.30483835
43800 0.00583407 3.24684272
43900 -0.73171143 0.02331664
44000 -0.72598795 0.02738892
44100 -0.58441722 0.23237968
44200 -0.83848661 0.00740610
44300 -0.66081566 0.09686141
44400 -0.42302881 0.71053640
44500 -0.56694087 0.27158280
44600 0.00034129 3.20273092
44700 -0.24237624 1.55472131
44800 0.09605516 4.01457429
44900 -0.29585780 1.27079681
45000 -0.64715503 0.11680792
45100 -0.82627217 0.00345114
45200 -0.90048689 0.05048807
45300 -0.28322975 1.33525747
45400 -0.18268985 1.90535910
45500 -0.81607521 0.00129206
45600 -0.54935071 0.31412534
45700 -0.51301329 0.41180686
45800 -0.69490306 0.05522684
45900 -0.88502226 0.03614392
46000 -0.70162547 0.04838774
46100 -0.74003239 0.01798057
46200 -0.81827859 0.00167053
46300 -0.35672361 0.98246979
46400 -0.70377167 0.04629946
46500 -0.04483701 2.85135573
46600 0.04271435 3.55083737
46700 -0.82815178 0.00396261
46800 -0.78306306 0.00143430
46900 -0.61563536 0.16995160
47000 -0.63647303 0.13370535
47100 -0.56623345 0.27323401
47200 -0.84237041 0.00897626
47300 -0.62294190 0.15674786
47400 -0.75348157 0.01081982
47500 -0.62570427 0.15189501
47600 -0.81899724 0.00180447
47700 -0.87354559 0.02704477
47800 -0.67163427 0.08238881
47900 -0.62499285 0.15313751
48000 -0.35739337 0.97950315
48100 -0.21684672 1.70033875
48200 -0.05551399 2.77129711
48300 -0.30801554 1.21024354
48400 -0.48588466 0.49334224
48500 -0.81202304 0.00072277
48600 -0.48897263 0.48369011
48700 -0.54925587 0.31436308
48800 -0.40147299 0.79411890
48900 -0.55767215 0.29361393
49000 -0.59637520 0.20731530
49100 -0.74492344 0.01516714
49200 -0.75412523 0.01052247
49300 -0.83969166 0.00787714
49400 -0.57854151 0.24521930
49500 -0.44777640 0.62030731
49600 -0.69389130 0.05629529
49700 -0.55038889 0.31152853
49800 -0.37988920 0.88246541
49900 -0.65248090 0.10880942
50000 -0.46742425 0.55303315
50100 -0.58773648 0.22527902
50200 -0.71058095 0.03997883
50300 -0.32566181 1.12498361
50400 -0.48838322 0.48552509
50500 -0.01380906 3.09048096
50600 -0.32889073 1.10971973
50700 -0.88302530 0.03446600
50800 -0.64765272 0.11604846
50900 -0.51270835 0.41268245
51000 -0.94377070 0.10335007
51100 -0.39148055 0.83444069
51200 -0.74342091 0.01600597
51300 -0.61090374 0.17878698
51400 -0.85570766 0.01551672
51500 -0.46871184 0.54875921
51600 -0.33488775 1.08164702
51700 -0.32706264 1.11834871
51800 -0.54336818 0.32929947
51900 -0.79686317 0.00004920
52000 0.00832882 3.26697738
52100 -0.82699233 0.00364293
52200 -0.53488191 0.35143801
52300 -0.65034074 0.11198947
52400 -0.59811439 0.20378900
52500 -0.42187725 0.71488407
52600 -0.02675164 2.98956512
52700 -0.18307450 1.90298538
52800 -0.54764436 0.31841685
52900 -0.72229209 0.03019259
53000 -0.69116243 0.05922809
53100 -0.93233135 0.08755792
53200 -0.89494103 0.04506900
53300 -0.36596596 0.94192775
53400 -0.54178536 0.33337401
53500 -0.71007011 0.04043692
53600 -0.39677301 0.81296001
53700 -0.50612643 0.43180836
53800 -0.94652854 0.10735306
53900 -0.89545369 0.04555703
54000 -0.65574167 0.10405233
54100 -0.41249764 0.75079039
54200 -0.69835612 0.05165739
54300 -0.71690731 0.03452198
54400 -0.79238429 0.00028999
54500 -0.18619046 1.88381077
54600 -0.43184205 0.67770137
54700 -0.88585151 0.03685241
54800 -0.57839743 0.24553850
54900 -0.52467296 0.37902490
55000 0.01029684 3.28290485
55100 -0.88869409 0.03933321
55200 -0.71974958 0.03220065
55300 -0.73226615 0.02293937
55400 -0.59099694 0.21841140
55500 -0.78994189 0.00050583
55600 -0.17601680 1.94677518
55700 -0.77007727 0.00447685
55800 -0.87816879 0.03055179
55900 -0.53312183 0.35611978
56000 -0.75372891 0.01070507
56100 -0.60516433 0.18980470
56200 -0.78747521 0.00078435
56300 -0.83320630 0.00551329
56400 -0.49495588 0.46525958
56500 -0.62631282 0.15083618
56600 -0.48200188 0.50561402
56700 -0.82449625 0.00300033
56800 -0.93604821 0.09254558
56900 -0.71401352 0.03696837
57000 -0.17605182 1.94655667
57100 -0.92515746 0.07832195
57200 -0.81763909 0.00155569
57300 -0.92986336 0.08432246
57400 -0.88459139 0.03577852
57500 -0.66036046 0.09749601
57600 -0.85049310 0.01274776
57700 -0.63480587 0.13644551
57800 -0.50138334 0.44585954
57900 -0.56549930 0.27495289
58000 -0.54416707 0.32725245
58100 -0.35032526 1.01103686
58200 -0.43035404 0.68319069
58300 -0.85251660 0.01378996
58400 -0.46259343 0.56921597
58500 -0.16187636 2.03600890
58600 -0.70625567 0.04394000
58700 -0.64533022 0.11961370
58800 -0.65228783 0.10909443
58900 -0.40431988 0.78281379
59000 -0.24419743 1.54458251
59100 -0.37336228 0.91009872
59200 -0.76501191 0.00612083
59300 -0.79173169 0.00034182
59400 -0.43161960 0.67852059
59500 -0.57517170 0.25273883
59600 -0.55086480 0.31034173
59700 -0.34632057 1.02912513
59800 -0.84422941 0.00978120
59900 -0.70664531 0.04357549
60000 -0.82228952 0.00248411
60100 -0.88046724 0.03237489
60200 -0.77041522 0.00437630
60300 -0.50284114 0.44151694
60400 -0.37711453 0.89416060
60500 -0.25469754 1.48677385
60600 -0.66559699 0.09032085
60700 -0.57689623 0.24887645
60800 -0.59561700 0.20886206
60900 -0.40783432 0.76896959
61000 -0.60474658 0.19061950
61100 -0.87671447 0.02942555
61200 -0.67445848 0.07880337
61300 -0.76520443 0.00605366
61400 -0.65148833 0.11027858
61500 -0.51600444 0.40326738
61600 -0.84688155 0.01098940
61700 -0.42421507 0.70607157
61800 -0.39352792 0.82609778
61900 -0.28872503 1.30701046
62000 -0.63583687 0.13474766
62100 -0.74752656 0.01376731
62200 -0.65959045 0.09857420
62300 -0.63378687 0.13813402
62400 -0.36919907 0.92794722
62500 0.01824692 3.34764010
62600 -0.55484249 0.30051103
62700 -0.60839887 0.18355497
62800 -0.59791217 0.20419746
62900 -0.60338088 0.19329539
63000 -0.55525446 0.29950190
63100 -0.28270605 1.33796514
63200 -0.55449182 0.30137132
63300 -0.30367875 1.23167390
63400 -0.70349389 0.04656714
63500 -0.87273249 0.02645008
63600 -0.61766131 0.16623699
63700 -0.77663400 0.00272985
63800 -0.69091396 0.05949882
63900 -0.47266322 0.53574683
64000 -0.58703092 0.22677914
64100 -0.85790981 0.01676773
64200 -0.87331057 0.02687220
64300 -0.90791145 0.05822441
64400 -0.26492974 1.43150092
64500 -0.29129104 1.29392401
64600 -0.64671750 0.11747762
64700 -0.77968650 0.00206319
64800 -0.94089586 0.09925822
64900 -0.68204518 0.06956669
65000 -0.60583874 0.18849298
65100 -0.03300635 2.94139626
65200 -0.00448272 3.16423871
65300 -0.29606866 1.26973397
65400 -0.49436404 0.46706670
65500 -0.32937667 1.10743158
65600 -0.51974179 0.39272333
65700 -0.35605994 0.98541390
65800 -0.70505835 0.04506958
65900 -0.53499778 0.35113089
66000 -0.30247147 1.23767321
66100 -0.44304640 0.63707936
66200 -0.17839183 1.93198360
66300 -0.72405332 0.02883949
66400 -0.57470047 0.25379939
66500 -0.95929227 0.12687013
66600 -0.68096765 0.07084350
66700 -0.91230637 0.06306361
66800 -0.75910472 0.00836212
66900 -0.70043604 0.04956491
67000 -0.87999189 0.03199351
67100 -0.40140624 0.79438491
67200 -0.56497272 0.27618912
67300 -0.29854075 1.25730688
67400 -0.39890169 0.80439926
67500 -0.64165344 0.12536817
67600 -0.34862602 1.01869235
67700 -0.75931301 0.00827715
67800 -0.34002353 1.05789176
67900 -0.58118389 0.23940246
68000 -0.81055738 0.00055729
68100 -0.39948763 0.80205078
68200 -0.72512685 0.02802994
68300 -0.57095723 0.26230295
68400 -0.78988002 0.00051207
68500 -0.49146899 0.47595693
68600 -0.64538905 0.11952273
68700 -0.34900660 1.01697526
68800 -0.87165150 0.02566969
68900 -0.75484140 0.01019649
69000 -0.43289660 0.67382453
69100 -0.49316083 0.47075137
69200 -0.34720445 1.02511904
69300 -0.27385277 1.38415452
69400 -0.43542164 0.66458689
69500 -0.02007783 3.04139296
69600 -0.11426880 2.35113638
69700 -0.85949352 0.01769739
69800 -0.90567454 0.05583554
69900 -0.62364156 0.15551150
70000 -0.03344756 2.93801325
70100 -0.28300003 1.33644485
70200 -0.94917577 0.11126705
70300 -0.87793578 0.03036993
70400 -0.72405313 0.02883964
70500 -0.53269020 0.35727265
70600 -0.51603366 0.40318442
70700 -0.52156979 0.38761692
70800 -0.77794092 0.00243302
70900 -0.72392527 0.02893682
71000 -0.59008256 0.22032666
71100 -0.73433149 0.02156176
71200 -0.64087694 0.12660074
71300 -0.93021975 0.08478591
71400 -0.86394919 0.02044749
71500 -0.64887469 0.11419430
71600 -0.46510291 0.56078032
71700 -0.39701776 0.81197342
71800 -0.39436559 0.82269635
71900 -0.44574860 0.62747026
72000 -0.93662905 0.09333748
72100 -0.46270346 0.56884478
72200 -0.75266589 0.01120259
72300 -0.30828380 1.20892413
72400 -0.57918166 0.24380369
72500 -0.37598501 0.89894354
72600 -0.70137522 0.04863424
72700 -0.39720922 0.81120207
72800 -0.26806004 1.41480061
72900 -0.91639412 0.06773795
73000 -0.83486569 0.00607808
73100 -0.66274648 0.09419265
73200 -0.80877755 0.00038523
73300 -0.89317494 0.04340785
73400 -0.93406881 0.08987223
73500 -0.58490942 0.23131978
73600 -0.60311658 0.19381540
73700 -0.54882129 0.31545372
73800 -0.60622839 0.18773719
73900 -0.37900527 0.88618280
74000 -0.60097666 0.19805144
74100 -0.83908577 0.00763849
74200 -0.60187210 0.19627333
74300 -0.24455356 1.54260373
74400 -0.68763846 0.06312558
74500 -0.62146121 0.15938051
74600 -0.63451593 0.13692489
74700 -0.72806740 0.02587149
74800 0.02552797 3.40748213
74900 -0.54805780 0.31737436
75000 -0.72928542 0.02500276
75100 -0.56706569 0.27129197
75200 -0.08201235 2.57753132
75300 -0.54119074 0.33491116
75400 -0.48305389 0.50227418
75500 -0.86297042 0.01982637
75600 -0.61447121 0.17210466
75700 -0.11572132 2.34118658
75800 -0.54125630 0.33474151
75900 -0.87340116 0.02693865
76000 -0.93224247 0.08744036
76100 -0.49281659 0.47180823
76200 -0.07304067 2.64234934
76300 0.30875515 6.14668996
76400 -0.15061395 2.10851118
76500 -0.54917140 0.31457493
76600 -0.92890589 0.08308364
76700 -0.75289886 0.01109258
76800 -0.87105333 0.02524288
76900 -0.47944948 0.51376317
77000 -0.44725278 0.62215302
77100 -0.33983723 1.05874888
77200 -0.86348021 0.02014868
77300 -0.83278508 0.00537431
77400 -0.79422461 0.00016678
77500 -0.90876129 0.05914509
77600 -0.86067899 0.01840970
77700 -0.65032995 0.11200563
77800 -0.05008204 2.81188470
77900 -0.31522499 1.17503404
78000 -0.10636369 2.40565668
78100 -0.36808801 0.93273982
78200 -0.58750241 0.22577613
78300 -0.60797582 0.18436642
78400 -0.52229527 0.38559959
78500 -0.56438540 0.27757119
78600 -0.73994985 0.01803010
78700 -0.83976614 0.00790673
78800 -0.86241148 0.01947597
78900 -0.60504329 0.19004060
79000 -0.67944852 0.07266329
79100 -0.62185566 0.15867702
79200 -0.55160190 0.30850808
79300 -0.28866507 1.30731707
79400 -0.55971224 0.28869104
79500 -0.68623817 0.06470877
79600 -0.66843215 0.08655050
79700 -0.74692659 0.01408394
79800 -0.53799523 0.34323251
79900 0.03209849 3.46193949
80000 -0.24326503 1.54976911
80100 -0.35435367 0.99300326
80200 -0.24794551 1.52382080
80300 -0.47522199 0.52740378
80400 -0.66289208 0.09399291
80500 -0.73134450 0.02356789
80600 -0.62123682 0.15978138
80700 -0.61485568 0.17139209
80800 -0.69612069 0.05395456
80900 -0.78714313 0.00082650
81000 -0.41805754 0.72940020
81100 -0.85089539 0.01295170
81200 -0.64968373 0.11297490
81300 -0.38052139 0.87981153
81400 -0.56370717 0.27917150
81500 -0.78292529 0.00145773
81600 -0.89046397 0.04091865
81700 -0.80290245 0.00004212
81800 -0.54634257 0.32171046
81900 0.07359242 3.81581856
82000 -0.19228945 1.84656059
82100 -0.52266433 0.38457538
82200 -0.95393406 0.11847848
82300 -0.30865093 1.20711955
82400 -0.74768444 0.01368459
82500 -0.76927109 0.00472133
82600 -0.94171555 0.10041648
82700 -0.63516025 0.13586072
82800 -0.24342965 1.54885280
82900 0.00044700 3.20357700
83000 -0.15917409 2.05328925
83100 -0.34888026 1.01754509
83200 0.01365749 3.31019254
83300 -0.71409814 0.03689565
83400 -0.38657494 0.85460139
83500 -0.66920577 0.08553565
83600 -0.64461158 0.12072781
83700 -0.83030441 0.00459179
83800 -0.57284525 0.25799640
83900 -0.61676037 0.16788381
84000 -0.53335944 0.35548595
84100 -0.37614863 0.89824993
84200 -0.45817583 0.58421881
84300 -0.86712607 0.02252955
84400 -0.22851453 1.63297820
84500 -0.64147509 0.12565073
84600 -0.36143545 0.96169434
84700 -0.56835979 0.26828593
84800 -0.73457334 0.02140324
84900 -0.68372224 0.06760258
85000 -0.77358227 0.00348948
85100 -0.68832105 0.06236094
85200 -0.85695695 0.01622047
85300 -0.71708090 0.03437789
85400 -0.79427429 0.00016392
85500 -0.65817977 0.10056488
85600 -0.80878457 0.00038584
85700 -0.87942853 0.03154446
85800 -0.73118593 0.02367688
85900 -0.24547090 1.53751261
86000 -0.77737735 0.00255892
86100 -0.79155335 0.00035673
86200 -0.58287911 0.23570741
86300 -0.53137212 0.36080468
86400 -0.64707232 0.11693438
86500 -0.63560827 0.13512321
86600 -0.86650550 0.02211491
86700 -0.51427180 0.40820301
86800 -0.66555230 0.09038092
86900 -0.92088196 0.07306224
87000 -0.40535910 0.77870718
87100 -0.53020585 0.36394442
87200 -0.07653432 2.61701295
87300 -0.20221549 1.78673161
87400 -0.51467071 0.40706403
87500 -0.44238390 0.63944636
87600 -0.00598086 3.15233199
87700 -0.10527831 2.41319113
87800 -0.81082293 0.00058568
87900 -0.87407183 0.02743318
88000 -0.85104852 0.01302976
88100 -0.81436369 0.00103158
88200 -0.60292367 0.19419539
88300 -0.89798673 0.04800699
88400 -0.84745440 0.01125960
88500 -0.38383060 0.86598483
88600 -0.80353741 0.00006257
88700 -0.71651508 0.03484866
88800 -0.89704636 0.04708998
88900 -0.55493458 0.30028531
89000 -0.89329063 0.04351570
89100 -0.48361908 0.50048443
89200 -0.59842582 0.20316074
89300 -0.77057863 0.00432808
89400 -0.51599164 0.40330374
89500 -0.17528920 1.95131795
89600 -0.05912399 2.74448632
89700 -0.54850746 0.31624248
89800 -0.01989400 3.04282685
89900 -0.41102894 0.75649245
90000 -0.24197759 1.55694507
90100 -0.42708214 0.69533866
90200 -0.27780624 1.36343163
90300 -0.14930961 2.11698989
90400 -0.56019515 0.28753182
90500 -0.40729293 0.77109420
90600 0.16800084 4.68512814
90700 -0.94524765 0.10548440
90800 -0.58077730 0.24029296
90900 -0.51513140 0.40575060
91000 -0.48756612 0.48807465
91100 -0.57416131 0.25501557
91200 -0.62894889 0.14629241
91300 -0.46042046 0.57657131
91400 -0.47730239 0.52066875
91500 -0.64493339 0.12022827
91600 -0.84144327 0.00858772
91700 -0.56351826 0.27961807
91800 -0.20209640 1.78744359
91900 -0.62572580 0.15185748
92000 -0.59044658 0.21956318
92100 -0.62001243 0.16197764
92200 -0.26279324 1.44295550
92300 -0.42528006 0.70207518
92400 -0.68971738 0.06081128
92500 -0.57251426 0.25874881
92600 -0.39008204 0.84016366
92700 0.00816517 3.26565470
92800 -0.63904298 0.12953582
92900 -0.66519007 0.09086858
93000 -0.76628989 0.00568186
93100 -0.79499552 0.00012522
93200 -0.91296177 0.06380181
93300 -0.77162163 0.00402666
93400 -0.74779723 0.01362565
93500 -0.61463051 0.17180923
93600 -0.57568519 0.25158566
93700 -0.39743773 0.81028189
93800 -0.90643161 0.05663844
93900 -0.49053870 0.47883147
94000 -0.73412559 0.02169719
94100 -0.49474714 0.46589654
94200 -0.93486369 0.09094107
94300 -0.74685539 0.01412175
94400 -0.37383677 0.90807549
94500 -0.46272488 0.56877254
94600 -0.73833984 0.01900987
94700 -0.72361813 0.02917095
94800 -0.89709426 0.04713648
94900 -0.67082631 0.08342921
95000 -0.54005236 0.33786388
95100 -0.78694340 0.00085237
95200 -0.79985677 0.00000010
95300 -0.88522925 0.03632013
95400 -0.76831987 0.00501815
95500 -0.78143013 0.00172420
95600 -0.77958212 0.00208445
95700 -0.91340845 0.06430738
95800 -0.17384505 1.96035008
95900 -0.91381910 0.06477394
96000 -0.64934872 0.11347905
96100 -0.72186586 0.03052472
96200 -0.43068602 0.68196407
96300 -0.87213442 0.02601688
96400 -0.67474686 0.07844175
96500 -0.72799793 0.02592149
96600 -0.44441300 0.63221056
96700 -0.36572544 0.94297197
96800 -0.78391475 0.00129368
96900 -0.77075988 0.00427492
97000 -0.77963550 0.00207356
97100 -0.77325005 0.00357780
97200 -0.58720005 0.22641910
97300 -0.62920319 0.14585776
97400 -0.76151142 0.00740685
97500 -0.56435737 0.27763725
97600 -0.81246505 0.00077689
97700 -0.65885586 0.09960835
97800 -0.42276733 0.71152242
97900 -0.70331757 0.04673746
98000 -0.53584361 0.34889299
98100 -0.87403189 0.02740360
98200 -0.78202071 0.00161627
98300 -0.46594774 0.55795456
98400 -0.83279258 0.00537677
98500 -0.18160261 1.91207667
98600 -0.69996954 0.05003047
98700 -0.76730064 0.00534624
98800 -0.42334661 0.70933888
98900 -0.47272550 0.53554300
99000 -0.10279263 2.43049058
99100 -0.80723831 0.00026197
99200 -0.89093308 0.04134412
99300 -0.59050530 0.21944014
99400 -0.92769156 0.08152567
99500 -0.49859474 0.45422567
99600 -0.01633366 3.07066463
99700 -0.05701348 2.76014485
99800 -0.23262743 1.60955815
99900 -0.65962837 0.09852097
100000 -0.77277157 0.00370694
100100 -0.65028608 0.11207130
100200 -0.78017905 0.00196435
100300 -0.82672324 0.00357066
100400 -0.58739649 0.22600126
100500 -0.75206472 0.01148895
100600 0.01090464 3.28783165
100700 -0.15085494 2.10694656
100800 -0.73117821 0.02368220
100900 -0.58277693 0.23592931
101000 -0.74286743 0.01632065
101100 -0.64227939 0.12437896
101200 -0.49977056 0.45068857
101300 -0.49783052 0.45653197
101400 -0.93211389 0.08727040
101500 -0.56825883 0.26851984
101600 -0.73767819 0.01942004
101700 -0.78280096 0.00147904
101800 -0.85241280 0.01373551
101900 -0.71463118 0.03643918
102000 -0.72767896 0.02615166
102100 -0.72867149 0.02543878
102200 -0.27985367 1.35276101
102300 -0.85690923 0.01619330
102400 -0.59332872 0.21356509
102500 -0.62855601 0.14696522
102600 -0.79087278 0.00041653
102700 -0.67577348 0.07716114
102800 -0.60972496 0.18102295
102900 -0.81022416 0.00052267
103000 -0.75175515 0.01163783
103100 -0.53337097 0.35545520
103200 -0.62236963 0.15776275
103300 -0.64002398 0.12796163
103400 -0.76889463 0.00483772
103500 -0.65781503 0.10108282
103600 -0.63941603 0.12893606
103700 -0.55233235 0.30669632
103800 -0.75494385 0.01015028
103900 -0.72017271 0.03186198
104000 -0.49829526 0.45512874
104100 -0.43932905 0.65041769
104200 -0.64973136 0.11290332
104300 -0.45598002 0.59174874
104400 -0.71447540 0.03657229
104500 -0.69271997 0.05754502
104600 -0.58657641 0.22774815
104700 -0.32134357 1.14555991
104800 -0.82189828 0.00239767
104900 -0.60970695 0.18105723
105000 -0.58469744 0.23177596
105100 -0.40421968 0.78321032
105200 -0.48081381 0.50939913
105300 -0.62251604 0.15750278
105400 -0.64128240 0.12595638
105500 -0.52970850 0.36528748
105600 -0.64832088 0.11503278
105700 -0.66776058 0.08743631
105800 -0.77963203 0.00207427
105900 -0.27534998 1.37628821
106000 -0.64458670 0.12076648
106100 -0.63140403 0.14212300
106200 -0.78069683 0.00186306
106300 -0.36399392 0.95050650
106400 -0.51450754 0.40752971
106500 -0.32533954 1.12651275
106600 -0.52351000 0.38223359
106700 -0.88746922 0.03825432
106800 -0.82068025 0.00213836
106900 -0.32946128 1.10703344
107000 -0.52159044 0.38755943
107100 -0.66418134 0.09223354
107200 -0.68674115 0.06413784
107300 -0.60112275 0.19776080
107400 -0.66472141 0.09150148
107500 -0.96291080 0.13269964
107600 -0.60925306 0.18192197
107700 -0.49017770 0.47994929
107800 -0.80580746 0.00016863
107900 -0.53774240 0.34389526
108000 -0.74250339 0.01652930
108100 -0.69514788 0.05496984
108200 -0.57467703 0.25385221
108300 -0.78484877 0.00114780
108400 -0.47873147 0.51606733
108500 -0.62597703 0.15141997
108600 -0.74666885 0.01422106
108700 -0.55081990 0.31045362
108800 -0.29171462 1.29177013
108900 -0.69188961 0.05843929
109000 -0.82941729 0.00432688
109100 -0.62153428 0.15925006
109200 -0.66117104 0.09636741
109300 -0.86732540 0.02266354
109400 -0.53095678 0.36192128
109500 -0.44836139 0.61824857
109600 -0.86498499 0.02111524
109700 -0.69662827 0.05342858
109800 -0.40415967 0.78344783
109900 -0.67424488 0.07907175
110000 -0.69640984 0.05365460
110100 -0.87734916 0.02991446
110200 -0.84856898 0.01179473
110300 -0.76984891 0.00454544
110400 -0.83950987 0.00780515
110500 -0.52199743 0.38642716
110600 -0.62883736 0.14648325
110700 -0.70660202 0.04361592
110800 -0.46767531 0.55219848
110900 -0.63989396 0.12816973
111000 -0.52931590 0.36634941
111100 -0.40003146 0.79987418
111200 -0.66680300 0.08870720
111300 -0.25764748 1.47073131
111400 -0.53966803 0.33886368
111500 -0.63354099 0.13854300
111600 -0.83528123 0.00622383
111700 -0.83555020 0.00631909
111800 -0.61559397 0.17002792
111900 -0.91022299 0.06074554
112000 -0.66246995 0.09457258
112100 -0.61771180 0.16614494
112200 -0.90581916 0.05598847
112300 -0.87941905 0.03153693
112400 -0.25004463 1.51225454
112500 -0.91971497 0.07165837
112600 -0.55027669 0.31180865
112700 -0.49083325 0.47792040
112800 -0.87893356 0.03115253
112900 -0.85731324 0.01642404
113000 -0.50222855 0.44333918
113100 -0.56614444 0.27344211
113200 -0.40850829 0.76632881
113300 -0.76778754 0.00518821
113400 -0.73955586 0.01826747
113500 -0.89560250 0.04569919
113600 -0.83195689 0.00510621
113700 -0.87179427 0.02577209
113800 -0.63787774 0.13141813
113900 -0.64252009 0.12399961
114000 -0.65683707 0.10247813
114100 -0.88046221 0.03237084
114200 -0.83304601 0.00546019
114300 -0.55545153 0.29901978
114400 -0.95672327 0.12281091
114500 -0.20492515 1.77057039
114600 -0.22758062 1.63831971
114700 -0.00639294 3.14906082
114800 -0.52095022 0.38934389
114900 -0.33174014 1.09633647
115000 -0.24099251 1.56244688
115100 -0.15829534 2.05892434
115200 -0.79731607 0.00003602
115300 -0.49367935 0.46916169
115400 -0.79710337 0.00004195
115500 -0.74313714 0.01616693
115600 -0.87848731 0.03080129
115700 -0.76358052 0.00663189
115800 -0.72590740 0.02744856
115900 -0.74732726 0.01387209
116000 -0.60509179 0.18994604
116100 -0.51554620 0.40456981
116200 -0.23644968 1.58794484
116300 -0.71619242 0.03511856
116400 -0.66442083 0.09190855
116500 -0.79993388 0.00000002
116600 -0.61004110 0.18042193
116700 -0.94812037 0.10969822
116800 -0.67337455 0.08017002
116900 -0.45891245 0.58170360
117000 -0.42958457 0.68603796
117100 -0.81912160 0.00182818
117200 -0.48977369 0.48120183
117300 -0.56205111 0.28309837
117400 0.01498198 3.32097817
117500 -0.48770922 0.48762767
117600 -0.65862210 0.09993856
117700 -0.84235108 0.00896807
117800 -0.26122933 1.45136920
117900 -0.24819175 1.52246170
118000 -0.87648843 0.02925240
118100 -0.82287159 0.00261555
118200 -0.69752166 0.05250905
118300 -0.72581966 0.02751361
118400 -0.84469970 0.00999032
118500 -0.67025258 0.08417196
118600 -0.62197805 0.15845907
118700 -0.71471950 0.03636382
118800 -0.70367408 0.04639341
118900 -0.67756957 0.07494605
119000 -0.16888704 1.99151781
119100 -0.24366273 1.54755579
119200 -0.84700848 0.01104899
119300 -0.47071216 0.54215240
119400 -0.79891672 0.00000587
119500 -0.65404371 0.10651619
119600 -0.93495981 0.09107076
119700 -0.73821093 0.01908944
119800 -0.69313496 0.05710068
119900 -0.43465508 0.66738454
120000 -0.66323828 0.09351884
120100 -0.47216637 0.53737444
120200 -0.53777525 0.34380910
120300 -0.48550281 0.49454242
120400 -0.64386606 0.12188904
120500 -0.93550167 0.09180351
120600 -0.94874286 0.11062219
120700 -0.49949909 0.45150400
120800 -0.26716689 1.41955560
120900 -0.13177631 2.23261452
121000 -0.31299111 1.18588830
121100 -0.79428189 0.00016348
121200 -0.95927628 0.12684467
121300 -0.89339870 0.04361659
121400 -0.66975676 0.08481651
121500 -0.73663384 0.02007635
121600 -0.57949561 0.24311093
121700 -0.66506249 0.09104066
121800 -0.67777128 0.07469930
121900 -0.12212698 2.29755918
122000 -0.25861419 1.46549300
122100 0.00194098 3.21554670
122200 -0.73805481 0.01918603
122300 -0.82836932 0.00402409
122400 -0.74661990 0.01424718
122500 -0.84055410 0.00822318
122600 -0.65854652 0.10004543
122700 -0.72935518 0.02495345
122800 -0.61595593 0.16936110
122900 0.00057620 3.20461128
123000 -0.54713183 0.31971156
123100 -0.40318602 0.78730668
123200 -0.08767266 2.53705118
123300 -0.63877704 0.12996421
123400 -0.83217028 0.00517464
123500 -0.89348265 0.04369503
123600 -0.56183888 0.28360360
123700 -0.73839870 0.01897360
123800 -0.77962892 0.00207490
123900 -0.75698843 0.00924998
124000 -0.81049820 0.00055106
124100 -0.17136766 1.97589308
124200 -0.12294786 2.29199802
124300 -0.14787037 2.12636527
124400 -0.50448613 0.43664225
124500 -0.87936858 0.03149685
124600 -0.55125026 0.30938216
124700 -0.21781499 1.69469693
124800 -0.60138370 0.19724217
124900 -0.43268332 0.67460770
125000 -0.72372796 0.02908712
125100 -0.31048970 1.19810167
125200 -0.71996599 0.03202721
125300 -0.79639892 0.00006484
125400 -0.90040096 0.05040177
125500 -0.74906548 0.01297162
125600 -0.60820187 0.18393262
125700 -0.87548451 0.02848955
125800 -0.68583641 0.06516662
125900 -0.61738596 0.16673943
126000 -0.82296754 0.00263754
126100 -0.71862542 0.03310911
126200 -0.72586844 0.02747744
126300 -0.86610356 0.02184840
126400 -0.52626888 0.37464364
126500 -0.43150269 0.67895133
126600 -0.88327193 0.03467107
126700 -0.54273694 0.33092141
126800 -0.79602831 0.00007887
126900 -0.72819792 0.02577770
127000 -0.54936069 0.31410032
127100 -0.62269920 0.15717788
127200 -0.56849416 0.26797476
127300 -0.73624536 0.02032327
127400 -0.50478594 0.43575670
127500 -0.91991892 0.07190274
127600 -0.87737703 0.02993602
127700 -0.48952884 0.48196171
127800 -0.81319529 0.00087058
127900 -0.78737593 0.00079684
128000 -0.76554641 0.00593525
128100 -0.81496561 0.00111985
128200 -0.52374277 0.38159029
128300 -0.59055315 0.21933992
128400 -0.40654321 0.77404122
128500 -0.32225103 1.14122038
128600 -0.63564582 0.13506147
128700 -0.41619213 0.73654240
128800 -0.67882612 0.07341555
128900 -0.64669180 0.11751701
129000 -0.86274277 0.01968328
129100 -0.83403393 0.00579154
129200 -0.84412708 0.00973600
129300 -0.72706824 0.02659521
129400 -0.82658968 0.00353505
129500 -0.68902358 0.06157882
129600 -0.88935564 0.03992216
129700 0.00400189 3.23209521
129800 -0.39104920 0.83620377
129900 -0.75169412 0.01166729
130000 -0.64375478 0.12206285
130100 -0.82651937 0.00351638
130200 -0.50498821 0.43515979
130300 -0.70396813 0.04611060
130400 -0.49721038 0.45840778
130500 -0.63760883 0.13185447
130600 -0.68531329 0.06576520
130700 -0.82861890 0.00409521
130800 -0.86155096 0.01894261
130900 -0.80050993 0.00000130
131000 -0.86589777 0.02171258
131100 -0.75084273 0.01208219
131200 -0.66688123 0.08860304
131300 -0.65662292 0.10278494
131400 -0.62187067 0.15865030
131500 -0.69380488 0.05638702
131600 -0.46138790 0.57329078
131700 -0.97035212 0.14509922
131800 -0.58050474 0.24089086
131900 -0.73470269 0.02131869
132000 -0.41728246 0.73236357
132100 -0.36098178 0.96368498
132200 -0.10212652 2.43513696
132300 -0.05049863 2.80876151
132400 -0.25799018 1.46887324
132500 -0.02394449 3.01131081
132600 -0.17223921 1.97041803
132700 -0.92494132 0.07805167
132800 -0.74649729 0.01431270
132900 -0.32069879 1.14864826
133000 -0.58703910 0.22676173
133100 -0.67457269 0.07866006
133200 -0.81395841 0.00097419
133300 -0.48494103 0.49631076
133400 -0.41599626 0.73729435
133500 -0.36263139 0.95645649
133600 -0.52965648 0.36542809
133700 -0.24772078 1.52506169
133800 -0.69597928 0.05410155
133900 -0.54476439 0.32572609
134000 -0.37990144 0.88241399
134100 -0.90988412 0.06037260
134200 -0.87459943 0.02782537
134300 -0.71794794 0.03366270
134400 -0.70875190 0.04163108
134500 -0.80173262 0.00001501
134600 -0.72830351 0.02570193
134700 -0.69336661 0.05685340
134800 -0.65187891 0.10969928
134900 -0.45993083 0.57823520
135000 -0.46231458 0.57015721
135100 -0.87414334 0.02748617
135200 -0.63082712 0.14309732
135300 -0.86797546 0.02310331
135400 -0.65737136 0.10171464
135500 -0.79754699 0.00003009
135600 -0.34432080 1.03821768
135700 -0.40901468 0.76434760
135800 -0.72197467 0.03043976
135900 -0.17635720 1.94465170
136000 -0.35236342 1.00189255
136100 -0.41766520 0.73089951
136200 -0.49112215 0.47702764
136300 -0.91370161 0.06464028
136400 -0.68341799 0.06795682
136500 -0.81387757 0.00096293
136600 -0.34103198 1.05325823
136700 -0.62615172 0.15111612
136800 -0.47907325 0.51496989
136900 -0.30050872 1.24745771
137000 -0.43915233 0.65105520
137100 -0.30644901 1.21796291
137200 -0.82598519 0.00337615
137300 -0.24438986 1.54351316
137400 -0.59236272 0.21556620
137500 -0.55990653 0.28822436
137600 -0.08484117 2.55726078
137700 -0.89640967 0.04647412
137800 -0.65558196 0.10428285
137900 -0.61002908 0.18044475
138000 -0.42171289 0.71550567
138100 -0.67617166 0.07666729
138200 -0.87092471 0.02515157
138300 -0.72325010 0.02945274
138400 -0.57484727 0.25346876
138500 -0.60346057 0.19313875
138600 -0.81732693 0.00150111
138700 -0.91598931 0.06726760
138800 -0.22280099 1.66579350
138900 -0.81821280 0.00165853
139000 -0.88958836 0.04013037
139100 -0.41853350 0.72758347
139200 -0.60668901 0.18684570
139300 -0.63336238 0.13884047
139400 -0.77540730 0.00302400
139500 -0.62487986 0.15333532
139600 -0.13366154 2.22003468
139700 -0.54465301 0.32601043
139800 -0.77648109 0.00276569
139900 -0.60557984 0.18899599
140000 -0.55109201 0.30977595
140100 -0.30872162 1.20677224
140200 -0.82980726 0.00444236
140300 -0.77047437 0.00435881
140400 -0.89857513 0.04858528
140500 -0.47477494 0.52885669
140600 -0.67998555 0.07201734
140700 -0.57775561 0.24696284
140800 -0.82680073 0.00359139
140900 -0.47793715 0.51862239
141000 -0.41846795 0.72783352
141100 -0.87958840 0.03167157
141200 -0.56939625 0.26589045
141300 -0.81364725 0.00093124
141400 -0.57041144 0.26355454
141500 -0.87498093 0.02811070
141600 -0.78495711 0.00113144
141700 -0.87348953 0.02700355
141800 -0.06682435 2.68773268
141900 -0.03628045 2.91633779
142000 -0.27524602 1.37683369
142100 -0.33377970 1.08680683
142200 -0.17928364 1.92644398
142300 -0.88816619 0.03886639
142400 -0.88599385 0.03697471
142500 -0.56814112 0.26879269
142600 -0.86613037 0.02186613
142700 -0.65795898 0.10087826
142800 -0.68216482 0.06942565
142900 -0.80277711 0.00003856
143000 -0.34926800 1.01579667
143100 -0.37318744 0.91084481
143200 -0.38220430 0.87276623
143300 -0.72482169 0.02825889
143400 -0.27537614 1.37615097
143500 -0.01186828 3.10575803
143600 -0.05727175 2.75822624
143700 -0.50641904 0.43094890
143800 -0.79996018 0.00000001
143900 -0.49210383 0.47400025
144000 -0.62198702 0.15844310
144100 -0.65837946 0.10028188
144200 -0.17112295 1.97743174
144300 -0.61786751 0.16586122
144400 -0.63706760 0.13273484
144500 -0.18708587 1.87831863
144600 -0.33641009 1.07457801
144700 -0.67781758 0.07464271
144800 -0.80788374 0.00031077
144900 -0.49986953 0.45039151
145000 -0.77229301 0.00383839
145100 -0.35058723 1.00985918
145200 -0.79250492 0.00028088
145300 -0.81036979 0.00053766
145400 -0.92327795 0.07598726
145500 -0.66022425 0.09768631
145600 -0.36380832 0.95131591
145700 -0.24019946 1.56688321
145800 -0.54061238 0.33640969
145900 -0.60632960 0.18754112
146000 -0.85851732 0.01712138
146100 -0.60945555 0.18153594
146200 -0.66860283 0.08632608
146300 -0.92232980 0.07482290
146400 -0.88286024 0.03432910
146500 -0.64683212 0.11730199
146600 -0.86202610 0.01923618
146700 -0.19091897 1.85489850
146800 -0.55987228 0.28830661
146900 -0.52578652 0.37596517
147000 -0.79068382 0.00043396
147100 -0.61463572 0.17179959
147200 -0.29084149 1.29621196
147300 -0.77401956 0.00337492
147400 -0.87682495 0.02951036
147500 -0.65883902 0.09963211
147600 -0.66943001 0.08524262
147700 -0.35132408 1.00655039
147800 -0.66603594 0.08973185
147900 -0.55614937 0.29731564
148000 -0.58614671 0.22866615
148100 -0.40865222 0.76576542
148200 -0.45990171 0.57833424
148300 -0.76903822 0.00479316
148400 -0.49474731 0.46589601
148500 -0.47863354 0.51638202
148600 -0.36710794 0.93697767
148700 -0.61717315 0.16712829
148800 -0.82586670 0.00334543
148900 -0.72387410 0.02897577
149000 -0.58892710 0.22275885
149100 -0.91006191 0.06056812
149200 -0.54188639 0.33311318
149300 -0.41049860 0.75855669
149400 -0.72084666 0.03132625
149500 -0.71973967 0.03220860
149600 -0.65850027 0.10011087
149700 -0.85818139 0.01692537
149800 -0.83965351 0.00786201
149900 -0.71388917 0.03707538
150000 -0.39010803 0.84005715
150100 -0.87062235 0.02493758
150200 -0.79544846 0.00010358
150300 -0.77690406 0.00266711
150400 -0.55393613 0.30273715
150500 -0.84041826 0.00816818
150600 -0.82480949 0.00307755
150700 -0.80978805 0.00047903
150800 -0.67889460 0.07333259
150900 -0.84505706 0.01015069
151000 -0.93703416 0.09389181
151100 -0.22564484 1.64941924
151200 -0.01587796 3.07423688
151300 -0.00079356 3.19365464
151400 -0.46154647 0.57275398
151500 -0.64150244 0.12560738
151600 -0.87674000 0.02944514
151700 -0.70165174 0.04836190
151800 -0.58749221 0.22579781
151900 -0.82511736 0.00315441
152000 -0.40804092 0.76815960
152100 -0.79156146 0.00035604
152200 -0.63208634 0.14097499
152300 -0.91418330 0.06518913
152400 -0.56508815 0.27591789
152500 0.12013338 4.23322719
152600 -0.33130619 1.09836943
152700 -0.70763351 0.04265784
152800 -0.74856718 0.01322667
152900 -0.52476334 0.37877611
153000 -0.48616965 0.49244744
153100 -0.37372906 0.90853458
153200 -0.13692500 2.19834225
153300 -0.89603848 0.04611695
153400 -0.58940236 0.22175683
153500 -0.79476375 0.00013709
153600 -0.62063426 0.16086034
153700 -0.73894048 0.01864132
153800 -0.82279293 0.00259759
153900 -0.54312556 0.32992240
154000 -0.43354186 0.67145784
154100 -0.20790732 1.75286868
154200 -0.35184259 1.00422534
154300 -0.81797871 0.00161617
154400 -0.73628468 0.02029821
154500 -0.77688877 0.00267065
154600 -0.40814456 0.76775342
154700 -0.19707096 1.81761717
154800 -0.68019682 0.07176401
154900 -0.78627872 0.00094137
155000 -0.56467761 0.27688314
155100 -0.77988930 0.00202220
155200 -0.32246902 1.14017920
155300 -0.55137485 0.30907234
155400 -0.79432230 0.00016118
155500 -0.64946729 0.11330048
155600 -0.64530722 0.11964927
155700 -0.49467806 0.46610743
155800 -0.34797927 1.02161372
155900 -0.19888903 1.80667202
156000 -0.49933466 0.45199825
156100 -0.85074375 0.01287464
156200 -0.53371363 0.35454214
156300 -0.65081270 0.11128425
156400 -0.86002233 0.01801340
156500 -0.81832585 0.00167918
156600 -0.56919753 0.26634891
156700 -0.73644147 0.02019844
156800 -0.64863668 0.11455427
156900 0.09383386 3.99469482
157000 -0.60979328 0.18089299
157100 -0.65514453 0.10491553
157200 -0.75815289 0.00875590
157300 -0.61309690 0.17466384
157400 -0.66973982 0.08483858
157500 -0.85075878 0.01288227
157600 -0.65266525 0.10853764
157700 -0.53611761 0.34816957
157800 -0.81877427 0.00176237
157900 0.00003072 3.20024580
158000 -0.25521256 1.48396679
158100 -0.79428682 0.00016320
158200 -0.82160217 0.00233327
158300 -0.65394083 0.10666641
158400 -0.47970393 0.51294788
158500 -0.83127934 0.00489199
158600 -0.69669549 0.05335911
158700 -0.87759988 0.03010870
158800 -0.86116939 0.01870847
158900 -0.46115295 0.57408663
159000 -0.55189736 0.30777460
159100 -0.47962109 0.51321322
159200 -0.52242264 0.38524595
159300 -0.68639104 0.06453498
159400 -0.70196009 0.04805912
159500 -0.47122360 0.54046961
159600 -0.72046026 0.03163285
159700 -0.64103529 0.12634890
159800 -0.86644459 0.02207442
159900 -0.77551296 0.00299808
160000 -0.42625144 0.69843995
160100 -0.83553321 0.00631305
160200 -0.64238022 0.12421998
160300 -0.50761006 0.42745937
160400 -0.48529169 0.49520661
160500 -0.22242778 1.66794835
160600 -0.05593460 2.76816656
160700 -0.24295764 1.55148098
160800 -0.68712781 0.06370065
160900 -0.43005773 0.68428641
161000 -0.94403725 0.10373364
161100 -0.44101793 0.64434063
161200 -0.16655524 2.00626134
161300 0.01803852 3.34593508
161400 -0.19017724 1.85941900
161500 -0.20083139 1.79501514
161600 -0.82443424 0.00298516
161700 -0.81351291 0.00091299
161800 -0.54861300 0.31597711
161900 -0.92857480 0.08265740
162000 -0.81595220 0.00127236
162100 -0.76467599 0.00623893
162200 -0.24198402 1.55690916
162300 -0.49398873 0.46821448
162400 0.00419539 3.23365115
162500 -0.39435449 0.82274140
162600 -0.45054172 0.61060544
162700 -0.62666828 0.15021943
162800 -0.86832779 0.02334344
162900 -0.70915712 0.04126214
163000 -0.59501552 0.21009319
163100 -0.70520037 0.04493485
163200 -0.44130980 0.64329332
163300 -0.74178576 0.01694449
163400 -0.61732632 0.16684837
163500 -0.58585803 0.22928392
163600 -0.02110839 3.03336071
163700 -0.71119881 0.03942825
163800 -0.63485578 0.13636306
163900 -0.47431901 0.53034054
164000 -0.36573181 0.94294430
164100 -0.70566982 0.04449091
164200 -0.80168849 0.00001425
164300 -0.59792946 0.20416251
164400 -0.13119200 2.23652070
164500 -0.57619227 0.25044951
164600 -0.58547625 0.23010220
164700 -0.30154203 1.24230173
164800 -0.71717948 0.03429619
164900 -0.44069867 0.64548723
165000 -0.92072799 0.07287624
165100 -0.71723682 0.03424872
165200 -0.79533806 0.00010867
165300 -0.81217676 0.00074137
165400 -0.34148048 1.05120076
165500 0.00235194 3.21884320
165600 -0.42806597 0.69167460
165700 -0.51739678 0.39932289
165800 0.00517881 3.24156456
165900 -0.14116454 2.17032083
166000 -0.45059445 0.61042120
166100 -0.69301905 0.05722462
166200 -0.93129610 0.08619332
166300 -0.82581169 0.00333122
166400 -0.43631954 0.66131737
166500 -0.80491236 0.00012066
166600 -0.65045017 0.11182576
166700 -0.52557098 0.37655644
166800 -0.63641968 0.13379260
166900 -0.63054886 0.14356844
167000 -0.89983263 0.04983277
167100 -0.86681135 0.02231878
167200 -0.84652291 0.01082191
167300 -0.47462539 0.52934318
167400 -0.66003165 0.09795569
167500 -0.45711553 0.58784878
167600 -0.59816840 0.20367998
167700 -0.47099626 0.54121729
167800 -0.70210183 0.04792026
167900 -0.81862880 0.00173516
168000 -0.42964781 0.68580372
168100 0.01940964 3.35716079
168200 -0.00639841 3.14901742
168300 -0.21418174 1.71591516
168400 -0.16268618 2.03084454
168500 -0.01660897 3.06850754
168600 -0.48154189 0.50707785
168700 -0.63178073 0.14148861
168800 -0.68981315 0.06070571
168900 -0.48239303 0.50437095
169000 -0.56034466 0.28717342
169100 -0.44756650 0.62104686
169200 -0.74542270 0.01489341
169300 -0.62450200 0.15399774
169400 -0.56469539 0.27684129
169500 -0.41670209 0.73458644
169600 -0.09830305 2.46189306
169700 -0.51834466 0.39664864
169800 -0.83894349 0.00758298
169900 -0.62790489 0.14808363
170000 -0.76480759 0.00619253
170100 -0.80112666 0.00000635
170200 -0.36174031 0.96035780
170300 -0.59303712 0.21416816
170400 -0.66746455 0.08782823
170500 -0.24831868 1.52176141
170600 -0.65308570 0.10791906
170700 -0.19678585 1.81933657
170800 -0.21599370 1.70531681
170900 0.03353938 3.47393949
171000 -0.67539137 0.07763655
171100 -0.68739282 0.06340188
171200 -0.40724445 0.77128463
171300 -0.79463700 0.00014381
171400 -0.66718419 0.08820019
171500 -0.84730674 0.01118964
171600 -0.77949998 0.00210125
171700 -0.72753635 0.02625490
171800 -0.71401697 0.03696541
171900 -0.38571771 0.85814909
172000 -0.75483014 0.01020158
172100 -0.75318601 0.01095775
172200 -0.59196375 0.21639540
172300 -0.86512778 0.02120814
172400 -0.73625936 0.02031435
172500 -0.68586667 0.06513209
172600 -0.40423476 0.78315063
172700 -0.71932297 0.03254392
172800 -0.61049136 0.17956763
172900 -0.64183320 0.12508368
173000 -0.89658425 0.04664258
173100 -0.41537285 0.73969024
173200 -0.64914376 0.11378803
173300 -0.34535768 1.03349819
173400 -0.52748718 0.37131620
173500 -0.60866826 0.18303918
173600 -0.59888343 0.20223937
173700 -0.70333583 0.04671981
173800 -0.93193927 0.08703986
173900 -0.74195581 0.01684564
174000 -0.56488801 0.27638824
174100 -0.74877246 0.01312131
174200 -0.59698851 0.20606833
174300 -0.75173069 0.01164963
174400 -0.68832344 0.06235826
174500 -0.85193721 0.01348737
174600 -0.61834257 0.16499710
174700 -0.31409169 1.18053442
174800 -0.82155802 0.00232374
174900 -0.16402208 2.02233956
175000 -0.56382768 0.27888681
175100 -0.48709108 0.48955998
175200 -0.85558902 0.01545070
175300 -0.91950450 0.07140663
175400 -0.50316649 0.44055065
175500 -0.45090734 0.60932842
175600 -0.40395888 0.78424285
175700 -0.56152613 0.28434893
175800 -0.38477699 0.86205076
175900 -0.26655682 1.42280811
176000 -0.51302650 0.41176895
176100 -0.67370004 0.07975840
176200 -0.69752570 0.05250491
176300 -0.66696997 0.08848494
176400 -0.73174040 0.02329687
176500 -0.85483456 0.01503415
176600 -0.88021056 0.03216867
176700 -0.72224192 0.03023160
176800 -0.81687162 0.00142326
176900 -0.89863054 0.04863992
177000 -0.61737832 0.16675338
177100 -0.14029834 2.17603140
177200 -0.70105273 0.04895281
177300 -0.81244760 0.00077471
177400 -0.91090582 0.06150051
177500 0.03203760 3.46143280
177600 -0.29165360 1.29208033
177700 -0.94007332 0.09810268
177800 -0.76944978 0.00466658
177900 -0.27312313 1.38799620
178000 -0.69635844 0.05370787
178100 -0.72541455 0.02781495
178200 -0.88138745 0.03311959
178300 -0.72034330 0.03172595
178400 -0.92605934 0.07945478
178500 -0.37004823 0.92429261
178600 -0.60467898 0.19075151
178700 -0.65464564 0.10563946
178800 -0.41928394 0.72472359
178900 -0.42865629 0.68948075
179000 -0.65679614 0.10253673
179100 -0.57756069 0.24739623
179200 -0.34352276 1.04185735
179300 -0.48564276 0.49410237
179400 -0.87875571 0.03101231
179500 -0.82621258 0.00343550
179600 -0.62653941 0.15044288
179700 -0.76412717 0.00643430
179800 -0.36610635 0.94131849
179900 -0.44946336 0.61437967
180000 -0.45578230 0.59242913
180100 -0.88543555 0.03649617
180200 -0.68248031 0.06905439
180300 -0.55132556 0.30919489
180400 -0.66878059 0.08609267
180500 -0.76091761 0.00763717
180600 -0.91845384 0.07015656
180700 -0.66477014 0.09143558
180800 -0.53675543 0.34648853
180900 -0.53474329 0.35180560
181000 -0.62446981 0.15405424
181100 -0.42476888 0.70399198
181200 -0.56811958 0.26884265
181300 -0.92188222 0.07427637
181400 -0.45792918 0.58506224
181500 -0.70575394 0.04441160
181600 -0.54415189 0.32729127
181700 -0.50468397 0.43605778
181800 -0.59171687 0.21690932
181900 -0.68463931 0.06654044
182000 -0.48464484 0.49724439
182100 -0.17676562 1.94210543
182200 0.01616562 3.33063163
182300 -0.05748842 2.75661723
182400 -0.45474910 0.59599091
182500 0.10399426 4.08602813
182600 -0.02330983 3.01623808
182700 -0.16672739 2.00517099
182800 -0.45339112 0.60068856
182900 -0.57613338 0.25058131
183000 -0.75121711 0.01189885
183100 -0.58763300 0.22549872
183200 -0.32822724 1.11284771
183300 -0.34039820 1.05616908
183400 -0.82962584 0.00438845
183500 -0.49666030 0.46007488
183600 -0.66760195 0.08764622
183700 -0.83023782 0.00457163
183800 -0.49885785 0.45343298
183900 -0.31228421 1.18933345
184000 -0.81482904 0.00109950
184100 -0.77735147 0.00256478
184200 -0.39112490 0.83589424
184300 -0.63693139 0.13295687
184400 -0.40177949 0.79289787
184500 -0.94118606 0.09966752
184600 -0.74531043 0.01495475
184700 -0.31573417 1.17256695
184800 -0.65512500 0.10494382
184900 -0.70698996 0.04325433
185000 -0.58244040 0.23666090
185100 -0.91934166 0.07121216
185200 -0.49791267 0.45628379
185300 -0.59889425 0.20221762
185400 -0.70444997 0.04564904
185500 -0.34861775 1.01872968
185600 -0.40959381 0.76208498
185700 -0.54813080 0.31719046
185800 -0.60417453 0.19173807
185900 -0.10103330 2.44277222
186000 -0.68625773 0.06468652
186100 -0.57689527 0.24887860
186200 -0.57834123 0.24566306
186300 -0.17461161 1.95555319
186400 -0.89749056 0.04752204
186500 -0.40664591 0.77363719
186600 -0.76340324 0.00669661
186700 -0.83129297 0.00489625
186800 -0.60542752 0.18929225
186900 -0.79545941 0.00010308
187000 -0.93134737 0.08626065
187100 -0.01652618 3.06915614
187200 -0.43396306 0.66991522
187300 -0.82708313 0.00366748
187400 -0.67052561 0.08381809
187500 -0.83908634 0.00763871
187600 -0.04704143 2.83473302
187700 0.03131704 3.45544011
187800 -0.38465625 0.86255214
187900 -0.60585072 0.18846971
188000 -0.74439955 0.01545705
188100 -0.37902824 0.88608611
188200 -0.54042715 0.33689031
188300 -0.64571726 0.11901582
188400 0.25944578 5.61212686
188500 -0.52054684 0.39047035
188600 -0.85821954 0.01694758
188700 -0.80222853 0.00002483
188800 -0.12672536 2.26649374
188900 -0.81917460 0.00183833
189000 -0.75560267 0.00985562
189100 -0.41648550 0.73541687
189200 -0.23159708 1.61540938
189300 -0.88209642 0.03369911
189400 -0.73745124 0.01956174
189500 -0.86162087 0.01898566
189600 -0.92340040 0.07613830
189700 -0.69897383 0.05103144
189800 -0.69199011 0.05833068
189900 -0.29074231 1.29671698
190000 -0.61477472 0.17154202
190100 -0.78906472 0.00059790
190200 -0.51657241 0.40165599
190300 -0.73629128 0.02029400
190400 -0.79894886 0.00000552
190500 -0.69754771 0.05248236
190600 -0.68737949 0.06341689
190700 -0.94123964 0.09974318
190800 -0.67892335 0.07329778
190900 -0.87035031 0.02474583
191000 -0.32886257 1.10985237
191100 -0.91164274 0.06232050
191200 -0.79440560 0.00015649
191300 -0.79741707 0.00003336
191400 -0.65927884 0.09901222
191500 -0.55315824 0.30465428
191600 -0.79029809 0.00047064
191700 -0.79817409 0.00001667
191800 -0.78875312 0.00063246
191900 -0.30306496 1.23472216
192000 -0.24492146 1.54056091
192100 -0.57042619 0.26352068
192200 -0.42260403 0.71213860
192300 -0.90178790 0.05180388
192400 -0.99546175 0.19102648
192500 -0.61352244 0.17386940
192600 -0.68761395 0.06315312
192700 -0.73038988 0.02422785
192800 -0.17170026 1.97380279
192900 -0.16071030 2.04345658
193000 -0.78562508 0.00103319
193100 -0.90940282 0.05984489
193200 -0.71332640 0.03756157
193300 -0.77137152 0.00409795
193400 -0.72374807 0.02907178
193500 -0.69690043 0.05314760
193600 -0.72422728 0.02870753
193700 -0.72078192 0.03137752
193800 -0.66852383 0.08642992
193900 -0.36489714 0.94657251
194000 0.15969957 4.60511635
194100 -0.33634205 1.07489346
194200 -0.67266214 0.08107465
194300 -0.83887525 0.00755642
194400 -0.02469190 3.00551326
194500 -0.70997077 0.04052631
194600 -0.69571623 0.05437552
194700 -0.42593555 0.69962107
194800 -0.46078403 0.57533736
194900 -0.87203482 0.02594507
195000 -0.54119656 0.33489609
195100 -0.73080240 0.02394154
195200 -0.51836150 0.39660122
195300 -0.77302648 0.00363786
195400 -0.86510194 0.02119131
195500 -0.63348812 0.13863103
195600 -0.52924871 0.36653132
195700 -0.31987167 1.15261606
195800 -0.58504519 0.23102784
195900 -0.87532287 0.02836768
196000 -0.38466971 0.86249626
196100 -0.59095482 0.21849944
196200 -0.40345118 0.78625483
196300 -0.78506526 0.00111523
196400 -0.67250413 0.08127598
196500 -0.71666597 0.03472280
196600 -0.43102413 0.68071596
196700 -0.43718549 0.65817184
196800 -0.58473815 0.23168831
196900 -0.84177606 0.00872619
197000 0.12887576 4.31405093
197100 -0.84830066 0.01166477
197200 -0.87506819 0.02817617
197300 -0.56308131 0.28065232
197400 -0.91847895 0.07018630
197500 -0.50710983 0.42892325
197600 -0.47525670 0.52729106
197700 -0.78942769 0.00055887
197800 -0.64459449 0.12075436
197900 -0.66570012 0.09018229
198000 -0.46487663 0.56153837
198100 -0.58821204 0.22427070
198200 -0.34858130 1.01889421
198300 -0.38952308 0.84245651
198400 -0.11186446 2.36765258
198500 -0.28419335 1.33028252
198600 -0.05671229 2.76238311
198700 0.19897371 4.98974241
198800 -0.80549112 0.00015076
198900 -0.84675345 0.01092942
199000 -0.37383410 0.90808688
199100 -0.68221043 0.06937192
199200 -0.55899706 0.29041208
199300 -0.51673714 0.40118923
199400 -0.70225850 0.04776701
199500 -0.66791345 0.08723428
199600 -0.13972858 2.17979174
199700 -0.81172239 0.00068707
199800 -0.60695301 0.18633571
199900 -0.57402615 0.25532091
