0 0.83970092 0.00788082
100 0.82065208 0.00213254
200 0.84647809 0.01080106
300 0.38820135 0.84789063
400 0.66232535 0.09477155
500 0.53269247 0.35726657
600 0.49297515 0.47132131
700 0.63148980 0.14197843
800 0.42365966 0.70816026
900 0.55139137 0.30903126
1000 0.23175242 1.61452655
1100 0.50848619 0.42490151
1200 0.59107619 0.21824580
1300 0.51343525 0.41059678
1400 0.52745171 0.37141285
1500 0.51903255 0.39471355
1600 0.37338618 0.90999675
1700 0.31701414 1.16637669
1800 0.02607712 2.99478312
1900 0.64170531 0.12528604
2000 0.19790150 1.81261303
2100 0.13259470 2.22714916
2200 -0.02036968 3.36503205
2300 0.12769807 2.25994940
2400 0.49522780 0.46443047
2500 0.78163491 0.00168638
2600 0.27940384 1.35510181
2700 0.86931213 0.02402086
2800 0.15018142 2.11132092
2900 0.00582317 3.15358419
3000 0.26088614 1.45321877
3100 0.84809999 0.01156805
3200 0.53038179 0.36346990
3300 0.50069248 0.44792497
3400 0.35879744 0.97329848
3500 0.42574425 0.70033682
3600 0.80091399 0.00000418
3700 0.49229077 0.47342485
3800 0.43656430 0.66042756
3900 0.70333168 0.04672382
4000 0.68671945 0.06416242
4100 0.64243573 0.12413250
4200 0.43948443 0.64985739
4300 0.35823781 0.97576916
4400 0.76030393 0.00787889
4500 0.59844460 0.20312289
4600 0.49974885 0.45075376
4700 0.54461504 0.32610740
4800 0.47391379 0.53166110
4900 0.70969517 0.04077481
5000 0.50557641 0.43342624
5100 0.92801274 0.08193630
5200 0.53558020 0.34958915
5300 0.15318760 2.09183138
5400 0.44027863 0.64699733
5500 0.79663151 0.00005673
5600 0.71657128 0.03480176
5700 0.82764301 0.00382068
5800 0.87059699 0.02491967
5900 0.48033248 0.51093663
6000 0.81876007 0.00175970
6100 0.55278985 0.30556428
6200 0.49648444 0.46060847
6300 0.52078552 0.38980364
6400 0.42782138 0.69258463
6500 0.51829434 0.39679038
6600 0.00678129 3.14597959
6700 -0.03110407 3.45366989
6800 0.31432251 1.17941313
6900 0.50034161 0.44897577
7000 0.50272941 0.44184903
7100 0.84029317 0.00811770
7200 0.84291058 0.00920659
7300 0.77941059 0.00211962
7400 0.55076100 0.31060040
7500 0.47240683 0.53658642
7600 0.65750459 0.10152472
7700 0.13294422 2.22481710
7800 0.43576401 0.66333927
7900 0.40404600 0.78389783
8000 0.37812610 0.88988795
8100 0.35594018 0.98594562
8200 0.51755284 0.39888199
8300 0.50124114 0.44628427
8400 0.80028158 0.00000040
8500 0.66343018 0.09325657
8600 -0.02055392 3.36654365
8700 0.83580917 0.00641148
8800 0.74004811 0.01797114
8900 0.68046446 0.07144373
9000 0.93665734 0.09337615
9100 0.85583887 0.01558990
9200 0.50367336 0.43904739
9300 0.61034999 0.17983562
9400 0.42429200 0.70578251
9500 0.81562817 0.00122120
9600 0.49287157 0.47163937
9700 0.84059095 0.00823813
9800 0.70767981 0.04261509
9900 0.41061798 0.75809179
10000 0.63658114 0.13352861
10100 0.49642893 0.46077698
10200 0.52082522 0.38969278
10300 -0.16148169 4.62223522
10400 0.43871639 0.65262923
10500 0.47815471 0.51792194
10600 0.69219278 0.05811198
10700 0.77551195 0.00299832
10800 0.48469512 0.49708585
10900 0.82292194 0.00262708
11000 0.50895383 0.42353936
11100 0.50706963 0.42904100
11200 0.44083905 0.64498295
11300 0.93589049 0.09233112
11400 0.51750215 0.39902519
11500 0.76269405 0.00695867
11600 0.29008914 1.30004542
11700 0.45292274 0.60231313
11800 0.23392043 1.60223040
11900 0.39416349 0.82351637
12000 0.29963048 1.25184829
12100 0.85870057 0.01722879
12200 0.73247597 0.02279747
12300 0.15076377 2.10753840
12400 0.78740180 0.00079357
12500 0.50101399 0.44696318
12600 0.45335803 0.60080328
12700 0.46346684 0.56627283
12800 0.84360339 0.00950628
12900 0.47524839 0.52731804
13000 0.63020720 0.14414798
13100 0.81607841 0.00129258
13200 0.77688519 0.00267147
13300 0.85282700 0.01395346
13400 0.53365955 0.35468617
13500 0.43903643 0.65147349
13600 0.32527929 1.12679877
13700 0.87041384 0.02479054
13800 0.56427078 0.27784132
13900 0.55370811 0.30329848
14000 0.51678488 0.40105401
14100 0.77630463 0.00280735
14200 0.50726430 0.42847095
14300 0.55291406 0.30525731
14400 0.36615502 0.94110731
14500 0.56996806 0.26457346
14600 0.73125458 0.02362966
14700 0.46693789 0.55465184
14800 0.51005430 0.42034253
14900 0.48811917 0.48634826
15000 0.43283091 0.67406570
15100 0.50338424 0.43990453
15200 0.51610249 0.40298898
15300 -0.21716073 5.17307977
15400 0.46921647 0.54708872
15500 0.58116936 0.23943425
15600 0.85494230 0.01509328
15700 0.76933206 0.00470261
15800 0.77299425 0.00364655
15900 0.48609669 0.49267643
16000 0.51649586 0.40187298
16100 0.50740123 0.42807021
16200 0.85183884 0.01343633
16300 0.91441872 0.06545822
16400 0.55332312 0.30424743
16500 0.56306124 0.28069987
16600 0.38163114 0.87516251
16700 0.30320870 1.23400798
16800 0.93689086 0.09369553
16900 0.49562622 0.46321698
17000 0.26314271 1.44107875
17100 0.34675046 1.02717574
17200 0.51612433 0.40292699
17300 0.11208488 2.36613605
17400 0.51295321 0.41197930
17500 0.49395632 0.46831367
17600 0.53397015 0.35385942
17700 0.44438275 0.63231816
17800 0.37021932 0.92355717
17900 0.52345576 0.38238358
18000 0.43533802 0.66489181
18100 0.50600198 0.43217417
18200 0.96831364 0.14164740
18300 0.72811684 0.02583595
18400 0.56052985 0.28672977
18500 0.81066164 0.00056835
18600 0.60275015 0.19453752
18700 0.66802308 0.08708953
18800 0.57867088 0.24493290
18900 0.01609647 3.07252371
19000 0.59606738 0.20794257
19100 0.64723917 0.11667935
19200 0.52127704 0.38843245
19300 0.49065282 0.47847838
19400 0.02162861 3.02931012
19500 0.48341331 0.50113565
19600 0.45861605 0.58271500
19700 0.74964113 0.01268008
19800 0.85050221 0.01275236
19900 0.72442424 0.02855848
20000 0.25222926 1.50026390
20100 0.47721305 0.52095708
20200 0.95607200 0.12179234
20300 0.90600025 0.05618026
20400 0.64665254 0.11757721
20500 0.46717634 0.55385793
20600 0.37183198 0.91663926
20700 0.39469380 0.82136557
20800 0.49333848 0.47020645
20900 0.48693593 0.49004555
21000 0.59040768 0.21964469
21100 0.68055847 0.07133140
21200 0.54834344 0.31665513
21300 0.52945165 0.36598205
21400 0.55604763 0.29756380
21500 0.82402731 0.00288656
21600 0.65760096 0.10138743
21700 0.47869540 0.51618322
21800 0.60552017 0.18911202
21900 0.84954122 0.01227166
22000 0.58088333 0.24006057
22100 0.60866363 0.18304802
22200 0.50169791 0.44492068
22300 0.90084130 0.05084484
22400 0.92802077 0.08194659
22500 0.56630400 0.27306909
22600 0.87165586 0.02567281
22700 0.57471983 0.25375578
22800 0.86509681 0.02118798
22900 0.60924726 0.18193304
23000 0.89120260 0.04158957
23100 0.48725651 0.48904245
23200 0.78889625 0.00061647
23300 0.59068561 0.21906257
23400 0.10653530 2.40446646
23500 0.36320559 0.95394679
23600 0.59153782 0.21728241
23700 0.17242834 1.96923095
23800 0.49320954 0.47060194
23900 0.51140191 0.41644429
24000 0.46513383 0.56067676
24100 0.51518426 0.40560003
24200 0.64224304 0.12443629
24300 0.48372672 0.50014393
24400 0.62291827 0.15678969
24500 0.80559300 0.00015641
24600 0.48444577 0.49787236
24700 0.38456018 0.86295124
24800 0.53411538 0.35347316
24900 0.48956539 0.48184823
25000 0.42351810 0.70869311
25100 0.94176447 0.10048582
25200 0.46668092 0.55550806
25300 0.80653800 0.00021373
25400 0.79261580 0.00027263
25500 0.50726034 0.42848255
25600 0.72659873 0.02693873
25700 0.51975959 0.39267345
25800 0.51227679 0.41392324
25900 0.74399610 0.01568219
26000 0.52589228 0.37567522
26100 0.48189210 0.50596318
26200 0.91793304 0.06954101
26300 0.54323690 0.32963645
26400 0.47840965 0.51710175
26500 0.85468181 0.01495050
26600 0.49756532 0.45733368
26700 0.45127387 0.60804958
26800 0.53891443 0.34082837
26900 0.67494816 0.07818982
27000 0.61466260 0.17174976
27100 0.43708959 0.65851981
27200 0.57230458 0.25922601
27300 0.84647922 0.01080159
27400 0.87205029 0.02595622
27500 0.52468678 0.37898684
27600 0.53417475 0.35331532
27700 0.49939703 0.45181073
27800 0.24611256 1.53395650
27900 0.00089244 3.19286447
28000 -0.09229884 3.98098608
28100 0.02140711 3.03103444
28200 0.00666451 3.14690602
28300 0.49761986 0.45716875
28400 0.47844695 0.51698181
28500 0.61827987 0.16511102
28600 0.34862241 1.01870863
28700 0.64539139 0.11951910
28800 0.50879770 0.42399389
28900 0.85496410 0.01510526
29000 0.30514698 1.22439756
29100 0.71952980 0.03237727
29200 0.64331651 0.12274858
29300 0.65753814 0.10147690
29400 0.80089414 0.00000400
29500 0.70278978 0.04724913
29600 0.42584003 0.69997840
29700 0.48010472 0.51166496
29800 0.80914720 0.00041836
29900 0.46566250 0.55890783
30000 0.36488725 0.94661553
30100 0.17751713 1.93742462
30200 0.01727740 3.06327336
30300 0.37887357 0.88673734
30400 0.45434152 0.59739891
30500 0.58760968 0.22554824
30600 0.47952667 0.51351577
30700 0.52357313 0.38205907
30800 0.75964888 0.00814107
30900 -0.19123966 4.91278035
31000 -0.02451712 3.39914237
31100 0.83894313 0.00758284
31200 0.80331957 0.00005510
31300 0.62537092 0.15247657
31400 0.50663749 0.43030782
31500 0.84327636 0.00936421
31600 0.55931453 0.28964748
31700 0.89696345 0.04700956
31800 0.49874446 0.45377451
31900 0.93655813 0.09324062
32000 0.59797541 0.20406967
32100 0.60359476 0.19287509
32200 0.53316418 0.35600677
32300 0.49665510 0.46009063
32400 0.74656911 0.01427430
32500 0.65157825 0.11014508
32600 0.35485580 0.99076678
32700 0.45001948 0.61243183
32800 0.31870327 1.15823272
32900 0.91398084 0.06495816
33000 0.76179593 0.00729776
33100 0.44848334 0.61781982
33200 0.49258278 0.47252674
33300 -0.13461920 4.36756521
33400 0.35751582 0.97896126
33500 0.51212783 0.41435193
33600 0.47249520 0.53629697
33700 0.70487383 0.04524495
33800 0.69683331 0.05321683
33900 0.92717022 0.08086132
34000 0.92603542 0.07942464
34100 0.94995645 0.11243469
34200 0.68193243 0.06969975
34300 0.46626109 0.55690831
34400 0.04279272 2.86681431
34500 0.51587471 0.40363589
34600 0.62181017 0.15875808
34700 0.12861821 2.25376757
34800 0.71413874 0.03686078
34900 0.46416808 0.56391540
35000 0.76996125 0.00451163
35100 0.51019200 0.41994338
35200 0.53617848 0.34800897
35300 0.51656354 0.40168113
35400 -0.10205063 4.06847671
35500 -0.09442541 3.99998406
35600 -0.35616631 6.68360268
35700 0.56401633 0.27844147
35800 0.46748138 0.55284316
35900 0.96152045 0.13044428
36000 0.47550051 0.52649960
36100 0.53793295 0.34339570
36200 0.54473763 0.32579439
36300 0.53381079 0.35428347
36400 0.74126607 0.01724837
36500 0.61466087 0.17175296
36600 0.87881818 0.03106153
36700 0.76375845 0.00656725
36800 0.72209451 0.03034632
36900 0.28947532 1.30317726
37000 0.01944990 3.04629229
37100 0.01444735 3.08546483
37200 -0.09289312 3.98629060
37300 0.51121599 0.41698103
37400 0.53046953 0.36323337
37500 0.52942322 0.36605897
37600 -0.01269802 3.30239039
37700 0.51429575 0.40813458
37800 0.49625886 0.46129341
37900 0.55040874 0.31147900
38000 0.54378694 0.32822566
38100 0.47883170 0.51574539
38200 0.49115530 0.47692524
38300 0.50136509 0.44591406
38400 0.85904046 0.01742888
38500 0.58770850 0.22533841
38600 0.53468751 0.35195359
38700 0.51561708 0.40436824
38800 0.51150279 0.41615320
38900 0.51569616 0.40414337
39000 -0.01559999 3.32601671
39100 0.44674431 0.62394793
39200 0.46082860 0.57518619
39300 0.39265537 0.82964822
39400 0.38595178 0.85717964
39500 0.48737569 0.48866981
39600 0.71362515 0.03730307
39700 0.38581108 0.85776229
39800 0.65513010 0.10493644
39900 0.76301240 0.00684041
40000 0.86555398 0.02148662
40100 0.24424452 1.54432078
40200 0.85376535 0.01445356
40300 0.53224254 0.35847029
40400 0.73482292 0.02124026
40500 0.13567732 2.20662312
40600 0.44742929 0.62153052
40700 0.47199130 0.53794853
40800 0.51276356 0.41252385
40900 0.54453289 0.32631723
41000 0.47368237 0.53241599
41100 0.44964903 0.61372901
41200 0.63733337 0.13230216
41300 0.48542441 0.49478900
41400 0.78029430 0.00194157
41500 0.54106277 0.33524245
41600 0.49871499 0.45386328
41700 0.54386178 0.32803393
41800 0.54100159 0.33540089
41900 0.67565658 0.07730643
42000 0.56913571 0.26649161
42100 0.25534138 1.48326506
42200 0.37964352 0.88349787
42300 0.29495442 1.27535517
42400 0.55624981 0.29707078
42500 0.40478708 0.78096625
42600 0.63472623 0.13657709
42700 0.54507534 0.32493291
42800 0.53072768 0.36253792
42900 0.01085677 3.11373519
43000 0.76799277 0.00512231
43100 0.73874081 0.01876344
43200 0.88297395 0.03442338
43300 0.73962351 0.01822660
43400 0.51008127 0.42026435
43500 0.44367105 0.63485160
43600 0.83609340 0.00651367
43700 0.52881259 0.36771306
43800 0.48413295 0.49885997
43900 0.41485410 0.74168682
44000 0.51072321 0.41840531
44100 -0.16965752 4.70117853
44200 0.52938414 0.36616472
44300 0.78107128 0.00179148
44400 0.73206878 0.02307325
44500 0.46078761 0.57532522
44600 0.52226232 0.38569109
44700 0.77615330 0.00284333
44800 0.54560997 0.32357144
44900 0.09761916 2.46669422
45000 0.39248361 0.83034804
45100 0.44769700 0.62058701
45200 0.50154277 0.44538360
45300 0.81174266 0.00068945
45400 0.58189604 0.23784668
45500 -0.00121830 3.20975382
45600 0.57228352 0.25927398
45700 0.46905952 0.54760802
45800 0.46245107 0.56969639
45900 0.66905187 0.08573707
46000 0.53108711 0.36157071
46100 0.81810263 0.00163853
46200 0.81665805 0.00138745
46300 0.60163536 0.19674265
46400 0.41214657 0.75215141
46500 0.79214766 0.00030830
46600 0.24051032 1.56514352
46700 0.38124956 0.87675965
46800 0.65434874 0.10607144
46900 0.84061030 0.00824598
47000 0.50646862 0.43080337
47100 0.47614306 0.52441660
47200 0.48393711 0.49947874
47300 0.78846070 0.00066578
47400 0.81118066 0.00062504
47500 0.49354241 0.46958128
47600 0.70809656 0.04223121
47700 0.25286226 1.49679852
47800 0.46621901 0.55704876
47900 0.49793083 0.45622893
48000 0.62441431 0.15415168
48100 0.52134893 0.38823209
48200 0.62140136 0.15948737
48300 0.59688010 0.20628847
48400 0.02447033 3.00723135
48500 0.48541778 0.49480988
48600 0.47233360 0.53682636
48700 0.70492940 0.04519210
48800 0.50860450 0.42455670
48900 0.44542792 0.62860679
49000 0.08505444 2.55573577
49100 0.63397036 0.13782921
49200 0.67637598 0.07641450
49300 0.71365233 0.03727960
49400 0.35490981 0.99052641
49500 0.48504670 0.49597790
49600 0.57279380 0.25811329
49700 0.47163194 0.53912791
49800 0.37062554 0.92181212
49900 0.50072621 0.44782401
50000 0.49596155 0.46219689
50100 0.65217128 0.10926666
50200 0.97218665 0.14824121
50300 0.42609722 0.69901646
50400 0.02904443 2.97186242
50500 -0.32497579 6.32785265
50600 0.71177344 0.03891963
50700 0.39028120 0.83934749
50800 0.61290662 0.17501966
50900 0.49697075 0.45913365
51000 0.40730510 0.77104641
51100 0.00649729 3.14823276
51200 0.48750543 0.48826428
51300 0.03067824 2.95927984
51400 0.49314896 0.47078780
51500 0.50448114 0.43665699
51600 0.52868691 0.36805397
51700 0.40144211 0.79424197
51800 0.85785530 0.01673618
51900 0.86764080 0.02287639
52000 0.85902799 0.01742152
52100 0.54658744 0.32108963
52200 0.34056830 1.05538743
52300 0.45880802 0.58205985
52400 0.37320058 0.91078874
52500 0.53107435 0.36160501
52600 0.42260106 0.71214978
52700 0.57271393 0.25829480
52800 0.72444511 0.02854271
52900 0.15753316 2.06381822
53000 0.38609393 0.85659117
53100 0.72618756 0.02724138
53200 0.41797642 0.72971007
53300 0.50795255 0.42645857
53400 0.11094575 2.37397879
53500 0.50539794 0.43395187
53600 0.49624853 0.46132478
53700 0.46991455 0.54478201
53800 0.81949121 0.00189954
53900 0.80838972 0.00035194
54000 0.38791884 0.84905439
54100 0.13195544 2.23141764
54200 -0.04443392 3.56534324
54300 0.66971740 0.08486777
54400 0.43296116 0.67358755
54500 0.26553298 1.42827499
54600 0.54372599 0.32838185
54700 0.82726616 0.00371722
54800 0.84922001 0.01211305
54900 0.45748103 0.58659622
55000 0.00517587 3.15872700
55100 0.49167571 0.47531934
55200 0.51665505 0.40142181
55300 0.71462872 0.03644128
55400 0.62053148 0.16104475
55500 0.67232010 0.08151078
55600 0.67324808 0.08033025
55700 0.92614641 0.07956458
55800 0.87235543 0.02617654
55900 0.74674230 0.01418191
56000 0.91230976 0.06306741
56100 0.56139315 0.28466615
56200 0.13662550 2.20032861
56300 0.81365742 0.00093263
56400 0.45461158 0.59646580
56500 0.53385169 0.35417461
56600 0.61157386 0.17752204
56700 0.41407938 0.74467362
56800 0.63035124 0.14390352
56900 0.77989801 0.00202045
57000 0.17224773 1.97036457
57100 0.51345366 0.41054403
57200 0.57906971 0.24405097
57300 0.68050860 0.07139098
57400 0.50012970 0.44961097
57500 0.51804998 0.39747906
57600 0.71173828 0.03895065
57700 0.93769641 0.09480151
57800 0.50317685 0.44051991
57900 0.24394688 1.54597534
58000 0.48657522 0.49117545
58100 0.88018937 0.03215168
58200 0.95259479 0.11642585
58300 0.87888419 0.03111358
58400 0.61722302 0.16703713
58500 0.67229424 0.08154381
58600 0.53783747 0.34364597
58700 0.46998576 0.54454700
58800 0.77645625 0.00277154
58900 0.52066401 0.39014299
59000 0.49501081 0.46509203
59100 0.76873814 0.00488652
59200 0.44370034 0.63474725
59300 0.04198638 2.87292327
59400 0.55987263 0.28830577
59500 0.50326669 0.44025328
59600 0.49489163 0.46545560
59700 0.52309052 0.38339431
59800 0.47363577 0.53256805
59900 0.63641322 0.13380317
60000 0.86711239 0.02252036
60100 0.72095546 0.03124020
60200 0.91850590 0.07021824
60300 0.26423083 1.43524302
60400 0.14128910 2.16950026
60500 0.56016197 0.28761140
60600 0.48882115 0.48416139
60700 0.44225150 0.63991994
60800 0.46983326 0.54505038
60900 0.59916055 0.20168243
61000 0.31804920 1.16138284
61100 0.77934286 0.00213359
61200 0.50893851 0.42358395
61300 0.13586546 2.20537343
61400 0.49632908 0.46108013
61500 0.98043593 0.16278562
61600 0.51529038 0.40529785
61700 0.47089598 0.54154727
61800 0.45999097 0.57803070
61900 0.49588589 0.46242697
62000 0.28019808 1.35097020
62100 0.58973806 0.22105041
62200 0.84713799 0.01110995
62300 0.52859648 0.36829935
62400 0.88658559 0.03748532
62500 0.61061822 0.17932730
62600 0.47660623 0.52291765
62700 0.81765777 0.00155898
62800 0.67664599 0.07608106
62900 0.76636285 0.00565729
63000 0.43446683 0.66807250
63100 0.61977821 0.16239947
63200 0.58412469 0.23301074
63300 0.49215607 0.47383943
63400 -0.09600653 4.01413850
63500 0.55403518 0.30249345
63600 0.62968804 0.14503082
63700 0.49340710 0.46999602
63800 0.51634055 0.40231341
63900 0.47560355 0.52616529
64000 0.95317127 0.11730719
64100 0.57271840 0.25828462
64200 0.54584453 0.32297502
64300 0.85720169 0.01636017
64400 0.43911613 0.65118583
64500 0.49287090 0.47164141
64600 0.46474065 0.56199415
64700 0.93746737 0.09448639
64800 0.72359465 0.02918889
64900 0.62059872 0.16092409
65000 0.20736474 1.75608278
65100 0.78629551 0.00093907
65200 0.32685869 1.11931352
65300 0.83336871 0.00556735
65400 0.85155256 0.01328833
65500 0.82025770 0.00205187
65600 0.53986363 0.33835466
65700 0.41404733 0.74479731
65800 0.54453412 0.32631408
65900 0.35416868 0.99382784
66000 -0.05138648 3.62429466
66100 0.34661800 1.02777620
66200 0.48607529 0.49274362
66300 0.48582628 0.49352563
66400 -0.00901798 3.27255045
66500 0.65727870 0.10184685
66600 0.51433801 0.40801385
66700 0.87816970 0.03055251
66800 0.07107122 2.65668586
66900 0.51584281 0.40372656
67000 0.50661875 0.43036278
67100 0.14133574 2.16919303
67200 0.69230024 0.05799619
67300 0.38121017 0.87692460
67400 0.23462641 1.59823646
67500 0.85731234 0.01642352
67600 0.59918257 0.20163821
67700 0.49446446 0.46675982
67800 0.50524423 0.43440481
67900 0.52957041 0.36566083
68000 0.51203234 0.41462686
68100 0.49256927 0.47256827
68200 0.68017645 0.07178842
68300 -0.06259835 3.72037959
68400 0.54467830 0.32594586
68500 0.52849092 0.36858589
68600 0.42871356 0.68926811
68700 0.47745104 0.52018917
68800 0.65268871 0.10850307
68900 0.80968236 0.00046874
69000 0.76710794 0.00540944
69100 0.63136665 0.14218603
69200 0.77792550 0.00243642
69300 0.68300057 0.06844433
69400 0.51832426 0.39670611
69500 0.43524170 0.66524308
69600 0.52362443 0.38191728
69700 0.78000369 0.00199926
69800 0.61031795 0.17989640
69900 0.36109612 0.96318308
70000 0.48326230 0.50161384
70100 0.67842560 0.07390167
70200 0.53332902 0.35556706
70300 0.59322632 0.21377678
70400 0.29593648 1.27040016
70500 0.93426206 0.09013151
70600 0.65403089 0.10653491
70700 0.75755689 0.00900709
70800 0.63458193 0.13681569
70900 0.62086658 0.16044391
71000 0.55046284 0.31134398
71100 0.79980700 0.00000019
71200 0.58722073 0.22637510
71300 0.49896682 0.45310488
71400 0.50113127 0.44661260
71500 0.85015761 0.01257893
71600 0.76942902 0.00467293
71700 0.49174197 0.47511505
71800 0.60975802 0.18096006
71900 0.84015076 0.00806042
72000 0.71856575 0.03315768
72100 0.46778830 0.55182308
72200 0.56537343 0.27524814
72300 0.50777789 0.42696881
72400 0.64693587 0.11714314
72500 0.54236427 0.33188085
72600 0.75404761 0.01055811
72700 0.91913885 0.07097033
72800 0.09956508 2.45304539
72900 0.01223964 3.10283196
73000 0.14800994 2.12545519
73100 0.51335803 0.41081810
73200 0.61741215 0.16669162
73300 0.59247432 0.21533455
73400 0.73514849 0.02102859
73500 0.90143017 0.05144040
73600 0.59338665 0.21344539
73700 0.48532267 0.49510910
73800 0.89863039 0.04863977
73900 0.50484011 0.43559680
74000 -0.04604301 3.57894389
74100 0.74424220 0.01554466
74200 0.57446619 0.25432749
74300 0.54759466 0.31854228
74400 0.26740662 1.41827855
74500 0.55783675 0.29321521
74600 0.56472421 0.27677350
74700 0.51331980 0.41092768
74800 0.47842896 0.51703967
74900 0.94170026 0.10039482
75000 0.41935335 0.72445938
75100 0.50365356 0.43910606
75200 0.71562469 0.03559597
75300 0.74109976 0.01734619
75400 0.47980597 0.51262108
75500 0.62679304 0.15000326
75600 0.27869054 1.35881775
75700 0.51087491 0.41796658
75800 0.37774678 0.89148892
75900 0.68946758 0.06108708
76000 0.48782096 0.48727876
76100 0.88411380 0.03537566
76200 0.66811498 0.08696829
76300 0.31457732 1.17817589
76400 0.52300096 0.38364234
76500 0.49410276 0.46786561
76600 0.72670849 0.02685822
76700 0.62195820 0.15849441
76800 0.81873143 0.00175433
76900 0.50785208 0.42675204
77000 0.35831330 0.97543569
77100 0.29610949 1.26952822
77200 0.97141804 0.14692072
77300 0.49402979 0.46808886
77400 0.51840588 0.39647624
77500 0.74033814 0.01779769
77600 0.63591844 0.13461380
77700 0.74232322 0.01663305
77800 0.72572196 0.02758613
77900 0.89851918 0.04853015
78000 0.51057419 0.41883650
78100 0.86951912 0.02416454
78200 0.87617770 0.02901521
78300 0.82619712 0.00343145
78400 0.54971059 0.31322393
78500 0.46485559 0.56160888
78600 0.55730781 0.29449749
78700 0.72746916 0.02630361
78800 0.49229817 0.47340209
78900 0.47360941 0.53265407
79000 0.43510601 0.66573814
79100 -0.00484285 3.23886009
79200 0.45850693 0.58308758
79300 0.53260267 0.35750666
79400 0.61591866 0.16942970
79500 0.89084808 0.04126687
79600 0.55811507 0.29254159
79700 0.26950792 1.40710921
79800 0.46808254 0.55084601
79900 0.66120459 0.09632082
80000 0.61195641 0.17680195
80100 0.47435034 0.53023849
80200 0.34664497 1.02765390
80300 0.95735258 0.12379917
80400 0.34484041 1.03585124
80500 0.18725681 1.87727111
80600 0.54224575 0.33218626
80700 0.56182290 0.28364166
80800 0.41650666 0.73533570
80900 0.44741085 0.62159555
81000 0.58921950 0.22214209
81100 0.56574647 0.27437358
81200 0.78799219 0.00072094
81300 0.75945374 0.00822000
81400 0.82950215 0.00435189
81500 0.58473677 0.23169128
81600 0.72359107 0.02919162
81700 0.79280695 0.00025870
81800 0.37573044 0.90002332
81900 0.81795831 0.00161251
82000 0.53239648 0.35805822
82100 0.68255172 0.06897050
82200 0.89997990 0.04997991
82300 0.53899479 0.34061859
82400 0.50673378 0.43002539
82500 0.13214068 2.23018036
82600 0.90629781 0.05649613
82700 0.39475731 0.82110820
82800 0.92938714 0.08370516
82900 0.96212172 0.13141727
83000 0.59913995 0.20172381
83100 0.76330925 0.00673106
83200 0.16048984 2.04486623
83300 0.50130972 0.44607942
83400 0.46327252 0.56692698
83500 0.40924612 0.76344299
83600 0.46596294 0.55790377
83700 0.51468204 0.40703169
83800 0.66189711 0.09536204
83900 0.63682385 0.13313228
84000 0.09591894 2.47865066
84100 0.41934556 0.72448900
84200 0.46569512 0.55879878
84300 0.61706691 0.16732258
84400 0.46006830 0.57776782
84500 0.23367289 1.60363196
84600 0.50669019 0.43015323
84700 0.53408799 0.35354598
84800 0.75254112 0.01126173
84900 0.56924655 0.26623578
85000 0.52305098 0.38350380
85100 0.54561952 0.32354715
85200 0.49356020 0.46952676
85300 0.49464687 0.46620267
85400 0.57413147 0.25508297
85500 0.88405505 0.03532626
85600 0.93453913 0.09050389
85700 0.50394574 0.43824063
85800 0.90450861 0.05461024
85900 0.81737119 0.00150879
86000 0.85463402 0.01492438
86100 0.47529362 0.52717117
86200 0.83807320 0.00724784
86300 0.55823686 0.29224707
86400 0.44735339 0.62179816
86500 0.70232873 0.04769839
86600 0.52251811 0.38498099
86700 0.75419497 0.01049050
86800 0.55005367 0.31236584
86900 0.88807599 0.03878690
87000 0.47605848 0.52469053
87100 0.87609255 0.02895038
87200 0.92576426 0.07908324
87300 0.56898068 0.26684963
87400 0.75528883 0.00999544
87500 0.83168320 0.00501913
87600 0.48889614 0.48392807
87700 0.54680345 0.32054245
87800 0.85681633 0.01614048
87900 0.86073438 0.01844332
88000 0.42746170 0.69392394
88100 0.90569238 0.05585440
88200 0.51253683 0.41317537
88300 0.82782618 0.00387148
88400 0.54928316 0.31429466
88500 0.55448728 0.30138247
88600 0.52425319 0.38018153
88700 0.83434796 0.00589891
88800 0.00499672 3.16015105
88900 0.49638777 0.46090193
89000 0.52111933 0.38887215
89100 0.72436709 0.02860168
89200 0.66625551 0.08943794
89300 0.69079100 0.05963302
89400 0.90517249 0.05530626
89500 0.71008275 0.04042556
89600 0.43451233 0.66790619
89700 0.94844135 0.11017418
89800 0.48565463 0.49406507
89900 0.46800322 0.55110931
90000 0.52290484 0.38390865
90100 0.47537523 0.52690622
90200 0.50071738 0.44785044
90300 0.55044404 0.31139088
90400 0.28627840 1.31954939
90500 0.42716805 0.69501830
90600 0.52530046 0.37729919
90700 0.59482410 0.21048575
90800 0.92156009 0.07388428
90900 0.26464316 1.43303475
91000 0.76716802 0.00538969
91100 0.65539741 0.10454954
91200 0.71670096 0.03469365
91300 0.92011142 0.07213377
91400 0.78683958 0.00086598
91500 0.82790756 0.00389416
91600 0.72722677 0.02647971
91700 0.63996250 0.12806001
91800 0.42976152 0.68538268
91900 0.47886654 0.51563348
92000 0.51428684 0.40816004
92100 0.89031432 0.04078339
92200 0.77495977 0.00313507
92300 0.49786054 0.45644128
92400 0.46076989 0.57538534
92500 0.74456854 0.01536323
92600 0.84847869 0.01175092
92700 0.58324284 0.23491834
92800 0.44069722 0.64549245
92900 0.69438004 0.05577788
93000 0.28641886 1.31882794
93100 0.58229398 0.23697956
93200 0.62301903 0.15661132
93300 0.52013996 0.39160822
93400 0.51408752 0.40872972
93500 0.38572331 0.85812586
93600 0.30655245 1.21745241
93700 0.64932052 0.11352153
93800 0.75665653 0.00939328
93900 0.52328417 0.38285825
94000 0.47117365 0.54063385
94100 0.82617309 0.00342515
94200 0.62055412 0.16100412
94300 0.75085218 0.01207754
94400 0.48985162 0.48096009
94500 0.72054278 0.03156725
94600 0.77119952 0.00414734
94700 0.74343676 0.01599700
94800 0.48353823 0.50074025
94900 0.39983450 0.80066214
95000 0.49519172 0.46454045
95100 0.49763275 0.45712976
95200 0.60853750 0.18328945
95300 0.70948380 0.04096592
95400 0.28612679 1.32032840
95500 0.87436857 0.02765342
95600 0.62286028 0.15689240
95700 0.74356829 0.01592269
95800 0.60497374 0.19017621
95900 0.67835419 0.07398851
96000 0.24434663 1.54375332
96100 -0.04140564 3.53981722
96200 0.54101227 0.33537321
96300 0.00615723 3.15093173
96400 -0.26952765 5.71944702
96500 0.34609478 1.03014976
96600 0.51033061 0.41954177
96700 0.52939283 0.36614121
96800 0.93520837 0.09140652
96900 0.85101402 0.01301215
97000 0.42237223 0.71301368
97100 0.38974109 0.84156186
97200 0.51985869 0.39239577
97300 0.45048285 0.61081117
97400 0.48709572 0.48954544
97500 0.51448837 0.40758447
97600 0.78987492 0.00051259
97700 0.70142703 0.04858315
97800 0.02186905 3.02743890
97900 0.63718430 0.13254476
98000 0.46970176 0.54548464
98100 0.36372334 0.95168662
98200 0.34461175 1.03689230
98300 0.39495097 0.82032360
98400 0.48325123 0.50164890
98500 0.72384921 0.02899471
98600 0.50938287 0.42229158
98700 0.19394765 1.83649728
98800 0.38636241 0.85548026
98900 0.48514611 0.49566487
99000 0.43130235 0.67968977
99100 0.77442359 0.00327076
99200 0.92382007 0.07665704
99300 0.77133588 0.00410816
99400 0.57677330 0.24915081
99500 0.47012488 0.54408797
99600 0.42406720 0.70662736
99700 0.75961299 0.00815555
99800 0.70016193 0.04983820
99900 0.83972569 0.00789065
100000 0.87976186 0.03180977
100100 0.48464397 0.49724713
100200 0.54192433 0.33301526
100300 0.74872106 0.01314765
100400 0.63443771 0.13705436
100500 0.49746481 0.45763771
100600 0.71551622 0.03568754
100700 0.57019756 0.26404581
100800 0.48645161 0.49156296
100900 0.81001331 0.00050133
101000 0.90759198 0.05788017
101100 0.84652852 0.01082451
101200 0.42239114 0.71294226
101300 0.97632551 0.15545343
101400 0.31437845 1.17914144
101500 0.75205557 0.01149334
101600 0.58355888 0.23423380
101700 0.77097992 0.00421082
101800 0.73669716 0.02003625
101900 0.56616721 0.27338887
102000 0.87467214 0.02787964
102100 0.88080154 0.03264444
102200 0.70696243 0.04327994
102300 0.51762034 0.39869135
102400 0.76288767 0.00688662
102500 0.49944681 0.45166111
102600 0.47745115 0.52018879
102700 0.50958715 0.42169811
102800 0.55887653 0.29070264
102900 0.85170002 0.01336446
103000 0.57751755 0.24749221
103100 0.56540569 0.27517246
103200 0.53316043 0.35601678
103300 0.56265039 0.28167419
103400 0.48836270 0.48558903
103500 0.51140552 0.41643388
103600 0.62680457 0.14998328
103700 0.82787669 0.00388555
103800 0.66211228 0.09506511
103900 0.50999910 0.42050261
104000 0.47239887 0.53661249
104100 0.73314211 0.02234988
104200 0.78173979 0.00166718
104300 0.72009521 0.03192387
104400 0.54243474 0.33169932
104500 0.61889498 0.16399513
104600 0.50751973 0.42772354
104700 0.46626707 0.55688835
104800 0.58045384 0.24100259
104900 0.51957851 0.39318106
105000 0.62475199 0.15355933
105100 0.31191680 1.19112605
105200 0.45361106 0.59992650
105300 0.60328197 0.19348992
105400 0.67615250 0.07669102
105500 0.47526514 0.52726365
105600 0.53002052 0.36444461
105700 0.52493502 0.37830373
105800 0.74441962 0.01544589
105900 0.30375166 1.23131208
106000 0.00339351 3.17290952
106100 0.16061532 2.04406385
106200 0.18718128 1.87773389
106300 0.48071009 0.50973022
106400 0.63850711 0.13039977
106500 0.55829399 0.29210897
106600 0.66880803 0.08605667
106700 0.32771261 1.11527691
106800 -0.01899923 3.35379869
106900 -0.00359364 3.22881366
107000 0.47225338 0.53708922
107100 0.61742009 0.16667711
107200 0.57980636 0.24242620
107300 0.89357892 0.04378507
107400 0.61866930 0.16440411
107500 0.50540233 0.43393893
107600 0.54068281 0.33622702
107700 0.73911215 0.01853665
107800 0.56064264 0.28645972
107900 0.40469652 0.78132420
108000 0.81005903 0.00050592
108100 0.88444544 0.03565516
108200 0.72105057 0.03116507
108300 0.46894162 0.54799825
108400 0.87575582 0.02869472
108500 0.50186777 0.44441414
108600 0.65452753 0.10581120
108700 0.42219607 0.71367907
108800 0.75023064 0.01238495
108900 0.33300879 1.09040393
109000 0.52009369 0.39173771
109100 0.59034209 0.21978220
109200 0.55832980 0.29202243
109300 0.35692755 0.98156598
109400 0.35250865 1.00124252
109500 0.50752074 0.42772060
109600 0.55890959 0.29062294
109700 0.01686840 3.06647554
109800 0.48456999 0.49748047
109900 0.68914381 0.06144547
110000 0.20030309 1.79818194
110100 0.01894781 3.05021261
110200 0.10186213 2.43698242
110300 0.53309289 0.35619703
110400 0.89973890 0.04973925
110500 0.51968215 0.39289048
110600 0.50808449 0.42607333
110700 0.69728718 0.05274961
110800 0.78115937 0.00177485
110900 0.59692671 0.20619380
111000 0.79263118 0.00027150
111100 0.54507006 0.32494637
111200 0.50204383 0.44388941
111300 0.68022369 0.07173182
111400 0.79696362 0.00004610
111500 0.44894498 0.61619815
111600 0.49398809 0.46821643
111700 0.75352852 0.01079799
111800 0.40939970 0.76284295
111900 0.32860623 1.11106042
112000 0.12404004 2.28460937
112100 0.48758975 0.48800081
112200 0.48228680 0.50470837
112300 0.16624280 2.00824094
112400 0.79135808 0.00037341
112500 0.62862280 0.14685073
112600 0.71472500 0.03635913
112700 0.28365614 1.33305490
112800 -0.02546609 3.40697130
112900 0.48949286 0.48207342
113000 0.34271748 1.04553650
113100 0.48345955 0.50098930
113200 -0.02977015 3.44259253
113300 0.51958544 0.39316163
113400 0.55046258 0.31134462
113500 0.84255447 0.00905442
113600 0.76259785 0.00699460
113700 0.92970611 0.08411837
113800 0.26223963 1.44593109
113900 0.75784012 0.00888728
114000 0.48372275 0.50015648
114100 0.67998844 0.07201387
114200 0.46598416 0.55783292
114300 0.92782968 0.08170213
114400 0.91470225 0.06578304
114500 0.25127098 1.50551767
114600 0.53307120 0.35625491
114700 0.50331845 0.44009972
114800 0.44933763 0.61482047
114900 0.49594141 0.46225812
115000 0.84778598 0.01141750
115100 0.91232865 0.06308863
115200 0.31153683 1.19298136
115300 0.11573449 2.34109641
115400 0.49590304 0.46237479
115500 0.57943364 0.24324760
115600 0.79486308 0.00013194
115700 0.71736593 0.03414195
115800 0.74814395 0.01344525
115900 0.88227830 0.03384860
116000 0.60106371 0.19787824
116100 0.81025380 0.00052570
116200 0.70497058 0.04515295
116300 0.56189388 0.28347262
116400 0.62886518 0.14643563
116500 0.50627791 0.43136332
116600 0.48193553 0.50582503
116700 0.49712418 0.45866880
116800 0.64270736 0.12370488
116900 0.71060468 0.03995762
117000 0.45593340 0.59190912
117100 0.65176916 0.10986191
117200 0.72925651 0.02502320
117300 0.77657046 0.00274472
117400 0.29950779 1.25246226
117500 0.55109094 0.30977861
117600 0.25568465 1.48139602
117700 0.73188636 0.02319734
117800 0.95283246 0.11678880
117900 0.18721842 1.87750631
118000 0.55224312 0.30691736
118100 0.78008373 0.00198329
118200 0.49843674 0.45470201
118300 0.56835344 0.26830064
118400 0.39209711 0.83192385
118500 0.42829401 0.69082670
118600 0.90567170 0.05583254
118700 0.87623461 0.02905858
118800 0.84493516 0.01009584
118900 0.39861841 0.80553592
119000 0.51531694 0.40522223
119100 0.30119850 1.24401469
119200 0.77786400 0.00245001
119300 0.85285701 0.01396932
119400 0.56174433 0.28382882
119500 0.43144158 0.67917655
119600 0.50957400 0.42173630
119700 0.48143397 0.50742158
119800 0.63211124 0.14093317
119900 0.59451327 0.21112397
120000 0.54884316 0.31539878
120100 0.79625802 0.00007001
120200 0.49733726 0.45802367
120300 0.29684309 1.26583437
120400 0.30128626 1.24357698
120500 0.54788471 0.31781061
120600 0.68218125 0.06940629
120700 0.52775883 0.37057628
120800 0.43469861 0.66722553
120900 0.92892251 0.08310507
121000 0.48994186 0.48068027
121100 0.84994752 0.01247378
121200 0.46050053 0.57629946
121300 0.63638259 0.13385329
121400 0.91776913 0.06934784
121500 0.61949888 0.16290328
121600 0.48852797 0.48507414
121700 0.51043108 0.41925080
121800 0.58022615 0.24150271
121900 0.52407573 0.38067102
122000 0.51455326 0.40739920
122100 0.69037898 0.06008384
122200 0.47235428 0.53675859
122300 0.72909602 0.02513687
122400 0.70642659 0.04377992
122500 0.47181672 0.53852132
122600 0.52388746 0.38119067
122700 0.48731107 0.48887184
122800 0.88655140 0.03745572
122900 0.69049254 0.05995942
123000 0.51017767 0.41998493
123100 0.43800190 0.65521314
123200 0.93158627 0.08657473
123300 0.37264442 0.91316397
123400 0.00876863 3.13023541
123500 0.27556786 1.37514537
123600 0.16479229 2.01744415
123700 0.20957324 1.74301882
123800 0.47222617 0.53717842
123900 0.89815796 0.04817493
124000 0.38293960 0.86969688
124100 0.62033097 0.16140479
124200 0.72971606 0.02469916
124300 0.47420313 0.53071801
124400 0.60295402 0.19413559
124500 0.47183604 0.53845791
124600 0.78608567 0.00096804
124700 0.57761821 0.24726830
124800 0.76441278 0.00633225
124900 0.48643356 0.49161956
125000 0.49498124 0.46518223
125100 0.83418282 0.00584232
125200 0.71925049 0.03260242
125300 0.72749770 0.02628291
125400 0.49716654 0.45854053
125500 0.42922582 0.68736747
125600 0.49377249 0.46887644
125700 0.50137392 0.44588768
125800 0.47447213 0.52984197
125900 0.71889814 0.03288756
126000 0.40822144 0.76745222
126100 0.36059370 0.96538949
126200 0.51553827 0.40459238
126300 0.88246056 0.03399872
126400 0.84207516 0.00885159
126500 0.70064412 0.04935795
126600 0.26572096 1.42727045
126700 0.29614316 1.26935859
126800 0.75635147 0.00952597
126900 0.85286037 0.01397109
127000 0.46913196 0.54736830
127100 0.98057065 0.16302880
127200 0.51187647 0.41507583
127300 0.71307520 0.03777960
127400 0.45918813 0.58076364
127500 0.80512593 0.00013138
127600 0.22592292 1.64782245
127700 0.41419594 0.74422386
127800 0.51416242 0.40851562
127900 0.49004049 0.48037448
128000 0.26231290 1.44553706
128100 0.73896573 0.01862591
128200 0.54237676 0.33184867
128300 0.55925994 0.28977887
128400 0.52693580 0.37282029
128500 0.24576372 1.53588926
128600 0.49947628 0.45157254
128700 0.63739302 0.13220514
128800 0.49836726 0.45491156
128900 0.30592377 1.22055663
129000 0.50864747 0.42443149
129100 0.33907364 1.06226555
129200 0.86178039 0.01908408
129300 0.80791133 0.00031295
129400 0.69566568 0.05442825
129500 0.51217591 0.41421354
129600 0.43823708 0.65436205
129700 0.48968454 0.48147841
129800 0.50195295 0.44416021
129900 0.81906508 0.00181739
130000 0.41517793 0.74044013
130100 0.56922058 0.26629571
130200 0.51623409 0.40261545
130300 0.70784925 0.04245881
130400 0.50367520 0.43904193
130500 0.45601697 0.59162164
130600 0.74484786 0.01520879
130700 0.52345298 0.38239128
130800 0.69722637 0.05281210
130900 0.43659866 0.66030265
131000 0.79737655 0.00003441
131100 0.46774059 0.55198157
131200 0.56024089 0.28742214
131300 0.77638757 0.00278773
131400 0.57390083 0.25560417
131500 0.21684463 1.70035096
131600 0.39158956 0.83399542
131700 0.14799194 2.12557256
131800 0.57187828 0.26019759
131900 0.65633616 0.10319649
132000 -0.01966925 3.35928837
132100 0.48587142 0.49338382
132200 0.49940522 0.45178611
132300 0.69328531 0.05694012
132400 0.48960154 0.48173602
132500 0.54365213 0.32857116
132600 0.49812791 0.45563381
132700 0.47585393 0.52535338
132800 0.52241490 0.38526745
132900 0.31194456 1.19099055
133000 0.80925290 0.00042808
133100 0.75927346 0.00829325
133200 0.77446912 0.00325913
133300 0.85219993 0.01362416
133400 0.34189593 1.04929668
133500 0.86978180 0.02434750
133600 0.53031731 0.36364376
133700 0.50005508 0.44983479
133800 0.77525337 0.00306198
133900 0.29997229 1.25013857
134000 0.52182790 0.38689859
134100 0.57180862 0.26035653
134200 0.82730805 0.00372865
134300 0.59979962 0.20040096
134400 0.43871528 0.65263325
134500 0.64142958 0.12572289
134600 0.44649816 0.62481775
134700 0.49324467 0.47049416
134800 0.44593463 0.62681143
134900 0.91082024 0.06140562
135000 0.93379056 0.08949958
135100 0.76422831 0.00639807
135200 0.77787623 0.00244731
135300 0.74301266 0.01623779
135400 0.30753812 1.21259352
135500 0.76663006 0.00556776
135600 0.76859746 0.00493060
135700 0.54602396 0.32251913
135800 0.56302777 0.28077919
135900 0.78095222 0.00181409
136000 0.23034735 1.62252072
136100 0.75323854 0.01093317
136200 0.50625240 0.43143827
136300 0.55889477 0.29065865
136400 0.53248487 0.35782172
136500 0.65690833 0.10237613
136600 0.24046987 1.56536984
136700 0.90203263 0.05205329
136800 0.39431640 0.82289591
136900 0.45793286 0.58504964
137000 0.64232816 0.12430204
137100 0.48667123 0.49087460
137200 0.63827429 0.13077602
137300 0.80900862 0.00040578
137400 0.58261331 0.23628486
137500 0.66338904 0.09331277
137600 0.37195025 0.91613295
137700 0.71076385 0.03981546
137800 0.71329170 0.03759165
137900 0.90849671 0.05885768
138000 0.86607509 0.02182959
138100 0.46416770 0.56391667
138200 0.48857397 0.48493087
138300 0.49783118 0.45652999
138400 0.67419174 0.07913859
138500 0.56434437 0.27766789
138600 0.49475958 0.46585857
138700 0.65660133 0.10281590
138800 0.51956676 0.39321401
138900 0.50599279 0.43220119
139000 0.51125558 0.41686669
139100 0.57990101 0.24221783
139200 0.51066631 0.41856992
139300 0.87808948 0.03048983
139400 0.79358519 0.00020575
139500 0.41897279 0.72590867
139600 0.43721128 0.65807829
139700 0.48863080 0.48475390
139800 0.44756972 0.62103553
139900 0.68857646 0.06207602
140000 0.50466336 0.43611864
140100 0.48866556 0.48464566
140200 0.69851131 0.05149977
140300 0.47331183 0.53362581
140400 0.54139474 0.33438341
140500 0.50081394 0.44756148
140600 0.60554332 0.18906699
140700 0.12835110 2.25556121
140800 0.37623971 0.89786393
140900 0.47946071 0.51372720
141000 0.92323387 0.07593293
141100 0.79572081 0.00009156
141200 0.65121511 0.11068472
141300 0.71395857 0.03701563
141400 0.53783854 0.34364316
141500 0.78002272 0.00199546
141600 0.87794882 0.03038009
141700 0.48042897 0.51062820
141800 0.66474875 0.09146451
141900 0.60709297 0.18606561
142000 0.52209556 0.38615439
142100 0.30642631 1.21807495
142200 0.40799791 0.76832818
142300 0.58238942 0.23677182
142400 0.47229188 0.53696306
142500 0.60705932 0.18613053
142600 0.49714159 0.45861608
142700 0.66118007 0.09635486
142800 0.52479025 0.37870203
142900 0.48268787 0.50343494
143000 0.70940026 0.04104156
143100 0.27097881 1.39931707
143200 0.50152279 0.44544322
143300 0.79949295 0.00000129
143400 0.74810399 0.01346598
143500 0.46865693 0.54894115
143600 0.22433528 1.65694937
143700 0.30196871 1.24017583
143800 0.42534136 0.70184550
143900 0.57525700 0.25254709
144000 0.52218020 0.38591922
144100 0.37046001 0.92252302
144200 0.63653822 0.13359877
144300 0.41985734 0.72254222
144400 0.92203697 0.07446511
144500 0.79454156 0.00014897
144600 -0.00006094 3.20048751
144700 0.03297377 2.94164616
144800 0.58480069 0.23155372
144900 0.50090461 0.44729027
145000 0.60191886 0.19618068
145100 0.50693387 0.42943879
145200 0.51930855 0.39393844
145300 0.73370718 0.02197369
145400 0.48174115 0.50644349
145500 0.81967007 0.00193456
145600 0.60397137 0.19213613
145700 0.64365196 0.12222355
145800 0.51316519 0.41137104
145900 0.51469207 0.40700307
146000 0.48952416 0.48197623
146100 0.53905038 0.34047351
146200 0.97250191 0.14878455
146300 0.52020733 0.39141968
146400 0.74035775 0.01778599
146500 0.50083908 0.44748629
146600 0.84109209 0.00844280
146700 0.60901786 0.18237089
146800 0.77894462 0.00221664
146900 0.52100701 0.38918545
147000 0.49433348 0.46716012
147100 0.38362863 0.86682557
147200 0.89669796 0.04675248
147300 0.36768975 0.93446078
147400 0.49305178 0.47108605
147500 0.95859498 0.12576183
147600 0.75412372 0.01052316
147700 0.50790598 0.42659457
147800 0.44244753 0.63921883
147900 0.48280729 0.50305606
148000 0.56171241 0.28390487
148100 0.53962658 0.33897159
148200 0.46642565 0.55635925
148300 0.34522247 1.03411300
148400 0.52319388 0.38310814
148500 0.75028028 0.01236025
148600 0.20738346 1.75597182
148700 0.47684627 0.52214166
148800 0.90841211 0.05876593
148900 0.65196840 0.10956677
149000 0.94594724 0.10650299
149100 0.86767817 0.02290168
149200 0.54089717 0.33567138
149300 0.17068779 1.98016926
149400 0.44742482 0.62154630
149500 0.84346023 0.00944396
149600 0.92249087 0.07502006
149700 0.40810466 0.76790980
149800 0.46861608 0.54907650
149900 0.51309922 0.41156029
150000 0.84330255 0.00937555
150100 0.72774341 0.02610507
150200 0.80782968 0.00030652
150300 0.75612025 0.00962716
150400 0.79520290 0.00011506
150500 0.47058653 0.54256616
150600 0.74575408 0.01471310
150700 0.40864409 0.76579725
150800 0.53350277 0.35510388
150900 0.54839681 0.31652084
151000 0.40796932 0.76844025
151100 0.51598468 0.40332351
151200 0.44566771 0.62775687
151300 0.42242868 0.71280050
151400 0.92020294 0.07224374
151500 0.49202065 0.47425639
151600 0.73824188 0.01907033
151700 0.42236053 0.71305786
151800 0.58547216 0.23011098
151900 0.20407732 1.77561918
152000 0.51717034 0.39996310
152100 0.50304529 0.44091051
152200 0.53097084 0.36188344
152300 0.62634219 0.15078517
152400 0.82733750 0.00373669
152500 0.40107005 0.79572551
152600 0.48407186 0.49905294
152700 0.50836937 0.42524212
152800 0.51521995 0.40549839
152900 0.46937917 0.54655067
153000 0.07985733 2.59302735
153100 0.13049389 2.24119217
153200 0.40477185 0.78102646
153300 0.22593442 1.64775645
153400 0.37816501 0.88972380
153500 0.50754697 0.42764387
153600 0.40238555 0.79048627
153700 0.77518346 0.00307930
153800 0.30528877 1.22369599
153900 0.50110683 0.44668565
154000 0.43804961 0.65504043
154100 0.52372138 0.38164937
154200 0.52081581 0.38971907
154300 0.53148496 0.36050163
154400 0.60007637 0.19984728
154500 0.52569999 0.37620247
154600 0.52949280 0.36587074
154700 0.46705979 0.55424592
154800 0.72206494 0.03036937
154900 0.00311969 3.17509114
155000 0.45126976 0.60806390
155100 0.62239219 0.15772267
155200 0.55622985 0.29711942
155300 0.64877912 0.11433877
155400 0.56492407 0.27630347
155500 0.90348317 0.05354383
155600 0.69747080 0.05256118
155700 0.81304826 0.00085129
155800 0.91894608 0.07074085
155900 0.51557640 0.40448391
156000 0.88009333 0.03207471
156100 0.89863202 0.04864138
156200 0.79616437 0.00007356
156300 0.68114560 0.07063185
156400 0.86748872 0.02277363
156500 0.94549903 0.10584984
156600 0.40640701 0.77457721
156700 0.41780322 0.73037189
156800 0.59953851 0.20092405
156900 0.65688698 0.10240669
157000 0.74034903 0.01779119
157100 0.40525840 0.77910464
157200 0.50933256 0.42243781
157300 0.80701522 0.00024607
157400 0.61884567 0.16408445
157500 0.48313558 0.50201532
157600 0.48755098 0.48812194
157700 0.74732910 0.01387112
157800 0.59230217 0.21569194
157900 0.51022134 0.41985837
158000 0.53820756 0.34267642
158100 0.61933626 0.16319693
158200 0.38634488 0.85555278
158300 0.53661568 0.34685650
158400 0.83236517 0.00523752
158500 0.50577030 0.43285558
158600 0.53025213 0.36381956
158700 0.51177516 0.41536778
158800 0.58002569 0.24194348
158900 0.74729340 0.01388993
159000 0.90024577 0.05024607
159100 0.49701033 0.45901370
159200 0.48729150 0.48893301
159300 0.73100943 0.02379849
159400 0.67994325 0.07206811
159500 0.56364806 0.27931119
159600 0.50000302 0.44999093
159700 0.10330664 2.42690818
159800 0.52326705 0.38290563
159900 0.66044758 0.09737439
160000 0.54546543 0.32393922
160100 0.49030797 0.47954578
160200 0.31496810 1.17627974
160300 0.53499245 0.35114502
160400 0.36156478 0.96112720
160500 0.37905633 0.88596785
160600 0.96276085 0.13245548
160700 0.74099723 0.01740663
160800 0.69645629 0.05360650
160900 0.54690330 0.32028970
161000 0.57169188 0.26062300
161100 0.39582670 0.81678029
161200 0.51721502 0.39983674
161300 0.66166982 0.09567620
161400 0.32839054 1.11207740
161500 0.53588205 0.34879146
161600 0.62708092 0.14950504
161700 0.47094243 0.54139443
161800 0.32610475 1.12288355
161900 0.62471403 0.15362586
162000 0.69256700 0.05770925
162100 0.63159526 0.14180078
162200 0.52973237 0.36522295
162300 0.50683830 0.42971891
162400 0.50460190 0.43630018
162500 0.56475159 0.27670906
162600 0.51894982 0.39494601
162700 0.67810156 0.07429614
162800 0.49373759 0.46898332
162900 0.66484049 0.09134047
163000 0.45319007 0.60138565
163100 0.27538603 1.37609908
163200 0.21491991 1.71159354
163300 0.69958130 0.05041957
163400 0.51032425 0.41956021
163500 0.51321141 0.41123847
163600 0.88610209 0.03706785
163700 0.71050688 0.04004510
163800 0.78467247 0.00117467
163900 0.97783927 0.15813402
164000 0.82037028 0.00207474
164100 0.46467607 0.56221069
164200 0.92454812 0.07756118
164300 0.49641211 0.46082803
164400 0.93560108 0.09193827
164500 0.80283804 0.00004027
164600 0.71574394 0.03549542
164700 0.62850051 0.14706037
164800 0.33421085 1.08479765
164900 0.59336673 0.21348655
165000 0.53698967 0.34587217
165100 0.83533667 0.00624340
165200 0.73925355 0.01845065
165300 0.34388823 1.04018971
165400 0.55007727 0.31230685
165500 0.56672901 0.27207677
165600 0.53685818 0.34621808
165700 0.52651987 0.37395691
165800 0.46586078 0.55824510
165900 0.52161850 0.38748129
166000 0.49663693 0.46014575
166100 0.47763642 0.51959140
166200 0.69847722 0.05153437
166300 0.50523749 0.43442469
166400 0.47629289 0.52393148
166500 0.45429084 0.59757411
166600 0.80210173 0.00002209
166700 0.29663331 1.26689012
166800 0.52206329 0.38624409
166900 -0.00777951 3.26253872
167000 0.60824147 0.18385667
167100 0.53370144 0.35457462
167200 0.50597822 0.43224405
167300 0.50110166 0.44670108
167400 0.52383286 0.38134145
167500 0.48844360 0.48533696
167600 0.52118817 0.38868019
167700 0.64099576 0.12641174
167800 0.75885533 0.00846442
167900 0.77631255 0.00280548
168000 0.11331624 2.35767295
168100 -0.00229314 3.21837142
168200 0.67492438 0.07821956
168300 0.61932289 0.16322110
168400 0.62835808 0.14730475
168500 0.47358524 0.53273296
168600 0.90517715 0.05531117
168700 0.43617457 0.66184472
168800 0.87311819 0.02673135
168900 0.60434224 0.19140980
169000 0.39017524 0.83978168
169100 0.46352937 0.56606242
169200 0.46392207 0.56474187
169300 0.21026164 1.73895664
169400 0.49758895 0.45726222
169500 0.52362121 0.38192618
169600 0.54803053 0.31744306
169700 0.51659527 0.40159120
169800 0.49638900 0.46089819
169900 0.55214354 0.30716413
170000 0.49243666 0.47297604
170100 0.37712081 0.89413403
170200 0.40278715 0.78889024
170300 0.64892163 0.11412338
170400 0.63725126 0.13243577
170500 0.57231011 0.25921344
170600 0.30905700 1.20512513
170700 0.28677293 1.31701012
170800 0.60638240 0.18743888
170900 0.47943161 0.51382045
171000 0.52553205 0.37666328
171100 0.69640048 0.05366430
171200 0.70765953 0.04263381
171300 0.76095269 0.00762346
171400 0.76992952 0.00452117
171500 0.68734000 0.06346138
171600 0.33954270 1.06010462
171700 0.47311605 0.53426558
171800 0.49379928 0.46879440
171900 0.36162655 0.96085643
172000 0.47005146 0.54433019
172100 0.56662642 0.27231613
172200 0.69579449 0.05429394
172300 0.89179537 0.04213195
172400 0.50453261 0.43650489
172500 0.59983673 0.20032667
172600 0.74335506 0.01604325
172700 0.55163147 0.30843462
172800 0.55254421 0.30617183
172900 0.48589237 0.49331801
173000 0.83754774 0.00704916
173100 0.19415768 1.83522461
173200 0.13835788 2.18885144
173300 0.55640777 0.29668588
173400 0.62908875 0.14605328
173500 0.77084890 0.00424893
173600 0.72688846 0.02672649
173700 0.76196403 0.00723368
173800 0.74962682 0.01268729
173900 0.65464384 0.10564207
174000 0.56470394 0.27682119
174100 0.46480661 0.56177306
174200 0.50795171 0.42646102
174300 0.92066347 0.07279837
174400 0.77252680 0.00377388
174500 0.81453368 0.00105614
174600 0.67306088 0.08056770
174700 0.49909130 0.45273022
174800 0.56460870 0.27704532
174900 0.72571979 0.02758775
175000 0.26526042 1.42973209
175100 0.76257185 0.00700433
175200 0.39579464 0.81690988
175300 0.65747660 0.10156460
175400 0.54507617 0.32493080
175500 0.51949952 0.39340260
175600 0.49902174 0.45293955
175700 0.12023967 2.31037053
175800 0.46287418 0.56826909
175900 0.50770233 0.42718963
176000 0.61540004 0.17038572
176100 0.65429603 0.10614823
176200 0.48911782 0.48323866
176300 0.45458449 0.59655938
176400 0.51170885 0.41555894
176500 0.61485746 0.17138881
176600 0.50658198 0.43047068
176700 0.53770879 0.34398340
176800 0.59138664 0.21759767
176900 0.65016107 0.11225853
177000 0.54390927 0.32791231
177100 0.26409392 1.43597666
177200 0.68990405 0.06060559
177300 0.85873220 0.01724736
177400 0.85726294 0.01639522
177500 0.73356912 0.02206531
177600 0.83461740 0.00599182
177700 0.45206063 0.60530904
177800 0.42218498 0.71372093
177900 0.22649171 1.64455877
178000 0.71546178 0.03573355
178100 0.86775558 0.02295409
178200 0.31875454 1.15798595
178300 0.67483728 0.07832854
178400 0.07727426 2.61166251
178500 0.45134142 0.60781403
178600 0.42934184 0.68693736
178700 0.95343591 0.11771289
178800 0.90655999 0.05677515
178900 0.77238153 0.00381390
179000 0.45026667 0.61156701
179100 0.72690034 0.02671780
179200 0.35382001 0.99538293
179300 0.57073811 0.26280508
179400 0.88783381 0.03857389
179500 0.30153727 1.24232546
179600 0.50303891 0.44092945
179700 0.31663743 1.16819689
179800 0.22305861 1.66430682
179900 0.18308280 1.90293416
180000 0.82788025 0.00388654
180100 0.72501932 0.02811051
180200 0.72130542 0.03096418
180300 0.47621677 0.52417791
180400 0.26106459 1.45225689
180500 0.88307728 0.03450917
180600 0.62349955 0.15576204
180700 0.47346089 0.53313894
180800 0.53800084 0.34321780
180900 0.53633946 0.34758440
181000 0.56930582 0.26609901
181100 0.90365696 0.05372383
181200 0.61451210 0.17202880
181300 0.84932910 0.01216680
181400 0.63632191 0.13395258
181500 0.76281803 0.00691249
181600 -0.17619600 4.76479319
181700 0.78671236 0.00088281
181800 0.10192606 2.43653616
181900 0.47384000 0.53190171
182000 0.74925079 0.01287741
182100 0.52721100 0.37206920
182200 0.65968108 0.09844699
182300 0.51198772 0.41475537
182400 0.59834243 0.20332888
182500 0.52344250 0.38242026
182600 0.60332975 0.19339593
182700 0.52339911 0.38254028
182800 0.71554831 0.03566044
182900 0.49057621 0.47871541
183000 0.21395372 1.71725124
183100 0.41778315 0.73044860
183200 0.70700390 0.04324137
183300 0.52189375 0.38671544
183400 0.52073089 0.38995619
183500 0.61159362 0.17748481
183600 0.66721726 0.08815629
183700 0.71099990 0.03960509
183800 0.52688182 0.37296770
183900 0.20106207 1.79363322
184000 0.70472523 0.04538641
184100 0.62280526 0.15698988
184200 0.55226131 0.30687229
184300 0.57071897 0.26284895
184400 0.47286857 0.53507485
184500 0.79415182 0.00017101
184600 0.83230295 0.00521740
184700 0.55111536 0.30971783
184800 0.33438548 1.08398443
184900 0.73941226 0.01835437
185000 0.85195081 0.01349444
185100 0.54534131 0.32425523
185200 0.37259584 0.91337158
185300 0.53433965 0.35287711
185400 0.33662936 1.07356177
185500 0.51443233 0.40774446
185600 0.02391767 3.01151893
185700 0.55803833 0.29272725
185800 0.49465902 0.46616557
185900 0.46306230 0.56763508
186000 0.49180054 0.47493453
186100 0.54133938 0.33452659
186200 0.29324609 1.28399764
186300 0.66444595 0.09187451
186400 0.32062131 1.14901965
186500 0.86951555 0.02416206
186600 0.65893875 0.09949138
186700 0.64189606 0.12498428
186800 0.49873283 0.45380955
186900 0.23372785 1.60332073
187000 0.52943229 0.36603442
187100 0.42103714 0.71806426
187200 0.50244953 0.44268142
187300 -0.09057127 3.96558591
187400 0.49965745 0.45102825
187500 0.88840890 0.03908067
187600 0.60616953 0.18785126
187700 0.55445078 0.30147209
187800 0.70523012 0.04490665
187900 0.71853856 0.03317983
188000 0.55174375 0.30815582
188100 0.19041806 1.85795072
188200 0.61035509 0.17982596
188300 0.68911416 0.06147835
188400 0.39345495 0.82639439
188500 0.38888469 0.84507900
188600 0.49366494 0.46920583
188700 0.46805306 0.55094386
188800 0.42797568 0.69201048
188900 0.53015967 0.36406903
189000 0.48093867 0.50900068
189100 0.50116533 0.44651080
189200 0.44180660 0.64151258
189300 0.49311500 0.47089201
189400 0.86321184 0.01997868
189500 0.73218563 0.02299394
189600 0.53856889 0.34173113
189700 0.37114472 0.91958425
189800 0.52111334 0.38888886
189900 0.83160017 0.00499285
190000 0.92082786 0.07299686
190100 0.88210191 0.03370362
190200 0.63377055 0.13816114
190300 0.49640324 0.46085496
190400 0.45439099 0.59722792
190500 0.49435989 0.46707939
190600 0.72416952 0.02875131
190700 0.58466507 0.23184567
190800 0.81889037 0.00178423
190900 0.67693497 0.07572501
191000 0.42073502 0.71920961
191100 0.90048786 0.05048905
191200 0.31346776 1.18356808
191300 0.53877573 0.34119060
191400 0.92635269 0.07982501
191500 0.90590154 0.05607568
191600 0.67349352 0.08001945
191700 0.66038333 0.09746408
191800 0.46534335 0.55997535
191900 0.08286317 2.57142614
192000 0.01682983 3.06677757
192100 0.40593086 0.77645244
192200 0.49394512 0.46834795
192300 0.57465498 0.25390190
192400 0.65603283 0.10363273
192500 0.75087973 0.01206400
192600 0.96904513 0.14288128
192700 0.47408811 0.53109280
192800 0.17703901 1.94040199
192900 0.53290967 0.35668622
193000 0.79216804 0.00030670
193100 0.48565332 0.49406917
193200 0.49798638 0.45606114
193300 0.84330322 0.00937584
193400 0.82995144 0.00448544
193500 0.81885288 0.00177715
193600 0.55124053 0.30940636
193700 0.92452050 0.07752678
193800 0.47008141 0.54423137
193900 0.74955469 0.01272365
194000 0.47521698 0.52742004
194100 0.20363986 1.77822707
194200 0.85206749 0.01355512
194300 0.59644610 0.20717095
194400 0.53736330 0.34489019
194500 0.28900581 1.30557530
194600 0.64708975 0.11690773
194700 0.86317454 0.01995512
194800 0.38291354 0.86980558
194900 0.61037829 0.17978197
195000 0.51922259 0.39417978
195100 0.49158842 0.47558852
195200 0.54197317 0.33288922
195300 0.48345867 0.50099208
195400 0.51534850 0.40513239
195500 0.24207524 1.55640017
195600 0.65917519 0.09915813
195700 0.48333006 0.50139925
195800 0.53792882 0.34340653
195900 0.21185760 1.72955741
196000 0.57508404 0.25293594
196100 0.62784294 0.14819027
196200 0.52946071 0.36595755
196300 0.97181652 0.14760457
196400 0.65673445 0.10262509
196500 0.32899643 1.10922184
196600 0.61210027 0.17653155
196700 0.67174267 0.08224971
196800 0.88247432 0.03401006
196900 0.74177994 0.01694788
197000 0.45789316 0.58518544
197100 0.68537714 0.06569200
197200 0.86681445 0.02232085
197300 0.02654261 2.99118164
197400 0.47560961 0.52614561
197500 0.50776304 0.42701220
197600 0.47654703 0.52310913
197700 0.14774715 2.12716892
197800 0.43280736 0.67415216
197900 0.32889872 1.10968208
198000 0.78900937 0.00060397
198100 0.73330408 0.02224173
198200 0.49467600 0.46611373
198300 0.50894280 0.42357146
198400 0.89445831 0.04461186
198500 0.53388708 0.35408044
198600 0.48962504 0.48166309
198700 0.54297926 0.33029830
198800 0.92339849 0.07613594
198900 0.71274862 0.03806401
199000 0.47081766 0.54180508
199100 0.12117549 2.30401358
199200 0.30980814 1.20144032
199300 0.88122674 0.03298892
199400 0.51889643 0.39509608
199500 0.96810049 0.14128887
199600 0.56486992 0.27643076
199700 0.50979686 0.42108930
199800 0.27859219 1.35933052
199900 0.47797692 0.51849430
